PIVlab, ASCII chart output - 20-Jul-2025
FRAME: 6, filenames: A:[6]MAX_TgKrt18GFPUtrmcherry_Control_TimeSeries01.avi & B:[7]MAX_TgKrt18GFPUtrmcherry_Control_TimeSeries01.avi, conversion factor xy (px -> m): 1, conversion factor uv (px/frame -> m/s): 1
x [px],y [px],u [px/frame],v [px/frame],Vector type [-]
20,19,-0.06112313271,1.154394746,1
20,35,1.8315202,2.227097511,1
20,51,1.921616077,2.153726339,1
20,67,NaN,NaN,2
20,83,-0.7839214206,-0.07277530432,1
20,99,NaN,NaN,2
20,115,-0.3011049926,-1.323408246,1
20,131,0.2664123774,-1.693541169,1
20,147,1.140100956,-1.49916482,1
20,163,0.9624314308,-1.467318773,1
20,179,1.041022897,-0.6149082184,1
20,195,2.208891153,-1.022610784,1
20,211,1.485750437,-1.569330931,1
20,227,1.252307415,-1.703766584,1
20,243,1.295267701,-1.343486905,1
20,259,0.9196918011,-0.7955690622,1
20,275,1.276985645,-0.6168693304,1
20,291,1.384878159,-0.1502604485,1
20,307,1.088079214,-0.1541970968,1
20,323,1.85963285,-0.625407517,1
20,339,2.01376462,-0.7354124784,1
20,355,1.283920765,-1.12704587,1
20,371,1.426747084,-1.399420619,1
20,387,2.292695999,-0.2018218935,1
20,403,2.87796545,2.64136076,1
36,19,0.5446449518,1.376494169,1
36,35,NaN,NaN,2
36,51,NaN,NaN,2
36,67,NaN,NaN,2
36,83,-0.2885501385,1.077019691,1
36,99,0.0768622756,0.2061364651,1
36,115,0.5539004803,-0.6243450642,1
36,131,0.8819025755,-0.9918649197,1
36,147,1.42377162,-1.017665029,1
36,163,1.540329218,-0.7110295296,1
36,179,1.78200829,-0.08295583725,1
36,195,2.236098289,-0.6707469821,1
36,211,2.017435074,-1.098579407,1
36,227,2.215462446,-1.330774188,1
36,243,2.155043125,-1.638186932,1
36,259,2.0472188,-1.398910642,1
36,275,1.991091967,-0.9217202663,1
36,291,2.478258133,-1.055512667,1
36,307,2.542530775,-1.081971526,1
36,323,1.560834885,-0.3679109812,1
36,339,2.100262642,-0.5559724569,1
36,355,1.828656673,-0.5595027208,1
36,371,1.783908486,-0.3231259584,1
36,387,1.986274004,-0.9259518385,1
36,403,2.033129215,-0.9330454469,1
52,19,0.3833641708,0.9860040545,1
52,35,0.9640858769,1.356524467,1
52,51,1.313544869,1.057617188,1
52,67,0.9528936148,1.042289972,1
52,83,0.5640987158,0.7506632805,1
52,99,0.5716403127,0.5562083721,1
52,115,0.7076224685,-0.02835994959,1
52,131,1.030133605,-0.2553784847,1
52,147,1.694286823,-0.5791554451,1
52,163,1.803399563,-0.6909000874,1
52,179,1.561825991,-0.474014461,1
52,195,2.05714035,-0.4807904363,1
52,211,2.156578541,-0.8314644098,1
52,227,2.472349644,-1.232242465,1
52,243,2.619828463,-1.84809339,1
52,259,2.67189908,-1.884998441,1
52,275,2.507126808,-1.278741121,1
52,291,2.36109066,-1.315642953,1
52,307,2.871542692,-1.778346181,1
52,323,2.845264912,-1.298748732,1
52,339,2.459318161,-1.049071312,1
52,355,1.978386402,-0.6483057141,1
52,371,1.79046762,-0.0298115015,1
52,387,1.616415501,-1.006239414,1
52,403,1.559193969,-1.831107378,1
68,19,0.7737503648,0.5332619548,1
68,35,1.157397389,0.831989646,1
68,51,1.214370012,0.6426511407,1
68,67,0.9030302763,0.4567834735,1
68,83,0.9575484991,-0.0710093081,1
68,99,1.330488086,-0.04631766677,1
68,115,1.078369856,-0.0545706749,1
68,131,0.8432416916,-0.04624426365,1
68,147,1.519144773,-0.3009052277,1
68,163,1.736504793,-0.5487721562,1
68,179,1.681142807,-0.7889413238,1
68,195,1.80169332,-0.5642980337,1
68,211,1.819888592,-0.6624764204,1
68,227,2.511386395,-1.230141997,1
68,243,2.842663765,-1.749491215,1
68,259,2.813548326,-1.997731328,1
68,275,2.165215969,-1.594118237,1
68,291,2.182306767,-1.57294631,1
68,307,2.746356964,-1.6199224,1
68,323,2.994478703,-1.352782726,1
68,339,2.689795017,-1.045250416,1
68,355,2.369115353,-0.909434855,1
68,371,2.260398865,-0.6986796856,1
68,387,1.935090423,-0.5281604528,1
68,403,2.43817234,-0.8586091995,1
84,19,1.287899256,0.1032658517,1
84,35,NaN,NaN,2
84,51,NaN,NaN,2
84,67,NaN,NaN,2
84,83,NaN,NaN,2
84,99,1.561032295,-0.1670817733,1
84,115,1.274856448,-0.4357794523,1
84,131,1.031984568,-0.9179443717,1
84,147,1.006243587,-0.9348577261,1
84,163,1.280469298,-0.4322994947,1
84,179,1.856124282,-0.8109900951,1
84,195,1.67358017,-1.103253722,1
84,211,1.910783648,-0.9338863492,1
84,227,2.624617577,-1.112720847,1
84,243,2.9371171,-1.82323432,1
84,259,2.973856688,-2.079295635,1
84,275,2.58758378,-1.710933566,1
84,291,2.713984966,-1.62378943,1
84,307,2.686662197,-1.486632347,1
84,323,2.728413105,-1.102488637,1
84,339,2.876788139,-1.232461929,1
84,355,3.538321257,-1.982142091,1
84,371,3.699023485,-1.530712843,1
84,387,1.964370489,-0.4506207705,1
84,403,1.69901669,-0.621540606,1
100,19,1.427960277,-0.04923798144,1
100,35,1.496916771,0.8046226501,1
100,51,1.642127633,1.117994785,1
100,67,1.755550027,0.6065948009,1
100,83,1.60521841,0.2249927372,1
100,99,1.372102618,-0.295809567,1
100,115,1.073739767,-0.6159260273,1
100,131,1.161042213,-1.177401543,1
100,147,1.122490287,-1.303508997,1
100,163,1.145538449,-1.025256991,1
100,179,1.497834563,-1.31277895,1
100,195,1.244490027,-1.436688662,1
100,211,1.670354128,-1.250010014,1
100,227,2.035491943,-1.362523556,1
100,243,2.267307043,-1.829599261,1
100,259,2.740200043,-2.189187765,1
100,275,2.814726114,-1.703319311,1
100,291,2.758361578,-1.321909904,1
100,307,2.488990784,-0.8733451366,1
100,323,2.464179516,-0.9731051922,1
100,339,2.136014223,-1.545676589,1
100,355,1.757824421,-2.056395769,1
100,371,1.523033857,-0.5180842876,1
100,387,1.702784896,-1.268435955,1
100,403,1.763442993,-0.8455804586,1
116,19,1.531733513,0.08743539453,1
116,35,1.690831184,0.8155993223,1
116,51,2.051198006,1.054866314,1
116,67,2.789792061,0.3589758277,1
116,83,1.74362874,-0.4459655881,1
116,99,1.291713119,-0.4611392021,1
116,115,1.267044067,-0.5065218806,1
116,131,1.136287689,-0.9770843387,1
116,147,1.112572789,-1.307162046,1
116,163,1.461703897,-1.326047778,1
116,179,1.642147303,-1.788613558,1
116,195,1.420230985,-1.727494955,1
116,211,1.608102441,-1.35089922,1
116,227,1.939171076,-1.56210947,1
116,243,2.0128479,-1.880735636,1
116,259,2.474146843,-2.157637596,1
116,275,2.655764103,-1.630288243,1
116,291,2.43007803,-1.158454657,1
116,307,2.278418779,-0.8962678909,1
116,323,2.200793266,-0.7716904283,1
116,339,NaN,NaN,2
116,355,NaN,NaN,2
116,371,1.490410805,-3.519871235,1
116,387,2.176967382,-1.624960303,1
116,403,2.551499367,-0.002855122089,1
132,19,1.117899537,0.5838625431,1
132,35,1.539717317,1.156123161,1
132,51,2.415388584,1.125711441,1
132,67,NaN,NaN,2
132,83,1.961590767,-0.426212281,1
132,99,1.413384318,-0.1993217468,1
132,115,1.83224225,-0.4294845462,1
132,131,1.573041439,-0.6621702313,1
132,147,1.31870997,-1.011535406,1
132,163,1.735677123,-1.204673171,1
132,179,1.803047776,-1.289348722,1
132,195,1.597437739,-1.701714873,1
132,211,1.891186833,-1.635773301,1
132,227,2.000373602,-1.714304686,1
132,243,1.966985703,-2.275764465,1
132,259,2.185833454,-1.970528245,1
132,275,2.126446247,-1.58336401,1
132,291,2.030403376,-1.19466567,1
132,307,2.49995923,-1.238192439,1
132,323,2.648377657,-1.161597013,1
132,339,2.334685326,-0.8345140219,1
132,355,NaN,NaN,2
132,371,2.118874073,-2.143847466,1
132,387,2.812529802,-1.349907875,1
132,403,2.945928097,-0.4239526391,1
148,19,1.081676006,1.267713666,1
148,35,1.146309018,1.699122071,1
148,51,NaN,NaN,2
148,67,NaN,NaN,2
148,83,1.595708251,0.1332716048,1
148,99,NaN,NaN,2
148,115,1.581010818,-0.4181802571,1
148,131,1.40862906,-0.5233255029,1
148,147,1.251974583,-0.7294188738,1
148,163,1.426848412,-0.8952484131,1
148,179,1.675264835,-0.889621377,1
148,195,2.227424622,-1.051986456,1
148,211,2.671105862,-0.8231043816,1
148,227,2.761904955,-1.36216855,1
148,243,2.515084267,-2.590359211,1
148,259,2.295022011,-2.099060059,1
148,275,2.035315752,-1.828376174,1
148,291,2.095556498,-1.429734468,1
148,307,2.294718742,-1.265435576,1
148,323,2.55134201,-1.219295263,1
148,339,2.316640615,-1.209192038,1
148,355,1.918877125,-1.324989557,1
148,371,1.99027729,-1.350465298,1
148,387,2.486481428,-1.186782122,1
148,403,2.732144356,-1.061541915,1
164,19,0.9459652901,1.583824515,1
164,35,1.348837137,1.473742723,1
164,51,NaN,NaN,2
164,67,1.598175526,0.2079902291,1
164,83,1.713791966,0.2637447715,1
164,99,1.468443036,0.06116716564,1
164,115,1.372993231,-0.05876544118,1
164,131,1.322541952,-0.4016215801,1
164,147,1.330043435,-0.727432549,1
164,163,1.717149734,-0.9755921364,1
164,179,2.472725391,-1.190876245,1
164,195,3.567559242,-0.9623275399,1
164,211,3.985462904,-0.784104228,1
164,227,3.546463013,-1.682978749,1
164,243,2.859027863,-2.177771091,1
164,259,2.484719753,-2.269249678,1
164,275,2.221111774,-2.012207985,1
164,291,2.190601826,-1.426363349,1
164,307,2.385939121,-0.9424030781,1
164,323,2.494587183,-1.118234634,1
164,339,2.756804943,-0.995740056,1
164,355,2.353290081,-1.105174065,1
164,371,2.179074764,-1.085391641,1
164,387,2.61303401,-1.020294666,1
164,403,2.909844637,-1.102212667,1
180,19,0.6330681443,1.493983984,1
180,35,0.8514413834,1.478225946,1
180,51,1.057358384,0.9078712463,1
180,67,NaN,NaN,2
180,83,1.844306469,0.191993475,1
180,99,1.866242409,0.3227556944,1
180,115,1.505750656,0.2845301628,1
180,131,1.113566995,-0.5193422437,1
180,147,1.484874725,-1.183461905,1
180,163,1.920869708,-1.069252372,1
180,179,2.557848454,-0.5066236854,1
180,195,4.033670425,-0.4631749392,1
180,211,NaN,NaN,2
180,227,2.749404192,-2.069542408,1
180,243,2.787120581,-1.892192483,1
180,259,2.715538263,-2.039053202,1
180,275,2.566599369,-2.067042351,1
180,291,2.148697376,-1.390960336,1
180,307,2.537934303,-0.9258943796,1
180,323,2.741454363,-1.073334694,1
180,339,2.667029619,-0.6258205175,1
180,355,2.506163597,-0.5468251705,1
180,371,2.489542007,-0.8535451293,1
180,387,2.741321087,-0.8777329326,1
180,403,3.19361496,-1.026901126,1
196,19,0.4008588791,0.9054614305,1
196,35,0.5776940584,1.535765648,1
196,51,0.6221264601,1.013258696,1
196,67,1.238183618,0.7513018847,1
196,83,2.038534403,0.3232446909,1
196,99,1.961234093,0.08101083338,1
196,115,1.522899508,-0.02802294493,1
196,131,1.391437531,-0.3962780237,1
196,147,1.558841467,-0.8190125823,1
196,163,1.931461453,-0.887689054,1
196,179,1.98392868,-0.823558867,1
196,195,1.845270634,-0.8302013874,1
196,211,0.7769262791,-1.979514003,1
196,227,1.053442836,-1.664764166,1
196,243,2.647913933,-2.08326602,1
196,259,2.595394135,-1.996542335,1
196,275,2.282613039,-2.222691059,1
196,291,2.191089392,-1.822778344,1
196,307,2.49242878,-1.504293442,1
196,323,2.484644175,-1.384713054,1
196,339,2.350248337,-0.6511679888,1
196,355,2.227083683,-0.2674782872,1
196,371,2.272568703,-0.9916365743,1
196,387,2.802620888,-1.32015872,1
196,403,3.659851313,-1.24130404,1
212,19,0.8674935699,0.9169921279,1
212,35,0.9412426353,0.8970496655,1
212,51,1.421184301,0.9548860192,1
212,67,1.974560142,0.8021126986,1
212,83,2.256328106,0.2238464952,1
212,99,2.185211658,-0.0194502119,1
212,115,2.01148653,-0.4344624281,1
212,131,1.767879605,-0.4117380083,1
212,147,1.736505032,-0.4347489476,1
212,163,1.959835649,-0.8110964894,1
212,179,1.666417718,-0.7528366446,1
212,195,1.283296227,-0.6747903228,1
212,211,0.7254157066,-0.9860948324,1
212,227,0.7202546597,-0.8913967013,1
212,243,2.27784586,-2.107620478,1
212,259,2.617081404,-2.194565058,1
212,275,2.360149622,-2.293206692,1
212,291,2.41097641,-1.818238497,1
212,307,2.937083244,-1.864266872,1
212,323,2.55985713,-1.826234221,1
212,339,2.273729801,-1.715729475,1
212,355,2.144047499,-1.277747393,1
212,371,2.396579742,-1.263940454,1
212,387,3.4813025,-1.632007957,1
212,403,3.587721109,-1.288583636,1
228,19,0.884380579,1.370953441,1
228,35,1.317063808,0.4587247968,1
228,51,1.424019694,0.5040781498,1
228,67,1.776425123,0.2715275884,1
228,83,2.120100021,-0.1150071472,1
228,99,2.09045434,-0.1239335537,1
228,115,1.809798956,-0.3983379602,1
228,131,1.603720307,-0.6523207426,1
228,147,1.734436989,-0.6759794354,1
228,163,1.888344765,-0.5728309155,1
228,179,1.973941207,-0.5290703177,1
228,195,1.795961618,-0.8898453712,1
228,211,0.9275174141,-0.8695960045,1
228,227,1.324828148,-0.8425223827,1
228,243,2.137835264,-1.771885633,1
228,259,2.495045662,-2.456480742,1
228,275,2.516156435,-2.27990222,1
228,291,2.471837521,-1.862072706,1
228,307,2.48058939,-2.388878345,1
228,323,2.615448236,-2.617330074,1
228,339,3.100018978,-2.918699503,1
228,355,2.606006384,-1.512542725,1
228,371,2.537069559,-1.338498116,1
228,387,3.27564621,-1.831214309,1
228,403,2.228899002,-0.7496989965,1
244,19,1.17379415,1.692157626,1
244,35,1.052129626,0.6303171515,1
244,51,0.9900853634,0.4331679344,1
244,67,0.9971333742,0.2920039594,1
244,83,1.27479887,0.08959020674,1
244,99,1.540924549,-0.2577904463,1
244,115,1.90431118,-0.1087640524,1
244,131,1.974371195,-0.2442601919,1
244,147,1.870538116,-0.731525898,1
244,163,2.084366322,-0.6412705183,1
244,179,2.247969151,-0.7475906014,1
244,195,2.023509979,-1.066074371,1
244,211,1.431433558,-1.216669321,1
244,227,1.539689779,-1.376950026,1
244,243,1.966573834,-2.045903683,1
244,259,2.315430164,-2.725010395,1
244,275,2.682470083,-1.979720592,1
244,291,2.37345314,-1.911389112,1
244,307,2.0804708,-2.827808142,1
244,323,2.558983088,-2.640114307,1
244,339,3.339190006,-1.930293918,1
244,355,3.48512435,-1.175817132,1
244,371,2.692835569,-1.44816947,1
244,387,2.340250015,-1.353077412,1
244,403,2.101617813,-0.8109567165,1
260,19,2.036851168,1.248402238,1
260,35,1.24482286,0.8617984056,1
260,51,1.141484618,0.8440446854,1
260,67,1.171500564,1.00239253,1
260,83,1.310090661,0.2022729665,1
260,99,1.665293336,-0.2998321354,1
260,115,1.910272717,-0.07768499851,1
260,131,2.217049837,-0.2371474802,1
260,147,2.142668009,-0.6625446081,1
260,163,2.331187725,-0.4790495634,1
260,179,2.220175743,-0.8467166424,1
260,195,1.860005379,-1.008432865,1
260,211,1.790656447,-1.017734647,1
260,227,1.840832591,-1.931238294,1
260,243,2.319287777,-2.515779495,1
260,259,2.669214964,-2.457849741,1
260,275,2.760134459,-1.951100826,1
260,291,2.563535929,-2.014200449,1
260,307,2.229981899,-2.293551683,1
260,323,2.241290331,-2.156047821,1
260,339,3.183124781,-1.630921602,1
260,355,2.550187826,-1.439022064,1
260,371,2.151754379,-1.521737814,1
260,387,2.129321575,-1.05606854,1
260,403,1.911516786,-1.371044874,1
276,19,1.993837357,1.182886958,1
276,35,1.519143701,1.155410528,1
276,51,1.527963519,1.318543792,1
276,67,1.569479465,0.7988878489,1
276,83,1.825675368,0.06835970283,1
276,99,2.087450504,-0.2647348642,1
276,115,2.211605787,-0.1267096549,1
276,131,2.538801193,-0.4353393316,1
276,147,2.621237278,-0.7574089766,1
276,163,2.44504714,-0.5126954913,1
276,179,2.084852695,-0.7619016171,1
276,195,2.048490286,-1.164840817,1
276,211,2.39642334,-1.107367277,1
276,227,2.308462381,-2.056510448,1
276,243,2.28163147,-2.613018751,1
276,259,2.43709445,-2.306057453,1
276,275,2.439792871,-2.26786232,1
276,291,2.277804136,-2.282307625,1
276,307,1.853471518,-1.501733422,1
276,323,1.685455084,-1.419725418,1
276,339,2.236105204,-1.682074666,1
276,355,1.999912977,-1.476827502,1
276,371,1.739076138,-1.462324858,1
276,387,1.84555614,-1.250097752,1
276,403,1.483050346,-1.557628393,1
292,19,1.592868924,0.930978775,1
292,35,1.658737421,1.375692487,1
292,51,1.81668663,1.489604115,1
292,67,2.26351285,0.937472105,1
292,83,2.271923065,0.3530296981,1
292,99,2.116820812,0.3239612281,1
292,115,2.22585392,-0.05190955848,1
292,131,3.073083878,-0.3456891179,1
292,147,2.779742956,-0.7392805815,1
292,163,2.344080925,-1.079711318,1
292,179,2.149795055,-1.154832006,1
292,195,1.935901165,-1.287402034,1
292,211,2.244367123,-1.386511326,1
292,227,2.45064044,-1.613865852,1
292,243,2.121800661,-2.12376976,1
292,259,2.265530348,-2.132230282,1
292,275,2.224370003,-2.186231375,1
292,291,1.881897211,-1.95227468,1
292,307,1.616417408,-1.373972416,1
292,323,1.520931721,-1.110902786,1
292,339,1.814977407,-1.221658945,1
292,355,1.729375482,-1.373533249,1
292,371,1.679494858,-1.345627069,1
292,387,1.734494328,-1.724157095,1
292,403,1.851001263,-1.467244864,1
308,19,1.820052028,1.051130056,1
308,35,1.724175096,1.217541456,1
308,51,1.842911482,1.476539254,1
308,67,1.950893044,1.316264987,1
308,83,2.084453106,0.526066184,1
308,99,2.224514008,0.3702626526,1
308,115,2.314604282,0.03686028719,1
308,131,2.390989542,-0.2682217956,1
308,147,2.386343241,-0.8219100833,1
308,163,2.471009254,-1.455037832,1
308,179,2.518642902,-1.681075335,1
308,195,1.989295006,-1.715684056,1
308,211,1.827253342,-1.790611267,1
308,227,2.254374027,-1.861773491,1
308,243,1.681362867,-2.052910566,1
308,259,2.046319485,-1.986479163,1
308,275,2.258502483,-1.863853216,1
308,291,2.019285202,-1.393089414,1
308,307,1.852234483,-1.596154571,1
308,323,1.688535452,-1.019045115,1
308,339,1.37791121,-0.8574780226,1
308,355,1.338278651,-0.8230217099,1
308,371,1.493198872,-0.7604134083,1
308,387,1.966864824,-1.817832589,1
308,403,3.158490658,-1.665266991,1
324,19,1.861359835,0.8603134155,1
324,35,1.508617401,1.171287537,1
324,51,1.638362288,1.288139105,1
324,67,NaN,NaN,2
324,83,2.089528084,0.2086452842,1
324,99,2.281826496,0.2529733479,1
324,115,2.315011024,-0.006719365716,1
324,131,1.821639061,-0.4594369531,1
324,147,1.245667934,-1.491656303,1
324,163,1.79430604,-1.543645024,1
324,179,1.810914516,-1.526507616,1
324,195,2.007300854,-1.967572689,1
324,211,2.73072505,-2.877317667,1
324,227,1.733167171,-2.369284868,1
324,243,1.29094553,-2.095602512,1
324,259,1.553034067,-1.910166025,1
324,275,2.038088322,-1.704517245,1
324,291,2.106966496,-1.798120618,1
324,307,1.794299364,-1.524941564,1
324,323,1.949208021,-0.7966669798,1
324,339,1.905483723,-0.932461977,1
324,355,1.788349032,-0.9251329899,1
324,371,1.863980293,-0.6760988235,1
324,387,2.433916092,-1.221812963,1
324,403,3.064681053,-2.310356855,1
340,19,1.721526146,0.61792624,1
340,35,1.27763176,1.22456181,1
340,51,1.418794632,1.303997993,1
340,67,1.91599071,0.9135132432,1
340,83,2.698476791,-0.2511287034,1
340,99,2.016543865,-0.09573814273,1
340,115,1.878638864,-0.3005948663,1
340,131,1.563559175,-0.3996399939,1
340,147,1.230578423,-0.9463630319,1
340,163,1.288783669,-1.072781801,1
340,179,1.509126544,-1.26367867,1
340,195,1.929883242,-1.676204681,1
340,211,1.783389211,-2.120332479,1
340,227,0.3780639172,-2.320741415,1
340,243,2.105202675,-2.168438911,1
340,259,1.740898013,-2.111493349,1
340,275,1.739957213,-1.889478087,1
340,291,1.952790976,-1.772467375,1
340,307,2.280876637,-1.543809652,1
340,323,2.352942944,-1.131602764,1
340,339,2.148126841,-1.107336283,1
340,355,2.497982979,-1.281951785,1
340,371,2.842656612,-0.7582982779,1
340,387,2.418435097,-0.5118445158,1
340,403,2.258456945,-1.587139606,1
356,19,1.618812799,0.4889800251,1
356,35,0.9819399118,1.049321055,1
356,51,1.251475453,1.299840927,1
356,67,1.642566204,1.848602533,1
356,83,1.719632983,0.4323692322,1
356,99,1.68182373,-0.9197524786,1
356,115,1.590481043,-0.5464243889,1
356,131,1.588365436,-0.3391890526,1
356,147,1.618109584,-0.8511057496,1
356,163,1.516474485,-0.7834737301,1
356,179,1.450942516,-1.006968498,1
356,195,1.518806338,-1.176871777,1
356,211,1.760730743,-1.485232949,1
356,227,1.705762029,-2.369234324,1
356,243,2.106037617,-2.569989443,1
356,259,1.999746323,-2.723778009,1
356,275,1.852450967,-2.390614986,1
356,291,1.939055681,-1.696860075,1
356,307,2.150527477,-1.781001568,1
356,323,2.020597458,-1.368464351,1
356,339,1.971213102,-1.219850779,1
356,355,2.457904339,-1.226548314,1
356,371,3.110795259,-0.7681963444,1
356,387,2.404925585,-0.2010659575,1
356,403,1.927971125,-1.051267624,1
372,19,1.039157391,0.4117399454,1
372,35,1.250234723,0.7393756509,1
372,51,1.616392851,0.8528927565,1
372,67,1.808818936,0.9727604389,1
372,83,1.529868245,0.316680491,1
372,99,1.699925065,-0.568364501,1
372,115,1.509945512,-0.7113882899,1
372,131,1.327475786,-1.045247793,1
372,147,1.540343404,-1.112223148,1
372,163,1.503128052,-0.7955240011,1
372,179,1.008703113,-0.2582187057,1
372,195,1.002181411,-0.5771383047,1
372,211,1.779418349,-1.529231071,1
372,227,2.142579079,-2.409987211,1
372,243,2.195061684,-2.743330479,1
372,259,1.891504765,-2.576101542,1
372,275,1.655117154,-2.57723999,1
372,291,1.65701735,-2.027257204,1
372,307,2.067991257,-1.791059971,1
372,323,2.134704113,-1.335947156,1
372,339,1.621630192,-1.138513684,1
372,355,1.794819832,-0.9744907022,1
372,371,2.254661322,-1.031343699,1
372,387,2.206182241,-0.8927631378,1
372,403,2.349914312,-0.9906833172,1
388,19,1.113465309,0.7854425311,1
388,35,1.22841537,0.6114879847,1
388,51,1.123028755,0.5202131867,1
388,67,NaN,NaN,2
388,83,NaN,NaN,2
388,99,1.845800161,-0.5720834136,1
388,115,1.606979609,-0.7622691393,1
388,131,1.451456189,-1.217890859,1
388,147,1.438755512,-1.334225774,1
388,163,1.295758247,-1.173425794,1
388,179,0.7679313421,-0.6014471054,1
388,195,0.9831185341,-0.4788201451,1
388,211,1.769556165,-1.570824742,1
388,227,2.078648567,-2.062810659,1
388,243,2.162443161,-2.736530066,1
388,259,1.785965204,-2.523421288,1
388,275,2.008274078,-2.598182201,1
388,291,2.15481019,-2.219715834,1
388,307,2.138383865,-1.67634213,1
388,323,1.884480834,-1.270194054,1
388,339,1.486297846,-1.029096842,1
388,355,1.513225436,-0.8313997984,1
388,371,1.627716303,-0.6189286709,1
388,387,2.240176201,-0.7921275496,1
388,403,3.054540634,-1.268913388,1
404,19,1.521393061,1.179571033,1
404,35,0.9916936159,0.7525054812,1
404,51,0.5928293467,0.4638075531,1
404,67,NaN,NaN,2
404,83,NaN,NaN,2
404,99,1.62931788,-0.4146073461,1
404,115,1.480479956,-0.659861207,1
404,131,1.405860424,-1.035995245,1
404,147,1.330417633,-1.333495259,1
404,163,1.308792949,-1.60772121,1
404,179,0.9224385023,-1.797596931,1
404,195,1.53836596,-1.273685575,1
404,211,2.13162756,-1.193121791,1
404,227,1.927865982,-1.858725429,1
404,243,1.780965447,-2.499844551,1
404,259,1.872009993,-2.445953846,1
404,275,2.282459974,-2.30385685,1
404,291,2.345549107,-2.046011925,1
404,307,2.102458477,-1.46507895,1
404,323,1.740620255,-1.167160988,1
404,339,1.73634994,-1.117280483,1
404,355,1.784187555,-1.181837797,1
404,371,1.767705679,-0.7893579006,1
404,387,2.042720795,-0.6769840121,1
404,403,2.621936798,-1.293344378,1
420,19,1.369454503,1.134707689,1
420,35,0.844630003,1.085870862,1
420,51,NaN,NaN,2
420,67,NaN,NaN,2
420,83,0.8569288254,-0.9604876041,1
420,99,1.553555131,-0.2711629868,1
420,115,1.57106328,-0.5969833136,1
420,131,1.26466918,-1.117105484,1
420,147,1.026607156,-1.217738271,1
420,163,1.501059413,-1.633856773,1
420,179,1.596947074,-3.285264492,1
420,195,1.748872638,-2.777000666,1
420,211,1.790110946,-2.236626387,1
420,227,1.812671423,-2.150187969,1
420,243,2.030293941,-2.504008055,1
420,259,2.03114748,-2.315657139,1
420,275,1.872654438,-2.071722984,1
420,291,1.854058862,-1.944854856,1
420,307,1.913726091,-1.568689108,1
420,323,1.420511365,-1.21415484,1
420,339,1.683347464,-1.359149456,1
420,355,1.779999971,-1.647590876,1
420,371,1.729136467,-1.348508,1
420,387,2.036044598,-1.16658926,1
420,403,2.310748816,-1.561790824,1
436,19,1.350250602,0.9243534803,1
436,35,1.079111934,0.736879468,1
436,51,0.7636548281,0.6080474854,1
436,67,NaN,NaN,2
436,83,NaN,NaN,2
436,99,0.9707736969,0.199796021,1
436,115,1.297309756,-0.6828869581,1
436,131,1.330364466,-1.335818052,1
436,147,1.418668866,-1.408470273,1
436,163,1.49472332,-1.255611658,1
436,179,1.519235611,-1.357299089,1
436,195,2.04373455,-1.726430178,1
436,211,1.569823742,-2.823655605,1
436,227,1.585746646,-2.61430788,1
436,243,2.269520521,-2.569311142,1
436,259,2.172766685,-2.593175173,1
436,275,1.746825695,-2.118704319,1
436,291,1.440517187,-2.124296665,1
436,307,1.304712057,-2.297374964,1
436,323,0.635063529,-1.760359049,1
436,339,1.28104651,-1.394524574,1
436,355,1.646889329,-1.145249724,1
436,371,1.925001144,-1.085187435,1
436,387,2.340614557,-1.16215682,1
436,403,2.081089735,-1.190364957,1
452,19,1.22895515,0.6245261431,1
452,35,1.359789014,0.3846856952,1
452,51,1.337704659,0.521338582,1
452,67,NaN,NaN,2
452,83,NaN,NaN,2
452,99,0.7904127836,0.3240757585,1
452,115,1.489898682,-0.6304498911,1
452,131,1.35877943,-1.427983522,1
452,147,1.420529246,-1.647284508,1
452,163,1.338623524,-1.553032517,1
452,179,1.044935346,-1.345652938,1
452,195,1.275533438,-1.934528828,1
452,211,1.332726121,-3.026434422,1
452,227,1.045512199,-3.319385529,1
452,243,1.521767735,-2.810297012,1
452,259,1.620284677,-2.566515684,1
452,275,1.610305548,-2.243497849,1
452,291,1.259083748,-2.169341326,1
452,307,0.9093010426,-2.255613565,1
452,323,0.800567627,-1.804131985,1
452,339,1.461717844,-1.502509594,1
452,355,1.714710951,-1.066279769,1
452,371,2.221152306,-1.071288586,1
452,387,2.591189384,-0.8999326229,1
452,403,2.131197214,-0.4068399668,1
468,19,1.613880754,0.8887399435,1
468,35,1.503128648,0.5580844879,1
468,51,1.635888219,0.4067258537,1
468,67,2.071697474,0.1019437462,1
468,83,NaN,NaN,2
468,99,1.964214683,-0.2082932591,1
468,115,1.916717887,-0.8105641007,1
468,131,1.856446028,-1.580020189,1
468,147,1.808567405,-1.540946007,1
468,163,1.66293633,-1.953629255,1
468,179,1.144993186,-2.019767761,1
468,195,0.9021971226,-2.203990698,1
468,211,1.016121626,-2.886377573,1
468,227,1.215083122,-3.347067833,1
468,243,1.533878088,-2.937721968,1
468,259,1.18300736,-2.254846096,1
468,275,1.293434739,-2.434952259,1
468,291,1.324640155,-2.231400251,1
468,307,1.310938597,-1.950290799,1
468,323,1.469767332,-2.044498444,1
468,339,1.611999035,-1.596613765,1
468,355,1.584374905,-1.308836102,1
468,371,1.960508347,-1.341254592,1
468,387,2.525957584,-0.9010296464,1
468,403,NaN,NaN,2
484,19,1.718770742,1.385270476,1
484,35,1.736947775,0.7959708571,1
484,51,1.636642694,0.3410214484,1
484,67,1.673012257,-0.2724375725,1
484,83,1.734501004,-0.5109280348,1
484,99,2.043201923,-0.532494545,1
484,115,1.873863697,-1.219365835,1
484,131,2.03950119,-1.675454378,1
484,147,2.072354317,-1.247000694,1
484,163,1.942175627,-1.385899663,1
484,179,1.476384759,-1.417400479,1
484,195,1.16252172,-1.927699804,1
484,211,1.897868156,-2.621846676,1
484,227,2.135561943,-2.933375835,1
484,243,1.720974803,-2.610011816,1
484,259,1.284056067,-1.93806529,1
484,275,0.9959557056,-2.594516039,1
484,291,0.9032434225,-2.40760231,1
484,307,1.24561286,-2.035552263,1
484,323,1.010227799,-2.137337685,1
484,339,0.7456692457,-1.552587032,1
484,355,0.9049403667,-1.178958893,1
484,371,1.457356453,-1.570906758,1
484,387,2.107851505,-0.9336726665,1
484,403,NaN,NaN,2
500,19,1.176888704,1.390137196,1
500,35,1.610213161,1.070234895,1
500,51,1.778888464,0.5890513062,1
500,67,2.371263266,0.006879709661,1
500,83,2.153033972,-0.2153345346,1
500,99,2.008920431,-0.5713142157,1
500,115,2.127935648,-1.078908443,1
500,131,2.007439375,-1.376814604,1
500,147,1.934774518,-1.04568851,1
500,163,1.851234198,-1.113285422,1
500,179,1.88290751,-1.094326258,1
500,195,1.617083073,-1.298758984,1
500,211,NaN,NaN,2
500,227,2.312654495,-2.720695734,1
500,243,1.685253143,-2.378797293,1
500,259,1.263162613,-2.189284086,1
500,275,1.003291368,-2.093501806,1
500,291,0.8831281662,-2.336504459,1
500,307,0.8978801966,-2.018280983,1
500,323,0.9381984472,-2.201403379,1
500,339,0.5243736506,-1.892814398,1
500,355,0.4170506597,-1.395672202,1
500,371,1.466772795,-1.711907625,1
500,387,1.383952141,-1.045087576,1
500,403,1.782307863,-0.768009603,1
516,19,1.826937318,1.37197268,1
516,35,0.9454152584,1.483867884,1
516,51,1.744523048,0.8149741292,1
516,67,2.762197495,0.6274008751,1
516,83,2.66351223,-0.08515584469,1
516,99,2.360160351,-0.2682279944,1
516,115,2.111114025,-0.7570994496,1
516,131,1.610591173,-1.365210056,1
516,147,1.664766788,-1.357118249,1
516,163,2.011055231,-1.55146277,1
516,179,2.036104679,-2.381009102,1
516,195,1.317166686,-2.88357234,1
516,211,1.110791445,-2.603837967,1
516,227,1.598691463,-2.707722425,1
516,243,1.435201645,-2.561493397,1
516,259,-0.2715453506,-2.283850908,1
516,275,0.6821413636,-2.187534571,1
516,291,0.5985001326,-2.368023157,1
516,307,0.2041729093,-2.349564314,1
516,323,0.6581441164,-1.87230134,1
516,339,0.6559758186,-1.87406826,1
516,355,0.3938861489,-1.469622135,1
516,371,1.610892177,-2.009010792,1
516,387,1.458525896,-1.792473316,1
516,403,1.964082837,-1.023325443,1
532,19,1.94159627,1.263472557,1
532,35,2.527895212,0.9630002379,1
532,51,2.516106844,0.6610865593,1
532,67,2.264209032,0.5923678875,1
532,83,2.529938698,-0.3322974741,1
532,99,2.089023113,-0.6538698673,1
532,115,1.209271669,-0.1149761677,1
532,131,1.514423013,-1.096032143,1
532,147,1.606741667,-1.450590134,1
532,163,2.087667942,-1.772939444,1
532,179,1.717697144,-2.53710103,1
532,195,1.004622698,-3.265550137,1
532,211,1.325397849,-3.304921627,1
532,227,1.127931476,-3.439561367,1
532,243,0.7615885139,-3.372119665,1
532,259,0.2138026953,-2.374087811,1
532,275,0.7867134809,-2.73233819,1
532,291,0.6966450214,-2.461400509,1
532,307,0.4698864222,-2.022755384,1
532,323,0.6260721087,-1.80968523,1
532,339,0.9629557133,-1.443108201,1
532,355,NaN,NaN,2
532,371,NaN,NaN,2
532,387,1.475727677,-3.230360985,1
532,403,0.4113280773,-2.384552479,1
548,19,2.233179569,0.8779788017,1
548,35,2.165037394,0.4261938334,1
548,51,2.066432714,0.5482573509,1
548,67,2.244649649,0.4138292372,1
548,83,2.25128293,0.1195602417,1
548,99,1.686959743,-0.3862008452,1
548,115,1.766660452,-0.9335662127,1
548,131,1.945442915,-1.573055983,1
548,147,1.575187087,-2.008172512,1
548,163,1.743800998,-2.982995987,1
548,179,1.529768467,-2.613111019,1
548,195,1.08158195,-3.740514278,1
548,211,0.5364311934,-3.943864346,1
548,227,0.8841192722,-4.48316288,1
548,243,1.132254839,-3.949281693,1
548,259,0.6453750134,-3.121032,1
548,275,1.020386696,-3.248985291,1
548,291,0.9743160009,-2.664512634,1
548,307,0.9423908591,-2.261198997,1
548,323,1.321697831,-2.05150795,1
548,339,1.59690845,-0.8976728916,1
548,355,NaN,NaN,2
548,371,0.639566958,-1.667493343,1
548,387,0.8341319561,-1.667729378,1
548,403,0.2743170261,-2.134531021,1
