PIVlab, ASCII chart output - 20-Jul-2025
FRAME: 5, filenames: A:[5]MAX_TgKrt18GFPUtrmcherry_Control_TimeSeries01.avi & B:[6]MAX_TgKrt18GFPUtrmcherry_Control_TimeSeries01.avi, conversion factor xy (px -> m): 1, conversion factor uv (px/frame -> m/s): 1
x [px],y [px],u [px/frame],v [px/frame],Vector type [-]
20,19,1.609535694,1.168165565,1
20,35,0.3855894804,1.901582003,1
20,51,NaN,NaN,2
20,67,0.9874882698,2.607309341,1
20,83,1.139625072,1.869681358,1
20,99,0.8853548169,1.05712235,1
20,115,0.2170349509,0.3788389564,1
20,131,-0.1469813287,0.5691931248,1
20,147,-0.428739965,0.7654358149,1
20,163,-0.3445847631,-0.123810187,1
20,179,0.4278266132,-1.147576809,1
20,195,1.447659254,-1.805555701,1
20,211,2.029049873,-1.50247097,1
20,227,2.239810228,-1.051365733,1
20,243,1.818061113,-1.557773471,1
20,259,1.765743732,-1.39002955,1
20,275,1.285329819,-0.595685184,1
20,291,1.322690129,-0.5942686796,1
20,307,1.650512934,-0.5985364914,1
20,323,2.045466185,-0.726783216,1
20,339,1.282517672,-0.9509943724,1
20,355,1.133088231,-1.053843379,1
20,371,0.7163370848,-0.453905046,1
20,387,0.8430085182,-0.5784749389,1
20,403,1.754577875,0.6818826199,1
36,19,-1.493852258,1.899233699,1
36,35,-1.324996948,2.262952566,1
36,51,0.1697374582,2.65689826,1
36,67,0.617211163,2.261057138,1
36,83,0.5187773108,1.883995175,1
36,99,0.2756234705,0.9588798285,1
36,115,-0.03014013171,0.2124798298,1
36,131,-0.06828858703,0.2559819818,1
36,147,-0.0270409137,0.3054656684,1
36,163,-0.05082012713,-0.6377168894,1
36,179,-0.07532685995,-1.36518681,1
36,195,0.6943719983,-1.938561678,1
36,211,0.959436655,-1.851280212,1
36,227,1.157427669,-1.419107676,1
36,243,1.352191806,-1.32005167,1
36,259,1.370057225,-0.7828584909,1
36,275,1.635041475,-0.5005410314,1
36,291,2.143040657,-0.7146618366,1
36,307,2.520578146,-0.7107077837,1
36,323,2.272894859,-0.9513198137,1
36,339,1.983299255,-1.406121969,1
36,355,2.016234159,-1.119001389,1
36,371,NaN,NaN,2
36,387,1.278002024,-1.018188238,1
36,403,0.9544997215,-1.446071625,1
52,19,-0.8209892511,2.244557381,1
52,35,0.09486975521,2.447553873,1
52,51,0.586327076,2.395697117,1
52,67,0.4604339004,2.058943987,1
52,83,0.4173441827,1.94825995,1
52,99,0.2374997139,1.231325507,1
52,115,0.03254649788,0.4398854971,1
52,131,-0.1089566126,0.1978548169,1
52,147,0.2468610704,0.02730839327,1
52,163,0.3957085311,-0.6289699674,1
52,179,0.1730224788,-0.8036103845,1
52,195,0.3522263467,-1.170258284,1
52,211,0.2701077461,-1.391093969,1
52,227,0.6633005142,-1.459868789,1
52,243,1.826480389,-1.52223742,1
52,259,1.74724257,-0.9204493761,1
52,275,1.510147095,-1.009613395,1
52,291,2.020129919,-0.7425979972,1
52,307,2.875443459,-0.5508615971,1
52,323,2.758320332,-1.101324081,1
52,339,2.426047325,-1.146421432,1
52,355,1.904738188,-0.7570104003,1
52,371,1.773921132,-0.6154112816,1
52,387,0.893507123,-1.309729099,1
52,403,NaN,NaN,2
68,19,-0.2492946386,2.044391155,1
68,35,0.3191248775,2.10626173,1
68,51,NaN,NaN,2
68,67,0.5977470875,1.961902142,1
68,83,0.2770183682,1.822994351,1
68,99,-0.1179529279,1.481176019,1
68,115,-0.2106961757,0.8664022088,1
68,131,-0.04007321596,0.4661991894,1
68,147,0.4110762477,0.07683700323,1
68,163,0.4648011923,-0.4845193028,1
68,179,0.4026625156,-0.5038625598,1
68,195,0.5862193108,-0.5668973923,1
68,211,0.6580621004,-1.050391912,1
68,227,1.238715649,-1.400835156,1
68,243,1.983033657,-1.774615288,1
68,259,2.035639763,-0.9178625345,1
68,275,1.562762618,-1.01892066,1
68,291,1.805380344,-0.6876853108,1
68,307,2.196695805,-0.8097022176,1
68,323,2.271051407,-1.068754554,1
68,339,2.742228985,-1.015349865,1
68,355,2.142445803,-1.427179933,1
68,371,1.563727856,-1.263074636,1
68,387,0.9126754999,-1.232682467,1
68,403,-0.5943123102,-2.095938444,1
84,19,0.137198776,2.184288502,1
84,35,0.6682634354,2.048948765,1
84,51,1.510553002,1.634049892,1
84,67,0.9865568876,1.405707121,1
84,83,0.2190598249,1.361068726,1
84,99,-0.2114664316,1.430538416,1
84,115,-0.2754051089,1.19179678,1
84,131,-0.05153043568,0.7678738832,1
84,147,0.4350335002,0.4421010613,1
84,163,0.4952554405,-0.1669010222,1
84,179,0.5386021137,-0.3650402427,1
84,195,0.7833594084,-0.6223925352,1
84,211,0.9178534746,-1.009843349,1
84,227,1.325496912,-1.321148157,1
84,243,2.218911648,-1.71017909,1
84,259,1.96783483,-0.9307597876,1
84,275,1.639572263,-0.7614275217,1
84,291,1.930759549,-1.048740149,1
84,307,1.905348539,-0.9201822877,1
84,323,2.077552795,-0.9570450187,1
84,339,3.060989857,-1.058037996,1
84,355,2.989206314,-2.243312359,1
84,371,1.964383841,-3.108955622,1
84,387,1.923551559,-1.234035254,1
84,403,0.6117533445,-1.68340528,1
100,19,0.6308389902,2.274424076,1
100,35,0.6521905065,2.124652624,1
100,51,0.9137576818,1.415929198,1
100,67,NaN,NaN,2
100,83,0.3637691736,1.216933966,1
100,99,0.250872612,1.116722822,1
100,115,0.283415854,1.021121264,1
100,131,0.3967048526,1.074559808,1
100,147,0.4203411341,0.7467567921,1
100,163,0.2611295283,-0.1708949506,1
100,179,0.4629748464,-0.7135111094,1
100,195,0.3699294925,-0.378474474,1
100,211,0.5592839718,-0.1979831457,1
100,227,1.264424562,-0.8065906763,1
100,243,1.619292021,-1.145264268,1
100,259,1.780433893,-1.251556158,1
100,275,1.637553453,-0.716288209,1
100,291,1.971253872,-0.6112152934,1
100,307,1.86104393,-0.874801755,1
100,323,2.049058676,-0.9956897497,1
100,339,2.854518414,-0.9605064392,1
100,355,3.136082888,-1.172005296,1
100,371,2.578984976,-1.24199295,1
100,387,1.244255543,-1.141454458,1
100,403,1.148731828,-1.337247372,1
116,19,0.8644933701,1.929408193,1
116,35,1.194755793,1.822664499,1
116,51,0.8722077608,1.515520215,1
116,67,NaN,NaN,2
116,83,0.5746405125,1.333235025,1
116,99,0.4223838449,1.091683745,1
116,115,0.04795141518,0.9122961164,1
116,131,0.01850874722,0.9940723181,1
116,147,-0.008101195097,0.7557649612,1
116,163,-0.1942704022,0.152027607,1
116,179,0.2401135117,-0.07244676352,1
116,195,0.1283423454,0.2398950905,1
116,211,0.416580379,-0.01926994324,1
116,227,2.984074593,0.05944776535,1
116,243,2.256873846,-0.7615118027,1
116,259,1.757011414,-1.186607838,1
116,275,1.487790465,-0.8231948018,1
116,291,1.766962767,-0.9019833207,1
116,307,2.104217052,-0.7760741711,1
116,323,1.913111448,-1.296883583,1
116,339,2.276346207,-1.118475914,1
116,355,2.654711008,-0.767873764,1
116,371,2.322395325,-0.5195612907,1
116,387,1.358427048,-1.035738945,1
116,403,1.494328022,-1.456287503,1
132,19,0.2572563887,1.784566283,1
132,35,1.125772238,1.399112701,1
132,51,0.6747070551,1.121823072,1
132,67,NaN,NaN,2
132,83,1.009321094,0.75451231,1
132,99,0.8723455667,0.9658662081,1
132,115,0.2311993837,0.7413963079,1
132,131,-0.1733374894,0.4667056799,1
132,147,-0.1039215922,0.8921618462,1
132,163,NaN,NaN,2
132,179,-0.5763249397,0.9445067048,1
132,195,-0.09385481477,1.137038946,1
132,211,0.1543845534,-0.09587776661,1
132,227,0.9541447759,-0.9722050428,1
132,243,1.420117021,-1.062126398,1
132,259,1.498255491,-1.102601051,1
132,275,1.414716721,-1.012638569,1
132,291,1.479482651,-1.328477621,1
132,307,2.120684147,-0.8564440012,1
132,323,1.955407381,-1.147174358,1
132,339,2.117150545,-1.376199603,1
132,355,2.479171515,-1.145398855,1
132,371,2.136830568,-0.4205309153,1
132,387,2.11391449,-1.079010129,1
132,403,2.443861723,-1.400829077,1
148,19,0.06944742799,1.700785875,1
148,35,0.4791503549,1.348545074,1
148,51,0.3808782697,0.9377344847,1
148,67,1.026810884,0.9278271198,1
148,83,1.618674874,0.6150344014,1
148,99,1.147409678,0.8056631684,1
148,115,0.5925400257,0.5897453427,1
148,131,0.4549498558,0.5109753013,1
148,147,0.4864389598,1.114290714,1
148,163,0.3703429103,1.46597755,1
148,179,0.1709260345,1.737148046,1
148,195,0.7297668457,2.656453848,1
148,211,NaN,NaN,2
148,227,1.666067839,-1.110185623,1
148,243,1.544948459,-1.801360607,1
148,259,1.185538769,-1.433144689,1
148,275,1.366918206,-1.235070348,1
148,291,1.782726049,-1.598379612,1
148,307,1.906585574,-1.259536982,1
148,323,2.107317448,-1.012892723,1
148,339,2.080627441,-1.252385855,1
148,355,1.950737119,-1.065019131,1
148,371,1.984524846,-0.8674817681,1
148,387,2.121734381,-1.094439507,1
148,403,2.47822237,-0.7621338367,1
164,19,0.2135229707,1.689504623,1
164,35,0.46503672,1.888563395,1
164,51,0.6429743767,1.365918398,1
164,67,0.9359620214,1.499137759,1
164,83,1.28161478,1.262395859,1
164,99,1.250161529,0.9805031419,1
164,115,0.7298926115,0.6793214083,1
164,131,0.8329638243,0.5674538612,1
164,147,1.373250365,0.8392890096,1
164,163,1.131005168,1.67121911,1
164,179,0.7204265594,2.288859844,1
164,195,3.4119277,1.825533867,1
164,211,4.091130733,1.002161503,1
164,227,2.678835392,-1.064103127,1
164,243,2.018281698,-2.285441875,1
164,259,1.233414769,-1.663402319,1
164,275,1.310908437,-1.489453673,1
164,291,2.498440504,-2.051213503,1
164,307,1.656629562,-1.016855359,1
164,323,1.948156357,-0.3737916946,1
164,339,2.075554848,-0.704018116,1
164,355,1.62405777,-0.9566797018,1
164,371,2.049626827,-1.175567269,1
164,387,1.739906549,-0.6866369843,1
164,403,1.316381812,-0.05948781967,1
180,19,0.5886828899,2.141219139,1
180,35,0.7687401175,2.185399532,1
180,51,0.830968678,1.89907074,1
180,67,0.8757740855,1.707765579,1
180,83,1.02645576,1.605597734,1
180,99,1.089096189,1.235157967,1
180,115,1.198276639,0.9507574439,1
180,131,1.344555616,0.7522383928,1
180,147,1.391867161,0.4005410075,1
180,163,1.258277178,0.6449029446,1
180,179,1.343665123,2.074330807,1
180,195,NaN,NaN,2
180,211,NaN,NaN,2
180,227,3.737987518,-0.4025634229,1
180,243,2.207981586,-2.010447264,1
180,259,0.8160279989,-1.904651999,1
180,275,0.9473882914,-1.749104857,1
180,291,2.054623365,-1.707651496,1
180,307,1.477902412,-0.9381930232,1
180,323,1.438869834,-0.3864216208,1
180,339,1.755098939,-0.5448894501,1
180,355,1.546919107,-0.765004456,1
180,371,1.93355155,-0.9791334867,1
180,387,1.539222479,-0.4275718033,1
180,403,1.361639738,-0.09980764985,1
196,19,0.8713309765,2.198469639,1
196,35,0.909614563,2.102096558,1
196,51,1.019137502,1.601142049,1
196,67,1.523652434,1.768680811,1
196,83,1.281715393,1.576614499,1
196,99,1.256010056,1.068022728,1
196,115,1.545201063,0.923659265,1
196,131,1.243926048,1.198370695,1
196,147,0.9167149067,1.135476708,1
196,163,1.097082376,0.5176744461,1
196,179,1.786774158,1.124394417,1
196,195,2.637653112,1.209177375,1
196,211,3.985127449,0.5027324557,1
196,227,3.906418562,-0.6839179993,1
196,243,1.978770018,-1.861730576,1
196,259,1.184906483,-1.734899521,1
196,275,1.545582771,-1.482062936,1
196,291,2.035725117,-1.383348107,1
196,307,1.641988993,-1.253042459,1
196,323,1.369612336,-1.175960779,1
196,339,1.629935384,-0.847244978,1
196,355,1.929374456,-0.5585189462,1
196,371,2.213661671,-0.3098142147,1
196,387,2.146447182,-0.3162921369,1
196,403,2.313052654,-0.1027513891,1
212,19,0.954783082,1.568168402,1
212,35,0.7811674476,1.853965163,1
212,51,0.9807587862,1.73205936,1
212,67,1.586980581,1.381579757,1
212,83,1.237581134,1.115550876,1
212,99,1.18009913,0.8453650475,1
212,115,1.255953789,0.7836350203,1
212,131,0.7468516827,1.16785717,1
212,147,0.8635377884,1.696446061,1
212,163,1.00236702,1.022479296,1
212,179,1.130940318,0.2115987539,1
212,195,2.668881655,0.02989882231,1
212,211,3.742636919,-0.1240646541,1
212,227,3.742550373,-0.6464411616,1
212,243,2.809532642,-1.762624979,1
212,259,1.879672527,-1.114066839,1
212,275,1.77085638,-0.9647837877,1
212,291,1.872028589,-1.328748584,1
212,307,1.657972217,-1.34879005,1
212,323,1.220092416,-1.09822154,1
212,339,1.716148853,-0.808763504,1
212,355,2.385328531,-0.4284847975,1
212,371,2.683048248,-0.3934206367,1
212,387,2.921863317,-0.6066452265,1
212,403,2.630310535,-0.2541956902,1
228,19,0.9990625978,0.8492844701,1
228,35,0.9580193162,1.705155373,1
228,51,0.9271087646,2.138878345,1
228,67,1.415042758,1.552170992,1
228,83,1.450302839,1.406193018,1
228,99,1.438901663,1.060722947,1
228,115,1.477631569,0.733766377,1
228,131,1.262833238,0.9540730715,1
228,147,1.115598321,1.182217598,1
228,163,0.9949859977,0.6983715296,1
228,179,0.9454069138,0.0205540657,1
228,195,1.30743885,0.5764912963,1
228,211,2.360567093,0.7622836828,1
228,227,2.13734436,-0.4139492512,1
228,243,1.86180687,-0.5094608665,1
228,259,1.81717968,-0.7197859287,1
228,275,1.975147605,-0.4132936001,1
228,291,1.842678428,-0.8994168043,1
228,307,1.498191357,-1.097296357,1
228,323,1.681568861,-0.6223109365,1
228,339,1.768242121,-0.7617220879,1
228,355,2.39793396,-0.6763020158,1
228,371,2.433074474,-0.7091722488,1
228,387,2.329072952,-0.5749125481,1
228,403,2.412413597,-0.2546467185,1
244,19,0.8247395754,0.9904268384,1
244,35,1.225601673,1.668460369,1
244,51,1.236017227,2.204766512,1
244,67,0.9878343344,1.889604807,1
244,83,1.727035403,1.608783007,1
244,99,1.984560132,1.049668789,1
244,115,1.505690575,0.825597167,1
244,131,1.378129959,0.7296773195,1
244,147,1.209180355,0.727221489,1
244,163,0.9334365129,0.4165379703,1
244,179,0.8797740936,-0.1622849554,1
244,195,1.219078302,0.215299949,1
244,211,1.72743392,0.7371469736,1
244,227,1.520056129,-0.4749000669,1
244,243,1.310986757,-0.6590697169,1
244,259,1.527188778,-1.01397872,1
244,275,2.638502598,-0.6773333549,1
244,291,2.201001167,-0.4544127584,1
244,307,1.951388359,-0.7191175222,1
244,323,1.8864007,-0.5125599504,1
244,339,2.132937908,-0.5292913914,1
244,355,2.468803406,-0.9802898765,1
244,371,1.757236719,-1.129334331,1
244,387,1.615504742,-0.5737266541,1
244,403,2.059571266,0.2750836015,1
260,19,0.9493454695,1.333471179,1
260,35,1.045491457,1.60572648,1
260,51,0.6514079571,2.05623436,1
260,67,0.7180584669,2.147140026,1
260,83,1.410552502,2.019530773,1
260,99,1.506397367,1.599258542,1
260,115,1.359377384,0.9090440869,1
260,131,1.325811148,0.6602007151,1
260,147,1.466258049,0.6582152843,1
260,163,1.325940013,0.2761857808,1
260,179,1.033010244,-0.5589881539,1
260,195,1.776138425,-0.4291636944,1
260,211,1.761969209,-0.3337429762,1
260,227,1.25907588,-0.9533046484,1
260,243,1.185749412,-1.319908381,1
260,259,1.545754433,-1.518771052,1
260,275,1.857141256,-1.481711626,1
260,291,1.889850497,-0.8499991894,1
260,307,1.949743152,-0.9048162103,1
260,323,1.799171805,-0.567124784,1
260,339,1.835222602,-0.3258498907,1
260,355,1.959168434,-0.8420042396,1
260,371,1.597912073,-1.114236355,1
260,387,1.689890027,-0.5773276687,1
260,403,1.880120277,0.1711372435,1
276,19,1.165415049,1.393796563,1
276,35,0.8895798922,1.413584828,1
276,51,0.4736210108,1.729840517,1
276,67,0.5305553675,1.77869308,1
276,83,1.145900011,2.070763111,1
276,99,0.9270031452,1.792813063,1
276,115,1.218995452,1.116006017,1
276,131,1.297746539,0.6111168861,1
276,147,1.28768003,0.540871501,1
276,163,1.688388348,0.3757461905,1
276,179,2.092173815,-0.3078911006,1
276,195,2.140881062,-0.5793896914,1
276,211,2.0450387,-0.5994689465,1
276,227,1.587198019,-1.216416359,1
276,243,1.22988534,-1.492002249,1
276,259,1.426003933,-1.472726226,1
276,275,1.556358218,-1.525981069,1
276,291,1.674645901,-1.239998937,1
276,307,1.752824306,-1.052413821,1
276,323,1.926123261,-0.2974562645,1
276,339,1.780927896,-0.1936677098,1
276,355,1.872514606,-0.7073212862,1
276,371,1.534686804,-0.5420371294,1
276,387,1.780883908,-0.3191811144,1
276,403,2.328765392,-0.3736446798,1
292,19,0.6664649844,1.424179196,1
292,35,1.220767498,1.310664415,1
292,51,1.615446806,1.610025764,1
292,67,1.779445291,1.608975172,1
292,83,1.378699303,1.789290667,1
292,99,1.162284374,1.127196074,1
292,115,1.287784815,0.7896256447,1
292,131,1.159826756,0.7632870078,1
292,147,1.148373842,0.6515922546,1
292,163,1.680564046,0.5280408859,1
292,179,2.174663067,0.6211140156,1
292,195,2.271056652,0.1286144704,1
292,211,2.044222593,-0.5518405437,1
292,227,1.841005445,-0.9779069424,1
292,243,1.548245311,-1.344693184,1
292,259,1.527826309,-1.570277095,1
292,275,1.640355706,-1.494995713,1
292,291,1.662917972,-1.220775485,1
292,307,1.783017635,-0.677317977,1
292,323,2.090930223,0.08403655887,1
292,339,1.858614564,0.04077485204,1
292,355,1.867506862,-0.5930342674,1
292,371,2.00675106,-0.4621143937,1
292,387,2.529680729,-0.2799547911,1
292,403,2.561243057,-0.4255967736,1
308,19,0.854528904,1.589256287,1
308,35,1.375578523,1.690646291,1
308,51,2.672446966,2.331995487,1
308,67,2.986717224,2.478003979,1
308,83,1.541249633,1.894194722,1
308,99,1.299785256,1.372404814,1
308,115,1.266063094,0.8473277092,1
308,131,1.395722508,0.8391651511,1
308,147,1.489302397,0.8113904595,1
308,163,1.519137144,0.6378287673,1
308,179,1.68598175,0.7413144112,1
308,195,2.119842052,0.2110825777,1
308,211,2.769347191,-1.134119272,1
308,227,2.184644699,-0.9971376657,1
308,243,1.585170031,-1.273815274,1
308,259,1.556914091,-1.249791026,1
308,275,1.774999619,-1.262637138,1
308,291,1.610209584,-0.830653429,1
308,307,1.727909207,-0.1454606056,1
308,323,1.644665718,-0.335449636,1
308,339,1.359037638,0.09242856503,1
308,355,1.661355376,-0.1774946451,1
308,371,2.660295486,-0.4332744777,1
308,387,3.02103734,-0.4152995646,1
308,403,2.669779301,-0.1044255197,1
324,19,0.619568944,1.722770333,1
324,35,0.8526239395,1.879336715,1
324,51,1.414550662,1.7717098,1
324,67,1.503863692,1.682477117,1
324,83,1.438309193,1.805509686,1
324,99,1.361340404,1.566404343,1
324,115,1.25603497,1.088817954,1
324,131,1.574943304,0.5088662505,1
324,147,1.557580352,0.6437707543,1
324,163,1.412989259,0.8192586899,1
324,179,1.178445697,0.4143644571,1
324,195,1.271767735,-0.2365288734,1
324,211,1.859533429,-0.4876421392,1
324,227,2.035865307,-0.9513594508,1
324,243,1.847895265,-1.043382645,1
324,259,1.391873837,-0.9175815582,1
324,275,1.675000548,-0.9176682234,1
324,291,1.546445489,-0.8695430756,1
324,307,1.877326846,-0.8551539183,1
324,323,2.192299128,-0.5951583385,1
324,339,1.061969042,-0.230323419,1
324,355,1.52479887,-0.470359385,1
324,371,2.242806673,-0.9293975234,1
324,387,1.799429893,-0.1788578033,1
324,403,3.179783583,0.168787837,1
340,19,0.7754758596,1.75355792,1
340,35,0.6781190634,2.32902503,1
340,51,0.869320631,1.579606652,1
340,67,1.443616271,1.428431511,1
340,83,1.315833449,1.328348994,1
340,99,1.242974043,0.9916058779,1
340,115,1.507281899,0.6684185863,1
340,131,1.664014578,0.5553063154,1
340,147,1.422694445,0.5395025015,1
340,163,1.123975873,0.4815335572,1
340,179,0.9310302734,0.2929878533,1
340,195,1.243290305,-0.2852887511,1
340,211,1.804545283,-0.7676482797,1
340,227,2.27203846,-0.9291507006,1
340,243,1.799346685,-0.9704550505,1
340,259,1.9187572,-0.8765932918,1
340,275,2.001153946,-0.795699954,1
340,291,1.878050685,-0.8907294869,1
340,307,1.588608146,-0.8719900846,1
340,323,1.444651246,0.08485540748,1
340,339,1.351025224,0.344384402,1
340,355,1.466541052,-0.2964626551,1
340,371,2.04254818,-0.8934088349,1
340,387,1.847187042,-0.2733221352,1
340,403,2.901822805,0.2922388315,1
356,19,0.6071777344,1.738756537,1
356,35,0.743986845,2.287386417,1
356,51,1.166719913,2.33032155,1
356,67,NaN,NaN,2
356,83,NaN,NaN,2
356,99,1.352405071,1.309560061,1
356,115,1.469072223,0.9505897164,1
356,131,1.487230182,0.8644414544,1
356,147,1.453289032,0.5365166068,1
356,163,1.34980166,0.1403158903,1
356,179,1.36207068,-0.1346539706,1
356,195,1.189999938,-0.4073783755,1
356,211,1.360532761,-0.8422385454,1
356,227,1.867638826,-1.825868964,1
356,243,1.588903785,-1.673682809,1
356,259,1.667675138,-1.061388373,1
356,275,1.861269474,-1.131756306,1
356,291,2.08465147,-0.9536905289,1
356,307,1.900623083,-0.8793775439,1
356,323,1.780191779,-0.644397676,1
356,339,1.766539812,-0.1403241158,1
356,355,2.0142169,-0.6231904626,1
356,371,2.299577236,-0.6464817524,1
356,387,1.845330715,-0.09582686424,1
356,403,2.090001345,0.2745483816,1
372,19,0.7101535797,1.907215238,1
372,35,1.023245931,2.033693075,1
372,51,1.458952904,1.992367744,1
372,67,1.129837275,1.818902254,1
372,83,NaN,NaN,2
372,99,1.725396276,1.464037657,1
372,115,1.661465406,1.367966771,1
372,131,1.252791286,1.187003374,1
372,147,1.33760047,0.5561068654,1
372,163,1.517869353,0.3199174702,1
372,179,1.976825237,0.0580663532,1
372,195,1.318844795,-0.9310737848,1
372,211,1.239484787,-1.070059896,1
372,227,1.217213988,-2.003052235,1
372,243,1.565476418,-1.350418925,1
372,259,1.608102322,-1.283338785,1
372,275,1.759845972,-1.344277859,1
372,291,2.039488792,-1.205013871,1
372,307,1.833836675,-0.9222224951,1
372,323,1.455254674,-0.7373675108,1
372,339,1.654467106,-0.8055065274,1
372,355,2.012893677,-1.065942764,1
372,371,2.141762733,-0.6046619415,1
372,387,1.859815359,-0.1644583046,1
372,403,1.846572638,0.4678748846,1
388,19,0.981361866,1.98377049,1
388,35,0.9191361666,2.085841656,1
388,51,1.127484083,2.037378788,1
388,67,NaN,NaN,2
388,83,NaN,NaN,2
388,99,1.714212298,1.240338206,1
388,115,1.639293909,1.288042068,1
388,131,1.264126062,1.137882352,1
388,147,0.978392005,0.5839556456,1
388,163,1.061999559,0.3932418525,1
388,179,1.039848566,0.5676424503,1
388,195,1.253406048,0.02689421922,1
388,211,1.72283709,-1.088917017,1
388,227,1.752866387,-1.472706318,1
388,243,1.520115018,-1.374504089,1
388,259,1.39368093,-1.509081125,1
388,275,1.714284301,-1.321072221,1
388,291,2.00204277,-1.110177636,1
388,307,2.049732208,-0.8097923398,1
388,323,1.433835149,-0.7656803131,1
388,339,1.412885427,-1.013260841,1
388,355,1.69083631,-0.9422920942,1
388,371,2.004843712,-0.6415970325,1
388,387,1.965956807,0.03080055118,1
388,403,2.199915409,0.8985283375,1
404,19,0.9431657791,2.015957117,1
404,35,0.8858197927,1.78319478,1
404,51,1.077826023,2.149020672,1
404,67,NaN,NaN,2
404,83,NaN,NaN,2
404,99,1.516071796,1.293819189,1
404,115,1.585728526,0.8449633121,1
404,131,1.207769275,0.7727583051,1
404,147,0.73864007,0.8036646247,1
404,163,0.9647596478,0.513179183,1
404,179,1.260702372,0.4811528325,1
404,195,1.533677459,-0.1840412617,1
404,211,2.281550646,-0.5694546103,1
404,227,2.200583458,-0.9978798628,1
404,243,1.174740911,-1.609199166,1
404,259,1.112468362,-1.456502676,1
404,275,1.47165215,-1.156258821,1
404,291,1.756098032,-0.7140725851,1
404,307,1.876199722,-0.8356359005,1
404,323,1.663933516,-0.8126199841,1
404,339,1.308127642,-0.5803859234,1
404,355,1.302584291,-0.3856578767,1
404,371,1.359837413,-0.174202323,1
404,387,1.536689997,0.2950754166,1
404,403,2.273220539,1.153980732,1
420,19,0.8582713604,2.153903961,1
420,35,NaN,NaN,2
420,51,NaN,NaN,2
420,67,NaN,NaN,2
420,83,1.019535542,2.28879571,1
420,99,1.305917859,1.505653262,1
420,115,1.341990948,0.9379477501,1
420,131,1.068301201,0.9441475868,1
420,147,0.6945017576,0.746714592,1
420,163,0.792054832,0.4752936959,1
420,179,1.231716394,0.5460447073,1
420,195,1.591807485,-0.7941756248,1
420,211,1.876753211,-0.8902961612,1
420,227,1.610190153,-1.571294785,1
420,243,1.402511358,-1.570674181,1
420,259,1.398984551,-1.223733783,1
420,275,1.428177238,-1.049013972,1
420,291,1.50816226,-0.7609477043,1
420,307,1.610224247,-0.8829011321,1
420,323,1.379974723,-0.5806087255,1
420,339,1.228386164,-0.2520006299,1
420,355,1.315899849,0.1118216515,1
420,371,1.132231236,1.037988305,1
420,387,1.583080888,0.661234498,1
420,403,2.186984062,0.5888027549,1
436,19,0.6053410172,2.438229084,1
436,35,0.8953208923,1.642718315,1
436,51,NaN,NaN,2
436,67,NaN,NaN,2
436,83,NaN,NaN,2
436,99,NaN,NaN,2
436,115,1.405566096,1.796271801,1
436,131,1.290169239,1.31783545,1
436,147,0.9832441211,0.6379073858,1
436,163,0.796625495,0.2863287926,1
436,179,1.466626644,0.611615777,1
436,195,1.876162529,-0.2869094908,1
436,211,1.303712845,-0.8178915977,1
436,227,1.177368879,-1.618751764,1
436,243,1.544926882,-1.468107224,1
436,259,1.484455705,-1.145912409,1
436,275,1.533107281,-1.2609514,1
436,291,1.384296179,-1.138384342,1
436,307,1.6276021,-1.113713026,1
436,323,1.636509657,-0.714051187,1
436,339,1.600266814,-0.1918356419,1
436,355,1.586370349,0.1221668944,1
436,371,1.303358436,0.8710408211,1
436,387,1.420240045,0.7441410422,1
436,403,1.93477416,-0.1949081421,1
452,19,0.9987409115,2.858996868,1
452,35,1.021671414,1.771514416,1
452,51,NaN,NaN,2
452,67,NaN,NaN,2
452,83,NaN,NaN,2
452,99,0.9737035036,1.670234442,1
452,115,1.19857502,1.675845861,1
452,131,1.643106699,1.126218081,1
452,147,1.46291995,1.384724855,1
452,163,1.083439112,1.009248257,1
452,179,1.691318154,0.6376914978,1
452,195,2.262046337,-0.1052778661,1
452,211,0.7296309471,-0.7244976759,1
452,227,0.7453689575,-1.560287476,1
452,243,1.668608904,-1.272959948,1
452,259,1.456030369,-1.035789728,1
452,275,1.071142673,-1.246681929,1
452,291,1.378696203,-1.019678354,1
452,307,1.735441208,-1.041302443,1
452,323,1.802372932,-0.8190886378,1
452,339,1.577353001,-0.4106540084,1
452,355,1.302105904,0.03048272431,1
452,371,1.469349146,0.5578298569,1
452,387,2.010599136,0.3174882531,1
452,403,1.80271101,-0.4858191311,1
468,19,1.551754832,2.612175941,1
468,35,1.205052376,2.716961861,1
468,51,1.143578172,2.899456978,1
468,67,1.535288215,2.15071249,1
468,83,NaN,NaN,2
468,99,1.069551468,1.461336851,1
468,115,0.6960178018,1.590759993,1
468,131,0.4552640915,2.028335333,1
468,147,0.9550825357,1.506554246,1
468,163,0.9182436466,1.044951439,1
468,179,1.338545442,0.3885075152,1
468,195,1.077905893,-0.6988525391,1
468,211,0.4401015043,-1.733359575,1
468,227,0.7652489543,-1.534522772,1
468,243,1.683976531,-1.278249264,1
468,259,1.423222065,-1.200725436,1
468,275,0.5694957972,-0.9775297642,1
468,291,1.179813385,-0.5517703295,1
468,307,1.443432808,-0.6725740433,1
468,323,0.9916092157,-0.3229650259,1
468,339,0.950720787,-0.3605538607,1
468,355,0.8688344955,-0.1593032479,1
468,371,0.7852011323,0.6709238291,1
468,387,1.022404075,0.6813230515,1
468,403,1.246189237,0.4424532056,1
484,19,1.456185818,2.519299984,1
484,35,1.447535634,2.796648979,1
484,51,1.13482523,2.208175421,1
484,67,0.8443361521,1.596055627,1
484,83,1.000740528,1.513870597,1
484,99,1.199225426,1.249513388,1
484,115,0.9558078051,1.304323912,1
484,131,0.8310109377,1.266790509,1
484,147,1.126190186,0.9351059198,1
484,163,1.012587667,0.1655315161,1
484,179,0.756794095,-0.07718321681,1
484,195,0.4853092432,0.2324632108,1
484,211,2.756746292,1.631310463,1
484,227,0.7058463693,-0.9943603277,1
484,243,0.5570451617,-1.257239461,1
484,259,0.4519994259,-1.413915753,1
484,275,0.1758694649,-1.09101367,1
484,291,0.4614015818,-0.6637339592,1
484,307,0.4455144405,-0.1320070624,1
484,323,0.1564104557,-0.1949281096,1
484,339,0.2778885961,-0.09386384487,1
484,355,0.4849636555,0.1318729073,1
484,371,1.023226738,1.126565218,1
484,387,0.9103621244,1.038595319,1
484,403,NaN,NaN,2
500,19,1.105750322,2.723208189,1
500,35,1.316005588,2.672482252,1
500,51,1.025112748,1.664117098,1
500,67,0.009498357773,1.078363061,1
500,83,0.2395908833,1.496157885,1
500,99,0.8925641179,0.91048944,1
500,115,1.202769041,0.5305792689,1
500,131,1.427998543,0.4685174227,1
500,147,1.428241491,0.5491326451,1
500,163,1.125982285,0.2318957746,1
500,179,1.015286088,0.0996569097,1
500,195,0.4600311518,0.7426615953,1
500,211,NaN,NaN,2
500,227,0.4868978858,-1.043705225,1
500,243,-0.7187610865,-1.08687222,1
500,259,-0.3031080663,-1.495141149,1
500,275,-0.3045792878,-1.473144293,1
500,291,0.06930738688,-0.8748316169,1
500,307,0.1825873256,-0.2149356604,1
500,323,0.3785443306,-0.5436322689,1
500,339,0.3867081702,-0.2929856181,1
500,355,-0.6089959145,-0.1845194101,1
500,371,0.3231422901,1.42019403,1
500,387,0.7338290215,0.5778083801,1
500,403,1.310592055,0.6116211414,1
516,19,1.298118711,2.59986949,1
516,35,1.493429065,2.687072515,1
516,51,1.664880633,2.00262785,1
516,67,1.217838526,1.569679379,1
516,83,0.2719777822,1.84876883,1
516,99,0.7464957237,1.129609346,1
516,115,1.351015568,0.8483518362,1
516,131,1.332878828,0.2071635723,1
516,147,1.189171553,0.2770866454,1
516,163,1.564498782,0.2717546523,1
516,179,2.173133612,0.1774605215,1
516,195,2.249985218,-0.08989363909,1
516,211,NaN,NaN,2
516,227,0.03601616621,-1.338846445,1
516,243,-0.3160414398,-1.447394729,1
516,259,-0.05032724142,-1.466899633,1
516,275,-0.06025102735,-1.4278965,1
516,291,0.4897013605,-0.6987214684,1
516,307,0.1548888683,-0.2981570363,1
516,323,0.300095886,-0.5760717392,1
516,339,0.4167080522,-0.6645041108,1
516,355,-0.2984131575,-0.6316673756,1
516,371,0.7161419392,-0.8432287574,1
516,387,0.8998846412,-0.2869127989,1
516,403,1.247908235,0.1360872984,1
532,19,1.475960612,2.805894375,1
532,35,1.066461444,2.925509691,1
532,51,NaN,NaN,2
532,67,NaN,NaN,2
532,83,NaN,NaN,2
532,99,0.9368574619,1.203663588,1
532,115,1.221664667,0.820168674,1
532,131,1.144102216,0.4986960292,1
532,147,1.132051945,0.04592120647,1
532,163,NaN,NaN,2
532,179,2.107831001,-0.1920597553,1
532,195,1.075549603,-0.6548374295,1
532,211,0.7840493321,-0.8227317929,1
532,227,0.3245053291,-1.789699554,1
532,243,-0.1763181686,-2.066083908,1
532,259,0.1554200649,-1.444825411,1
532,275,0.1263602078,-1.246102333,1
532,291,0.6251206994,-0.4973607659,1
532,307,0.6305188537,-0.4772146344,1
532,323,0.2732542753,-0.8324029446,1
532,339,0.07359433174,-0.8161386847,1
532,355,0.02518039942,-0.4934239984,1
532,371,0.5676733851,-0.2086672187,1
532,387,0.6897640228,-0.740314126,1
532,403,0.9176419973,-0.5823665857,1
548,19,0.8378386497,2.832087278,1
548,35,1.028326273,2.622146845,1
548,51,1.028416276,1.940582991,1
548,67,0.3757477999,1.638572454,1
548,83,NaN,NaN,2
548,99,0.5942937136,1.285935879,1
548,115,0.7222309709,0.7226494551,1
548,131,0.4002534151,0.6344230175,1
548,147,1.219062686,1.186415553,1
548,163,NaN,NaN,2
548,179,0.2287691832,-1.017297864,1
548,195,-0.5738902092,-1.09510994,1
548,211,0.1087566018,-0.4855448008,1
548,227,0.9806081057,-0.6442359686,1
548,243,1.015897989,-1.701082349,1
548,259,0.9902812243,-1.51314044,1
548,275,1.105819345,-1.315749645,1
548,291,1.45132184,-0.4611617327,1
548,307,1.321722031,-0.9335303307,1
548,323,NaN,NaN,2
548,339,0.01465427876,-0.855658412,1
548,355,-0.09098875523,-0.421592772,1
548,371,0.2169487476,-0.3037671447,1
548,387,0.2497743368,-1.50075686,1
548,403,0.9294096231,-1.402933598,1
