PIVlab, ASCII chart output - 23-Oct-2024
FRAME: 1, filenames: A:[1]AVI_Pos00d_TimeSrs0002_TgUtrmcherry_K4K8MO.avi & B:[2]AVI_Pos00d_TimeSrs0002_TgUtrmcherry_K4K8MO.avi, conversion factor xy (px -> m): 1, conversion factor uv (px/frame -> m/s): 1
x [px],y [px],u [px/frame],v [px/frame],Vector type [-]
47,33,NaN,NaN,2
47,65,NaN,NaN,2
47,97,1.960285425,33.47337723,1
47,129,1.696967483,32.04661179,1
47,161,5.821332932,28.98391724,1
47,193,NaN,NaN,2
47,225,NaN,NaN,2
47,257,NaN,NaN,2
47,289,12.74607468,30.41461563,1
47,321,11.5809803,32.26979446,1
47,353,13.55404282,38.41488266,1
47,385,14.5099144,35.52924347,1
47,417,15.542099,35.79436874,1
47,449,NaN,NaN,2
47,481,NaN,NaN,2
47,513,NaN,NaN,2
47,545,NaN,NaN,2
47,577,NaN,NaN,2
47,609,33.34797668,31.14707947,1
47,641,NaN,NaN,2
47,673,NaN,NaN,2
47,705,13.66139412,33.63408661,1
47,737,NaN,NaN,2
47,769,10.22029686,21.97541046,1
47,801,NaN,NaN,2
47,833,NaN,NaN,2
47,865,NaN,NaN,2
47,897,NaN,NaN,2
47,929,33.68959045,32.2798233,1
47,961,35.01444626,34.370121,1
47,993,NaN,NaN,2
47,1025,NaN,NaN,2
47,1057,39.43542862,27.96439743,1
47,1089,NaN,NaN,2
47,1121,41.92629623,27.54860306,1
47,1153,43.11158752,26.45328712,1
47,1185,43.68453979,21.84358025,1
47,1217,NaN,NaN,2
47,1249,45.00113678,18.68489647,1
47,1281,47.29333878,19.78743744,1
47,1313,NaN,NaN,2
47,1345,NaN,NaN,2
47,1377,NaN,NaN,2
47,1409,NaN,NaN,2
47,1441,NaN,NaN,2
47,1473,NaN,NaN,2
47,1505,51.64210892,-3.465352058,1
47,1537,51.63155746,-0.502563715,1
47,1569,53.1783371,-8.380447388,1
47,1601,52.52909088,-5.424854279,1
47,1633,54.1098175,-11.61994362,1
47,1665,51.78419876,-9.852069855,1
47,1697,NaN,NaN,2
47,1729,NaN,NaN,2
47,1761,NaN,NaN,2
47,1793,NaN,NaN,2
47,1825,NaN,NaN,2
47,1857,NaN,NaN,2
47,1889,NaN,NaN,2
47,1921,NaN,NaN,2
47,1953,NaN,NaN,2
47,1985,-3.505784512,-2.812752008,1
47,2017,0.7870602608,-1.076195717,1
79,33,NaN,NaN,2
79,65,NaN,NaN,2
79,97,NaN,NaN,2
79,129,NaN,NaN,2
79,161,2.915001392,34.29140091,1
79,193,4.560531616,31.75335884,1
79,225,5.267789841,33.14157104,1
79,257,5.988622665,33.11323166,1
79,289,7.498264313,32.53607178,1
79,321,NaN,NaN,2
79,353,NaN,NaN,2
79,385,13.14124966,36.75503922,1
79,417,14.63262081,36.68775177,1
79,449,NaN,NaN,2
79,481,15.33825874,37.87238312,1
79,513,15.19512558,36.77421188,1
79,545,17.15587234,37.8574028,1
79,577,17.9777317,38.06526947,1
79,609,NaN,NaN,2
79,641,NaN,NaN,2
79,673,NaN,NaN,2
79,705,NaN,NaN,2
79,737,26.35358429,32.74630737,1
79,769,26.57069588,31.16775322,1
79,801,NaN,NaN,2
79,833,27.41459656,30.25343704,1
79,865,30.9246788,36.51265335,1
79,897,NaN,NaN,2
79,929,NaN,NaN,2
79,961,NaN,NaN,2
79,993,NaN,NaN,2
79,1025,39.22727966,32.97901535,1
79,1057,42.82284927,30.66830826,1
79,1089,44.44883347,27.52532196,1
79,1121,41.95156097,27.38054276,1
79,1153,NaN,NaN,2
79,1185,NaN,NaN,2
79,1217,46.11991882,21.25314331,1
79,1249,48.25060272,21.71267128,1
79,1281,52.43899155,18.5777874,1
79,1313,53.09740829,16.0187149,1
79,1345,NaN,NaN,2
79,1377,NaN,NaN,2
79,1409,NaN,NaN,2
79,1441,52.29698181,1.572465897,1
79,1473,NaN,NaN,2
79,1505,NaN,NaN,2
79,1537,NaN,NaN,2
79,1569,54.21333694,-10.07554436,1
79,1601,54.29022217,-11.86997795,1
79,1633,NaN,NaN,2
79,1665,NaN,NaN,2
79,1697,NaN,NaN,2
79,1729,NaN,NaN,2
79,1761,NaN,NaN,2
79,1793,NaN,NaN,2
79,1825,NaN,NaN,2
79,1857,NaN,NaN,2
79,1889,NaN,NaN,2
79,1921,NaN,NaN,2
79,1953,NaN,NaN,2
79,1985,0.3271496296,-2.448314667,1
79,2017,NaN,NaN,2
111,33,NaN,NaN,2
111,65,NaN,NaN,2
111,97,NaN,NaN,2
111,129,NaN,NaN,2
111,161,2.61052537,31.4662056,1
111,193,3.715248823,30.39573479,1
111,225,3.224423885,33.0422554,1
111,257,2.863165855,34.29794312,1
111,289,5.355035782,33.59788513,1
111,321,8.087740898,41.36716843,1
111,353,9.737247467,42.1770134,1
111,385,NaN,NaN,2
111,417,NaN,NaN,2
111,449,NaN,NaN,2
111,481,NaN,NaN,2
111,513,14.36781883,38.2298851,1
111,545,18.01973724,37.9131546,1
111,577,19.63403893,38.96276474,1
111,609,20.13008118,40.24489212,1
111,641,22.31432533,41.03416824,1
111,673,24.18099022,41.47182846,1
111,705,NaN,NaN,2
111,737,27.09373093,35.13553619,1
111,769,25.38582039,31.56893158,1
111,801,24.64672279,29.35150909,1
111,833,27.03437042,33.84976196,1
111,865,30.64108276,36.38454056,1
111,897,NaN,NaN,2
111,929,NaN,NaN,2
111,961,NaN,NaN,2
111,993,40.77526474,35.05714417,1
111,1025,41.13741302,32.67258453,1
111,1057,42.95149612,31.38805008,1
111,1089,44.83084869,28.6403389,1
111,1121,46.62895203,26.72763634,1
111,1153,47.68072128,27.3855381,1
111,1185,49.9844017,24.91900063,1
111,1217,47.83983994,22.77472878,1
111,1249,NaN,NaN,2
111,1281,NaN,NaN,2
111,1313,NaN,NaN,2
111,1345,NaN,NaN,2
111,1377,55.85014343,6.31848526,1
111,1409,NaN,NaN,2
111,1441,53.31728363,2.488310814,1
111,1473,NaN,NaN,2
111,1505,NaN,NaN,2
111,1537,NaN,NaN,2
111,1569,NaN,NaN,2
111,1601,NaN,NaN,2
111,1633,NaN,NaN,2
111,1665,NaN,NaN,2
111,1697,NaN,NaN,2
111,1729,NaN,NaN,2
111,1761,NaN,NaN,2
111,1793,NaN,NaN,2
111,1825,NaN,NaN,2
111,1857,NaN,NaN,2
111,1889,NaN,NaN,2
111,1921,20.88092422,-8.346380234,1
111,1953,NaN,NaN,2
111,1985,0.8455815315,-0.005731776357,1
111,2017,-0.2942341566,-0.1657649577,1
143,33,1.094225287,2.819087982,1
143,65,NaN,NaN,2
143,97,NaN,NaN,2
143,129,NaN,NaN,2
143,161,NaN,NaN,2
143,193,NaN,NaN,2
143,225,3.471751213,29.82874107,1
143,257,NaN,NaN,2
143,289,4.665252686,36.07926178,1
143,321,NaN,NaN,2
143,353,NaN,NaN,2
143,385,NaN,NaN,2
143,417,8.361896515,38.34923935,1
143,449,11.21688366,38.09341431,1
143,481,12.95591545,37.49902725,1
143,513,14.50040436,38.54669189,1
143,545,16.48903084,38.15734482,1
143,577,18.31498718,38.35653305,1
143,609,19.85156059,39.26167297,1
143,641,NaN,NaN,2
143,673,23.29349899,39.18110657,1
143,705,NaN,NaN,2
143,737,24.43177223,37.41756439,1
143,769,26.5222702,31.93130302,1
143,801,26.57204819,31.48106003,1
143,833,29.13181496,35.06322861,1
143,865,32.47071075,36.85639572,1
143,897,NaN,NaN,2
143,929,NaN,NaN,2
143,961,NaN,NaN,2
143,993,43.72533798,36.32327652,1
143,1025,43.04628372,33.15804291,1
143,1057,43.22790909,31.75969696,1
143,1089,45.04420471,28.9243145,1
143,1121,46.11572647,27.13505745,1
143,1153,44.42086029,25.47234344,1
143,1185,50.02169418,24.07848167,1
143,1217,NaN,NaN,2
143,1249,NaN,NaN,2
143,1281,58.30021667,26.02012444,1
143,1313,NaN,NaN,2
143,1345,NaN,NaN,2
143,1377,59.81233978,4.278799057,1
143,1409,59.19562531,3.650110245,1
143,1441,NaN,NaN,2
143,1473,NaN,NaN,2
143,1505,NaN,NaN,2
143,1537,NaN,NaN,2
143,1569,NaN,NaN,2
143,1601,NaN,NaN,2
143,1633,NaN,NaN,2
143,1665,NaN,NaN,2
143,1697,NaN,NaN,2
143,1729,NaN,NaN,2
143,1761,NaN,NaN,2
143,1793,NaN,NaN,2
143,1825,NaN,NaN,2
143,1857,NaN,NaN,2
143,1889,NaN,NaN,2
143,1921,NaN,NaN,2
143,1953,NaN,NaN,2
143,1985,-0.9043649435,0.04432360083,1
143,2017,-0.8940176964,-0.2941396832,1
175,33,0.1915006638,0.9014863968,1
175,65,-0.4385236204,6.86321497,1
175,97,NaN,NaN,2
175,129,0.6397014856,24.19142342,1
175,161,NaN,NaN,2
175,193,1.915335536,33.61531067,1
175,225,NaN,NaN,2
175,257,NaN,NaN,2
175,289,5.331016064,35.30754089,1
175,321,5.509932995,35.17610168,1
175,353,7.769967556,35.02244186,1
175,385,NaN,NaN,2
175,417,NaN,NaN,2
175,449,NaN,NaN,2
175,481,12.77710342,37.26398468,1
175,513,13.68717098,37.94404984,1
175,545,12.64199257,39.69598007,1
175,577,14.27665329,38.56991959,1
175,609,NaN,NaN,2
175,641,21.76245499,38.14707947,1
175,673,22.7477417,39.34846497,1
175,705,23.85701752,39.47956848,1
175,737,25.29920387,38.21931839,1
175,769,NaN,NaN,2
175,801,NaN,NaN,2
175,833,NaN,NaN,2
175,865,33.99050522,36.75402451,1
175,897,34.67641449,33.67041779,1
175,929,NaN,NaN,2
175,961,43.1763916,33.74059296,1
175,993,43.45133209,36.96947479,1
175,1025,NaN,NaN,2
175,1057,43.73545456,32.16074371,1
175,1089,45.14974213,29.65424156,1
175,1121,NaN,NaN,2
175,1153,NaN,NaN,2
175,1185,NaN,NaN,2
175,1217,NaN,NaN,2
175,1249,NaN,NaN,2
175,1281,NaN,NaN,2
175,1313,NaN,NaN,2
175,1345,58.16890335,9.51211071,1
175,1377,NaN,NaN,2
175,1409,NaN,NaN,2
175,1441,NaN,NaN,2
175,1473,NaN,NaN,2
175,1505,NaN,NaN,2
175,1537,NaN,NaN,2
175,1569,NaN,NaN,2
175,1601,NaN,NaN,2
175,1633,NaN,NaN,2
175,1665,NaN,NaN,2
175,1697,26.54398346,10.49300575,1
175,1729,24.62565422,11.42866325,1
175,1761,NaN,NaN,2
175,1793,NaN,NaN,2
175,1825,NaN,NaN,2
175,1857,0.6796627045,3.412195444,1
175,1889,NaN,NaN,2
175,1921,NaN,NaN,2
175,1953,NaN,NaN,2
175,1985,-3.234372139,-0.100639157,1
175,2017,-0.6791033745,-0.5442999005,1
207,33,-0.8393021226,-0.2590060234,1
207,65,-0.0346147567,5.649631977,1
207,97,NaN,NaN,2
207,129,NaN,NaN,2
207,161,NaN,NaN,2
207,193,3.51463747,36.38048172,1
207,225,1.903244495,31.93237877,1
207,257,2.452544689,33.65763474,1
207,289,NaN,NaN,2
207,321,NaN,NaN,2
207,353,NaN,NaN,2
207,385,NaN,NaN,2
207,417,7.211167336,35.42687988,1
207,449,10.03401089,35.36792374,1
207,481,11.97853756,37.49501038,1
207,513,13.09533691,38.2773056,1
207,545,12.79785061,38.50310135,1
207,577,11.64202881,38.74534225,1
207,609,NaN,NaN,2
207,641,NaN,NaN,2
207,673,22.30954742,39.29927826,1
207,705,23.83775711,39.63518524,1
207,737,25.60259438,39.22875977,1
207,769,27.03476906,40.2529068,1
207,801,29.49965858,36.93488312,1
207,833,33.09594345,39.44130325,1
207,865,34.02795792,35.97724915,1
207,897,35.23588943,34.66713333,1
207,929,36.95116425,34.58517838,1
207,961,NaN,NaN,2
207,993,40.56849289,35.20077133,1
207,1025,42.91532135,35.69723511,1
207,1057,NaN,NaN,2
207,1089,NaN,NaN,2
207,1121,NaN,NaN,2
207,1153,49.54213333,27.17201042,1
207,1185,NaN,NaN,2
207,1217,NaN,NaN,2
207,1249,58.34825897,22.22597504,1
207,1281,59.7097435,12.10486412,1
207,1313,57.53328323,10.3785429,1
207,1345,58.65280914,13.47540951,1
207,1377,60.61572266,12.20920372,1
207,1409,NaN,NaN,2
207,1441,NaN,NaN,2
207,1473,NaN,NaN,2
207,1505,NaN,NaN,2
207,1537,NaN,NaN,2
207,1569,NaN,NaN,2
207,1601,NaN,NaN,2
207,1633,NaN,NaN,2
207,1665,NaN,NaN,2
207,1697,NaN,NaN,2
207,1729,28.55380249,17.65003777,1
207,1761,NaN,NaN,2
207,1793,NaN,NaN,2
207,1825,NaN,NaN,2
207,1857,NaN,NaN,2
207,1889,NaN,NaN,2
207,1921,NaN,NaN,2
207,1953,NaN,NaN,2
207,1985,-2.210172892,-0.1131935716,1
207,2017,-2.006062984,-0.7599077225,1
239,33,NaN,NaN,2
239,65,NaN,NaN,2
239,97,NaN,NaN,2
239,129,NaN,NaN,2
239,161,NaN,NaN,2
239,193,3.19960022,36.51988602,1
239,225,NaN,NaN,2
239,257,NaN,NaN,2
239,289,2.14297533,35.69875336,1
239,321,1.015947342,33.2117691,1
239,353,1.61380291,35.13722229,1
239,385,5.133076191,36.90950775,1
239,417,5.150895119,36.87069702,1
239,449,6.633424759,37.56167603,1
239,481,10.13745213,37.85963058,1
239,513,12.81755257,39.88639832,1
239,545,14.45633984,39.24386978,1
239,577,NaN,NaN,2
239,609,NaN,NaN,2
239,641,NaN,NaN,2
239,673,21.10415649,38.31514359,1
239,705,22.79931259,39.06987381,1
239,737,NaN,NaN,2
239,769,27.20464134,40.88385773,1
239,801,NaN,NaN,2
239,833,NaN,NaN,2
239,865,35.91728592,36.91670609,1
239,897,37.71499634,37.32274628,1
239,929,NaN,NaN,2
239,961,NaN,NaN,2
239,993,40.69132614,35.7722435,1
239,1025,42.69208145,35.38999939,1
239,1057,NaN,NaN,2
239,1089,NaN,NaN,2
239,1121,NaN,NaN,2
239,1153,52.74213028,26.98397064,1
239,1185,NaN,NaN,2
239,1217,57.57009125,26.26809883,1
239,1249,59.1133728,22.83216095,1
239,1281,NaN,NaN,2
239,1313,NaN,NaN,2
239,1345,NaN,NaN,2
239,1377,NaN,NaN,2
239,1409,NaN,NaN,2
239,1441,NaN,NaN,2
239,1473,NaN,NaN,2
239,1505,NaN,NaN,2
239,1537,NaN,NaN,2
239,1569,NaN,NaN,2
239,1601,NaN,NaN,2
239,1633,NaN,NaN,2
239,1665,NaN,NaN,2
239,1697,NaN,NaN,2
239,1729,NaN,NaN,2
239,1761,NaN,NaN,2
239,1793,13.19477463,1.815864086,1
239,1825,8.885489464,4.518361568,1
239,1857,NaN,NaN,2
239,1889,NaN,NaN,2
239,1921,NaN,NaN,2
239,1953,NaN,NaN,2
239,1985,0.2850155532,0.2246406078,1
239,2017,-1.493358612,-0.592607975,1
271,33,NaN,NaN,2
271,65,2.433392286,13.02851677,1
271,97,NaN,NaN,2
271,129,0.3652291298,34.66691208,1
271,161,0.6976126432,36.69295502,1
271,193,NaN,NaN,2
271,225,NaN,NaN,2
271,257,NaN,NaN,2
271,289,3.129210472,39.846035,1
271,321,3.128335476,37.31733322,1
271,353,2.117703915,37.46108246,1
271,385,3.892489433,38.15156555,1
271,417,5.937615395,36.81245804,1
271,449,7.459388256,37.75167847,1
271,481,NaN,NaN,2
271,513,NaN,NaN,2
271,545,11.92269993,38.92329407,1
271,577,16.19346619,44.3910408,1
271,609,NaN,NaN,2
271,641,NaN,NaN,2
271,673,20.30825996,39.32309723,1
271,705,21.70000076,40.55727768,1
271,737,NaN,NaN,2
271,769,27.04828262,38.95249557,1
271,801,29.68622971,37.02434921,1
271,833,34.87915039,36.68431854,1
271,865,34.03459167,39.11006546,1
271,897,NaN,NaN,2
271,929,37.61271667,38.81254578,1
271,961,NaN,NaN,2
271,993,43.98983765,35.41705322,1
271,1025,42.25590897,35.89484787,1
271,1057,NaN,NaN,2
271,1089,NaN,NaN,2
271,1121,NaN,NaN,2
271,1153,NaN,NaN,2
271,1185,NaN,NaN,2
271,1217,NaN,NaN,2
271,1249,NaN,NaN,2
271,1281,NaN,NaN,2
271,1313,64.25709534,14.76557922,1
271,1345,60.01118851,13.85587788,1
271,1377,60.69416046,12.87457466,1
271,1409,NaN,NaN,2
271,1441,NaN,NaN,2
271,1473,NaN,NaN,2
271,1505,NaN,NaN,2
271,1537,NaN,NaN,2
271,1569,NaN,NaN,2
271,1601,NaN,NaN,2
271,1633,NaN,NaN,2
271,1665,NaN,NaN,2
271,1697,NaN,NaN,2
271,1729,NaN,NaN,2
271,1761,16.69986343,9.832723618,1
271,1793,10.79080868,8.747290611,1
271,1825,NaN,NaN,2
271,1857,NaN,NaN,2
271,1889,NaN,NaN,2
271,1921,NaN,NaN,2
271,1953,NaN,NaN,2
271,1985,NaN,NaN,2
271,2017,-0.6921164989,-0.190728724,1
303,33,NaN,NaN,2
303,65,NaN,NaN,2
303,97,NaN,NaN,2
303,129,NaN,NaN,2
303,161,NaN,NaN,2
303,193,NaN,NaN,2
303,225,NaN,NaN,2
303,257,2.157160282,40.05731964,1
303,289,2.633985281,41.44212341,1
303,321,3.367946148,40.58927155,1
303,353,4.625582218,39.00968552,1
303,385,4.854696274,38.78615189,1
303,417,NaN,NaN,2
303,449,10.44977665,39.3459053,1
303,481,11.77580357,41.02902603,1
303,513,NaN,NaN,2
303,545,NaN,NaN,2
303,577,NaN,NaN,2
303,609,NaN,NaN,2
303,641,NaN,NaN,2
303,673,20.56157303,41.21203232,1
303,705,22.1621933,41.86712646,1
303,737,NaN,NaN,2
303,769,28.82427788,41.72490692,1
303,801,31.73776245,41.45137024,1
303,833,36.0302887,39.93449402,1
303,865,NaN,NaN,2
303,897,38.37733841,40.4557991,1
303,929,39.05503082,39.51196289,1
303,961,NaN,NaN,2
303,993,42.6236496,38.29829788,1
303,1025,45.39056396,37.07580185,1
303,1057,NaN,NaN,2
303,1089,NaN,NaN,2
303,1121,NaN,NaN,2
303,1153,NaN,NaN,2
303,1185,NaN,NaN,2
303,1217,NaN,NaN,2
303,1249,NaN,NaN,2
303,1281,NaN,NaN,2
303,1313,51.67271423,10.1887455,1
303,1345,NaN,NaN,2
303,1377,NaN,NaN,2
303,1409,NaN,NaN,2
303,1441,NaN,NaN,2
303,1473,NaN,NaN,2
303,1505,NaN,NaN,2
303,1537,NaN,NaN,2
303,1569,21.34804535,0.4824028015,1
303,1601,NaN,NaN,2
303,1633,NaN,NaN,2
303,1665,NaN,NaN,2
303,1697,NaN,NaN,2
303,1729,NaN,NaN,2
303,1761,NaN,NaN,2
303,1793,NaN,NaN,2
303,1825,NaN,NaN,2
303,1857,NaN,NaN,2
303,1889,NaN,NaN,2
303,1921,NaN,NaN,2
303,1953,NaN,NaN,2
303,1985,0.293212533,0.3653605878,1
303,2017,-2.44729495,-0.1191795766,1
335,33,NaN,NaN,2
335,65,NaN,NaN,2
335,97,NaN,NaN,2
335,129,NaN,NaN,2
335,161,NaN,NaN,2
335,193,NaN,NaN,2
335,225,NaN,NaN,2
335,257,-0.2286173105,40.44580078,1
335,289,2.385743618,40.59035492,1
335,321,3.047960281,40.74102402,1
335,353,NaN,NaN,2
335,385,4.712165833,39.32011032,1
335,417,4.676804066,41.6198082,1
335,449,7.514603615,41.13196182,1
335,481,10.79833126,42.74399185,1
335,513,NaN,NaN,2
335,545,NaN,NaN,2
335,577,NaN,NaN,2
335,609,NaN,NaN,2
335,641,NaN,NaN,2
335,673,22.94710922,43.86032104,1
335,705,23.95983124,41.7583046,1
335,737,NaN,NaN,2
335,769,NaN,NaN,2
335,801,NaN,NaN,2
335,833,36.69651031,43.67932892,1
335,865,NaN,NaN,2
335,897,38.60523224,42.04275513,1
335,929,NaN,NaN,2
335,961,40.62256241,44.89742661,1
335,993,42.53005981,41.4143219,1
335,1025,NaN,NaN,2
335,1057,NaN,NaN,2
335,1089,NaN,NaN,2
335,1121,NaN,NaN,2
335,1153,NaN,NaN,2
335,1185,NaN,NaN,2
335,1217,NaN,NaN,2
335,1249,NaN,NaN,2
335,1281,NaN,NaN,2
335,1313,NaN,NaN,2
335,1345,NaN,NaN,2
335,1377,NaN,NaN,2
335,1409,NaN,NaN,2
335,1441,NaN,NaN,2
335,1473,NaN,NaN,2
335,1505,NaN,NaN,2
335,1537,28.1381073,8.651954651,1
335,1569,NaN,NaN,2
335,1601,NaN,NaN,2
335,1633,NaN,NaN,2
335,1665,NaN,NaN,2
335,1697,NaN,NaN,2
335,1729,19.49852562,17.6348381,1
335,1761,NaN,NaN,2
335,1793,NaN,NaN,2
335,1825,NaN,NaN,2
335,1857,NaN,NaN,2
335,1889,NaN,NaN,2
335,1921,NaN,NaN,2
335,1953,NaN,NaN,2
335,1985,-0.3210338354,0.4652974904,1
335,2017,-1.226171255,-0.4610598087,1
367,33,NaN,NaN,2
367,65,NaN,NaN,2
367,97,NaN,NaN,2
367,129,NaN,NaN,2
367,161,NaN,NaN,2
367,193,NaN,NaN,2
367,225,NaN,NaN,2
367,257,-2.35629797,35.50642395,1
367,289,1.918769598,40.74471664,1
367,321,NaN,NaN,2
367,353,NaN,NaN,2
367,385,4.267742157,39.99242401,1
367,417,NaN,NaN,2
367,449,6.674729347,43.69709015,1
367,481,NaN,NaN,2
367,513,NaN,NaN,2
367,545,10.23188686,43.91288376,1
367,577,11.55669403,42.2551918,1
367,609,13.13702297,44.26821899,1
367,641,NaN,NaN,2
367,673,NaN,NaN,2
367,705,22.48369598,44.75409317,1
367,737,25.29489899,47.44223404,1
367,769,NaN,NaN,2
367,801,NaN,NaN,2
367,833,38.11515808,43.06592178,1
367,865,NaN,NaN,2
367,897,38.35347366,44.08842468,1
367,929,NaN,NaN,2
367,961,43.27676773,44.15649414,1
367,993,NaN,NaN,2
367,1025,NaN,NaN,2
367,1057,43.6587944,39.95022964,1
367,1089,NaN,NaN,2
367,1121,NaN,NaN,2
367,1153,NaN,NaN,2
367,1185,NaN,NaN,2
367,1217,66.85345459,20.50206566,1
367,1249,NaN,NaN,2
367,1281,NaN,NaN,2
367,1313,NaN,NaN,2
367,1345,58.20820236,9.660294533,1
367,1377,NaN,NaN,2
367,1409,NaN,NaN,2
367,1441,NaN,NaN,2
367,1473,26.17942429,2.087739944,1
367,1505,NaN,NaN,2
367,1537,NaN,NaN,2
367,1569,NaN,NaN,2
367,1601,NaN,NaN,2
367,1633,NaN,NaN,2
367,1665,NaN,NaN,2
367,1697,NaN,NaN,2
367,1729,NaN,NaN,2
367,1761,NaN,NaN,2
367,1793,NaN,NaN,2
367,1825,NaN,NaN,2
367,1857,NaN,NaN,2
367,1889,NaN,NaN,2
367,1921,NaN,NaN,2
367,1953,NaN,NaN,2
367,1985,0.002247735858,0.1951502115,1
367,2017,NaN,NaN,2
399,33,-0.663484931,-2.589377403,1
399,65,NaN,NaN,2
399,97,NaN,NaN,2
399,129,NaN,NaN,2
399,161,-0.5891878009,38.41822815,1
399,193,NaN,NaN,2
399,225,NaN,NaN,2
399,257,NaN,NaN,2
399,289,0.7643215656,41.51232529,1
399,321,2.034352779,42.33384705,1
399,353,NaN,NaN,2
399,385,NaN,NaN,2
399,417,2.559386253,44.78471756,1
399,449,NaN,NaN,2
399,481,NaN,NaN,2
399,513,NaN,NaN,2
399,545,10.41606998,43.54096222,1
399,577,11.99640942,44.97951889,1
399,609,13.80601692,44.58390427,1
399,641,15.67808914,45.41551971,1
399,673,17.41400337,43.99187469,1
399,705,20.47227097,47.42988205,1
399,737,23.20259094,48.83176804,1
399,769,NaN,NaN,2
399,801,NaN,NaN,2
399,833,NaN,NaN,2
399,865,NaN,NaN,2
399,897,NaN,NaN,2
399,929,NaN,NaN,2
399,961,NaN,NaN,2
399,993,NaN,NaN,2
399,1025,NaN,NaN,2
399,1057,NaN,NaN,2
399,1089,NaN,NaN,2
399,1121,NaN,NaN,2
399,1153,NaN,NaN,2
399,1185,NaN,NaN,2
399,1217,NaN,NaN,2
399,1249,NaN,NaN,2
399,1281,NaN,NaN,2
399,1313,NaN,NaN,2
399,1345,60.93984985,17.03251648,1
399,1377,NaN,NaN,2
399,1409,NaN,NaN,2
399,1441,NaN,NaN,2
399,1473,NaN,NaN,2
399,1505,NaN,NaN,2
399,1537,NaN,NaN,2
399,1569,NaN,NaN,2
399,1601,24.66891479,3.18214798,1
399,1633,NaN,NaN,2
399,1665,NaN,NaN,2
399,1697,NaN,NaN,2
399,1729,NaN,NaN,2
399,1761,1.510002136,3.994338512,1
399,1793,NaN,NaN,2
399,1825,NaN,NaN,2
399,1857,4.513715744,-6.6727705,1
399,1889,NaN,NaN,2
399,1921,-0.2788493633,0.3702809811,1
399,1953,NaN,NaN,2
399,1985,1.103646398,0.2004090846,1
399,2017,NaN,NaN,2
431,33,-0.9346513152,1.802425861,1
431,65,NaN,NaN,2
431,97,NaN,NaN,2
431,129,NaN,NaN,2
431,161,NaN,NaN,2
431,193,NaN,NaN,2
431,225,NaN,NaN,2
431,257,2.059718609,25.33970833,1
431,289,NaN,NaN,2
431,321,-0.3964817524,42.92522049,1
431,353,NaN,NaN,2
431,385,NaN,NaN,2
431,417,2.761712551,49.82663727,1
431,449,NaN,NaN,2
431,481,4.730215073,42.80745697,1
431,513,7.747813225,43.10705948,1
431,545,9.62020874,43.60890579,1
431,577,11.19293499,45.53596497,1
431,609,13.11362362,44.37691116,1
431,641,15.09911537,44.41682053,1
431,673,17.30403709,44.10695267,1
431,705,NaN,NaN,2
431,737,NaN,NaN,2
431,769,NaN,NaN,2
431,801,NaN,NaN,2
431,833,NaN,NaN,2
431,865,NaN,NaN,2
431,897,NaN,NaN,2
431,929,NaN,NaN,2
431,961,NaN,NaN,2
431,993,NaN,NaN,2
431,1025,NaN,NaN,2
431,1057,NaN,NaN,2
431,1089,NaN,NaN,2
431,1121,NaN,NaN,2
431,1153,NaN,NaN,2
431,1185,NaN,NaN,2
431,1217,61.10095596,24.75438118,1
431,1249,NaN,NaN,2
431,1281,NaN,NaN,2
431,1313,NaN,NaN,2
431,1345,NaN,NaN,2
431,1377,NaN,NaN,2
431,1409,NaN,NaN,2
431,1441,NaN,NaN,2
431,1473,NaN,NaN,2
431,1505,NaN,NaN,2
431,1537,NaN,NaN,2
431,1569,NaN,NaN,2
431,1601,NaN,NaN,2
431,1633,18.38638687,6.383203983,1
431,1665,NaN,NaN,2
431,1697,NaN,NaN,2
431,1729,14.37343121,5.566359043,1
431,1761,0.2405180931,3.293346882,1
431,1793,NaN,NaN,2
431,1825,NaN,NaN,2
431,1857,NaN,NaN,2
431,1889,NaN,NaN,2
431,1921,NaN,NaN,2
431,1953,NaN,NaN,2
431,1985,2.804844856,-0.8102552891,1
431,2017,3.930914879,-0.2561964989,1
463,33,NaN,NaN,2
463,65,NaN,NaN,2
463,97,NaN,NaN,2
463,129,-3.010975361,37.8255806,1
463,161,NaN,NaN,2
463,193,-0.5867753029,38.71319199,1
463,225,-1.625043988,41.69505692,1
463,257,NaN,NaN,2
463,289,NaN,NaN,2
463,321,1.025238872,40.88040543,1
463,353,NaN,NaN,2
463,385,NaN,NaN,2
463,417,0.597363472,48.66790771,1
463,449,NaN,NaN,2
463,481,5.771697044,42.76158524,1
463,513,4.531868458,43.62370682,1
463,545,NaN,NaN,2
463,577,NaN,NaN,2
463,609,NaN,NaN,2
463,641,14.77283001,44.96272278,1
463,673,NaN,NaN,2
463,705,19.28298187,48.54505539,1
463,737,NaN,NaN,2
463,769,NaN,NaN,2
463,801,29.73218536,54.76127243,1
463,833,31.06051254,56.91228104,1
463,865,NaN,NaN,2
463,897,NaN,NaN,2
463,929,NaN,NaN,2
463,961,NaN,NaN,2
463,993,NaN,NaN,2
463,1025,51.29042435,49.14392471,1
463,1057,51.15438461,46.26109314,1
463,1089,NaN,NaN,2
463,1121,NaN,NaN,2
463,1153,NaN,NaN,2
463,1185,NaN,NaN,2
463,1217,NaN,NaN,2
463,1249,NaN,NaN,2
463,1281,NaN,NaN,2
463,1313,NaN,NaN,2
463,1345,NaN,NaN,2
463,1377,NaN,NaN,2
463,1409,NaN,NaN,2
463,1441,NaN,NaN,2
463,1473,NaN,NaN,2
463,1505,NaN,NaN,2
463,1537,NaN,NaN,2
463,1569,NaN,NaN,2
463,1601,NaN,NaN,2
463,1633,NaN,NaN,2
463,1665,NaN,NaN,2
463,1697,NaN,NaN,2
463,1729,NaN,NaN,2
463,1761,2.844377518,3.376724005,1
463,1793,-1.402484417,1.612379789,1
463,1825,-2.555466652,-1.121551156,1
463,1857,NaN,NaN,2
463,1889,NaN,NaN,2
463,1921,NaN,NaN,2
463,1953,NaN,NaN,2
463,1985,NaN,NaN,2
463,2017,NaN,NaN,2
495,33,-5.564063072,21.09466171,1
495,65,NaN,NaN,2
495,97,-3.730055809,35.52112961,1
495,129,-3.802137375,39.61584473,1
495,161,-3.193091869,41.05637741,1
495,193,-1.203763723,40.81324387,1
495,225,-1.931485653,42.08501434,1
495,257,-2.364881754,40.01696777,1
495,289,NaN,NaN,2
495,321,0.09171751142,42.14847183,1
495,353,0.4887769818,46.46971512,1
495,385,0.5685466528,48.64102173,1
495,417,1.488817215,43.35878372,1
495,449,2.924458504,43.3237381,1
495,481,2.929321766,44.18417358,1
495,513,NaN,NaN,2
495,545,NaN,NaN,2
495,577,NaN,NaN,2
495,609,NaN,NaN,2
495,641,NaN,NaN,2
495,673,15.99527168,45.57955551,1
495,705,NaN,NaN,2
495,737,NaN,NaN,2
495,769,26.03422928,56.87582779,1
495,801,NaN,NaN,2
495,833,NaN,NaN,2
495,865,NaN,NaN,2
495,897,NaN,NaN,2
495,929,NaN,NaN,2
495,961,NaN,NaN,2
495,993,NaN,NaN,2
495,1025,50.33815384,50.13454056,1
495,1057,48.24958038,46.19408417,1
495,1089,45.76498413,39.87028503,1
495,1121,NaN,NaN,2
495,1153,NaN,NaN,2
495,1185,NaN,NaN,2
495,1217,NaN,NaN,2
495,1249,NaN,NaN,2
495,1281,NaN,NaN,2
495,1313,NaN,NaN,2
495,1345,NaN,NaN,2
495,1377,NaN,NaN,2
495,1409,14.90242767,11.70670319,1
495,1441,NaN,NaN,2
495,1473,NaN,NaN,2
495,1505,NaN,NaN,2
495,1537,NaN,NaN,2
495,1569,NaN,NaN,2
495,1601,NaN,NaN,2
495,1633,NaN,NaN,2
495,1665,NaN,NaN,2
495,1697,NaN,NaN,2
495,1729,NaN,NaN,2
495,1761,0.6334557533,2.451623917,1
495,1793,-3.010143042,-0.4293830395,1
495,1825,-8.981579781,0.8984563351,1
495,1857,NaN,NaN,2
495,1889,NaN,NaN,2
495,1921,NaN,NaN,2
495,1953,NaN,NaN,2
495,1985,NaN,NaN,2
495,2017,NaN,NaN,2
527,33,NaN,NaN,2
527,65,-5.144275188,37.45992279,1
527,97,-5.371263504,40.57631302,1
527,129,-4.981417179,40.76882172,1
527,161,-3.762151718,39.81079865,1
527,193,-3.31304121,41.48954773,1
527,225,-2.899448156,41.37026978,1
527,257,-3.362214088,40.78735352,1
527,289,-1.989983678,43.03485107,1
527,321,-1.276512384,47.39043045,1
527,353,-0.4807291031,48.99057388,1
527,385,NaN,NaN,2
527,417,2.841032743,44.47535706,1
527,449,NaN,NaN,2
527,481,NaN,NaN,2
527,513,4.126585007,44.02240753,1
527,545,6.434702873,45.93750381,1
527,577,NaN,NaN,2
527,609,NaN,NaN,2
527,641,NaN,NaN,2
527,673,NaN,NaN,2
527,705,NaN,NaN,2
527,737,NaN,NaN,2
527,769,NaN,NaN,2
527,801,NaN,NaN,2
527,833,NaN,NaN,2
527,865,NaN,NaN,2
527,897,35.28715897,56.94348907,1
527,929,NaN,NaN,2
527,961,NaN,NaN,2
527,993,NaN,NaN,2
527,1025,43.12320328,48.17493057,1
527,1057,45.33563995,44.84600067,1
527,1089,NaN,NaN,2
527,1121,NaN,NaN,2
527,1153,NaN,NaN,2
527,1185,NaN,NaN,2
527,1217,NaN,NaN,2
527,1249,NaN,NaN,2
527,1281,NaN,NaN,2
527,1313,NaN,NaN,2
527,1345,NaN,NaN,2
527,1377,NaN,NaN,2
527,1409,7.492286682,11.218894,1
527,1441,NaN,NaN,2
527,1473,NaN,NaN,2
527,1505,NaN,NaN,2
527,1537,NaN,NaN,2
527,1569,NaN,NaN,2
527,1601,NaN,NaN,2
527,1633,NaN,NaN,2
527,1665,NaN,NaN,2
527,1697,NaN,NaN,2
527,1729,0.6527018547,-0.4600191116,1
527,1761,NaN,NaN,2
527,1793,0.6093149781,4.832680702,1
527,1825,NaN,NaN,2
527,1857,NaN,NaN,2
527,1889,3.036373377,0.2870279551,1
527,1921,NaN,NaN,2
527,1953,NaN,NaN,2
527,1985,24.95771408,-0.5865662098,1
527,2017,27.2217598,-0.127813369,1
559,33,-11.00056648,28.10107994,1
559,65,-6.302220821,38.97918701,1
559,97,-6.563202381,41.98794556,1
559,129,-6.080802917,38.86697769,1
559,161,-5.511521816,38.53237915,1
559,193,-5.065493107,41.71569061,1
559,225,-4.132104874,43.16835022,1
559,257,-6.611105919,44.22011566,1
559,289,-6.063673019,45.88208771,1
559,321,-2.567028046,48.04358292,1
559,353,-1.666067839,48.71152496,1
559,385,NaN,NaN,2
559,417,NaN,NaN,2
559,449,NaN,NaN,2
559,481,NaN,NaN,2
559,513,2.699398994,45.28105164,1
559,545,5.303380966,46.30880737,1
559,577,4.822594166,33.19909668,1
559,609,NaN,NaN,2
559,641,NaN,NaN,2
559,673,13.83682442,52.46253967,1
559,705,15.72072792,53.74956512,1
559,737,NaN,NaN,2
559,769,8.316352844,54.2862854,1
559,801,NaN,NaN,2
559,833,NaN,NaN,2
559,865,32.5302124,58.71880341,1
559,897,34.59527588,58.77706909,1
559,929,36.26816559,57.31044388,1
559,961,NaN,NaN,2
559,993,NaN,NaN,2
559,1025,NaN,NaN,2
559,1057,NaN,NaN,2
559,1089,NaN,NaN,2
559,1121,NaN,NaN,2
559,1153,NaN,NaN,2
559,1185,NaN,NaN,2
559,1217,NaN,NaN,2
559,1249,NaN,NaN,2
559,1281,NaN,NaN,2
559,1313,9.566791534,15.83047771,1
559,1345,NaN,NaN,2
559,1377,NaN,NaN,2
559,1409,NaN,NaN,2
559,1441,NaN,NaN,2
559,1473,NaN,NaN,2
559,1505,19.52873993,-10.23598862,1
559,1537,NaN,NaN,2
559,1569,NaN,NaN,2
559,1601,NaN,NaN,2
559,1633,NaN,NaN,2
559,1665,NaN,NaN,2
559,1697,1.398366451,0.1926774979,1
559,1729,NaN,NaN,2
559,1761,NaN,NaN,2
559,1793,2.285232306,12.72523499,1
559,1825,NaN,NaN,2
559,1857,NaN,NaN,2
559,1889,NaN,NaN,2
559,1921,NaN,NaN,2
559,1953,NaN,NaN,2
559,1985,1.484675407,0.08385330439,1
559,2017,3.496260405,-0.6382863522,1
591,33,NaN,NaN,2
591,65,-7.374545574,39.99673462,1
591,97,-6.600698948,41.24369812,1
591,129,-6.154583931,39.94527054,1
591,161,-6.630711555,39.97794342,1
591,193,-6.501835823,42.32564926,1
591,225,-5.489325047,44.25653839,1
591,257,NaN,NaN,2
591,289,NaN,NaN,2
591,321,NaN,NaN,2
591,353,-3.401513577,48.2926178,1
591,385,NaN,NaN,2
591,417,-0.4466643333,45.4563446,1
591,449,0.379899025,46.16472626,1
591,481,NaN,NaN,2
591,513,NaN,NaN,2
591,545,NaN,NaN,2
591,577,NaN,NaN,2
591,609,NaN,NaN,2
591,641,NaN,NaN,2
591,673,10.66856861,54.37545776,1
591,705,11.54185295,55.3439064,1
591,737,15.15990639,55.12885284,1
591,769,NaN,NaN,2
591,801,NaN,NaN,2
591,833,NaN,NaN,2
591,865,NaN,NaN,2
591,897,NaN,NaN,2
591,929,NaN,NaN,2
591,961,NaN,NaN,2
591,993,40.46509171,53.56640244,1
591,1025,NaN,NaN,2
591,1057,36.36311722,42.78966522,1
591,1089,31.47027588,40.70690155,1
591,1121,NaN,NaN,2
591,1153,30.14199448,23.57873344,1
591,1185,NaN,NaN,2
591,1217,NaN,NaN,2
591,1249,NaN,NaN,2
591,1281,NaN,NaN,2
591,1313,NaN,NaN,2
591,1345,NaN,NaN,2
591,1377,NaN,NaN,2
591,1409,31.96615219,8.717124939,1
591,1441,NaN,NaN,2
591,1473,NaN,NaN,2
591,1505,NaN,NaN,2
591,1537,NaN,NaN,2
591,1569,NaN,NaN,2
591,1601,NaN,NaN,2
591,1633,NaN,NaN,2
591,1665,NaN,NaN,2
591,1697,NaN,NaN,2
591,1729,NaN,NaN,2
591,1761,NaN,NaN,2
591,1793,NaN,NaN,2
591,1825,NaN,NaN,2
591,1857,NaN,NaN,2
591,1889,8.430472374,-11.81312943,1
591,1921,NaN,NaN,2
591,1953,NaN,NaN,2
591,1985,0.6541895866,-0.3296062946,1
591,2017,-0.1212949753,-1.172943115,1
623,33,NaN,NaN,2
623,65,NaN,NaN,2
623,97,NaN,NaN,2
623,129,-6.767923355,40.53583908,1
623,161,-7.25039959,41.00718307,1
623,193,-7.431121349,42.27218246,1
623,225,-6.459433556,44.28478622,1
623,257,NaN,NaN,2
623,289,NaN,NaN,2
623,321,-8.465952873,48.21590424,1
623,353,-7.556890488,48.08000183,1
623,385,NaN,NaN,2
623,417,-2.45182991,46.24202728,1
623,449,-1.168165326,46.37234116,1
623,481,2.931394339,47.92087936,1
623,513,NaN,NaN,2
623,545,NaN,NaN,2
623,577,NaN,NaN,2
623,609,NaN,NaN,2
623,641,NaN,NaN,2
623,673,9.802440643,53.7506218,1
623,705,10.95027256,53.31518173,1
623,737,14.01894283,55.92114639,1
623,769,15.41627884,59.73670578,1
623,801,NaN,NaN,2
623,833,NaN,NaN,2
623,865,NaN,NaN,2
623,897,NaN,NaN,2
623,929,NaN,NaN,2
623,961,NaN,NaN,2
623,993,NaN,NaN,2
623,1025,39.10713577,51.28474426,1
623,1057,37.03990173,45.58921051,1
623,1089,NaN,NaN,2
623,1121,33.33510208,33.69137573,1
623,1153,NaN,NaN,2
623,1185,NaN,NaN,2
623,1217,23.08568001,16.45809746,1
623,1249,NaN,NaN,2
623,1281,NaN,NaN,2
623,1313,NaN,NaN,2
623,1345,NaN,NaN,2
623,1377,NaN,NaN,2
623,1409,NaN,NaN,2
623,1441,NaN,NaN,2
623,1473,NaN,NaN,2
623,1505,NaN,NaN,2
623,1537,NaN,NaN,2
623,1569,NaN,NaN,2
623,1601,NaN,NaN,2
623,1633,NaN,NaN,2
623,1665,NaN,NaN,2
623,1697,NaN,NaN,2
623,1729,NaN,NaN,2
623,1761,0.2202821374,-2.911177635,1
623,1793,NaN,NaN,2
623,1825,-1.240133286,2.602931499,1
623,1857,NaN,NaN,2
623,1889,NaN,NaN,2
623,1921,NaN,NaN,2
623,1953,NaN,NaN,2
623,1985,1.900665283,-1.504226208,1
623,2017,NaN,NaN,2
655,33,NaN,NaN,2
655,65,-11.75092125,47.62615967,1
655,97,NaN,NaN,2
655,129,-8.493638992,41.54185867,1
655,161,-9.098788261,41.57656479,1
655,193,-10.62490082,43.60147095,1
655,225,-8.200658798,45.30703354,1
655,257,NaN,NaN,2
655,289,NaN,NaN,2
655,321,-9.153913498,49.45123291,1
655,353,-9.542915344,49.69630432,1
655,385,-10.29306602,49.84051132,1
655,417,-3.186426163,47.04367828,1
655,449,-1.902482629,46.9997406,1
655,481,-0.4824405909,49.103405,1
655,513,2.577221632,50.13854599,1
655,545,NaN,NaN,2
655,577,NaN,NaN,2
655,609,NaN,NaN,2
655,641,8.000854492,52.3871727,1
655,673,NaN,NaN,2
655,705,NaN,NaN,2
655,737,NaN,NaN,2
655,769,14.12079048,61.34697342,1
655,801,NaN,NaN,2
655,833,NaN,NaN,2
655,865,NaN,NaN,2
655,897,NaN,NaN,2
655,929,NaN,NaN,2
655,961,37.58812332,60.32488632,1
655,993,NaN,NaN,2
655,1025,34.81294632,56.38669586,1
655,1057,34.04606628,47.95863342,1
655,1089,31.64631844,32.17203522,1
655,1121,NaN,NaN,2
655,1153,NaN,NaN,2
655,1185,NaN,NaN,2
655,1217,NaN,NaN,2
655,1249,NaN,NaN,2
655,1281,NaN,NaN,2
655,1313,NaN,NaN,2
655,1345,NaN,NaN,2
655,1377,NaN,NaN,2
655,1409,NaN,NaN,2
655,1441,NaN,NaN,2
655,1473,NaN,NaN,2
655,1505,NaN,NaN,2
655,1537,NaN,NaN,2
655,1569,NaN,NaN,2
655,1601,NaN,NaN,2
655,1633,NaN,NaN,2
655,1665,NaN,NaN,2
655,1697,NaN,NaN,2
655,1729,NaN,NaN,2
655,1761,NaN,NaN,2
655,1793,-0.8014241457,-0.6144831181,1
655,1825,NaN,NaN,2
655,1857,NaN,NaN,2
655,1889,NaN,NaN,2
655,1921,NaN,NaN,2
655,1953,NaN,NaN,2
655,1985,NaN,NaN,2
655,2017,NaN,NaN,2
687,33,NaN,NaN,2
687,65,-11.21518707,46.53574753,1
687,97,NaN,NaN,2
687,129,-10.60414791,42.70691681,1
687,161,-10.09288788,43.48361206,1
687,193,-9.358458519,45.26210022,1
687,225,-9.432154655,45.44353485,1
687,257,-8.895817757,48.01256561,1
687,289,NaN,NaN,2
687,321,NaN,NaN,2
687,353,-12.23376274,47.74094009,1
687,385,NaN,NaN,2
687,417,-7.448114395,51.17132568,1
687,449,-4.95279026,49.33409882,1
687,481,-3.682516098,51.13306808,1
687,513,-0.7359063029,51.6346283,1
687,545,NaN,NaN,2
687,577,NaN,NaN,2
687,609,NaN,NaN,2
687,641,6.624867439,54.54199982,1
687,673,NaN,NaN,2
687,705,NaN,NaN,2
687,737,11.31516361,62.10884476,1
687,769,NaN,NaN,2
687,801,NaN,NaN,2
687,833,NaN,NaN,2
687,865,41.65176392,46.63789368,1
687,897,NaN,NaN,2
687,929,NaN,NaN,2
687,961,31.1424675,61.32457352,1
687,993,NaN,NaN,2
687,1025,33.2361145,54.60628891,1
687,1057,NaN,NaN,2
687,1089,NaN,NaN,2
687,1121,NaN,NaN,2
687,1153,NaN,NaN,2
687,1185,NaN,NaN,2
687,1217,NaN,NaN,2
687,1249,NaN,NaN,2
687,1281,NaN,NaN,2
687,1313,NaN,NaN,2
687,1345,NaN,NaN,2
687,1377,NaN,NaN,2
687,1409,NaN,NaN,2
687,1441,NaN,NaN,2
687,1473,NaN,NaN,2
687,1505,NaN,NaN,2
687,1537,NaN,NaN,2
687,1569,NaN,NaN,2
687,1601,NaN,NaN,2
687,1633,NaN,NaN,2
687,1665,NaN,NaN,2
687,1697,NaN,NaN,2
687,1729,NaN,NaN,2
687,1761,NaN,NaN,2
687,1793,NaN,NaN,2
687,1825,NaN,NaN,2
687,1857,NaN,NaN,2
687,1889,NaN,NaN,2
687,1921,NaN,NaN,2
687,1953,NaN,NaN,2
687,1985,NaN,NaN,2
687,2017,NaN,NaN,2
719,33,NaN,NaN,2
719,65,NaN,NaN,2
719,97,-13.17567253,42.27850723,1
719,129,-11.88966942,43.29277802,1
719,161,-9.442845345,46.39784241,1
719,193,-7.087284088,46.47877502,1
719,225,-9.146359444,46.63777924,1
719,257,-10.48063087,47.37485886,1
719,289,NaN,NaN,2
719,321,NaN,NaN,2
719,353,NaN,NaN,2
719,385,-6.861554623,54.15304565,1
719,417,-5.507649422,55.75183487,1
719,449,-4.867796898,55.22371292,1
719,481,-4.129306316,54.56552124,1
719,513,-2.427005053,55.53982162,1
719,545,-0.8386198282,56.16322708,1
719,577,0.5725827217,56.18175888,1
719,609,1.078841686,54.67155075,1
719,641,NaN,NaN,2
719,673,4.310272694,57.76760864,1
719,705,NaN,NaN,2
719,737,10.29180241,65.46138763,1
719,769,NaN,NaN,2
719,801,NaN,NaN,2
719,833,NaN,NaN,2
719,865,NaN,NaN,2
719,897,NaN,NaN,2
719,929,NaN,NaN,2
719,961,NaN,NaN,2
719,993,NaN,NaN,2
719,1025,NaN,NaN,2
719,1057,NaN,NaN,2
719,1089,NaN,NaN,2
719,1121,NaN,NaN,2
719,1153,NaN,NaN,2
719,1185,NaN,NaN,2
719,1217,NaN,NaN,2
719,1249,NaN,NaN,2
719,1281,NaN,NaN,2
719,1313,NaN,NaN,2
719,1345,NaN,NaN,2
719,1377,NaN,NaN,2
719,1409,2.94702816,15.99964523,1
719,1441,NaN,NaN,2
719,1473,NaN,NaN,2
719,1505,NaN,NaN,2
719,1537,NaN,NaN,2
719,1569,NaN,NaN,2
719,1601,NaN,NaN,2
719,1633,NaN,NaN,2
719,1665,NaN,NaN,2
719,1697,0.9857109785,2.246221066,1
719,1729,NaN,NaN,2
719,1761,NaN,NaN,2
719,1793,NaN,NaN,2
719,1825,NaN,NaN,2
719,1857,NaN,NaN,2
719,1889,-0.9953240156,-2.781085014,1
719,1921,1.294267654,15.67088699,1
719,1953,-2.989047289,15.61797047,1
719,1985,NaN,NaN,2
719,2017,0.7548925877,-0.8482484221,1
751,33,-11.54694843,45.76638412,1
751,65,-12.55496883,43.04817581,1
751,97,-13.40467358,43.12785339,1
751,129,-10.60296059,45.2088623,1
751,161,-10.75479412,48.4250412,1
751,193,-10.58510113,51.1271286,1
751,225,-10.18037987,47.81806946,1
751,257,-10.75547886,46.96443176,1
751,289,-10.930933,45.59858704,1
751,321,NaN,NaN,2
751,353,-12.35697842,47.14253616,1
751,385,-9.874623299,54.63199997,1
751,417,-8.60123539,55.16801071,1
751,449,NaN,NaN,2
751,481,-7.159187794,56.66700745,1
751,513,-3.785272121,57.77418518,1
751,545,-2.334625959,58.24965668,1
751,577,-1.44459796,58.95774078,1
751,609,NaN,NaN,2
751,641,1.429745674,61.86887741,1
751,673,0.8260631561,62.26953888,1
751,705,7.200680733,67.56816101,1
751,737,9.959551811,65.94445801,1
751,769,11.63543034,62.95056152,1
751,801,NaN,NaN,2
751,833,NaN,NaN,2
751,865,NaN,NaN,2
751,897,29.49582291,29.88539505,1
751,929,NaN,NaN,2
751,961,NaN,NaN,2
751,993,NaN,NaN,2
751,1025,NaN,NaN,2
751,1057,NaN,NaN,2
751,1089,NaN,NaN,2
751,1121,NaN,NaN,2
751,1153,NaN,NaN,2
751,1185,NaN,NaN,2
751,1217,NaN,NaN,2
751,1249,4.181852341,11.17234516,1
751,1281,NaN,NaN,2
751,1313,NaN,NaN,2
751,1345,NaN,NaN,2
751,1377,NaN,NaN,2
751,1409,NaN,NaN,2
751,1441,NaN,NaN,2
751,1473,NaN,NaN,2
751,1505,NaN,NaN,2
751,1537,NaN,NaN,2
751,1569,NaN,NaN,2
751,1601,NaN,NaN,2
751,1633,NaN,NaN,2
751,1665,NaN,NaN,2
751,1697,0.1457656026,-5.420701981,1
751,1729,-0.9210112095,-5.173164368,1
751,1761,NaN,NaN,2
751,1793,NaN,NaN,2
751,1825,NaN,NaN,2
751,1857,-0.3073291779,-4.539044857,1
751,1889,-1.063122034,-4.28293705,1
751,1921,NaN,NaN,2
751,1953,NaN,NaN,2
751,1985,NaN,NaN,2
751,2017,0.07703313231,-0.3351054788,1
783,33,-14.41207123,43.34783554,1
783,65,-13.31624126,43.95254898,1
783,97,-11.66861534,46.90239334,1
783,129,-10.720788,47.41251755,1
783,161,-11.06862926,48.52352524,1
783,193,NaN,NaN,2
783,225,-11.67640495,49.98377991,1
783,257,-11.35953045,47.02614212,1
783,289,-10.05977726,46.82055664,1
783,321,-11.53072739,48.06702042,1
783,353,-12.367033,48.87822723,1
783,385,NaN,NaN,2
783,417,NaN,NaN,2
783,449,NaN,NaN,2
783,481,-8.459720612,53.82062531,1
783,513,-6.531003952,55.69033051,1
783,545,-3.568393707,61.34799194,1
783,577,-1.470736027,62.51218414,1
783,609,-0.9849737883,63.7822113,1
783,641,2.561155081,59.03356552,1
783,673,NaN,NaN,2
783,705,NaN,NaN,2
783,737,NaN,NaN,2
783,769,10.16242981,61.47580338,1
783,801,NaN,NaN,2
783,833,NaN,NaN,2
783,865,NaN,NaN,2
783,897,NaN,NaN,2
783,929,NaN,NaN,2
783,961,NaN,NaN,2
783,993,NaN,NaN,2
783,1025,NaN,NaN,2
783,1057,NaN,NaN,2
783,1089,NaN,NaN,2
783,1121,NaN,NaN,2
783,1153,NaN,NaN,2
783,1185,-0.615945816,10.04978752,1
783,1217,3.655519962,12.96164894,1
783,1249,4.688564777,9.005083084,1
783,1281,NaN,NaN,2
783,1313,1.736033916,-4.152359962,1
783,1345,6.206120491,-3.574797392,1
783,1377,6.690086365,-1.909132481,1
783,1409,NaN,NaN,2
783,1441,NaN,NaN,2
783,1473,NaN,NaN,2
783,1505,NaN,NaN,2
783,1537,NaN,NaN,2
783,1569,NaN,NaN,2
783,1601,NaN,NaN,2
783,1633,NaN,NaN,2
783,1665,-0.9705915451,-22.30466843,1
783,1697,NaN,NaN,2
783,1729,NaN,NaN,2
783,1761,NaN,NaN,2
783,1793,NaN,NaN,2
783,1825,NaN,NaN,2
783,1857,NaN,NaN,2
783,1889,NaN,NaN,2
783,1921,NaN,NaN,2
783,1953,0.3280248642,-1.388010025,1
783,1985,NaN,NaN,2
783,2017,NaN,NaN,2
815,33,-15.71543312,42.23378372,1
815,65,NaN,NaN,2
815,97,-11.17967796,47.86083984,1
815,129,-11.76379776,48.10947037,1
815,161,-11.59661961,48.93027878,1
815,193,-11.78849411,50.30129242,1
815,225,-13.07333183,48.83639526,1
815,257,-12.80114365,47.58148575,1
815,289,-11.66892433,47.68275452,1
815,321,-11.04263496,48.40207291,1
815,353,-12.61970139,50.57286453,1
815,385,-13.09602356,50.7087059,1
815,417,NaN,NaN,2
815,449,-12.05025482,54.42183304,1
815,481,-9.510432243,52.43524933,1
815,513,-9.146230698,55.54027176,1
815,545,-5.478310585,62.15396118,1
815,577,-1.229231834,62.13708496,1
815,609,-3.045686245,61.48871613,1
815,641,NaN,NaN,2
815,673,NaN,NaN,2
815,705,NaN,NaN,2
815,737,NaN,NaN,2
815,769,NaN,NaN,2
815,801,NaN,NaN,2
815,833,NaN,NaN,2
815,865,NaN,NaN,2
815,897,NaN,NaN,2
815,929,NaN,NaN,2
815,961,NaN,NaN,2
815,993,NaN,NaN,2
815,1025,NaN,NaN,2
815,1057,NaN,NaN,2
815,1089,NaN,NaN,2
815,1121,NaN,NaN,2
815,1153,NaN,NaN,2
815,1185,NaN,NaN,2
815,1217,NaN,NaN,2
815,1249,2.051557302,7.758882999,1
815,1281,NaN,NaN,2
815,1313,0.02135109901,-0.5809679031,1
815,1345,NaN,NaN,2
815,1377,NaN,NaN,2
815,1409,13.94118404,-6.904605865,1
815,1441,NaN,NaN,2
815,1473,NaN,NaN,2
815,1505,NaN,NaN,2
815,1537,NaN,NaN,2
815,1569,NaN,NaN,2
815,1601,NaN,NaN,2
815,1633,NaN,NaN,2
815,1665,-0.2009398937,-22.36209106,1
815,1697,6.814461231,-21.37226105,1
815,1729,11.73816681,-8.547685623,1
815,1761,NaN,NaN,2
815,1793,NaN,NaN,2
815,1825,2.51701355,-13.54986382,1
815,1857,NaN,NaN,2
815,1889,NaN,NaN,2
815,1921,NaN,NaN,2
815,1953,NaN,NaN,2
815,1985,3.172847271,-1.098814249,1
815,2017,NaN,NaN,2
847,33,-12.84095764,43.70959091,1
847,65,-13.63362503,45.1930809,1
847,97,-14.32998848,47.09149933,1
847,129,-13.50199413,47.86384964,1
847,161,-10.5017271,49.08498383,1
847,193,NaN,NaN,2
847,225,-14.34190369,48.75659561,1
847,257,-14.78734016,48.87865448,1
847,289,-13.82803535,49.47219086,1
847,321,-12.55686188,51.43638992,1
847,353,-13.0857048,51.30931473,1
847,385,-12.54943275,50.69477081,1
847,417,NaN,NaN,2
847,449,NaN,NaN,2
847,481,-9.700883865,52.87751007,1
847,513,-7.36577034,56.41238022,1
847,545,-5.340646744,60.85784912,1
847,577,NaN,NaN,2
847,609,-4.791309357,64.5484314,1
847,641,-5.261994839,64.10983276,1
847,673,NaN,NaN,2
847,705,NaN,NaN,2
847,737,NaN,NaN,2
847,769,NaN,NaN,2
847,801,NaN,NaN,2
847,833,NaN,NaN,2
847,865,NaN,NaN,2
847,897,NaN,NaN,2
847,929,NaN,NaN,2
847,961,NaN,NaN,2
847,993,NaN,NaN,2
847,1025,NaN,NaN,2
847,1057,NaN,NaN,2
847,1089,NaN,NaN,2
847,1121,NaN,NaN,2
847,1153,NaN,NaN,2
847,1185,NaN,NaN,2
847,1217,NaN,NaN,2
847,1249,NaN,NaN,2
847,1281,NaN,NaN,2
847,1313,NaN,NaN,2
847,1345,NaN,NaN,2
847,1377,NaN,NaN,2
847,1409,NaN,NaN,2
847,1441,NaN,NaN,2
847,1473,NaN,NaN,2
847,1505,NaN,NaN,2
847,1537,NaN,NaN,2
847,1569,NaN,NaN,2
847,1601,NaN,NaN,2
847,1633,NaN,NaN,2
847,1665,NaN,NaN,2
847,1697,NaN,NaN,2
847,1729,NaN,NaN,2
847,1761,5.087421417,-11.13083076,1
847,1793,4.293236732,-10.97395706,1
847,1825,NaN,NaN,2
847,1857,-0.0217962265,0.7502880096,1
847,1889,0.5975122452,-1.363706589,1
847,1921,NaN,NaN,2
847,1953,NaN,NaN,2
847,1985,NaN,NaN,2
847,2017,NaN,NaN,2
879,33,-10.42770195,42.93748093,1
879,65,NaN,NaN,2
879,97,NaN,NaN,2
879,129,-12.26926422,44.60013199,1
879,161,-15.6287899,49.04486847,1
879,193,-14.5590477,47.78048325,1
879,225,-15.41985893,49.51700592,1
879,257,NaN,NaN,2
879,289,-14.96399403,49.87110901,1
879,321,-14.72134399,53.7396698,1
879,353,-14.28390789,51.31142044,1
879,385,-11.08174992,51.65272903,1
879,417,NaN,NaN,2
879,449,NaN,NaN,2
879,481,NaN,NaN,2
879,513,NaN,NaN,2
879,545,-5.396127701,61.80947113,1
879,577,NaN,NaN,2
879,609,-6.70243454,63.39598846,1
879,641,-9.078671455,62.51971054,1
879,673,NaN,NaN,2
879,705,NaN,NaN,2
879,737,NaN,NaN,2
879,769,NaN,NaN,2
879,801,NaN,NaN,2
879,833,NaN,NaN,2
879,865,NaN,NaN,2
879,897,NaN,NaN,2
879,929,NaN,NaN,2
879,961,NaN,NaN,2
879,993,NaN,NaN,2
879,1025,NaN,NaN,2
879,1057,NaN,NaN,2
879,1089,NaN,NaN,2
879,1121,NaN,NaN,2
879,1153,NaN,NaN,2
879,1185,NaN,NaN,2
879,1217,NaN,NaN,2
879,1249,NaN,NaN,2
879,1281,NaN,NaN,2
879,1313,NaN,NaN,2
879,1345,NaN,NaN,2
879,1377,NaN,NaN,2
879,1409,NaN,NaN,2
879,1441,NaN,NaN,2
879,1473,NaN,NaN,2
879,1505,NaN,NaN,2
879,1537,NaN,NaN,2
879,1569,-0.7618393898,-24.27509308,1
879,1601,NaN,NaN,2
879,1633,NaN,NaN,2
879,1665,NaN,NaN,2
879,1697,NaN,NaN,2
879,1729,NaN,NaN,2
879,1761,NaN,NaN,2
879,1793,NaN,NaN,2
879,1825,6.01913023,-13.24912453,1
879,1857,NaN,NaN,2
879,1889,NaN,NaN,2
879,1921,NaN,NaN,2
879,1953,NaN,NaN,2
879,1985,NaN,NaN,2
879,2017,-15.56549263,-1.512042999,1
911,33,NaN,NaN,2
911,65,NaN,NaN,2
911,97,NaN,NaN,2
911,129,NaN,NaN,2
911,161,-18.4245491,46.84222412,1
911,193,-18.18251419,46.45064926,1
911,225,-17.20218658,47.40052795,1
911,257,-16.5669632,48.40434647,1
911,289,-15.98127747,50.25930786,1
911,321,-15.57515717,51.18458939,1
911,353,-15.7599678,51.83679199,1
911,385,-13.51799202,52.06725311,1
911,417,-12.30653381,51.52572632,1
911,449,-13.25516319,51.2483139,1
911,481,NaN,NaN,2
911,513,NaN,NaN,2
911,545,NaN,NaN,2
911,577,-7.846826553,61.21666718,1
911,609,-6.800710678,63.27000427,1
911,641,NaN,NaN,2
911,673,NaN,NaN,2
911,705,NaN,NaN,2
911,737,NaN,NaN,2
911,769,NaN,NaN,2
911,801,NaN,NaN,2
911,833,NaN,NaN,2
911,865,NaN,NaN,2
911,897,NaN,NaN,2
911,929,NaN,NaN,2
911,961,2.83279562,20.82604408,1
911,993,NaN,NaN,2
911,1025,NaN,NaN,2
911,1057,NaN,NaN,2
911,1089,NaN,NaN,2
911,1121,NaN,NaN,2
911,1153,NaN,NaN,2
911,1185,NaN,NaN,2
911,1217,NaN,NaN,2
911,1249,NaN,NaN,2
911,1281,NaN,NaN,2
911,1313,-0.8862047195,-2.020929813,1
911,1345,-3.836951256,-5.313423157,1
911,1377,NaN,NaN,2
911,1409,NaN,NaN,2
911,1441,NaN,NaN,2
911,1473,NaN,NaN,2
911,1505,NaN,NaN,2
911,1537,NaN,NaN,2
911,1569,NaN,NaN,2
911,1601,NaN,NaN,2
911,1633,-8.324723244,-33.16002274,1
911,1665,NaN,NaN,2
911,1697,NaN,NaN,2
911,1729,NaN,NaN,2
911,1761,NaN,NaN,2
911,1793,NaN,NaN,2
911,1825,4.510910034,-14.87831116,1
911,1857,-5.290349007,-20.73504066,1
911,1889,-3.809846401,-26.50577164,1
911,1921,NaN,NaN,2
911,1953,NaN,NaN,2
911,1985,NaN,NaN,2
911,2017,-16.24059296,0.05502700806,1
943,33,NaN,NaN,2
943,65,NaN,NaN,2
943,97,NaN,NaN,2
943,129,NaN,NaN,2
943,161,-19.1318531,45.90488815,1
943,193,-19.07465935,48.14189148,1
943,225,-17.55215454,48.2139473,1
943,257,-17.46354675,48.08307648,1
943,289,-17.77783203,51.90633011,1
943,321,-17.65615845,50.75057602,1
943,353,-17.36182976,52.17139816,1
943,385,NaN,NaN,2
943,417,-16.41054344,51.41275787,1
943,449,NaN,NaN,2
943,481,-16.7835083,58.32752609,1
943,513,-16.45500183,61.87818146,1
943,545,-15.4859333,59.7631073,1
943,577,-13.13065529,61.71430969,1
943,609,-10.44888496,62.11983871,1
943,641,-9.109729767,65.64477539,1
943,673,NaN,NaN,2
943,705,NaN,NaN,2
943,737,NaN,NaN,2
943,769,NaN,NaN,2
943,801,NaN,NaN,2
943,833,NaN,NaN,2
943,865,NaN,NaN,2
943,897,0.09036922455,24.77774239,1
943,929,1.227840424,18.25350189,1
943,961,NaN,NaN,2
943,993,NaN,NaN,2
943,1025,NaN,NaN,2
943,1057,NaN,NaN,2
943,1089,-8.489290237,11.07337379,1
943,1121,NaN,NaN,2
943,1153,NaN,NaN,2
943,1185,NaN,NaN,2
943,1217,NaN,NaN,2
943,1249,NaN,NaN,2
943,1281,NaN,NaN,2
943,1313,-6.305019379,-4.510201454,1
943,1345,-14.10196209,-7.151458263,1
943,1377,NaN,NaN,2
943,1409,NaN,NaN,2
943,1441,NaN,NaN,2
943,1473,NaN,NaN,2
943,1505,NaN,NaN,2
943,1537,NaN,NaN,2
943,1569,NaN,NaN,2
943,1601,NaN,NaN,2
943,1633,NaN,NaN,2
943,1665,NaN,NaN,2
943,1697,NaN,NaN,2
943,1729,NaN,NaN,2
943,1761,NaN,NaN,2
943,1793,3.14462471,-16.80464935,1
943,1825,NaN,NaN,2
943,1857,-7.611353874,-21.8290062,1
943,1889,-6.592007637,-27.79112434,1
943,1921,-7.425168991,-31.35727119,1
943,1953,NaN,NaN,2
943,1985,NaN,NaN,2
943,2017,NaN,NaN,2
975,33,NaN,NaN,2
975,65,NaN,NaN,2
975,97,NaN,NaN,2
975,129,NaN,NaN,2
975,161,NaN,NaN,2
975,193,-18.2937088,46.57764816,1
975,225,-16.66501999,49.85080719,1
975,257,-15.56336021,51.80529785,1
975,289,-17.28012657,51.82092285,1
975,321,NaN,NaN,2
975,353,NaN,NaN,2
975,385,-18.59019852,58.37468338,1
975,417,-16.70764732,55.67144012,1
975,449,-22.05322456,55.96053314,1
975,481,-20.58267212,58.25767136,1
975,513,-19.30921745,58.80128098,1
975,545,-17.31228638,60.12605667,1
975,577,NaN,NaN,2
975,609,NaN,NaN,2
975,641,-16.84260559,64.67197418,1
975,673,-18.2953186,63.53678513,1
975,705,NaN,NaN,2
975,737,NaN,NaN,2
975,769,NaN,NaN,2
975,801,NaN,NaN,2
975,833,NaN,NaN,2
975,865,NaN,NaN,2
975,897,NaN,NaN,2
975,929,NaN,NaN,2
975,961,NaN,NaN,2
975,993,NaN,NaN,2
975,1025,NaN,NaN,2
975,1057,NaN,NaN,2
975,1089,NaN,NaN,2
975,1121,NaN,NaN,2
975,1153,NaN,NaN,2
975,1185,NaN,NaN,2
975,1217,NaN,NaN,2
975,1249,NaN,NaN,2
975,1281,-12.68352699,-0.6193205714,1
975,1313,-17.29251862,-11.94673061,1
975,1345,NaN,NaN,2
975,1377,-26.07524681,-11.1093998,1
975,1409,-25.36578369,-19.33563423,1
975,1441,NaN,NaN,2
975,1473,NaN,NaN,2
975,1505,NaN,NaN,2
975,1537,NaN,NaN,2
975,1569,NaN,NaN,2
975,1601,NaN,NaN,2
975,1633,NaN,NaN,2
975,1665,-10.16325188,-16.7901516,1
975,1697,NaN,NaN,2
975,1729,NaN,NaN,2
975,1761,NaN,NaN,2
975,1793,NaN,NaN,2
975,1825,NaN,NaN,2
975,1857,-8.975795746,-15.60039711,1
975,1889,NaN,NaN,2
975,1921,NaN,NaN,2
975,1953,NaN,NaN,2
975,1985,NaN,NaN,2
975,2017,NaN,NaN,2
1007,33,NaN,NaN,2
1007,65,NaN,NaN,2
1007,97,NaN,NaN,2
1007,129,NaN,NaN,2
1007,161,-16.47946548,45.87649536,1
1007,193,-15.94287682,46.76629257,1
1007,225,-16.89589119,50.090065,1
1007,257,-16.15661049,51.84885025,1
1007,289,NaN,NaN,2
1007,321,NaN,NaN,2
1007,353,NaN,NaN,2
1007,385,NaN,NaN,2
1007,417,NaN,NaN,2
1007,449,NaN,NaN,2
1007,481,-24.47190475,57.60285187,1
1007,513,-21.32873344,57.83216095,1
1007,545,-19.68022346,60.54420853,1
1007,577,NaN,NaN,2
1007,609,NaN,NaN,2
1007,641,-21.63186646,65.22914124,1
1007,673,NaN,NaN,2
1007,705,NaN,NaN,2
1007,737,NaN,NaN,2
1007,769,NaN,NaN,2
1007,801,-16.08075333,62.14647675,1
1007,833,-14.45201111,50.89616394,1
1007,865,NaN,NaN,2
1007,897,NaN,NaN,2
1007,929,NaN,NaN,2
1007,961,NaN,NaN,2
1007,993,NaN,NaN,2
1007,1025,-11.28707027,28.67144966,1
1007,1057,NaN,NaN,2
1007,1089,NaN,NaN,2
1007,1121,NaN,NaN,2
1007,1153,NaN,NaN,2
1007,1185,NaN,NaN,2
1007,1217,NaN,NaN,2
1007,1249,NaN,NaN,2
1007,1281,-16.80810165,-9.750890732,1
1007,1313,-20.94075012,-9.447014809,1
1007,1345,-24.32145691,-11.2440691,1
1007,1377,NaN,NaN,2
1007,1409,NaN,NaN,2
1007,1441,NaN,NaN,2
1007,1473,NaN,NaN,2
1007,1505,NaN,NaN,2
1007,1537,NaN,NaN,2
1007,1569,NaN,NaN,2
1007,1601,NaN,NaN,2
1007,1633,-10.16793251,-15.57052422,1
1007,1665,NaN,NaN,2
1007,1697,NaN,NaN,2
1007,1729,NaN,NaN,2
1007,1761,NaN,NaN,2
1007,1793,NaN,NaN,2
1007,1825,NaN,NaN,2
1007,1857,NaN,NaN,2
1007,1889,NaN,NaN,2
1007,1921,NaN,NaN,2
1007,1953,NaN,NaN,2
1007,1985,NaN,NaN,2
1007,2017,NaN,NaN,2
1039,33,NaN,NaN,2
1039,65,NaN,NaN,2
1039,97,NaN,NaN,2
1039,129,NaN,NaN,2
1039,161,NaN,NaN,2
1039,193,-20.73952103,45.35697556,1
1039,225,-18.73114586,50.40431595,1
1039,257,NaN,NaN,2
1039,289,NaN,NaN,2
1039,321,NaN,NaN,2
1039,353,NaN,NaN,2
1039,385,NaN,NaN,2
1039,417,NaN,NaN,2
1039,449,-25.66365814,55.97126007,1
1039,481,-22.61494064,56.10014725,1
1039,513,-22.34663582,57.30173492,1
1039,545,NaN,NaN,2
1039,577,NaN,NaN,2
1039,609,NaN,NaN,2
1039,641,NaN,NaN,2
1039,673,-22.46735001,72.11901093,1
1039,705,NaN,NaN,2
1039,737,-21.41886139,76.57313538,1
1039,769,NaN,NaN,2
1039,801,NaN,NaN,2
1039,833,-16.64780998,49.98623657,1
1039,865,NaN,NaN,2
1039,897,NaN,NaN,2
1039,929,NaN,NaN,2
1039,961,NaN,NaN,2
1039,993,NaN,NaN,2
1039,1025,NaN,NaN,2
1039,1057,-8.484535217,26.55924416,1
1039,1089,NaN,NaN,2
1039,1121,NaN,NaN,2
1039,1153,NaN,NaN,2
1039,1185,NaN,NaN,2
1039,1217,NaN,NaN,2
1039,1249,NaN,NaN,2
1039,1281,NaN,NaN,2
1039,1313,NaN,NaN,2
1039,1345,NaN,NaN,2
1039,1377,NaN,NaN,2
1039,1409,NaN,NaN,2
1039,1441,NaN,NaN,2
1039,1473,-30.45249557,-28.93917465,1
1039,1505,NaN,NaN,2
1039,1537,NaN,NaN,2
1039,1569,NaN,NaN,2
1039,1601,NaN,NaN,2
1039,1633,NaN,NaN,2
1039,1665,NaN,NaN,2
1039,1697,NaN,NaN,2
1039,1729,NaN,NaN,2
1039,1761,-23.03676796,-11.04875755,1
1039,1793,NaN,NaN,2
1039,1825,-21.80005836,-15.34679413,1
1039,1857,-21.8239212,-14.73707199,1
1039,1889,NaN,NaN,2
1039,1921,NaN,NaN,2
1039,1953,NaN,NaN,2
1039,1985,NaN,NaN,2
1039,2017,NaN,NaN,2
1071,33,NaN,NaN,2
1071,65,NaN,NaN,2
1071,97,NaN,NaN,2
1071,129,NaN,NaN,2
1071,161,NaN,NaN,2
1071,193,NaN,NaN,2
1071,225,-20.69027138,49.07379913,1
1071,257,NaN,NaN,2
1071,289,NaN,NaN,2
1071,321,NaN,NaN,2
1071,353,NaN,NaN,2
1071,385,NaN,NaN,2
1071,417,-20.9166317,50.63105011,1
1071,449,-22.71369743,54.18004227,1
1071,481,-23.55759239,55.99908066,1
1071,513,NaN,NaN,2
1071,545,NaN,NaN,2
1071,577,NaN,NaN,2
1071,609,NaN,NaN,2
1071,641,NaN,NaN,2
1071,673,NaN,NaN,2
1071,705,NaN,NaN,2
1071,737,NaN,NaN,2
1071,769,NaN,NaN,2
1071,801,NaN,NaN,2
1071,833,NaN,NaN,2
1071,865,NaN,NaN,2
1071,897,NaN,NaN,2
1071,929,NaN,NaN,2
1071,961,NaN,NaN,2
1071,993,NaN,NaN,2
1071,1025,-19.99542236,29.65365791,1
1071,1057,-19.9458313,26.3621521,1
1071,1089,-20.09779358,27.74176025,1
1071,1121,NaN,NaN,2
1071,1153,NaN,NaN,2
1071,1185,NaN,NaN,2
1071,1217,NaN,NaN,2
1071,1249,NaN,NaN,2
1071,1281,NaN,NaN,2
1071,1313,NaN,NaN,2
1071,1345,NaN,NaN,2
1071,1377,NaN,NaN,2
1071,1409,NaN,NaN,2
1071,1441,NaN,NaN,2
1071,1473,-37.97538757,-29.53071022,1
1071,1505,NaN,NaN,2
1071,1537,NaN,NaN,2
1071,1569,NaN,NaN,2
1071,1601,NaN,NaN,2
1071,1633,NaN,NaN,2
1071,1665,-40.39038086,-32.37819672,1
1071,1697,NaN,NaN,2
1071,1729,NaN,NaN,2
1071,1761,-26.63200378,-13.34671974,1
1071,1793,-27.41284752,-16.54332924,1
1071,1825,NaN,NaN,2
1071,1857,NaN,NaN,2
1071,1889,NaN,NaN,2
1071,1921,NaN,NaN,2
1071,1953,NaN,NaN,2
1071,1985,NaN,NaN,2
1071,2017,NaN,NaN,2
1103,33,NaN,NaN,2
1103,65,NaN,NaN,2
1103,97,NaN,NaN,2
1103,129,NaN,NaN,2
1103,161,NaN,NaN,2
1103,193,NaN,NaN,2
1103,225,NaN,NaN,2
1103,257,-21.79824448,52.72592545,1
1103,289,NaN,NaN,2
1103,321,NaN,NaN,2
1103,353,NaN,NaN,2
1103,385,-23.10078049,52.17557907,1
1103,417,-23.74328995,53.94261932,1
1103,449,-23.7958374,54.72267151,1
1103,481,-28.95937347,57.05579758,1
1103,513,NaN,NaN,2
1103,545,NaN,NaN,2
1103,577,NaN,NaN,2
1103,609,NaN,NaN,2
1103,641,NaN,NaN,2
1103,673,NaN,NaN,2
1103,705,NaN,NaN,2
1103,737,NaN,NaN,2
1103,769,NaN,NaN,2
1103,801,NaN,NaN,2
1103,833,NaN,NaN,2
1103,865,NaN,NaN,2
1103,897,NaN,NaN,2
1103,929,NaN,NaN,2
1103,961,NaN,NaN,2
1103,993,NaN,NaN,2
1103,1025,-22.99853897,30.21703339,1
1103,1057,-23.11755943,26.74825287,1
1103,1089,NaN,NaN,2
1103,1121,NaN,NaN,2
1103,1153,NaN,NaN,2
1103,1185,NaN,NaN,2
1103,1217,NaN,NaN,2
1103,1249,NaN,NaN,2
1103,1281,NaN,NaN,2
1103,1313,NaN,NaN,2
1103,1345,-36.61741257,-17.5497303,1
1103,1377,NaN,NaN,2
1103,1409,NaN,NaN,2
1103,1441,NaN,NaN,2
1103,1473,NaN,NaN,2
1103,1505,NaN,NaN,2
1103,1537,NaN,NaN,2
1103,1569,NaN,NaN,2
1103,1601,NaN,NaN,2
1103,1633,NaN,NaN,2
1103,1665,NaN,NaN,2
1103,1697,NaN,NaN,2
1103,1729,NaN,NaN,2
1103,1761,NaN,NaN,2
1103,1793,NaN,NaN,2
1103,1825,-27.6447506,-22.29271698,1
1103,1857,-28.53421402,-24.81612778,1
1103,1889,NaN,NaN,2
1103,1921,NaN,NaN,2
1103,1953,NaN,NaN,2
1103,1985,NaN,NaN,2
1103,2017,NaN,NaN,2
1135,33,-27.16977119,15.14352512,1
1135,65,NaN,NaN,2
1135,97,NaN,NaN,2
1135,129,-28.08850479,45.27444458,1
1135,161,NaN,NaN,2
1135,193,NaN,NaN,2
1135,225,-21.93720055,49.22963333,1
1135,257,-22.51016426,51.87018204,1
1135,289,-23.4149437,53.42106628,1
1135,321,NaN,NaN,2
1135,353,NaN,NaN,2
1135,385,-24.75470543,52.21990204,1
1135,417,-25.96268272,55.35584259,1
1135,449,-26.0692482,54.21899796,1
1135,481,-26.76918793,54.62416077,1
1135,513,-27.44921875,55.21938705,1
1135,545,NaN,NaN,2
1135,577,NaN,NaN,2
1135,609,NaN,NaN,2
1135,641,-32.2230072,70.95331573,1
1135,673,-39.38087082,72.88897705,1
1135,705,NaN,NaN,2
1135,737,NaN,NaN,2
1135,769,NaN,NaN,2
1135,801,NaN,NaN,2
1135,833,NaN,NaN,2
1135,865,NaN,NaN,2
1135,897,NaN,NaN,2
1135,929,NaN,NaN,2
1135,961,NaN,NaN,2
1135,993,-20.90505791,34.54182053,1
1135,1025,NaN,NaN,2
1135,1057,NaN,NaN,2
1135,1089,NaN,NaN,2
1135,1121,NaN,NaN,2
1135,1153,NaN,NaN,2
1135,1185,NaN,NaN,2
1135,1217,NaN,NaN,2
1135,1249,NaN,NaN,2
1135,1281,NaN,NaN,2
1135,1313,NaN,NaN,2
1135,1345,NaN,NaN,2
1135,1377,-38.45664978,-28.02939224,1
1135,1409,NaN,NaN,2
1135,1441,NaN,NaN,2
1135,1473,NaN,NaN,2
1135,1505,-44.98854828,-24.78480721,1
1135,1537,NaN,NaN,2
1135,1569,NaN,NaN,2
1135,1601,NaN,NaN,2
1135,1633,NaN,NaN,2
1135,1665,NaN,NaN,2
1135,1697,NaN,NaN,2
1135,1729,NaN,NaN,2
1135,1761,NaN,NaN,2
1135,1793,NaN,NaN,2
1135,1825,-30.25659561,-24.92091751,1
1135,1857,-30.20552254,-25.3503418,1
1135,1889,NaN,NaN,2
1135,1921,NaN,NaN,2
1135,1953,NaN,NaN,2
1135,1985,NaN,NaN,2
1135,2017,NaN,NaN,2
1167,33,-24.85390854,14.69974422,1
1167,65,NaN,NaN,2
1167,97,-30.78117371,25.9718895,1
1167,129,-26.73584366,43.33430481,1
1167,161,-27.53334427,47.49312592,1
1167,193,NaN,NaN,2
1167,225,NaN,NaN,2
1167,257,NaN,NaN,2
1167,289,-23.67003632,55.49120712,1
1167,321,-25.88981247,56.27841949,1
1167,353,-26.82369232,51.51968384,1
1167,385,-27.16986275,52.65673065,1
1167,417,NaN,NaN,2
1167,449,-27.29195023,53.74741364,1
1167,481,-28.919384,54.71972656,1
1167,513,-29.41197777,55.16526031,1
1167,545,-29.68017006,54.56118011,1
1167,577,-30.81779099,54.99127197,1
1167,609,NaN,NaN,2
1167,641,-35.1397171,69.39292908,1
1167,673,NaN,NaN,2
1167,705,NaN,NaN,2
1167,737,NaN,NaN,2
1167,769,NaN,NaN,2
1167,801,NaN,NaN,2
1167,833,NaN,NaN,2
1167,865,NaN,NaN,2
1167,897,NaN,NaN,2
1167,929,-31.91812515,44.8964653,1
1167,961,NaN,NaN,2
1167,993,NaN,NaN,2
1167,1025,NaN,NaN,2
1167,1057,NaN,NaN,2
1167,1089,NaN,NaN,2
1167,1121,NaN,NaN,2
1167,1153,NaN,NaN,2
1167,1185,NaN,NaN,2
1167,1217,NaN,NaN,2
1167,1249,NaN,NaN,2
1167,1281,NaN,NaN,2
1167,1313,NaN,NaN,2
1167,1345,NaN,NaN,2
1167,1377,NaN,NaN,2
1167,1409,NaN,NaN,2
1167,1441,NaN,NaN,2
1167,1473,NaN,NaN,2
1167,1505,NaN,NaN,2
1167,1537,NaN,NaN,2
1167,1569,NaN,NaN,2
1167,1601,NaN,NaN,2
1167,1633,-27.68559647,-28.0601635,1
1167,1665,-35.31879807,-32.30506134,1
1167,1697,NaN,NaN,2
1167,1729,-35.07949448,-33.33142853,1
1167,1761,NaN,NaN,2
1167,1793,NaN,NaN,2
1167,1825,NaN,NaN,2
1167,1857,NaN,NaN,2
1167,1889,NaN,NaN,2
1167,1921,NaN,NaN,2
1167,1953,-32.68145752,-32.68870544,1
1167,1985,NaN,NaN,2
1167,2017,-37.72658539,-17.83459282,1
1199,33,NaN,NaN,2
1199,65,NaN,NaN,2
1199,97,NaN,NaN,2
1199,129,NaN,NaN,2
1199,161,-27.96569443,47.64572144,1
1199,193,-28.11737061,51.07093811,1
1199,225,-27.87134171,52.5416832,1
1199,257,-27.50364876,52.86434174,1
1199,289,NaN,NaN,2
1199,321,NaN,NaN,2
1199,353,NaN,NaN,2
1199,385,NaN,NaN,2
1199,417,NaN,NaN,2
1199,449,NaN,NaN,2
1199,481,-31.03561592,54.66657257,1
1199,513,-31.30950165,56.96375275,1
1199,545,-31.23616982,54.07567978,1
1199,577,-34.00389099,62.3086853,1
1199,609,-35.91443634,62.69312668,1
1199,641,-38.98551178,66.35386658,1
1199,673,NaN,NaN,2
1199,705,NaN,NaN,2
1199,737,NaN,NaN,2
1199,769,NaN,NaN,2
1199,801,NaN,NaN,2
1199,833,NaN,NaN,2
1199,865,NaN,NaN,2
1199,897,NaN,NaN,2
1199,929,-32.34548187,45.09228897,1
1199,961,NaN,NaN,2
1199,993,NaN,NaN,2
1199,1025,NaN,NaN,2
1199,1057,NaN,NaN,2
1199,1089,NaN,NaN,2
1199,1121,NaN,NaN,2
1199,1153,NaN,NaN,2
1199,1185,NaN,NaN,2
1199,1217,NaN,NaN,2
1199,1249,NaN,NaN,2
1199,1281,NaN,NaN,2
1199,1313,NaN,NaN,2
1199,1345,NaN,NaN,2
1199,1377,NaN,NaN,2
1199,1409,NaN,NaN,2
1199,1441,NaN,NaN,2
1199,1473,NaN,NaN,2
1199,1505,NaN,NaN,2
1199,1537,NaN,NaN,2
1199,1569,-30.3507576,-32.26578522,1
1199,1601,NaN,NaN,2
1199,1633,NaN,NaN,2
1199,1665,-37.89737701,-30.21162796,1
1199,1697,NaN,NaN,2
1199,1729,NaN,NaN,2
1199,1761,NaN,NaN,2
1199,1793,NaN,NaN,2
1199,1825,NaN,NaN,2
1199,1857,NaN,NaN,2
1199,1889,NaN,NaN,2
1199,1921,NaN,NaN,2
1199,1953,-41.72470856,-32.27547455,1
1199,1985,NaN,NaN,2
1199,2017,-34.42277145,-19.52436066,1
1231,33,NaN,NaN,2
1231,65,NaN,NaN,2
1231,97,NaN,NaN,2
1231,129,NaN,NaN,2
1231,161,NaN,NaN,2
1231,193,-29.39168167,48.70365524,1
1231,225,-25.89856911,50.35045624,1
1231,257,NaN,NaN,2
1231,289,-28.63790894,53.97677231,1
1231,321,-29.3237381,55.86863708,1
1231,353,-28.00798798,58.61439133,1
1231,385,-27.79242516,57.66556549,1
1231,417,NaN,NaN,2
1231,449,NaN,NaN,2
1231,481,-27.14333725,44.74542999,1
1231,513,-33.11594009,49.91244125,1
1231,545,NaN,NaN,2
1231,577,-35.75536346,62.97489166,1
1231,609,-39.450737,62.32937241,1
1231,641,-44.03150177,63.27809143,1
1231,673,NaN,NaN,2
1231,705,NaN,NaN,2
1231,737,NaN,NaN,2
1231,769,NaN,NaN,2
1231,801,NaN,NaN,2
1231,833,-44.20524597,57.99238968,1
1231,865,-38.80501556,54.58981705,1
1231,897,-38.2138176,44.57273102,1
1231,929,NaN,NaN,2
1231,961,NaN,NaN,2
1231,993,NaN,NaN,2
1231,1025,NaN,NaN,2
1231,1057,NaN,NaN,2
1231,1089,NaN,NaN,2
1231,1121,NaN,NaN,2
1231,1153,-32.12916565,17.82495499,1
1231,1185,-33.01070786,25.90623856,1
1231,1217,-40.37271118,28.80004692,1
1231,1249,-39.25653839,19.18799973,1
1231,1281,NaN,NaN,2
1231,1313,NaN,NaN,2
1231,1345,NaN,NaN,2
1231,1377,NaN,NaN,2
1231,1409,NaN,NaN,2
1231,1441,-22.53306198,-7.601699829,1
1231,1473,-26.57896042,-9.848848343,1
1231,1505,NaN,NaN,2
1231,1537,NaN,NaN,2
1231,1569,NaN,NaN,2
1231,1601,NaN,NaN,2
1231,1633,NaN,NaN,2
1231,1665,NaN,NaN,2
1231,1697,-44.99397278,-32.87461853,1
1231,1729,-43.25354767,-31.50665283,1
1231,1761,NaN,NaN,2
1231,1793,-39.18494415,-33.02056885,1
1231,1825,-39.42528534,-35.28633118,1
1231,1857,NaN,NaN,2
1231,1889,NaN,NaN,2
1231,1921,NaN,NaN,2
1231,1953,-41.01680756,-32.26979828,1
1231,1985,NaN,NaN,2
1231,2017,NaN,NaN,2
1263,33,NaN,NaN,2
1263,65,NaN,NaN,2
1263,97,-28.21239853,41.65650558,1
1263,129,NaN,NaN,2
1263,161,NaN,NaN,2
1263,193,-30.25951195,50.27796555,1
1263,225,NaN,NaN,2
1263,257,-29.21519279,53.27989197,1
1263,289,-30.00684357,51.8114624,1
1263,321,-31.39842606,56.86112595,1
1263,353,-30.62868881,57.29445267,1
1263,385,-30.66563797,56.57766342,1
1263,417,NaN,NaN,2
1263,449,NaN,NaN,2
1263,481,NaN,NaN,2
1263,513,-24.92761993,45.1904335,1
1263,545,NaN,NaN,2
1263,577,NaN,NaN,2
1263,609,NaN,NaN,2
1263,641,NaN,NaN,2
1263,673,NaN,NaN,2
1263,705,NaN,NaN,2
1263,737,NaN,NaN,2
1263,769,NaN,NaN,2
1263,801,NaN,NaN,2
1263,833,-46.20893097,58.34103775,1
1263,865,-42.23207092,54.54524231,1
1263,897,NaN,NaN,2
1263,929,NaN,NaN,2
1263,961,NaN,NaN,2
1263,993,NaN,NaN,2
1263,1025,NaN,NaN,2
1263,1057,NaN,NaN,2
1263,1089,NaN,NaN,2
1263,1121,NaN,NaN,2
1263,1153,NaN,NaN,2
1263,1185,NaN,NaN,2
1263,1217,NaN,NaN,2
1263,1249,NaN,NaN,2
1263,1281,NaN,NaN,2
1263,1313,NaN,NaN,2
1263,1345,NaN,NaN,2
1263,1377,NaN,NaN,2
1263,1409,NaN,NaN,2
1263,1441,NaN,NaN,2
1263,1473,NaN,NaN,2
1263,1505,NaN,NaN,2
1263,1537,NaN,NaN,2
1263,1569,NaN,NaN,2
1263,1601,NaN,NaN,2
1263,1633,NaN,NaN,2
1263,1665,-43.63302612,-33.85578156,1
1263,1697,-46.50262833,-35.2118988,1
1263,1729,-46.78001404,-33.00230789,1
1263,1761,-43.96043015,-32.7346611,1
1263,1793,-41.20466995,-26.6165638,1
1263,1825,-38.55126953,-35.3280983,1
1263,1857,NaN,NaN,2
1263,1889,-38.81694412,-28.3313942,1
1263,1921,-38.78582382,-26.69226837,1
1263,1953,NaN,NaN,2
1263,1985,NaN,NaN,2
1263,2017,NaN,NaN,2
1295,33,-38.72127533,22.98422623,1
1295,65,NaN,NaN,2
1295,97,-30.92790604,41.3266983,1
1295,129,NaN,NaN,2
1295,161,NaN,NaN,2
1295,193,-31.28768349,48.43959808,1
1295,225,NaN,NaN,2
1295,257,NaN,NaN,2
1295,289,NaN,NaN,2
1295,321,NaN,NaN,2
1295,353,-33.50382233,56.31077576,1
1295,385,-33.60641861,57.53208542,1
1295,417,NaN,NaN,2
1295,449,NaN,NaN,2
1295,481,NaN,NaN,2
1295,513,NaN,NaN,2
1295,545,NaN,NaN,2
1295,577,NaN,NaN,2
1295,609,-58.4354744,58.20714188,1
1295,641,-60.94327927,59.10508728,1
1295,673,NaN,NaN,2
1295,705,NaN,NaN,2
1295,737,NaN,NaN,2
1295,769,NaN,NaN,2
1295,801,NaN,NaN,2
1295,833,NaN,NaN,2
1295,865,NaN,NaN,2
1295,897,NaN,NaN,2
1295,929,NaN,NaN,2
1295,961,NaN,NaN,2
1295,993,NaN,NaN,2
1295,1025,NaN,NaN,2
1295,1057,NaN,NaN,2
1295,1089,NaN,NaN,2
1295,1121,NaN,NaN,2
1295,1153,-35.88425064,19.40334702,1
1295,1185,NaN,NaN,2
1295,1217,NaN,NaN,2
1295,1249,NaN,NaN,2
1295,1281,NaN,NaN,2
1295,1313,-24.28059387,6.292103291,1
1295,1345,NaN,NaN,2
1295,1377,NaN,NaN,2
1295,1409,NaN,NaN,2
1295,1441,NaN,NaN,2
1295,1473,NaN,NaN,2
1295,1505,NaN,NaN,2
1295,1537,NaN,NaN,2
1295,1569,NaN,NaN,2
1295,1601,NaN,NaN,2
1295,1633,NaN,NaN,2
1295,1665,-44.39878082,-31.89556503,1
1295,1697,-45.55600739,-33.93609619,1
1295,1729,-46.22206879,-32.17866516,1
1295,1761,NaN,NaN,2
1295,1793,-43.05203629,-26.79848289,1
1295,1825,-39.56228638,-29.05195808,1
1295,1857,NaN,NaN,2
1295,1889,-34.42156219,-25.78964996,1
1295,1921,NaN,NaN,2
1295,1953,NaN,NaN,2
1295,1985,NaN,NaN,2
1295,2017,NaN,NaN,2
1327,33,-38.50397873,23.66935158,1
1327,65,-39.05603027,22.86484718,1
1327,97,NaN,NaN,2
1327,129,NaN,NaN,2
1327,161,NaN,NaN,2
1327,193,NaN,NaN,2
1327,225,NaN,NaN,2
1327,257,NaN,NaN,2
1327,289,NaN,NaN,2
1327,321,NaN,NaN,2
1327,353,-36.25745773,54.96647263,1
1327,385,-37.21347809,56.48740768,1
1327,417,NaN,NaN,2
1327,449,-37.79602814,61.7137146,1
1327,481,NaN,NaN,2
1327,513,NaN,NaN,2
1327,545,NaN,NaN,2
1327,577,NaN,NaN,2
1327,609,-61.28296661,57.5779686,1
1327,641,-61.80913544,58.70517349,1
1327,673,-62.27695465,59.25575638,1
1327,705,NaN,NaN,2
1327,737,NaN,NaN,2
1327,769,NaN,NaN,2
1327,801,NaN,NaN,2
1327,833,NaN,NaN,2
1327,865,NaN,NaN,2
1327,897,NaN,NaN,2
1327,929,NaN,NaN,2
1327,961,NaN,NaN,2
1327,993,NaN,NaN,2
1327,1025,NaN,NaN,2
1327,1057,NaN,NaN,2
1327,1089,-36.91155624,14.32689095,1
1327,1121,NaN,NaN,2
1327,1153,NaN,NaN,2
1327,1185,NaN,NaN,2
1327,1217,-38.22251511,11.5351963,1
1327,1249,NaN,NaN,2
1327,1281,NaN,NaN,2
1327,1313,NaN,NaN,2
1327,1345,-39.9626503,-14.94536877,1
1327,1377,NaN,NaN,2
1327,1409,NaN,NaN,2
1327,1441,NaN,NaN,2
1327,1473,NaN,NaN,2
1327,1505,NaN,NaN,2
1327,1537,NaN,NaN,2
1327,1569,-38.4610405,-24.37704277,1
1327,1601,NaN,NaN,2
1327,1633,NaN,NaN,2
1327,1665,NaN,NaN,2
1327,1697,-46.9551239,-31.97050476,1
1327,1729,-47.23073578,-30.91945839,1
1327,1761,-45.75323105,-28.99386406,1
1327,1793,NaN,NaN,2
1327,1825,-39.53851318,-28.40812492,1
1327,1857,NaN,NaN,2
1327,1889,NaN,NaN,2
1327,1921,-36.5370636,-15.49935532,1
1327,1953,NaN,NaN,2
1327,1985,NaN,NaN,2
1327,2017,NaN,NaN,2
1359,33,NaN,NaN,2
1359,65,-44.06785583,25.56930542,1
1359,97,NaN,NaN,2
1359,129,NaN,NaN,2
1359,161,NaN,NaN,2
1359,193,-32.69071579,45.08179092,1
1359,225,NaN,NaN,2
1359,257,NaN,NaN,2
1359,289,NaN,NaN,2
1359,321,NaN,NaN,2
1359,353,-36.15306854,55.50030899,1
1359,385,NaN,NaN,2
1359,417,-39.30391693,58.38631821,1
1359,449,-36.98483658,60.96543121,1
1359,481,-41.20887756,62.44828796,1
1359,513,NaN,NaN,2
1359,545,NaN,NaN,2
1359,577,NaN,NaN,2
1359,609,NaN,NaN,2
1359,641,NaN,NaN,2
1359,673,NaN,NaN,2
1359,705,-58.43383026,71.77423096,1
1359,737,NaN,NaN,2
1359,769,NaN,NaN,2
1359,801,NaN,NaN,2
1359,833,NaN,NaN,2
1359,865,NaN,NaN,2
1359,897,NaN,NaN,2
1359,929,NaN,NaN,2
1359,961,NaN,NaN,2
1359,993,NaN,NaN,2
1359,1025,NaN,NaN,2
1359,1057,NaN,NaN,2
1359,1089,NaN,NaN,2
1359,1121,NaN,NaN,2
1359,1153,-31.51150513,13.85200882,1
1359,1185,NaN,NaN,2
1359,1217,NaN,NaN,2
1359,1249,NaN,NaN,2
1359,1281,NaN,NaN,2
1359,1313,NaN,NaN,2
1359,1345,-41.54920959,-13.17446423,1
1359,1377,-41.81167221,-13.26158333,1
1359,1409,NaN,NaN,2
1359,1441,NaN,NaN,2
1359,1473,NaN,NaN,2
1359,1505,NaN,NaN,2
1359,1537,NaN,NaN,2
1359,1569,NaN,NaN,2
1359,1601,-36.81985092,-23.70684052,1
1359,1633,NaN,NaN,2
1359,1665,NaN,NaN,2
1359,1697,NaN,NaN,2
1359,1729,NaN,NaN,2
1359,1761,-47.8218956,-29.20465088,1
1359,1793,-45.17918777,-27.64055824,1
1359,1825,-44.41289139,-26.76238441,1
1359,1857,NaN,NaN,2
1359,1889,NaN,NaN,2
1359,1921,NaN,NaN,2
1359,1953,NaN,NaN,2
1359,1985,NaN,NaN,2
1359,2017,NaN,NaN,2
1391,33,NaN,NaN,2
1391,65,NaN,NaN,2
1391,97,NaN,NaN,2
1391,129,NaN,NaN,2
1391,161,NaN,NaN,2
1391,193,-34.07146072,45.93292236,1
1391,225,NaN,NaN,2
1391,257,NaN,NaN,2
1391,289,NaN,NaN,2
1391,321,-39.44176483,57.70780182,1
1391,353,NaN,NaN,2
1391,385,NaN,NaN,2
1391,417,NaN,NaN,2
1391,449,-39.29066849,60.66981888,1
1391,481,NaN,NaN,2
1391,513,NaN,NaN,2
1391,545,NaN,NaN,2
1391,577,NaN,NaN,2
1391,609,NaN,NaN,2
1391,641,NaN,NaN,2
1391,673,NaN,NaN,2
1391,705,-59.9739418,69.06795502,1
1391,737,-59.43629837,69.22799683,1
1391,769,-63.90293884,70.26353455,1
1391,801,NaN,NaN,2
1391,833,NaN,NaN,2
1391,865,NaN,NaN,2
1391,897,NaN,NaN,2
1391,929,NaN,NaN,2
1391,961,NaN,NaN,2
1391,993,NaN,NaN,2
1391,1025,NaN,NaN,2
1391,1057,-40.58804703,29.91926765,1
1391,1089,NaN,NaN,2
1391,1121,NaN,NaN,2
1391,1153,NaN,NaN,2
1391,1185,NaN,NaN,2
1391,1217,-60.71761322,8.300293922,1
1391,1249,NaN,NaN,2
1391,1281,NaN,NaN,2
1391,1313,NaN,NaN,2
1391,1345,NaN,NaN,2
1391,1377,NaN,NaN,2
1391,1409,NaN,NaN,2
1391,1441,NaN,NaN,2
1391,1473,NaN,NaN,2
1391,1505,NaN,NaN,2
1391,1537,NaN,NaN,2
1391,1569,-38.89533615,-22.09318352,1
1391,1601,-40.61672974,-22.86871529,1
1391,1633,NaN,NaN,2
1391,1665,NaN,NaN,2
1391,1697,-52.06231689,-25.66786575,1
1391,1729,NaN,NaN,2
1391,1761,-50.23442078,-29.01231194,1
1391,1793,-49.63821793,-28.81705475,1
1391,1825,NaN,NaN,2
1391,1857,NaN,NaN,2
1391,1889,NaN,NaN,2
1391,1921,NaN,NaN,2
1391,1953,NaN,NaN,2
1391,1985,NaN,NaN,2
1391,2017,NaN,NaN,2
1423,33,NaN,NaN,2
1423,65,NaN,NaN,2
1423,97,-27.18695068,19.53170776,1
1423,129,-28.61516571,25.63843918,1
1423,161,NaN,NaN,2
1423,193,NaN,NaN,2
1423,225,NaN,NaN,2
1423,257,NaN,NaN,2
1423,289,-38.79907608,54.57070541,1
1423,321,-41.43945694,59.73294067,1
1423,353,NaN,NaN,2
1423,385,NaN,NaN,2
1423,417,NaN,NaN,2
1423,449,-40.63005447,60.8367691,1
1423,481,NaN,NaN,2
1423,513,NaN,NaN,2
1423,545,NaN,NaN,2
1423,577,NaN,NaN,2
1423,609,NaN,NaN,2
1423,641,-59.9270134,68.848526,1
1423,673,-59.52399063,66.52127075,1
1423,705,NaN,NaN,2
1423,737,-61.7878952,67.34236908,1
1423,769,-65.36603546,68.50415039,1
1423,801,NaN,NaN,2
1423,833,NaN,NaN,2
1423,865,NaN,NaN,2
1423,897,NaN,NaN,2
1423,929,-44.76383972,41.51037979,1
1423,961,NaN,NaN,2
1423,993,NaN,NaN,2
1423,1025,NaN,NaN,2
1423,1057,-37.80532837,34.25582886,1
1423,1089,NaN,NaN,2
1423,1121,NaN,NaN,2
1423,1153,NaN,NaN,2
1423,1185,NaN,NaN,2
1423,1217,NaN,NaN,2
1423,1249,-61.33673859,1.999479294,1
1423,1281,NaN,NaN,2
1423,1313,NaN,NaN,2
1423,1345,NaN,NaN,2
1423,1377,NaN,NaN,2
1423,1409,NaN,NaN,2
1423,1441,-44.63568497,-11.99619102,1
1423,1473,NaN,NaN,2
1423,1505,NaN,NaN,2
1423,1537,NaN,NaN,2
1423,1569,NaN,NaN,2
1423,1601,NaN,NaN,2
1423,1633,NaN,NaN,2
1423,1665,NaN,NaN,2
1423,1697,NaN,NaN,2
1423,1729,NaN,NaN,2
1423,1761,-50.16091156,-13.69534874,1
1423,1793,-48.74646378,-29.25849342,1
1423,1825,NaN,NaN,2
1423,1857,-43.30353165,-28.23169327,1
1423,1889,-43.47619247,-26.80462074,1
1423,1921,-41.40172958,-25.91726875,1
1423,1953,NaN,NaN,2
1423,1985,NaN,NaN,2
1423,2017,-44.2015152,-20.73522758,1
1455,33,NaN,NaN,2
1455,65,NaN,NaN,2
1455,97,NaN,NaN,2
1455,129,NaN,NaN,2
1455,161,NaN,NaN,2
1455,193,NaN,NaN,2
1455,225,NaN,NaN,2
1455,257,NaN,NaN,2
1455,289,-39.71183777,53.87130356,1
1455,321,NaN,NaN,2
1455,353,NaN,NaN,2
1455,385,NaN,NaN,2
1455,417,NaN,NaN,2
1455,449,NaN,NaN,2
1455,481,NaN,NaN,2
1455,513,NaN,NaN,2
1455,545,NaN,NaN,2
1455,577,NaN,NaN,2
1455,609,NaN,NaN,2
1455,641,NaN,NaN,2
1455,673,NaN,NaN,2
1455,705,NaN,NaN,2
1455,737,NaN,NaN,2
1455,769,-60.11754608,63.72218704,1
1455,801,-62.9585495,58.89131927,1
1455,833,NaN,NaN,2
1455,865,-50.41841125,38.05114746,1
1455,897,-53.13064957,39.04331207,1
1455,929,NaN,NaN,2
1455,961,NaN,NaN,2
1455,993,NaN,NaN,2
1455,1025,-25.72830963,38.10890961,1
1455,1057,NaN,NaN,2
1455,1089,NaN,NaN,2
1455,1121,NaN,NaN,2
1455,1153,NaN,NaN,2
1455,1185,NaN,NaN,2
1455,1217,NaN,NaN,2
1455,1249,NaN,NaN,2
1455,1281,NaN,NaN,2
1455,1313,NaN,NaN,2
1455,1345,NaN,NaN,2
1455,1377,NaN,NaN,2
1455,1409,NaN,NaN,2
1455,1441,NaN,NaN,2
1455,1473,NaN,NaN,2
1455,1505,NaN,NaN,2
1455,1537,NaN,NaN,2
1455,1569,NaN,NaN,2
1455,1601,NaN,NaN,2
1455,1633,NaN,NaN,2
1455,1665,NaN,NaN,2
1455,1697,NaN,NaN,2
1455,1729,NaN,NaN,2
1455,1761,NaN,NaN,2
1455,1793,-66.63036346,-10.81030273,1
1455,1825,-42.96977234,-29.73273468,1
1455,1857,-42.58810806,-26.84134674,1
1455,1889,-42.23536301,-23.80472374,1
1455,1921,-41.15885925,-24.02398682,1
1455,1953,NaN,NaN,2
1455,1985,NaN,NaN,2
1455,2017,-45.84896469,-20.55504608,1
1487,33,-33.95834351,12.90834045,1
1487,65,NaN,NaN,2
1487,97,NaN,NaN,2
1487,129,NaN,NaN,2
1487,161,-28.68427658,23.53480911,1
1487,193,NaN,NaN,2
1487,225,NaN,NaN,2
1487,257,NaN,NaN,2
1487,289,NaN,NaN,2
1487,321,NaN,NaN,2
1487,353,NaN,NaN,2
1487,385,NaN,NaN,2
1487,417,NaN,NaN,2
1487,449,NaN,NaN,2
1487,481,NaN,NaN,2
1487,513,NaN,NaN,2
1487,545,NaN,NaN,2
1487,577,NaN,NaN,2
1487,609,NaN,NaN,2
1487,641,NaN,NaN,2
1487,673,NaN,NaN,2
1487,705,NaN,NaN,2
1487,737,NaN,NaN,2
1487,769,NaN,NaN,2
1487,801,NaN,NaN,2
1487,833,NaN,NaN,2
1487,865,NaN,NaN,2
1487,897,NaN,NaN,2
1487,929,NaN,NaN,2
1487,961,NaN,NaN,2
1487,993,NaN,NaN,2
1487,1025,NaN,NaN,2
1487,1057,NaN,NaN,2
1487,1089,NaN,NaN,2
1487,1121,NaN,NaN,2
1487,1153,NaN,NaN,2
1487,1185,NaN,NaN,2
1487,1217,NaN,NaN,2
1487,1249,NaN,NaN,2
1487,1281,NaN,NaN,2
1487,1313,NaN,NaN,2
1487,1345,NaN,NaN,2
1487,1377,NaN,NaN,2
1487,1409,NaN,NaN,2
1487,1441,NaN,NaN,2
1487,1473,NaN,NaN,2
1487,1505,NaN,NaN,2
1487,1537,NaN,NaN,2
1487,1569,NaN,NaN,2
1487,1601,NaN,NaN,2
1487,1633,NaN,NaN,2
1487,1665,NaN,NaN,2
1487,1697,NaN,NaN,2
1487,1729,-49.9402504,2.086671829,1
1487,1761,NaN,NaN,2
1487,1793,-68.06826782,-9.319261551,1
1487,1825,NaN,NaN,2
1487,1857,-44.36669922,-24.47012711,1
1487,1889,NaN,NaN,2
1487,1921,NaN,NaN,2
1487,1953,-43.16919708,-24.36624336,1
1487,1985,NaN,NaN,2
1487,2017,-47.50202942,-19.72894669,1
1519,33,-35.49762726,23.5655098,1
1519,65,NaN,NaN,2
1519,97,NaN,NaN,2
1519,129,NaN,NaN,2
1519,161,NaN,NaN,2
1519,193,NaN,NaN,2
1519,225,-42.91296387,53.43583298,1
1519,257,-44.89154053,53.62266541,1
1519,289,NaN,NaN,2
1519,321,NaN,NaN,2
1519,353,NaN,NaN,2
1519,385,-47.45083618,46.03697586,1
1519,417,NaN,NaN,2
1519,449,NaN,NaN,2
1519,481,-56.74752045,61.67753983,1
1519,513,-59.04706955,63.37246704,1
1519,545,-62.32666016,63.52567291,1
1519,577,-64.58848572,59.80130768,1
1519,609,NaN,NaN,2
1519,641,NaN,NaN,2
1519,673,NaN,NaN,2
1519,705,NaN,NaN,2
1519,737,-40.42758179,67.85696411,1
1519,769,NaN,NaN,2
1519,801,NaN,NaN,2
1519,833,NaN,NaN,2
1519,865,NaN,NaN,2
1519,897,NaN,NaN,2
1519,929,NaN,NaN,2
1519,961,NaN,NaN,2
1519,993,NaN,NaN,2
1519,1025,NaN,NaN,2
1519,1057,NaN,NaN,2
1519,1089,NaN,NaN,2
1519,1121,NaN,NaN,2
1519,1153,NaN,NaN,2
1519,1185,NaN,NaN,2
1519,1217,NaN,NaN,2
1519,1249,NaN,NaN,2
1519,1281,NaN,NaN,2
1519,1313,NaN,NaN,2
1519,1345,NaN,NaN,2
1519,1377,NaN,NaN,2
1519,1409,NaN,NaN,2
1519,1441,NaN,NaN,2
1519,1473,NaN,NaN,2
1519,1505,NaN,NaN,2
1519,1537,NaN,NaN,2
1519,1569,NaN,NaN,2
1519,1601,NaN,NaN,2
1519,1633,NaN,NaN,2
1519,1665,NaN,NaN,2
1519,1697,NaN,NaN,2
1519,1729,-48.22685623,1.959199905,1
1519,1761,NaN,NaN,2
1519,1793,NaN,NaN,2
1519,1825,NaN,NaN,2
1519,1857,NaN,NaN,2
1519,1889,NaN,NaN,2
1519,1921,NaN,NaN,2
1519,1953,NaN,NaN,2
1519,1985,NaN,NaN,2
1519,2017,NaN,NaN,2
1551,33,NaN,NaN,2
1551,65,NaN,NaN,2
1551,97,NaN,NaN,2
1551,129,NaN,NaN,2
1551,161,NaN,NaN,2
1551,193,NaN,NaN,2
1551,225,-43.4773407,52.66425705,1
1551,257,-43.97232819,52.72049713,1
1551,289,NaN,NaN,2
1551,321,-50.21408844,57.66345596,1
1551,353,-46.22306061,47.47436523,1
1551,385,NaN,NaN,2
1551,417,-52.75440979,55.16506577,1
1551,449,-54.0959549,62.50143814,1
1551,481,-58.68072128,62.03735733,1
1551,513,-60.55871201,62.30364227,1
1551,545,-62.08110046,61.5826149,1
1551,577,-60.88956451,61.36719131,1
1551,609,NaN,NaN,2
1551,641,NaN,NaN,2
1551,673,NaN,NaN,2
1551,705,NaN,NaN,2
1551,737,-42.8927002,63.56180191,1
1551,769,NaN,NaN,2
1551,801,NaN,NaN,2
1551,833,NaN,NaN,2
1551,865,NaN,NaN,2
1551,897,NaN,NaN,2
1551,929,NaN,NaN,2
1551,961,NaN,NaN,2
1551,993,NaN,NaN,2
1551,1025,NaN,NaN,2
1551,1057,NaN,NaN,2
1551,1089,NaN,NaN,2
1551,1121,NaN,NaN,2
1551,1153,NaN,NaN,2
1551,1185,NaN,NaN,2
1551,1217,NaN,NaN,2
1551,1249,NaN,NaN,2
1551,1281,NaN,NaN,2
1551,1313,NaN,NaN,2
1551,1345,-31.24282455,-9.84132576,1
1551,1377,-33.25608826,-12.20469284,1
1551,1409,NaN,NaN,2
1551,1441,NaN,NaN,2
1551,1473,NaN,NaN,2
1551,1505,NaN,NaN,2
1551,1537,NaN,NaN,2
1551,1569,NaN,NaN,2
1551,1601,NaN,NaN,2
1551,1633,NaN,NaN,2
1551,1665,NaN,NaN,2
1551,1697,NaN,NaN,2
1551,1729,NaN,NaN,2
1551,1761,NaN,NaN,2
1551,1793,NaN,NaN,2
1551,1825,NaN,NaN,2
1551,1857,NaN,NaN,2
1551,1889,NaN,NaN,2
1551,1921,NaN,NaN,2
1551,1953,NaN,NaN,2
1551,1985,NaN,NaN,2
1551,2017,-61.34976196,-18.53377914,1
1583,33,NaN,NaN,2
1583,65,NaN,NaN,2
1583,97,NaN,NaN,2
1583,129,NaN,NaN,2
1583,161,NaN,NaN,2
1583,193,NaN,NaN,2
1583,225,NaN,NaN,2
1583,257,-42.10218811,49.11782074,1
1583,289,NaN,NaN,2
1583,321,NaN,NaN,2
1583,353,NaN,NaN,2
1583,385,-45.63577271,49.94108963,1
1583,417,NaN,NaN,2
1583,449,NaN,NaN,2
1583,481,NaN,NaN,2
1583,513,NaN,NaN,2
1583,545,NaN,NaN,2
1583,577,NaN,NaN,2
1583,609,-51.29611206,53.70407486,1
1583,641,NaN,NaN,2
1583,673,NaN,NaN,2
1583,705,NaN,NaN,2
1583,737,-45.07957458,50.3478775,1
1583,769,NaN,NaN,2
1583,801,NaN,NaN,2
1583,833,NaN,NaN,2
1583,865,NaN,NaN,2
1583,897,NaN,NaN,2
1583,929,NaN,NaN,2
1583,961,NaN,NaN,2
1583,993,NaN,NaN,2
1583,1025,NaN,NaN,2
1583,1057,NaN,NaN,2
1583,1089,NaN,NaN,2
1583,1121,NaN,NaN,2
1583,1153,NaN,NaN,2
1583,1185,NaN,NaN,2
1583,1217,NaN,NaN,2
1583,1249,NaN,NaN,2
1583,1281,NaN,NaN,2
1583,1313,NaN,NaN,2
1583,1345,NaN,NaN,2
1583,1377,NaN,NaN,2
1583,1409,-39.65220642,-10.73561287,1
1583,1441,-37.92359543,-12.70815277,1
1583,1473,NaN,NaN,2
1583,1505,NaN,NaN,2
1583,1537,NaN,NaN,2
1583,1569,NaN,NaN,2
1583,1601,NaN,NaN,2
1583,1633,NaN,NaN,2
1583,1665,NaN,NaN,2
1583,1697,NaN,NaN,2
1583,1729,NaN,NaN,2
1583,1761,-57.68802261,-19.63634682,1
1583,1793,-55.66345978,-22.73595238,1
1583,1825,NaN,NaN,2
1583,1857,NaN,NaN,2
1583,1889,-48.48871613,-18.1441021,1
1583,1921,NaN,NaN,2
1583,1953,NaN,NaN,2
1583,1985,NaN,NaN,2
1583,2017,NaN,NaN,2
1615,33,NaN,NaN,2
1615,65,NaN,NaN,2
1615,97,-43.83370972,45.40752792,1
1615,129,-41.11725998,48.19717789,1
1615,161,-46.54411316,46.89582443,1
1615,193,NaN,NaN,2
1615,225,NaN,NaN,2
1615,257,NaN,NaN,2
1615,289,-43.61496353,51.11312866,1
1615,321,NaN,NaN,2
1615,353,NaN,NaN,2
1615,385,-49.91576385,55.60684204,1
1615,417,NaN,NaN,2
1615,449,NaN,NaN,2
1615,481,NaN,NaN,2
1615,513,NaN,NaN,2
1615,545,NaN,NaN,2
1615,577,NaN,NaN,2
1615,609,NaN,NaN,2
1615,641,NaN,NaN,2
1615,673,NaN,NaN,2
1615,705,-55.15343857,58.57042694,1
1615,737,NaN,NaN,2
1615,769,NaN,NaN,2
1615,801,-50.90585327,46.81430817,1
1615,833,NaN,NaN,2
1615,865,NaN,NaN,2
1615,897,NaN,NaN,2
1615,929,NaN,NaN,2
1615,961,NaN,NaN,2
1615,993,NaN,NaN,2
1615,1025,NaN,NaN,2
1615,1057,NaN,NaN,2
1615,1089,NaN,NaN,2
1615,1121,NaN,NaN,2
1615,1153,NaN,NaN,2
1615,1185,NaN,NaN,2
1615,1217,NaN,NaN,2
1615,1249,-46.49493027,10.00505257,1
1615,1281,NaN,NaN,2
1615,1313,-42.85285568,10.05801296,1
1615,1345,NaN,NaN,2
1615,1377,NaN,NaN,2
1615,1409,NaN,NaN,2
1615,1441,-35.98408508,-14.44609261,1
1615,1473,NaN,NaN,2
1615,1505,NaN,NaN,2
1615,1537,NaN,NaN,2
1615,1569,NaN,NaN,2
1615,1601,NaN,NaN,2
1615,1633,NaN,NaN,2
1615,1665,NaN,NaN,2
1615,1697,NaN,NaN,2
1615,1729,-59.70817566,-20.8099556,1
1615,1761,-58.28652191,-20.28460884,1
1615,1793,-56.61532593,-18.81621361,1
1615,1825,NaN,NaN,2
1615,1857,NaN,NaN,2
1615,1889,-48.81413269,-18.59297943,1
1615,1921,NaN,NaN,2
1615,1953,NaN,NaN,2
1615,1985,NaN,NaN,2
1615,2017,NaN,NaN,2
1647,33,NaN,NaN,2
1647,65,NaN,NaN,2
1647,97,-45.16998291,43.1979332,1
1647,129,-44.56254196,46.27227402,1
1647,161,NaN,NaN,2
1647,193,NaN,NaN,2
1647,225,-47.60363007,28.84594536,1
1647,257,NaN,NaN,2
1647,289,-44.55742645,49.26548767,1
1647,321,NaN,NaN,2
1647,353,-50.20540619,53.05498886,1
1647,385,-52.25271606,56.26028442,1
1647,417,-54.5537796,57.64595795,1
1647,449,NaN,NaN,2
1647,481,NaN,NaN,2
1647,513,NaN,NaN,2
1647,545,NaN,NaN,2
1647,577,NaN,NaN,2
1647,609,NaN,NaN,2
1647,641,NaN,NaN,2
1647,673,NaN,NaN,2
1647,705,NaN,NaN,2
1647,737,NaN,NaN,2
1647,769,NaN,NaN,2
1647,801,NaN,NaN,2
1647,833,NaN,NaN,2
1647,865,NaN,NaN,2
1647,897,NaN,NaN,2
1647,929,NaN,NaN,2
1647,961,NaN,NaN,2
1647,993,NaN,NaN,2
1647,1025,NaN,NaN,2
1647,1057,NaN,NaN,2
1647,1089,NaN,NaN,2
1647,1121,NaN,NaN,2
1647,1153,NaN,NaN,2
1647,1185,NaN,NaN,2
1647,1217,NaN,NaN,2
1647,1249,-45.03536987,7.698747635,1
1647,1281,-45.13109207,3.554206371,1
1647,1313,NaN,NaN,2
1647,1345,-49.49505234,-8.238467216,1
1647,1377,NaN,NaN,2
1647,1409,NaN,NaN,2
1647,1441,NaN,NaN,2
1647,1473,NaN,NaN,2
1647,1505,NaN,NaN,2
1647,1537,NaN,NaN,2
1647,1569,NaN,NaN,2
1647,1601,NaN,NaN,2
1647,1633,NaN,NaN,2
1647,1665,NaN,NaN,2
1647,1697,NaN,NaN,2
1647,1729,NaN,NaN,2
1647,1761,-58.93857956,-20.46799469,1
1647,1793,-56.1914444,-18.52018738,1
1647,1825,NaN,NaN,2
1647,1857,NaN,NaN,2
1647,1889,NaN,NaN,2
1647,1921,NaN,NaN,2
1647,1953,NaN,NaN,2
1647,1985,NaN,NaN,2
1647,2017,-40.13051987,-16.525177,1
1679,33,NaN,NaN,2
1679,65,NaN,NaN,2
1679,97,NaN,NaN,2
1679,129,-42.57194138,43.38028336,1
1679,161,NaN,NaN,2
1679,193,NaN,NaN,2
1679,225,-46.31375885,28.66324806,1
1679,257,NaN,NaN,2
1679,289,NaN,NaN,2
1679,321,-45.97425842,51.1685257,1
1679,353,NaN,NaN,2
1679,385,-54.1611557,57.37392426,1
1679,417,-56.53836441,56.76534271,1
1679,449,-53.83310699,57.24956512,1
1679,481,-59.39860535,59.00870895,1
1679,513,NaN,NaN,2
1679,545,-65.92201996,58.40266037,1
1679,577,NaN,NaN,2
1679,609,NaN,NaN,2
1679,641,NaN,NaN,2
1679,673,NaN,NaN,2
1679,705,NaN,NaN,2
1679,737,NaN,NaN,2
1679,769,NaN,NaN,2
1679,801,NaN,NaN,2
1679,833,NaN,NaN,2
1679,865,NaN,NaN,2
1679,897,NaN,NaN,2
1679,929,NaN,NaN,2
1679,961,NaN,NaN,2
1679,993,NaN,NaN,2
1679,1025,NaN,NaN,2
1679,1057,NaN,NaN,2
1679,1089,-54.1161232,14.37737274,1
1679,1121,NaN,NaN,2
1679,1153,NaN,NaN,2
1679,1185,NaN,NaN,2
1679,1217,NaN,NaN,2
1679,1249,NaN,NaN,2
1679,1281,-51.50388718,4.857601643,1
1679,1313,NaN,NaN,2
1679,1345,NaN,NaN,2
1679,1377,NaN,NaN,2
1679,1409,NaN,NaN,2
1679,1441,-61.47055817,-18.68407059,1
1679,1473,NaN,NaN,2
1679,1505,NaN,NaN,2
1679,1537,NaN,NaN,2
1679,1569,NaN,NaN,2
1679,1601,NaN,NaN,2
1679,1633,NaN,NaN,2
1679,1665,NaN,NaN,2
1679,1697,NaN,NaN,2
1679,1729,NaN,NaN,2
1679,1761,-57.60110092,-18.69304657,1
1679,1793,NaN,NaN,2
1679,1825,NaN,NaN,2
1679,1857,NaN,NaN,2
1679,1889,NaN,NaN,2
1679,1921,NaN,NaN,2
1679,1953,-46.25069427,-23.03365707,1
1679,1985,NaN,NaN,2
1679,2017,NaN,NaN,2
1711,33,NaN,NaN,2
1711,65,NaN,NaN,2
1711,97,NaN,NaN,2
1711,129,NaN,NaN,2
1711,161,NaN,NaN,2
1711,193,NaN,NaN,2
1711,225,-43.7243042,29.97112846,1
1711,257,NaN,NaN,2
1711,289,-45.85174561,35.48671722,1
1711,321,NaN,NaN,2
1711,353,NaN,NaN,2
1711,385,NaN,NaN,2
1711,417,-55.71766663,59.08744049,1
1711,449,-57.69176102,55.52031708,1
1711,481,-59.2815094,56.4555397,1
1711,513,-59.8604393,58.43403625,1
1711,545,-63.9639473,56.10575104,1
1711,577,NaN,NaN,2
1711,609,NaN,NaN,2
1711,641,NaN,NaN,2
1711,673,NaN,NaN,2
1711,705,NaN,NaN,2
1711,737,NaN,NaN,2
1711,769,NaN,NaN,2
1711,801,-57.60043335,28.10415459,1
1711,833,NaN,NaN,2
1711,865,NaN,NaN,2
1711,897,NaN,NaN,2
1711,929,NaN,NaN,2
1711,961,NaN,NaN,2
1711,993,NaN,NaN,2
1711,1025,NaN,NaN,2
1711,1057,NaN,NaN,2
1711,1089,NaN,NaN,2
1711,1121,NaN,NaN,2
1711,1153,-57.16941452,12.21528435,1
1711,1185,NaN,NaN,2
1711,1217,NaN,NaN,2
1711,1249,NaN,NaN,2
1711,1281,NaN,NaN,2
1711,1313,NaN,NaN,2
1711,1345,NaN,NaN,2
1711,1377,NaN,NaN,2
1711,1409,NaN,NaN,2
1711,1441,NaN,NaN,2
1711,1473,-62.52813721,-18.37645149,1
1711,1505,NaN,NaN,2
1711,1537,NaN,NaN,2
1711,1569,-54.2478447,-13.00471592,1
1711,1601,-54.8401947,-13.90058422,1
1711,1633,NaN,NaN,2
1711,1665,-44.87312317,-21.98405075,1
1711,1697,NaN,NaN,2
1711,1729,NaN,NaN,2
1711,1761,-57.03991318,-17.46993446,1
1711,1793,NaN,NaN,2
1711,1825,NaN,NaN,2
1711,1857,NaN,NaN,2
1711,1889,NaN,NaN,2
1711,1921,-49.70421219,-21.57396507,1
1711,1953,NaN,NaN,2
1711,1985,NaN,NaN,2
1711,2017,-50.05564499,-13.80681896,1
1743,33,NaN,NaN,2
1743,65,-56.8418808,21.60314369,1
1743,97,NaN,NaN,2
1743,129,-43.51226807,36.55949402,1
1743,161,NaN,NaN,2
1743,193,NaN,NaN,2
1743,225,NaN,NaN,2
1743,257,NaN,NaN,2
1743,289,NaN,NaN,2
1743,321,NaN,NaN,2
1743,353,NaN,NaN,2
1743,385,NaN,NaN,2
1743,417,NaN,NaN,2
1743,449,NaN,NaN,2
1743,481,NaN,NaN,2
1743,513,NaN,NaN,2
1743,545,NaN,NaN,2
1743,577,NaN,NaN,2
1743,609,NaN,NaN,2
1743,641,NaN,NaN,2
1743,673,NaN,NaN,2
1743,705,NaN,NaN,2
1743,737,NaN,NaN,2
1743,769,NaN,NaN,2
1743,801,NaN,NaN,2
1743,833,NaN,NaN,2
1743,865,NaN,NaN,2
1743,897,NaN,NaN,2
1743,929,NaN,NaN,2
1743,961,NaN,NaN,2
1743,993,NaN,NaN,2
1743,1025,NaN,NaN,2
1743,1057,NaN,NaN,2
1743,1089,NaN,NaN,2
1743,1121,NaN,NaN,2
1743,1153,-55.25420761,11.88537121,1
1743,1185,NaN,NaN,2
1743,1217,NaN,NaN,2
1743,1249,NaN,NaN,2
1743,1281,NaN,NaN,2
1743,1313,NaN,NaN,2
1743,1345,-72.82881927,-10.43994808,1
1743,1377,NaN,NaN,2
1743,1409,NaN,NaN,2
1743,1441,NaN,NaN,2
1743,1473,NaN,NaN,2
1743,1505,NaN,NaN,2
1743,1537,NaN,NaN,2
1743,1569,-56.59495163,-13.47494411,1
1743,1601,-56.19535828,-14.85979843,1
1743,1633,NaN,NaN,2
1743,1665,-40.41991425,-24.04108429,1
1743,1697,NaN,NaN,2
1743,1729,NaN,NaN,2
1743,1761,NaN,NaN,2
1743,1793,NaN,NaN,2
1743,1825,NaN,NaN,2
1743,1857,NaN,NaN,2
1743,1889,NaN,NaN,2
1743,1921,NaN,NaN,2
1743,1953,NaN,NaN,2
1743,1985,-49.75226593,-12.8967247,1
1743,2017,-49.41618729,-12.48928165,1
1775,33,NaN,NaN,2
1775,65,NaN,NaN,2
1775,97,NaN,NaN,2
1775,129,NaN,NaN,2
1775,161,-46.22338867,45.85743332,1
1775,193,-46.13404846,48.26972198,1
1775,225,NaN,NaN,2
1775,257,NaN,NaN,2
1775,289,NaN,NaN,2
1775,321,NaN,NaN,2
1775,353,NaN,NaN,2
1775,385,NaN,NaN,2
1775,417,NaN,NaN,2
1775,449,NaN,NaN,2
1775,481,NaN,NaN,2
1775,513,NaN,NaN,2
1775,545,NaN,NaN,2
1775,577,NaN,NaN,2
1775,609,-64.51092529,51.79240417,1
1775,641,-63.33919525,49.06004715,1
1775,673,NaN,NaN,2
1775,705,NaN,NaN,2
1775,737,NaN,NaN,2
1775,769,NaN,NaN,2
1775,801,NaN,NaN,2
1775,833,NaN,NaN,2
1775,865,NaN,NaN,2
1775,897,NaN,NaN,2
1775,929,NaN,NaN,2
1775,961,NaN,NaN,2
1775,993,-68.09661865,13.80455399,1
1775,1025,NaN,NaN,2
1775,1057,-63.99827576,15.79485989,1
1775,1089,NaN,NaN,2
1775,1121,NaN,NaN,2
1775,1153,NaN,NaN,2
1775,1185,NaN,NaN,2
1775,1217,NaN,NaN,2
1775,1249,NaN,NaN,2
1775,1281,NaN,NaN,2
1775,1313,NaN,NaN,2
1775,1345,NaN,NaN,2
1775,1377,NaN,NaN,2
1775,1409,NaN,NaN,2
1775,1441,NaN,NaN,2
1775,1473,-61.77680969,-11.75398064,1
1775,1505,NaN,NaN,2
1775,1537,NaN,NaN,2
1775,1569,-59.71782684,-14.78508568,1
1775,1601,NaN,NaN,2
1775,1633,-42.93642807,-14.36159515,1
1775,1665,NaN,NaN,2
1775,1697,NaN,NaN,2
1775,1729,NaN,NaN,2
1775,1761,-61.50302887,-22.08354568,1
1775,1793,NaN,NaN,2
1775,1825,NaN,NaN,2
1775,1857,NaN,NaN,2
1775,1889,-31.85021591,-13.81259441,1
1775,1921,NaN,NaN,2
1775,1953,NaN,NaN,2
1775,1985,-45.30674362,-11.04624939,1
1775,2017,-45.18294144,-10.0035553,1
1807,33,NaN,NaN,2
1807,65,NaN,NaN,2
1807,97,NaN,NaN,2
1807,129,-44.03013611,41.28713608,1
1807,161,-44.17549896,43.92316437,1
1807,193,-44.82215881,49.0858345,1
1807,225,NaN,NaN,2
1807,257,NaN,NaN,2
1807,289,NaN,NaN,2
1807,321,NaN,NaN,2
1807,353,NaN,NaN,2
1807,385,-34.57771301,42.92890167,1
1807,417,-37.27928925,43.51900101,1
1807,449,NaN,NaN,2
1807,481,NaN,NaN,2
1807,513,NaN,NaN,2
1807,545,NaN,NaN,2
1807,577,NaN,NaN,2
1807,609,NaN,NaN,2
1807,641,NaN,NaN,2
1807,673,-44.63100052,37.65963364,1
1807,705,NaN,NaN,2
1807,737,-52.39539337,28.3467598,1
1807,769,NaN,NaN,2
1807,801,NaN,NaN,2
1807,833,NaN,NaN,2
1807,865,NaN,NaN,2
1807,897,-61.35411835,21.03918457,1
1807,929,NaN,NaN,2
1807,961,NaN,NaN,2
1807,993,NaN,NaN,2
1807,1025,NaN,NaN,2
1807,1057,NaN,NaN,2
1807,1089,-66.48025513,15.34362411,1
1807,1121,NaN,NaN,2
1807,1153,NaN,NaN,2
1807,1185,NaN,NaN,2
1807,1217,NaN,NaN,2
1807,1249,NaN,NaN,2
1807,1281,NaN,NaN,2
1807,1313,-73.27468109,-5.848891258,1
1807,1345,NaN,NaN,2
1807,1377,NaN,NaN,2
1807,1409,NaN,NaN,2
1807,1441,NaN,NaN,2
1807,1473,NaN,NaN,2
1807,1505,NaN,NaN,2
1807,1537,NaN,NaN,2
1807,1569,NaN,NaN,2
1807,1601,NaN,NaN,2
1807,1633,NaN,NaN,2
1807,1665,NaN,NaN,2
1807,1697,NaN,NaN,2
1807,1729,NaN,NaN,2
1807,1761,-60.86481476,-21.51185417,1
1807,1793,NaN,NaN,2
1807,1825,NaN,NaN,2
1807,1857,NaN,NaN,2
1807,1889,-33.20343781,-13.57520866,1
1807,1921,NaN,NaN,2
1807,1953,-47.92579651,-11.18833828,1
1807,1985,-44.54140091,-8.87928772,1
1807,2017,-42.87473297,-6.05581522,1
1839,33,NaN,NaN,2
1839,65,NaN,NaN,2
1839,97,NaN,NaN,2
1839,129,NaN,NaN,2
1839,161,NaN,NaN,2
1839,193,-50.57942963,48.65504837,1
1839,225,-52.38771439,48.54336929,1
1839,257,NaN,NaN,2
1839,289,-45.27183151,26.66646576,1
1839,321,NaN,NaN,2
1839,353,NaN,NaN,2
1839,385,-38.31937027,42.2158165,1
1839,417,NaN,NaN,2
1839,449,-46.33429337,48.41611862,1
1839,481,NaN,NaN,2
1839,513,NaN,NaN,2
1839,545,NaN,NaN,2
1839,577,NaN,NaN,2
1839,609,NaN,NaN,2
1839,641,-42.40351486,34.77296829,1
1839,673,-45.40736389,33.39154434,1
1839,705,NaN,NaN,2
1839,737,-51.2452507,26.10942841,1
1839,769,NaN,NaN,2
1839,801,NaN,NaN,2
1839,833,NaN,NaN,2
1839,865,NaN,NaN,2
1839,897,NaN,NaN,2
1839,929,NaN,NaN,2
1839,961,NaN,NaN,2
1839,993,NaN,NaN,2
1839,1025,NaN,NaN,2
1839,1057,NaN,NaN,2
1839,1089,NaN,NaN,2
1839,1121,NaN,NaN,2
1839,1153,NaN,NaN,2
1839,1185,NaN,NaN,2
1839,1217,NaN,NaN,2
1839,1249,NaN,NaN,2
1839,1281,NaN,NaN,2
1839,1313,NaN,NaN,2
1839,1345,NaN,NaN,2
1839,1377,NaN,NaN,2
1839,1409,NaN,NaN,2
1839,1441,NaN,NaN,2
1839,1473,NaN,NaN,2
1839,1505,NaN,NaN,2
1839,1537,NaN,NaN,2
1839,1569,NaN,NaN,2
1839,1601,NaN,NaN,2
1839,1633,NaN,NaN,2
1839,1665,NaN,NaN,2
1839,1697,NaN,NaN,2
1839,1729,NaN,NaN,2
1839,1761,NaN,NaN,2
1839,1793,NaN,NaN,2
1839,1825,-53.42441559,-13.67059994,1
1839,1857,-51.63262177,-15.71878529,1
1839,1889,-49.7267189,-17.68264389,1
1839,1921,-48.11049652,-13.8767004,1
1839,1953,-47.55260086,-11.129426,1
1839,1985,-46.97890091,-7.44794035,1
1839,2017,NaN,NaN,2
1871,33,NaN,NaN,2
1871,65,NaN,NaN,2
1871,97,NaN,NaN,2
1871,129,-43.99634552,38.17749405,1
1871,161,-48.78188324,47.24859238,1
1871,193,NaN,NaN,2
1871,225,-53.24294662,45.55851364,1
1871,257,NaN,NaN,2
1871,289,-45.30020523,26.48860359,1
1871,321,NaN,NaN,2
1871,353,NaN,NaN,2
1871,385,-38.88980865,39.84354782,1
1871,417,NaN,NaN,2
1871,449,NaN,NaN,2
1871,481,NaN,NaN,2
1871,513,NaN,NaN,2
1871,545,NaN,NaN,2
1871,577,-46.86032486,41.89849854,1
1871,609,NaN,NaN,2
1871,641,NaN,NaN,2
1871,673,NaN,NaN,2
1871,705,NaN,NaN,2
1871,737,NaN,NaN,2
1871,769,NaN,NaN,2
1871,801,NaN,NaN,2
1871,833,NaN,NaN,2
1871,865,NaN,NaN,2
1871,897,NaN,NaN,2
1871,929,NaN,NaN,2
1871,961,NaN,NaN,2
1871,993,NaN,NaN,2
1871,1025,NaN,NaN,2
1871,1057,-70.49919891,26.21207809,1
1871,1089,NaN,NaN,2
1871,1121,NaN,NaN,2
1871,1153,NaN,NaN,2
1871,1185,NaN,NaN,2
1871,1217,NaN,NaN,2
1871,1249,NaN,NaN,2
1871,1281,NaN,NaN,2
1871,1313,NaN,NaN,2
1871,1345,-70.82762909,-13.75721931,1
1871,1377,NaN,NaN,2
1871,1409,NaN,NaN,2
1871,1441,NaN,NaN,2
1871,1473,NaN,NaN,2
1871,1505,NaN,NaN,2
1871,1537,NaN,NaN,2
1871,1569,NaN,NaN,2
1871,1601,-65.12268066,-14.56744671,1
1871,1633,-62.81057358,-15.43109703,1
1871,1665,NaN,NaN,2
1871,1697,NaN,NaN,2
1871,1729,NaN,NaN,2
1871,1761,-59.8692627,-15.13906479,1
1871,1793,-55.82234573,-13.16149998,1
1871,1825,NaN,NaN,2
1871,1857,-50.79590988,-14.84662437,1
1871,1889,NaN,NaN,2
1871,1921,-47.07941818,-14.86073399,1
1871,1953,-46.16447067,-12.78912544,1
1871,1985,-46.55355835,-7.095536709,1
1871,2017,NaN,NaN,2
1903,33,-43.35475159,38.13692474,1
1903,65,-44.38689804,28.89381218,1
1903,97,NaN,NaN,2
1903,129,NaN,NaN,2
1903,161,NaN,NaN,2
1903,193,NaN,NaN,2
1903,225,NaN,NaN,2
1903,257,-56.21306229,46.67855835,1
1903,289,NaN,NaN,2
1903,321,NaN,NaN,2
1903,353,NaN,NaN,2
1903,385,NaN,NaN,2
1903,417,NaN,NaN,2
1903,449,NaN,NaN,2
1903,481,NaN,NaN,2
1903,513,NaN,NaN,2
1903,545,NaN,NaN,2
1903,577,NaN,NaN,2
1903,609,NaN,NaN,2
1903,641,NaN,NaN,2
1903,673,NaN,NaN,2
1903,705,NaN,NaN,2
1903,737,-52.4210434,28.08056641,1
1903,769,NaN,NaN,2
1903,801,NaN,NaN,2
1903,833,NaN,NaN,2
1903,865,NaN,NaN,2
1903,897,NaN,NaN,2
1903,929,NaN,NaN,2
1903,961,NaN,NaN,2
1903,993,NaN,NaN,2
1903,1025,NaN,NaN,2
1903,1057,NaN,NaN,2
1903,1089,NaN,NaN,2
1903,1121,NaN,NaN,2
1903,1153,NaN,NaN,2
1903,1185,NaN,NaN,2
1903,1217,NaN,NaN,2
1903,1249,-63.0108223,16.34428787,1
1903,1281,NaN,NaN,2
1903,1313,NaN,NaN,2
1903,1345,NaN,NaN,2
1903,1377,-54.14648056,-11.2411623,1
1903,1409,NaN,NaN,2
1903,1441,NaN,NaN,2
1903,1473,NaN,NaN,2
1903,1505,NaN,NaN,2
1903,1537,-64.55708313,-11.98553848,1
1903,1569,-64.84146118,-12.78595257,1
1903,1601,NaN,NaN,2
1903,1633,NaN,NaN,2
1903,1665,NaN,NaN,2
1903,1697,NaN,NaN,2
1903,1729,NaN,NaN,2
1903,1761,NaN,NaN,2
1903,1793,NaN,NaN,2
1903,1825,NaN,NaN,2
1903,1857,-50.40969849,-13.87796021,1
1903,1889,-49.20536041,-14.14142418,1
1903,1921,-46.74960327,-16.92616653,1
1903,1953,-45.74809265,-14.36252975,1
1903,1985,NaN,NaN,2
1903,2017,NaN,NaN,2
1935,33,-41.15948105,37.82910919,1
1935,65,NaN,NaN,2
1935,97,NaN,NaN,2
1935,129,NaN,NaN,2
1935,161,NaN,NaN,2
1935,193,NaN,NaN,2
1935,225,NaN,NaN,2
1935,257,-55.13798523,48.90320206,1
1935,289,NaN,NaN,2
1935,321,NaN,NaN,2
1935,353,NaN,NaN,2
1935,385,NaN,NaN,2
1935,417,NaN,NaN,2
1935,449,NaN,NaN,2
1935,481,NaN,NaN,2
1935,513,NaN,NaN,2
1935,545,NaN,NaN,2
1935,577,NaN,NaN,2
1935,609,NaN,NaN,2
1935,641,NaN,NaN,2
1935,673,NaN,NaN,2
1935,705,NaN,NaN,2
1935,737,NaN,NaN,2
1935,769,-59.18442917,20.75989723,1
1935,801,NaN,NaN,2
1935,833,NaN,NaN,2
1935,865,NaN,NaN,2
1935,897,NaN,NaN,2
1935,929,NaN,NaN,2
1935,961,NaN,NaN,2
1935,993,NaN,NaN,2
1935,1025,-82.18989563,25.01651192,1
1935,1057,NaN,NaN,2
1935,1089,NaN,NaN,2
1935,1121,NaN,NaN,2
1935,1153,NaN,NaN,2
1935,1185,NaN,NaN,2
1935,1217,NaN,NaN,2
1935,1249,-66.21935272,6.891508579,1
1935,1281,-70.4081955,7.424349308,1
1935,1313,NaN,NaN,2
1935,1345,NaN,NaN,2
1935,1377,-75.0682373,0.7675418854,1
1935,1409,NaN,NaN,2
1935,1441,NaN,NaN,2
1935,1473,NaN,NaN,2
1935,1505,NaN,NaN,2
1935,1537,-66.12136841,-11.00032234,1
1935,1569,-59.60761261,-12.5611372,1
1935,1601,NaN,NaN,2
1935,1633,NaN,NaN,2
1935,1665,-63.3690567,-17.49600983,1
1935,1697,NaN,NaN,2
1935,1729,NaN,NaN,2
1935,1761,NaN,NaN,2
1935,1793,NaN,NaN,2
1935,1825,-51.81306076,-12.33721733,1
1935,1857,-51.30903244,-13.22904396,1
1935,1889,NaN,NaN,2
1935,1921,-47.45660782,-17.10141373,1
1935,1953,-46.59529495,-15.03301525,1
1935,1985,NaN,NaN,2
1935,2017,NaN,NaN,2
1967,33,NaN,NaN,2
1967,65,NaN,NaN,2
1967,97,NaN,NaN,2
1967,129,NaN,NaN,2
1967,161,NaN,NaN,2
1967,193,NaN,NaN,2
1967,225,NaN,NaN,2
1967,257,-55.32984543,47.862957,1
1967,289,-56.08453369,47.78448486,1
1967,321,NaN,NaN,2
1967,353,NaN,NaN,2
1967,385,NaN,NaN,2
1967,417,NaN,NaN,2
1967,449,NaN,NaN,2
1967,481,NaN,NaN,2
1967,513,NaN,NaN,2
1967,545,NaN,NaN,2
1967,577,NaN,NaN,2
1967,609,NaN,NaN,2
1967,641,NaN,NaN,2
1967,673,NaN,NaN,2
1967,705,NaN,NaN,2
1967,737,NaN,NaN,2
1967,769,NaN,NaN,2
1967,801,NaN,NaN,2
1967,833,NaN,NaN,2
1967,865,-66.43218994,25.4782486,1
1967,897,NaN,NaN,2
1967,929,NaN,NaN,2
1967,961,-71.4989624,24.74077606,1
1967,993,-84.34171295,26.92157364,1
1967,1025,NaN,NaN,2
1967,1057,-80.30734253,26.97353745,1
1967,1089,-68.66075134,1.235534668,1
1967,1121,NaN,NaN,2
1967,1153,NaN,NaN,2
1967,1185,NaN,NaN,2
1967,1217,-65.6179657,9.165024757,1
1967,1249,NaN,NaN,2
1967,1281,NaN,NaN,2
1967,1313,NaN,NaN,2
1967,1345,-78.70259094,3.046393871,1
1967,1377,NaN,NaN,2
1967,1409,NaN,NaN,2
1967,1441,NaN,NaN,2
1967,1473,NaN,NaN,2
1967,1505,NaN,NaN,2
1967,1537,-80.12300873,-8.827203751,1
1967,1569,NaN,NaN,2
1967,1601,NaN,NaN,2
1967,1633,-54.26356888,-21.16141319,1
1967,1665,-63.146698,-18.23774719,1
1967,1697,-61.72624207,-17.97848892,1
1967,1729,-55.11501312,-13.55250072,1
1967,1761,-53.8157692,-14.28392887,1
1967,1793,-53.77064514,-12.0394516,1
1967,1825,NaN,NaN,2
1967,1857,NaN,NaN,2
1967,1889,-59.85968781,-14.91191387,1
1967,1921,NaN,NaN,2
1967,1953,NaN,NaN,2
1967,1985,-46.06722641,-13.18211746,1
1967,2017,NaN,NaN,2
1999,33,-38.07815933,37.85445023,1
1999,65,NaN,NaN,2
1999,97,-43.43122864,38.47170639,1
1999,129,NaN,NaN,2
1999,161,NaN,NaN,2
1999,193,NaN,NaN,2
1999,225,-51.00530243,45.82534027,1
1999,257,-55.75298309,46.00243378,1
1999,289,-56.73636627,46.69366074,1
1999,321,NaN,NaN,2
1999,353,NaN,NaN,2
1999,385,NaN,NaN,2
1999,417,-51.21693039,35.35965347,1
1999,449,NaN,NaN,2
1999,481,-38.46820831,55.3584938,1
1999,513,-36.1518631,52.69939423,1
1999,545,NaN,NaN,2
1999,577,NaN,NaN,2
1999,609,NaN,NaN,2
1999,641,NaN,NaN,2
1999,673,NaN,NaN,2
1999,705,-59.67249298,30.73117828,1
1999,737,NaN,NaN,2
1999,769,NaN,NaN,2
1999,801,NaN,NaN,2
1999,833,NaN,NaN,2
1999,865,-61.2144165,24.85285187,1
1999,897,NaN,NaN,2
1999,929,NaN,NaN,2
1999,961,-67.79048157,28.03999329,1
1999,993,-91.41465759,29.88287354,1
1999,1025,NaN,NaN,2
1999,1057,-93.34046936,26.63658333,1
1999,1089,-81.55319214,1.49051857,1
1999,1121,-69.08796692,1.789531708,1
1999,1153,-56.95641327,12.35707283,1
1999,1185,NaN,NaN,2
1999,1217,-85.16217041,8.730644226,1
1999,1249,-83.56674194,9.620284081,1
1999,1281,-82.71447754,4.867307186,1
1999,1313,-82.00743103,3.795809746,1
1999,1345,NaN,NaN,2
1999,1377,NaN,NaN,2
1999,1409,NaN,NaN,2
1999,1441,NaN,NaN,2
1999,1473,NaN,NaN,2
1999,1505,NaN,NaN,2
1999,1537,-82.02939606,-13.04563141,1
1999,1569,NaN,NaN,2
1999,1601,NaN,NaN,2
1999,1633,NaN,NaN,2
1999,1665,NaN,NaN,2
1999,1697,-61.35623932,-17.9503994,1
1999,1729,-54.48165894,-13.227108,1
1999,1761,-53.18778229,-12.89808083,1
1999,1793,-53.03614807,-10.90126038,1
1999,1825,-50.20508957,-11.5445261,1
1999,1857,NaN,NaN,2
1999,1889,-66.71372223,-12.39412308,1
1999,1921,NaN,NaN,2
1999,1953,-54.88706207,-16.55621719,1
1999,1985,NaN,NaN,2
1999,2017,NaN,NaN,2
