PIVlab, ASCII chart output - 02-Aug-2025
FRAME: 295, filenames: A:[295]FullStack_Pos0035_TgUtrmcherry_K4K8MO-1.avi & B:[296]FullStack_Pos0035_TgUtrmcherry_K4K8MO-1.avi, conversion factor xy (px -> m): 1, conversion factor uv (px/frame -> m/s): 1
x [px],y [px],u [px/frame],v [px/frame],Vector type [-]
9,10,-0.05897176266,-0.3307704926,1
9,18,-0.07415227592,-0.03823754191,1
9,26,-0.02331297845,-0.003297402523,1
9,34,-0.001542143524,0.03462616354,1
9,42,-0.005020331591,0.1441080272,1
9,50,-0.07122038305,0.1392627954,1
9,58,-0.1355359554,0.0205989331,1
9,66,-0.0541587472,0.05212666839,1
9,74,-0.06073561311,0.1743804961,1
9,82,-0.1340292394,0.1001873389,1
9,90,-0.09692324698,0.1480676532,1
9,98,-0.06168079376,0.1988616437,1
9,106,-0.1713653356,0.2243093997,1
9,114,-0.2142774165,0.142234996,1
9,122,-0.06415690482,0.004356645048,1
9,130,1.89319253e-05,0.02840414643,1
9,138,-0.07339345664,-0.09206264466,1
9,146,-0.1328129023,-0.05566199869,1
9,154,0.009998440742,-0.1679031253,1
9,162,-0.06084561348,-0.1418183297,1
9,170,-0.2199191451,-0.1547755301,1
17,10,0.08391592652,-0.154289633,1
17,18,-0.01019419171,-0.03579339385,1
17,26,-0.06412191689,-0.1769752502,1
17,34,-0.02071204036,0.05347415432,1
17,42,0.03258028626,0.09967131913,1
17,50,-0.07789988816,0.05764541775,1
17,58,-0.1026736796,-0.003582142293,1
17,66,-0.02302410454,-0.04390592873,1
17,74,0.006838619709,0.06485506147,1
17,82,-0.0515140295,0.01995316893,1
17,90,-0.06487177312,0.02859193832,1
17,98,-0.04448688775,0.0963575989,1
17,106,-0.03163664043,0.2023036331,1
17,114,0.01375465095,0.1844282746,1
17,122,-0.02573335171,0.0628875792,1
17,130,0.001901954412,0.02921016514,1
17,138,0.003160988912,-0.01652542502,1
17,146,-0.0236512702,-0.00537680462,1
17,154,0.02240528911,0.07893043011,1
17,162,-0.08903282881,-0.1248632073,1
17,170,-0.1957118809,-0.2321953177,1
25,10,0.1429976672,0.03960294276,1
25,18,-0.001960799098,0.006068881601,1
25,26,-0.1934109926,-0.1178091019,1
25,34,-0.1810808629,0.09002496302,1
25,42,-0.1994491369,0.02612386644,1
25,50,-0.1636786461,0.01819945127,1
25,58,-0.04663199186,0.004246156663,1
25,66,-0.122809954,-0.009553104639,1
25,74,-0.0705986768,0.01512536779,1
25,82,-0.06710009277,0.02782715857,1
25,90,-0.04501959682,0.007595159113,1
25,98,-0.006667787209,0.02350978553,1
25,106,0.1088840663,0.1517347097,1
25,114,0.3547912836,0.1650718004,1
25,122,0.05062679946,0.2121245265,1
25,130,-0.02804632857,0.1009992808,1
25,138,-0.02595070377,0.01360218227,1
25,146,0.1113141775,-0.02221495658,1
25,154,0.2088000923,0.1145702377,1
25,162,0.08111800998,-0.1286839843,1
25,170,-0.01859877631,-0.1518178433,1
33,10,0.1482798755,0.1145842969,1
33,18,-0.05592530221,-0.04673014209,1
33,26,-0.129753232,0.08031710237,1
33,34,-0.1162588894,0.08503215015,1
33,42,-0.1750390679,0.05559763685,1
33,50,-0.1561107188,0.03688891977,1
33,58,0.02804844454,0.06072579324,1
33,66,0.08916316926,0.110226728,1
33,74,-0.03652903065,0.09562677145,1
33,82,-0.1105218306,0.0474190563,1
33,90,-0.07110865414,0.02482877672,1
33,98,0.05149110407,-0.03299565613,1
33,106,0.1786494851,0.08337411284,1
33,114,0.05622904375,0.1388254762,1
33,122,0.05325248092,0.3548202813,1
33,130,-0.01890969649,0.1968027055,1
33,138,-0.1036426052,0.1927462518,1
33,146,0.04222077131,0.01113982499,1
33,154,0.187554732,0.06311950088,1
33,162,0.07419597358,-0.02620559558,1
33,170,0.04223826528,-0.008367620409,1
41,10,0.03187997639,0.06819967926,1
41,18,-0.05289809406,-0.04698939621,1
41,26,0.1031292155,0.01491706818,1
41,34,0.02647934109,0.0879996419,1
41,42,-0.1110608578,0.06779082119,1
41,50,-0.1522509456,0.02009972185,1
41,58,0.0290774554,0.03355575725,1
41,66,0.0623697266,0.1434180737,1
41,74,-0.07156016678,0.1185196042,1
41,82,-0.002103375271,0.1649066955,1
41,90,0.06278990954,0.09437844157,1
41,98,0.04392803833,0.009757943451,1
41,106,0.06874259561,0.04588279873,1
41,114,0.07588030398,0.1170151234,1
41,122,0.1044127569,0.09539352357,1
41,130,0.09830356389,0.06879635155,1
41,138,-0.03881370276,0.08105554432,1
41,146,-0.04863519594,-0.05974186212,1
41,154,0.08989944309,0.09498804808,1
41,162,0.08637198061,0.1043066233,1
41,170,0.1271002293,-0.005232676864,1
49,10,-0.04152531177,-0.04887647927,1
49,18,-0.05361264199,-0.05384569615,1
49,26,-0.02072402835,-0.0712242052,1
49,34,-0.119425714,0.09357792139,1
49,42,-0.1513420641,0.01246041805,1
49,50,-0.1141119301,0.06272958964,1
49,58,-0.08981744945,0.09122870117,1
49,66,-0.1593574584,0.1202520877,1
49,74,-0.1587356329,0.1566367447,1
49,82,0.06194901094,0.1919947267,1
49,90,0.08620457351,0.1129009873,1
49,98,0.006086066365,0.06940497458,1
49,106,0.0876371935,0.02195988595,1
49,114,0.1577083766,-0.012107905,1
49,122,0.04607274756,0.007177915424,1
49,130,0.09491096437,0.03248494118,1
49,138,0.07080435008,0.04499518499,1
49,146,0.07099317014,-0.06219438463,1
49,154,0.1439959407,0.03511906788,1
49,162,2.756342292e-05,0.06641564518,1
49,170,-0.02735736407,-0.01150864735,1
57,10,-0.1403796971,0.008665520698,1
57,18,-0.1562489867,-0.02733381838,1
57,26,-0.2568372786,0.0436456427,1
57,34,-0.315982312,0.1400470287,1
57,42,-0.04930243641,-0.1804805994,1
57,50,4.167854786e-05,0.01104113739,1
57,58,-0.1196979508,0.07308979332,1
57,66,-0.1641684771,0.08467176557,1
57,74,0.02120799571,0.1110863835,1
57,82,0.1673863828,0.056358248,1
57,90,0.1522777975,0.03371872753,1
57,98,0.1633406281,0.007500652224,1
57,106,0.1886427253,0.0006645098329,1
57,114,0.02885905653,0.02201514691,1
57,122,0.005208127201,0.04728344083,1
57,130,0.07566213608,0.004845625721,1
57,138,0.02383166924,-0.01054077968,1
57,146,-0.07209324837,-0.04058934748,1
57,154,-0.06148224697,-0.07885315269,1
57,162,-0.02769465744,-0.03230500221,1
57,170,-0.07660034299,0.05683506653,1
65,10,-0.2375174463,-0.01790115237,1
65,18,-0.1873403639,0.1315039247,1
65,26,-0.2250288129,0.1868775785,1
65,34,-0.2128675729,0.2029964179,1
65,42,-0.0694950074,0.003857456148,1
65,50,-0.008459918201,0.04898239672,1
65,58,-0.1473671794,0.08351196349,1
65,66,-0.08671488613,0.1196822673,1
65,74,0.04748733342,0.04315893352,1
65,82,0.1044128984,0.02682944015,1
65,90,0.0405735746,0.07128911465,1
65,98,0.1111285686,0.07374967635,1
65,106,0.1180223972,0.07561922073,1
65,114,0.0007460862398,0.0245205462,1
65,122,0.3408343792,-0.004327781498,1
65,130,0.1583103985,-0.0441938974,1
65,138,-0.1520162374,-0.06366202235,1
65,146,-0.218940407,-0.03709891811,1
65,154,-0.1298820674,0.08454362303,1
65,162,-0.1101119965,0.08145110309,1
65,170,-0.1245611608,0.1762108803,1
73,10,-0.3467838764,-0.0805612728,1
73,18,-0.09116020799,0.228937149,1
73,26,-0.0347238481,0.2075176835,1
73,34,-0.1083571389,0.1107166559,1
73,42,-0.004592582583,0.03759538382,1
73,50,0.01705888659,0.00405949913,1
73,58,-0.07314540446,0.1163564175,1
73,66,-0.0662387982,0.04958675802,1
73,74,0.1648679227,-0.02695519105,1
73,82,-0.03822694719,-0.03813650832,1
73,90,-0.1316601038,-0.01299971621,1
73,98,-0.05116061866,0.02827794105,1
73,106,-0.1133520752,0.06272147596,1
73,114,-0.09900014102,0.02876497805,1
73,122,0.07765515149,0.06801036,1
73,130,0.07529930025,0.1433811039,1
73,138,-0.1141889244,0.005397651345,1
73,146,-0.2256138325,0.09100186825,1
73,154,-0.1768687665,0.2109978795,1
73,162,-0.1019612327,0.2009996474,1
73,170,-0.1235327199,0.1877721846,1
81,10,-0.2896187305,-0.194690153,1
81,18,-0.1721118391,0.1817166358,1
81,26,-0.08992639184,0.2589432299,1
81,34,-0.0780134052,0.0953219682,1
81,42,0.01905423775,-0.03673785925,1
81,50,0.100527674,-0.2796342671,1
81,58,-0.002200610936,0.02211840823,1
81,66,-0.01765926555,-0.08253225684,1
81,74,-0.0008045956492,-0.08726243675,1
81,82,-0.1146538854,-0.04172852635,1
81,90,-0.09955978394,-0.02053270862,1
81,98,-0.1667020321,0.01298178732,1
81,106,-0.2489295602,0.07813774049,1
81,114,-0.1132293046,0.04955262691,1
81,122,0.02655571699,0.1312538683,1
81,130,0.04381867498,0.08668065816,1
81,138,-0.07282043993,0.1090909392,1
81,146,-0.0322890915,0.1250471622,1
81,154,-0.1324120164,0.1927701831,1
81,162,-0.1950456798,0.2147773504,1
81,170,-0.1720246375,0.04710578918,1
89,10,-0.1415930688,-0.1618430018,1
89,18,-0.3123532534,-0.06819456071,1
89,26,-0.251752615,0.01079431921,1
89,34,-0.007683753967,-0.001509876922,1
89,42,0.003585025668,-0.04798400402,1
89,50,-0.05803511292,-0.1256316602,1
89,58,-0.1668608636,-0.05349428952,1
89,66,-0.04433487356,-0.06538972259,1
89,74,-0.0818374455,-0.03620387614,1
89,82,-0.1277759522,0.0339038372,1
89,90,-0.1005530953,0.07595454901,1
89,98,-0.1894283891,0.08201510459,1
89,106,-0.188326627,0.02300517261,1
89,114,0.08651218563,-0.0244882293,1
89,122,0.1768725365,-0.1082388908,1
89,130,-0.04986552149,0.01012241095,1
89,138,-0.02960328944,0.1730001271,1
89,146,0.01752207987,0.11876598,1
89,154,-0.1655194163,0.2082016766,1
89,162,-0.2135997266,0.1617529094,1
89,170,0.002648510039,-0.007786765695,1
97,10,-0.02037023008,-0.07818159461,1
97,18,-0.2290022969,-0.1337340176,1
97,26,-0.2476049811,-0.1216984093,1
97,34,0.009968034923,-0.1045485586,1
97,42,-0.04075311497,-0.07831761241,1
97,50,-0.1135450602,-0.1344071627,1
97,58,-0.1323016733,-0.116744943,1
97,66,-0.06263096631,0.05662668496,1
97,74,-0.1064024195,0.1416705847,1
97,82,-0.03845867142,0.1621778756,1
97,90,0.03734824434,0.09892132133,1
97,98,-0.09605827928,0.01081807166,1
97,106,-0.113073796,-0.07051599771,1
97,114,-0.06129340827,-0.05982022732,1
97,122,0.02922886238,-0.1121333092,1
97,130,0.08974725008,-0.09099030495,1
97,138,0.101481095,0.009218968451,1
97,146,0.1047471464,0.1497088224,1
97,154,-0.05789121985,0.1112794802,1
97,162,-0.2094304562,0.005339577794,1
97,170,0.002323031425,0.006185844541,1
105,10,-0.1072781682,-0.1545609236,1
105,18,-0.1659708023,-0.2109361887,1
105,26,-0.3273974955,-0.08289603889,1
105,34,-0.03120274842,-0.03601232916,1
105,42,0.03214974701,-0.04267552868,1
105,50,0.02622593194,-0.117644988,1
105,58,0.09317338467,0.03703154996,1
105,66,-0.04062906653,0.1318825781,1
105,74,-0.07571703196,0.2076220214,1
105,82,-0.005868315697,0.2042963654,1
105,90,0.02187695168,0.03544721752,1
105,98,-0.04501039162,-0.03671947867,1
105,106,0.04711860418,-0.03691769764,1
105,114,0.0657184124,0.008993670344,1
105,122,-0.07693112642,0.04039595276,1
105,130,0.08671292663,0.09229573607,1
105,138,0.1113421321,-0.04520251602,1
105,146,0.04287749529,-0.09170763195,1
105,154,-0.06013681367,0.02392822504,1
105,162,-0.04516629875,-0.02026122436,1
105,170,0.0292668324,-0.09254311025,1
113,10,0.02181376517,-0.1767974198,1
113,18,-0.04842438549,-0.2759978771,1
113,26,-0.09221604466,-0.02530302107,1
113,34,0.0633110553,0.09306482226,1
113,42,0.2310305089,0.1041435897,1
113,50,0.22376436,-0.1300898939,1
113,58,0.1417543739,-0.07099211216,1
113,66,0.04336415604,0.03328569233,1
113,74,-0.06673926115,0.3283295929,1
113,82,-0.008360616863,0.2088884711,1
113,90,0.04513035715,0.06911850721,1
113,98,0.01354843378,0.001273918897,1
113,106,0.1549676508,0.07145649195,1
113,114,0.130463779,0.03571134433,1
113,122,-0.06567836553,0.1239570752,1
113,130,-0.08045437932,0.2170515656,1
113,138,0.02892004699,0.1148180664,1
113,146,0.1643139124,-0.07201011479,1
113,154,0.01737876609,0.01861107349,1
113,162,-0.06387223303,0.1348961145,1
113,170,-0.02129238844,-0.1574995369,1
121,10,0.04344692826,-0.07580329478,1
121,18,-0.007070090622,-0.09549733251,1
121,26,0.03397250921,-0.001425847411,1
121,34,0.1702409983,0.1923931539,1
121,42,0.1354469955,0.1125304401,1
121,50,0.04710927606,-0.09155314416,1
121,58,0.05853518844,-0.1557610631,1
121,66,0.1578730047,-0.1345870495,1
121,74,0.09091638029,0.1158694401,1
121,82,0.06826263666,0.1982575953,1
121,90,0.06127643585,0.17048347,1
121,98,0.03808144853,0.1675086617,1
121,106,0.04171783105,0.1452095807,1
121,114,0.06774314493,0.0979212597,1
121,122,-0.05161810666,0.1333779097,1
121,130,-0.2718481123,0.1367483288,1
121,138,-0.134708941,0.1783768684,1
121,146,-0.02072073147,0.1120338142,1
121,154,-0.0202300325,0.08617042005,1
121,162,-0.1248523295,0.1935471743,1
121,170,-0.1576812118,-0.1454644501,1
129,10,-0.06113667786,-0.00908318162,1
129,18,-0.01004292071,0.08446405083,1
129,26,0.103803657,-0.001785315573,1
129,34,0.3977961242,0.0642016679,1
129,42,0.2216988206,-0.01074039191,1
129,50,-0.0837475583,-0.1218276918,1
129,58,-0.009876638651,-0.07285606861,1
129,66,0.1176829562,-0.07860100269,1
129,74,0.1032590643,-0.07999560982,1
129,82,0.06473879516,0.03089052439,1
129,90,0.05405820161,0.03543055803,1
129,98,-0.02218430676,0.165815413,1
129,106,0.02515671961,0.1127551496,1
129,114,-0.008426568471,0.02390379459,1
129,122,-0.1645205915,0.05316884071,1
129,130,-0.1775291562,0.07834303379,1
129,138,-0.03711209446,0.3158990741,1
129,146,-0.01016525179,0.1954183728,1
129,154,-0.02305860072,0.1993245035,1
129,162,-0.1087380648,0.2133851349,1
129,170,-0.2476392984,0.07999387383,1
137,10,0.1953882724,0.1826827526,1
137,18,0.1626696736,0.1458843648,1
137,26,0.2083911896,0.04152465612,1
137,34,0.2787054181,-0.06465504318,1
137,42,0.2676513195,-0.06173499674,1
137,50,0.005352735519,-0.05417805165,1
137,58,-0.02083320171,-0.127862379,1
137,66,0.2164637893,-0.2228466719,1
137,74,0.08715924621,-0.1293248385,1
137,82,-0.0183555074,-0.03200124577,1
137,90,0.06847656518,-0.02468824387,1
137,98,0.09742016345,0.08789675683,1
137,106,0.02145272866,0.09016234428,1
137,114,-0.03540519997,-0.3001089692,1
137,122,-0.06839035451,0.03704665601,1
137,130,0.08023381233,0.08939628303,1
137,138,0.08258807659,0.2524343133,1
137,146,0.002440119162,0.1378933042,1
137,154,0.02588434517,0.1987035573,1
137,162,-0.05698377639,0.208909899,1
137,170,-0.1840780079,-0.08033958077,1
145,10,0.1489888579,0.1038341522,1
145,18,0.1159328222,0.006952449679,1
145,26,0.2611446083,-0.003870941699,1
145,34,0.3913928866,0.01157933287,1
145,42,0.2853683233,-0.04000969231,1
145,50,0.06516821682,-0.01403879747,1
145,58,0.01616742089,-0.1680287719,1
145,66,0.01444839314,-0.1665184796,1
145,74,-0.067182675,0.02374651283,1
145,82,-0.05452828109,0.02611142024,1
145,90,-0.03111225367,-0.173133716,1
145,98,-0.07363326102,-0.02625822276,1
145,106,-0.0577019006,0.06778732687,1
145,114,0.0385177955,0.06710386276,1
145,122,0.06358510256,0.0107306242,1
145,130,0.06420722604,-0.0546335876,1
145,138,0.07309860736,0.02963468432,1
145,146,0.056897223,0.091366373,1
145,154,-0.08659954369,0.04907989502,1
145,162,-0.1350026876,0.07582938671,1
145,170,-0.126164645,-0.252258718,1
153,10,0.008107185364,0.1053782552,1
153,18,-0.01046065241,0.02378998138,1
153,26,0.07273747027,0.03117723204,1
153,34,0.2335197777,-0.0334183313,1
153,42,0.1758558601,-0.02012777701,1
153,50,0.1083339453,0.007339593023,1
153,58,-0.1484345049,0.07319499552,1
153,66,-0.2911922932,0.08926907927,1
153,74,-0.2344201207,0.08202300221,1
153,82,-0.03225339577,0.04409277439,1
153,90,0.07799554616,-0.2283272594,1
153,98,-0.06178122014,-0.02229753882,1
153,106,-0.03359624743,-0.005065619946,1
153,114,0.002377033234,0.03126935661,1
153,122,-0.1781071126,-0.1590668261,1
153,130,-0.08739360422,-0.1903955936,1
153,138,0.09654900432,-0.001742096618,1
153,146,0.07715529948,0.2211393714,1
153,154,-0.0487620607,-0.008890725672,1
153,162,-0.122144118,-0.1072975397,1
153,170,-0.1292404234,-0.3394150138,1
161,10,0.01714705676,0.2142013758,1
161,18,-0.1045754477,0.0450627692,1
161,26,0.09507809579,-0.07460714877,1
161,34,0.1685262173,-0.09271266311,1
161,42,0.1412871629,0.01890949532,1
161,50,0.1764247566,0.02560521662,1
161,58,0.1020011604,0.03889512271,1
161,66,-0.06193325296,0.03828564286,1
161,74,-0.0830514878,0.11755988,1
161,82,-0.04103279114,0.1217606366,1
161,90,-0.01110745221,-0.1167560816,1
161,98,0.07432771474,0.06089501083,1
161,106,-0.0323299244,-0.08747179806,1
161,114,-0.1628397107,-0.0977961421,1
161,122,-0.189536348,-0.2731946111,1
161,130,-0.05603178218,-0.1465455741,1
161,138,0.01473113894,0.07079850137,1
161,146,0.03988559544,0.2248193175,1
161,154,0.07431617379,0.172549367,1
161,162,0.02047216147,0.054686822,1
161,170,-0.1229141951,-0.1002814174,1
169,10,0.0336169377,0.1378675401,1
169,18,0.06027165055,-0.0467447266,1
169,26,0.1470218599,-0.1457318068,1
169,34,0.09135960042,0.06339537352,1
169,42,0.1635361761,-0.04930539429,1
169,50,0.1156363413,-0.02418339625,1
169,58,0.111524716,0.06609541178,1
169,66,0.1464944035,0.02318033576,1
169,74,-0.1185697541,0.02051723748,1
169,82,-0.2754893005,-0.01301705837,1
169,90,-0.1595446914,0.01949285343,1
169,98,0.01141344104,-0.1188520417,1
169,106,0.02739608288,-0.1207271665,1
169,114,-0.09304444492,-0.1088568568,1
169,122,-0.100089103,-0.2829850912,1
169,130,-0.05279691517,-0.1938173622,1
169,138,0.04887017608,0.0302465111,1
169,146,0.1572142839,0.159134388,1
169,154,0.09473273158,0.2837803364,1
169,162,0.03140361235,0.1073784381,1
169,170,-0.08665668964,-0.05927620828,1
177,10,0.07465110719,0.0880933404,1
177,18,0.06534001976,0.02636570483,1
177,26,0.14351511,-0.03694146127,1
177,34,0.1155746058,0.03428734839,1
177,42,0.08029042929,0.0162567012,1
177,50,0.07107244432,0.1005830914,1
177,58,0.1595951617,0.2011577189,1
177,66,0.09419849515,-0.07160211354,1
177,74,-0.06874676049,-0.01769453287,1
177,82,-0.1413952261,0.00725575909,1
177,90,-0.03732120991,0.05047729611,1
177,98,0.09226251394,-0.09344244748,1
177,106,0.05271138251,-0.1381779015,1
177,114,-0.1061494723,-0.1406285465,1
177,122,-0.1140322536,-0.3103532195,1
177,130,-0.05864100158,-0.234387517,1
177,138,-0.05177584291,0.04625602812,1
177,146,0.03360413015,0.08001559228,1
177,154,0.01398036815,0.09543973207,1
177,162,-0.007177427411,0.03719768673,1
177,170,-0.01107633114,-0.04159511626,1
185,10,0.05943222344,0.03013749421,1
185,18,0.03260688484,0.02990686521,1
185,26,0.07539180666,0.02591760084,1
185,34,-0.02594812214,0.07660699636,1
185,42,-0.07769067585,0.1061597988,1
185,50,0.008261229843,0.205222711,1
185,58,0.09094247967,0.06824152172,1
185,66,0.09930716455,0.04627920687,1
185,74,0.07389703393,0.07819037139,1
185,82,-0.03189951181,0.05254601687,1
185,90,-0.07613972574,0.06785838306,1
185,98,-0.03162736446,-0.0005997549742,1
185,106,-0.08498678356,-0.1136362031,1
185,114,-0.1217349544,-0.05466905981,1
185,122,-0.01378750429,-0.1472260803,1
185,130,-0.003545213491,-0.1189093813,1
185,138,-0.02304784209,0.04332441837,1
185,146,-0.07865178585,0.06851845235,1
185,154,-0.07193462551,-0.05583670735,1
185,162,-0.08101332188,0.01098377258,1
185,170,-0.1081467569,0.1304757744,1
193,10,0.02765085548,-0.07939232886,1
193,18,-0.03442205489,-0.03232987598,1
193,26,-0.2711538076,0.03306203336,1
193,34,-0.2047851384,0.2501501441,1
193,42,-0.00851207599,0.213679269,1
193,50,-0.02744465508,0.2077805996,1
193,58,-0.04238623381,0.0309397094,1
193,66,0.0005595684052,0.09766092896,1
193,74,0.04819069058,0.1286076605,1
193,82,0.03988118842,0.08181902021,1
193,90,-0.1352152526,0.02935570106,1
193,98,-0.1848888695,0.0591670312,1
193,106,-0.1524892002,-0.05982325971,1
193,114,-0.09236656129,0.01053871214,1
193,122,-0.0181928575,0.05906496942,1
193,130,-0.07634606212,0.01408443227,1
193,138,-0.1190808192,-0.003411794081,1
193,146,-0.2211295366,0.0153362304,1
193,154,-0.2034258842,-0.2016187161,1
193,162,-0.1082551777,-0.08681875467,1
193,170,-0.09392765164,0.06177073717,1
201,10,0.01652207226,0.008630100638,1
201,18,0.107096374,0.0697337091,1
201,26,-0.0921254456,-0.007394060493,1
201,34,-0.1502368897,0.2120347172,1
201,42,0.003729015589,0.3237967789,1
201,50,0.01284746081,0.163486436,1
201,58,0.0136849219,0.06616065651,1
201,66,0.07730410993,0.08816993237,1
201,74,0.06397072226,0.1667932272,1
201,82,0.005770787597,0.1250065565,1
201,90,-0.1154022589,0.1074221656,1
201,98,-0.1238394007,0.07370576262,1
201,106,-0.1309112012,0.0444226712,1
201,114,-0.1506164372,0.04797451571,1
201,122,-0.05639223754,0.1043372974,1
201,130,-0.08872047067,0.03040143102,1
201,138,-0.05671653152,0.01602089405,1
201,146,-0.0582927987,0.0460937731,1
201,154,-0.09473144263,-0.2048873007,1
201,162,-0.06342040747,-0.09979178756,1
201,170,0.03089438006,0.01931525767,1
209,10,-0.003502616659,0.191978544,1
209,18,0.01589270495,0.1233189106,1
209,26,-0.007144669071,-0.1041254997,1
209,34,-0.160556823,0.002609878778,1
209,42,-0.1385852396,0.1232066378,1
209,50,-0.08057886362,0.09754265845,1
209,58,0.04419879988,0.07234128565,1
209,66,0.1214724034,0.110950999,1
209,74,0.003491152078,0.130019635,1
209,82,-0.1117156073,0.1478554308,1
209,90,-0.1617990434,0.1368262768,1
209,98,-0.08850134164,0.01302405447,1
209,106,-0.02006164193,0.01672469079,1
209,114,0.09549416602,0.221840471,1
209,122,0.1341891438,0.1059779003,1
209,130,-0.08294087648,0.03394971788,1
209,138,-0.0008907616138,0.0360045284,1
209,146,0.1196130738,0.07820495218,1
209,154,0.113806352,-0.02249239385,1
209,162,0.0993040055,-0.0698164776,1
209,170,0.09990608692,0.1022064686,1
217,10,0.1409896463,0.1282728612,1
217,18,0.08111494035,-0.01500755176,1
217,26,0.0527966693,-0.140527755,1
217,34,-0.1283670813,-0.1622234583,1
217,42,-0.1195555627,-0.1048711985,1
217,50,-0.07782600075,0.06440117955,1
217,58,-0.07944989204,0.1231701076,1
217,66,-0.01049146801,0.1777418256,1
217,74,-0.04438772798,0.2170077562,1
217,82,-0.1388674974,0.09336417913,1
217,90,-0.2973276079,0.03063911572,1
217,98,-0.2849817872,-0.1477490962,1
217,106,-0.09875176102,-0.03549753875,1
217,114,0.04385140166,0.1577557027,1
217,122,0.04399162158,0.1307136416,1
217,130,-0.003969024867,0.0837058872,1
217,138,0.02493148111,0.03688863292,1
217,146,-0.02610836178,-0.02037186548,1
217,154,-0.03588410094,-0.09003489465,1
217,162,0.09363348782,-0.1500547975,1
217,170,0.1746726781,-0.008645243943,1
225,10,0.1375685632,-0.1420973688,1
225,18,0.08080341667,-0.06025823578,1
225,26,0.09869197756,0.01625415683,1
225,34,0.05649090558,-0.1073910892,1
225,42,0.02745701745,0.003976184875,1
225,50,-0.04662830383,0.07093991339,1
225,58,-0.1734748185,0.03485135734,1
225,66,-0.2983815074,0.1958657801,1
225,74,-0.1868094802,0.2689240277,1
225,82,-0.100751847,0.09938257188,1
225,90,-0.2568822801,0.06777618825,1
225,98,-0.3971408308,-0.03081525676,1
225,106,-0.22882846,-0.03691404313,1
225,114,-0.04622325301,-0.05308585614,1
225,122,-0.04693735391,0.04756496474,1
225,130,-0.01631420478,0.03517414629,1
225,138,0.001023209654,-0.008108476177,1
225,146,-0.06512765586,-0.0177780427,1
225,154,-0.1420716196,-0.09406597167,1
225,162,-0.01704538986,0.01207570918,1
225,170,0.09310308099,-0.07881167531,1
233,10,0.0230339244,-0.1871026754,1
233,18,0.05826574564,-0.05968531221,1
233,26,0.09214708209,0.04262710363,1
233,34,0.1319029927,0.04243136942,1
233,42,0.1034873351,0.1714444458,1
233,50,0.03190546483,0.06778018922,1
233,58,-0.09474772215,-0.03295491636,1
233,66,-0.1851436198,0.1949532926,1
233,74,-0.2046945542,0.1055316702,1
233,82,-0.1332488507,0.2193253934,1
233,90,-0.09739980102,0.2810682058,1
233,98,-0.1489944458,0.1701276451,1
233,106,-0.2102554142,0.11147286,1
233,114,-0.05865494907,-0.01154974848,1
233,122,-0.002872761339,-0.06221213564,1
233,130,-0.07345565408,-0.06163913757,1
233,138,-0.07607592642,0.01967439614,1
233,146,-0.1605559289,0.08834449947,1
233,154,-0.275064677,0.1417234838,1
233,162,-0.1397362053,0.1466631889,1
233,170,0.1035482734,0.0612722747,1
241,10,-0.1012537926,-0.2465004772,1
241,18,0.0371620208,-0.05821263418,1
241,26,0.08054962754,0.03016950935,1
241,34,0.1080453545,0.1272084117,1
241,42,0.1242597401,0.1417766511,1
241,50,0.04855243489,0.07050196826,1
241,58,-0.03275749087,0.1307805479,1
241,66,-0.08463038504,0.2126708776,1
241,74,-0.3465644717,-0.08725863695,1
241,82,-0.194074735,0.1211667433,1
241,90,0.03084439784,0.08251465857,1
241,98,-0.09046588093,-0.01034207642,1
241,106,-0.1694482863,0.08060141653,1
241,114,-0.1242586821,0.02168682963,1
241,122,-0.07786396891,-0.02051528729,1
241,130,-0.1401594579,-0.0206704475,1
241,138,-0.1821293831,0.00536789652,1
241,146,-0.193157047,0.1559811682,1
241,154,-0.1047326624,0.1644955128,1
241,162,-0.1032063663,-0.03070678189,1
241,170,0.08518335223,-0.06298256665,1
249,10,-0.2353392541,-0.2518646717,1
249,18,-0.01280568168,-0.0340186879,1
249,26,0.06320075691,0.03362342715,1
249,34,0.1003749147,0.1206792966,1
249,42,0.1923249364,0.1761940569,1
249,50,0.1816918999,0.2833223343,1
249,58,0.01114701852,0.2467214018,1
249,66,-0.0804534182,0.05765905976,1
249,74,-0.1331880093,0.01837362349,1
249,82,0.001275010407,0.06312485039,1
249,90,-0.02027546242,0.01161807775,1
249,98,-0.1838727444,-0.02209779248,1
249,106,-0.03043956868,-0.03406597301,1
249,114,-0.0417214483,0.001516837627,1
249,122,-0.03898593783,0.0122379018,1
249,130,-0.09950648248,0.05762854218,1
249,138,-0.2057123631,-0.01588691585,1
249,146,-0.2549003363,-0.04720119387,1
249,154,-0.2056400925,0.1733483672,1
249,162,-0.1263254285,-0.01460403204,1
249,170,-0.05258674175,-0.1955088973,1
257,10,-0.080545187,-0.1168813631,1
257,18,0.02220957726,-0.005377925932,1
257,26,0.02493131533,0.02472781204,1
257,34,0.07103699446,0.06672690809,1
257,42,0.08814519644,0.277592063,1
257,50,0.04562157393,0.190817982,1
257,58,-0.08219110221,0.1415814012,1
257,66,-0.2269870341,0.07207470387,1
257,74,-0.1204912439,0.1232220381,1
257,82,0.0981778428,0.1212762818,1
257,90,0.01273366995,0.06418629736,1
257,98,-0.01696687005,0.07914628088,1
257,106,0.06598731875,0.03287620842,1
257,114,0.0003862977028,0.08152499795,1
257,122,-0.009915243834,0.06041713059,1
257,130,0.005252502859,0.04678855091,1
257,138,-0.04670621455,0.04718887433,1
257,146,-0.06709112972,-0.05413684994,1
257,154,-0.1548861563,0.1030671,1
257,162,-0.1648277491,-0.01105453074,1
257,170,-0.04067696631,-0.05784007534,1
265,10,0.06890511513,-0.1464954764,1
265,18,0.1378450394,-0.1160199717,1
265,26,0.02089302801,-0.08413498849,1
265,34,-0.001989491284,0.01713809185,1
265,42,-0.0101007279,0.09905678034,1
265,50,-0.1177158281,-0.1328289658,1
265,58,-0.1128034517,-0.1600762308,1
265,66,-0.112579979,0.1164256185,1
265,74,-0.161968261,0.2863117456,1
265,82,-0.08577796072,0.1796755195,1
265,90,-0.04050324112,-0.01096640527,1
265,98,-0.2279809564,-0.1820301265,1
265,106,-0.009585226886,-0.03543537483,1
265,114,0.06239789724,0.09630339593,1
265,122,-0.01880320348,0.05960898101,1
265,130,-0.03361044452,0.01230046898,1
265,138,-0.05609247088,0.1026720107,1
265,146,-0.1062632874,0.04428804666,1
265,154,-0.1368023902,0.02918210998,1
265,162,-0.08931805193,-0.02352239564,1
265,170,-0.09448258579,0.08895311505,1
273,10,0.03251178563,-0.1527049989,1
273,18,0.07267680764,-0.1527947187,1
273,26,0.04328301549,-0.0822981745,1
273,34,0.1049013659,-0.04496149346,1
273,42,0.05677374452,-0.08073952794,1
273,50,0.07937334478,-0.150021106,1
273,58,0.0358834751,-0.09676318616,1
273,66,-0.1879554689,0.09193927795,1
273,74,-0.1618424654,0.1782959253,1
273,82,-0.05861061811,0.1567053497,1
273,90,-0.09146376699,-0.1131592542,1
273,98,-0.2567612231,-0.3905160129,1
273,106,0.02282859758,-0.0575395599,1
273,114,0.03697115555,-0.07689001411,1
273,122,-0.009489029646,-0.05316150188,1
273,130,-0.05121099204,0.06125139818,1
273,138,-0.06860055774,0.1019917056,1
273,146,-0.1279371083,0.1656845212,1
273,154,-0.05435560644,0.1112112477,1
273,162,-0.0465528667,0.04155763984,1
273,170,-0.05044478923,0.05581180006,1
281,10,0.02246639505,-0.08840527385,1
281,18,-0.03485243022,0.0183250159,1
281,26,-0.1075478196,-0.02147636376,1
281,34,-0.05690902472,0.03511892632,1
281,42,-0.0969016701,0.06576386839,1
281,50,-0.02048712969,0.005488287657,1
281,58,-0.007562696934,0.1450627744,1
281,66,-0.149716571,0.1248147339,1
281,74,-0.1172762513,-0.0008758753538,1
281,82,0.002299785614,0.1126288921,1
281,90,-0.02176617831,0.1518557072,1
281,98,0.02856534719,0.0005489438772,1
281,106,-0.07393515855,0.08385461569,1
281,114,-0.196510464,0.08981104195,1
281,122,-0.117178157,-0.2227543145,1
281,130,-0.1210864633,-0.0135962991,1
281,138,-0.1090849787,0.09941566736,1
281,146,-0.04878785834,0.1648547947,1
281,154,-0.1019417644,0.1072023436,1
281,162,-0.05437973887,0.04543671012,1
281,170,0.08859132975,-0.02769873478,1
289,10,-0.0938103348,-0.03342083097,1
289,18,0.01688412204,0.03125306219,1
289,26,0.1521678567,-0.02269892022,1
289,34,-0.02501036972,0.06653340161,1
289,42,-0.2564325333,0.1263481975,1
289,50,-0.2551331222,0.1764597446,1
289,58,-0.04448726773,0.172436744,1
289,66,0.09688520432,0.1807776093,1
289,74,-0.02887995169,0.1200349703,1
289,82,-0.09881138802,0.03386559337,1
289,90,-0.1076900959,0.1112689748,1
289,98,-0.1096541733,0.03274598345,1
289,106,-0.1134360433,-0.135716185,1
289,114,-0.05601950735,-0.1420117617,1
289,122,0.005150295794,-0.339330554,1
289,130,-0.03407159448,-0.1200536788,1
289,138,-0.108952269,0.08211681992,1
289,146,-0.07977473736,0.04214587063,1
289,154,-0.02606594004,0.05856469274,1
289,162,0.1405205876,0.09942016006,1
289,170,0.1164741665,-0.03037448972,1
297,10,-0.1501608789,0.1783722341,1
297,18,0.01139435358,0.07537456602,1
297,26,0.09931408614,0.03562583029,1
297,34,-0.08937539905,0.07356385887,1
297,42,-0.349562943,0.004323840141,1
297,50,-0.2726662755,0.005533501506,1
297,58,-0.03024207056,0.07865743339,1
297,66,0.06484816968,0.06250725687,2
297,74,0.179144308,0.1215585768,1
297,82,-0.1596938074,0.01201632805,1
297,90,-0.3165432811,-0.07411877811,1
297,98,-0.2257636786,-0.02108898759,1
297,106,-0.09532400966,-0.02931191027,1
297,114,-0.04062280431,-0.05302278697,1
297,122,-0.04305019602,-0.1042112187,1
297,130,-0.08701398969,0.01267647371,1
297,138,-0.04966209084,0.04493114352,1
297,146,0.03964643553,0.1822661161,1
297,154,0.03808645904,0.1684491336,1
297,162,0.04848219827,0.1157305092,1
297,170,0.17889449,-0.08652549237,1
305,10,-0.2260751277,0.4197138548,1
305,18,-0.1287254095,0.05820041895,1
305,26,0.06128817797,-0.02840414643,1
305,34,-0.03560578451,0.08719958365,1
305,42,-0.1432341635,0.0375617817,1
305,50,-0.1559026539,-0.09451581538,1
305,58,-0.1815323532,-0.1947050989,1
305,66,0.01360523328,-0.1309645772,1
305,74,0.03436801955,-0.04774557054,1
305,82,0.04140504077,-0.01822774857,1
305,90,0.01768553257,-0.1461839229,1
305,98,-0.08297161013,-0.1227157563,1
305,106,-0.00196839124,-0.05514293909,1
305,114,-0.02895163,-0.05168493092,1
305,122,-0.1141908467,-0.07074090093,1
305,130,-0.1841443181,0.09483794868,1
305,138,-0.02274331078,0.09905158728,1
305,146,0.1511050612,0.1731390208,1
305,154,0.0893195346,0.1440519243,1
305,162,0.0762847811,-0.01343373582,1
305,170,0.1917603314,-0.04180713743,1
313,10,-0.1109886467,0.3030840755,1
313,18,-0.04065621644,0.01831252128,1
313,26,0.1689915061,-0.1454515606,1
313,34,0.2223163545,-0.02613826096,1
313,42,0.08337336034,0.05881870538,1
313,50,-0.03811983764,-0.05989542603,1
313,58,-0.1153409779,-0.1550212055,1
313,66,-0.03230895102,-0.08540194482,1
313,74,0.02733827196,-0.1616248786,1
313,82,0.06600022316,-0.1309160143,1
313,90,0.1122406125,-0.2797908783,1
313,98,-0.001256730407,-0.2180109173,1
313,106,-0.1324688792,-0.2583819628,1
313,114,-0.1393021941,-0.01649209112,1
313,122,-0.09846262634,0.1006532311,1
313,130,-0.04214885831,0.1864130646,1
313,138,0.0006904676557,0.1652295589,1
313,146,-0.05362030864,0.09965582192,1
313,154,-0.09148965776,-0.01405763626,1
313,162,-0.007302572951,0.07822278142,1
313,170,0.1227627397,-0.01577173173,1
321,10,-0.05422446132,0.1900399327,1
321,18,0.0737535581,0.03260705248,1
321,26,0.1822439134,-0.09058658034,1
321,34,0.2119548023,-0.1005351767,1
321,42,0.07866249979,-0.1072827131,1
321,50,0.007803209126,-0.1306279004,1
321,58,-0.03015881032,-0.09060239792,1
321,66,-0.02050230093,-0.1016077846,1
321,74,0.08863184601,-0.186455518,1
321,82,0.1047413349,-0.09422431886,1
321,90,0.09851385653,-0.1003271267,1
321,98,-0.08678644896,0.03600104153,1
321,106,-0.2092687041,0.07566459477,1
321,114,-0.1216623336,0.2307726145,1
321,122,-0.06765940785,0.2969183922,1
321,130,0.03427799419,0.2189432532,1
321,138,0.04622306675,0.1493723392,1
321,146,-0.05117413029,0.1245249882,1
321,154,-0.04302806407,-0.0006379932165,1
321,162,0.03886559233,0.05045408756,1
321,170,0.003444723785,-0.06330386549,1
329,10,0.007553294301,0.08176394552,1
329,18,0.08396074921,0.04462197423,1
329,26,0.03099166602,-0.09105854481,1
329,34,0.1570937335,-0.1114609018,1
329,42,0.004576563835,-0.2002303004,1
329,50,-0.1371856481,-0.2563792765,1
329,58,-0.1074315608,-0.1300871819,1
329,66,-0.1205070838,-0.13293235,1
329,74,-0.09116868675,-0.1788615286,1
329,82,0.08497365564,-0.1429641545,1
329,90,-0.00407150574,-0.05420976877,1
329,98,-0.05529684946,0.08651634306,1
329,106,0.02797472849,0.1610215604,1
329,114,0.1558823586,0.3209155202,1
329,122,0.1369602531,0.1401161551,1
329,130,0.0130459331,0.004818290472,1
329,138,0.09590446949,0.1945819557,1
329,146,0.008204216138,0.1401282549,1
329,154,0.002523906529,-0.0309652444,1
329,162,-0.0660071969,-0.00768740382,1
329,170,-0.1048292592,-0.01286158338,1
337,10,-0.008903443813,-0.05323368311,1
337,18,0.04928028956,-0.1100327596,1
337,26,-0.04170852527,-0.1906185746,1
337,34,-0.004626698792,-0.06481336802,1
337,42,0.02156256512,-0.0991371572,1
337,50,-0.004984569736,-0.1242232323,1
337,58,-0.08589023352,-0.05433841422,1
337,66,-0.2050780952,0.02138310671,1
337,74,-0.2460466325,-0.06797271222,1
337,82,0.07285122573,-0.1437468529,1
337,90,0.1844505966,-0.06630052626,1
337,98,0.1381471008,-0.08188191056,1
337,106,0.07875985652,-0.06347088516,1
337,114,0.1232884079,0.0701520294,1
337,122,0.1655001491,0.1100477576,1
337,130,-0.1427481472,-0.03730802238,1
337,138,-0.02942549437,0.2063860595,1
337,146,-0.0002913912758,0.08540678024,1
337,154,-0.02868884057,0.03317429125,1
337,162,-0.03133737668,0.1506407261,1
337,170,-0.02122998238,0.02423274517,1
345,10,-0.1521815509,-0.03736100346,1
345,18,0.062897183,-0.2779821455,1
345,26,-0.007811330259,-0.2881507277,1
345,34,-0.07516781241,-0.07080946863,1
345,42,0.0233066678,0.04896014929,1
345,50,0.01139609143,0.08056741953,1
345,58,-0.1477875113,0.04587043449,1
345,66,-0.2679164708,0.06862179935,1
345,74,-0.2026111633,0.02582215518,1
345,82,0.06551474333,-0.06808140874,1
345,90,0.1210181639,-0.01802335493,1
345,98,0.1132200733,-0.04090582952,1
345,106,-0.0005037076771,-0.1743927002,1
345,114,-0.02502381802,-0.1008915007,1
345,122,0.09983175993,0.0629010126,1
345,130,0.06713719666,0.01615724713,1
345,138,-0.03739957511,0.1180061549,1
345,146,-0.01781826839,0.1874390692,1
345,154,-0.08700495958,0.132697776,1
345,162,-0.1547909379,0.08802102506,1
345,170,-0.06251931936,0.08765864372,1
353,10,-0.05786190927,-0.05131603032,1
353,18,0.04693071544,-0.2167387903,1
353,26,0.1032453775,-0.2291899174,1
353,34,0.06265121698,-0.2395536005,1
353,42,0.05517849699,-0.1006010994,1
353,50,0.01432328112,-0.1095064059,1
353,58,-0.1881198883,-0.05562929809,1
353,66,-0.1573653519,0.0007898136973,1
353,74,-0.1542212665,0.1989691108,1
353,82,-0.1675212979,0.08629915118,1
353,90,-0.1157928035,0.06753925979,1
353,98,-0.0325522013,0.0601285249,1
353,106,-0.009131308645,-0.1025592089,1
353,114,0.01161813736,-0.2463487387,1
353,122,0.1393309385,-0.1885419488,1
353,130,-0.0004120618105,-0.09837396443,1
353,138,-0.0325447768,0.04876463115,1
353,146,-0.01130580902,0.05966270342,1
353,154,-0.0833747685,-0.01901090145,1
353,162,-0.1030909941,-0.05851982906,1
353,170,-0.0919271335,0.07142388821,1
361,10,-0.06323547661,0.08380781114,1
361,18,0.01786850207,0.02242156118,1
361,26,0.04808002338,-0.1003637463,1
361,34,0.06607142836,-0.1890471727,1
361,42,0.08231393993,-0.1773244739,1
361,50,-0.0867061913,-0.09613670409,1
361,58,-0.1770250499,0.07097604871,1
361,66,-0.3207041025,0.1182263717,1
361,74,-0.3967177868,0.3343846202,1
361,82,-0.06545047462,0.1218225881,1
361,90,0.004017218947,0.09213043749,1
361,98,0.06076607853,-0.01086135115,1
361,106,0.0143469153,-0.0908094123,1
361,114,0.07693662494,-0.1330162883,2
361,122,0.08577547967,-0.02598651126,1
361,130,-0.06980745494,-0.08072651923,1
361,138,-0.03833187371,-0.03334810585,1
361,146,0.0005653686821,-0.06786119938,1
361,154,0.07402642071,-0.1805641055,1
361,162,0.08565734327,-0.1395113468,1
361,170,0.004725605249,-0.02834248543,1
369,10,-0.09176546335,0.1593842953,1
369,18,0.04935929924,0.009010393173,1
369,26,0.1336423457,-0.09716747701,1
369,34,0.1973753572,-0.04472988844,1
369,42,0.1166670918,0.14474006,1
369,50,-0.1150422096,0.01395784318,1
369,58,-0.147287637,0.1466822326,1
369,66,-0.2597579956,-0.03470429778,1
369,74,-0.2619432807,-0.1171426177,1
369,82,-0.1292326003,-0.0492413193,1
369,90,-0.01113957167,0.08826669306,1
369,98,0.01765315793,-0.01654288545,1
369,106,0.02707058936,-0.1011539847,1
369,114,0.1960059553,-0.168920517,1
369,122,0.1034307629,0.03364143148,1
369,130,0.0444872044,-0.0396232605,1
369,138,0.09628924727,-0.1261363775,1
369,146,0.1994904578,-0.1044619232,1
369,154,0.2394655496,-0.2226631641,1
369,162,0.2039299905,-0.1377055645,1
369,170,0.132919699,-0.03480051458,1
377,10,0.04683480784,0.1227244362,1
377,18,0.1162411422,-0.00943435356,1
377,26,0.09560384601,-0.04405200854,1
377,34,0.1060642302,0.08909653127,1
377,42,0.04536440596,0.216555357,1
377,50,-0.01483663917,0.09475252032,1
377,58,-0.1236032173,0.09279158711,1
377,66,-0.1586520523,0.03335159272,1
377,74,-0.01728635281,-0.0788076818,1
377,82,-0.04866635799,-0.1076937243,1
377,90,-0.1634801328,0.06439020485,1
377,98,-0.0744626224,0.1160963997,1
377,106,0.02193616703,0.04583005235,1
377,114,-0.05608469993,0.00193817541,1
377,122,0.01516732201,0.08204718679,1
377,130,0.090902403,0.01952009089,1
377,138,0.1707771868,-0.05415259302,1
377,146,0.2566263378,-0.1030377522,1
377,154,0.2175091803,-0.088018246,1
377,162,0.2419497073,-0.1335034668,1
377,170,0.2127830684,-0.1981189549,1
385,10,0.06592676789,0.1428363621,1
385,18,0.06627615541,-0.04228522256,1
385,26,0.1227850169,-0.08278775215,1
385,34,0.04227456078,0.1303142905,1
385,42,-0.08081533015,0.07965794206,1
385,50,-0.08651021123,0.1624300331,1
385,58,-0.07031870633,0.1281119138,1
385,66,0.1884739697,0.3476202488,1
385,74,-0.03578384221,0.05623825639,1
385,82,-0.07277332246,-0.07464264333,1
385,90,0.03629586846,-0.05308761448,1
385,98,0.04695278406,0.1778316498,1
385,106,0.03508273512,0.1070197672,1
385,114,-0.1364194602,0.09491290152,1
385,122,-0.07777181268,0.07442376018,1
385,130,0.1520958394,0.07145175338,1
385,138,0.174749583,-0.04738031328,1
385,146,0.1532900035,-0.07482384145,1
385,154,0.2053848654,-0.02085387707,1
385,162,0.2690573931,-0.08416327834,1
385,170,0.1425488591,-0.1764681339,1
393,10,-0.1014659554,0.1658670902,1
393,18,-0.02983237617,-0.01078047045,1
393,26,0.06387579441,-0.08419197798,1
393,34,0.07548800111,0.01744238287,1
393,42,-0.1061014012,0.08312699944,1
393,50,-0.2200565189,0.136373803,1
393,58,-0.2672702372,-0.01794602722,1
393,66,0.08124230802,0.2077669948,1
393,74,0.03097089194,0.03482796997,1
393,82,0.01166559756,0.008152512833,1
393,90,0.1865080297,0.02524119802,1
393,98,0.1231174469,0.2735305429,1
393,106,-0.06605310738,0.1073727608,1
393,114,-0.09229160845,-0.008782848716,1
393,122,0.1757072508,-0.01781899482,1
393,130,0.2003953159,0.01157332212,1
393,138,0.178368777,-0.03812231123,1
393,146,0.205081746,0.03257319331,1
393,154,0.006405651569,0.008807016537,1
393,162,0.04270329326,-0.0776258409,1
393,170,0.1447807848,-0.05143289268,1
401,10,0.06441414356,0.1829113215,1
401,18,0.1039338708,0.09053695202,1
401,26,0.008495744318,0.01454079151,1
401,34,0.007192820311,0.002586741,1
401,42,-0.004944398999,-0.02451331168,1
401,50,-0.02997730672,-0.3149681687,1
401,58,-0.0611461252,-0.04346529767,1
401,66,-0.08896873891,0.3569321334,1
401,74,-0.02912034094,0.08724823594,1
401,82,0.0479073301,0.01027295645,1
401,90,0.293746233,0.140430972,1
401,98,0.1076562926,0.1613879949,1
401,106,0.003439914435,-0.0156394504,1
401,114,0.02028379589,0.05220153928,1
401,122,0.07948632538,0.04509830847,1
401,130,0.05319276452,-0.004430941306,1
401,138,0.04987304658,-0.00237439014,1
401,146,0.009981989861,0.1050445437,1
401,154,-0.1135030389,0.1653888375,1
401,162,0.03351359814,0.02555386722,1
401,170,0.2077278346,-0.08084049821,1
409,10,-0.04571520537,0.1461967826,1
409,18,0.08344079554,-0.01712616533,1
409,26,0.03061273135,-0.03297281265,1
409,34,0.0161814075,0.05397403613,1
409,42,0.02885141224,0.181847319,1
409,50,-0.02880935371,-0.04239679873,1
409,58,-0.1594239771,-0.02589295059,1
409,66,-0.1715759933,0.1613477468,1
409,74,0.02278918028,0.05136504769,1
409,82,-0.07327722758,0.03017794341,1
409,90,0.02515145019,-0.03341514617,1
409,98,-0.01313194633,-0.07807824016,1
409,106,-0.1079491302,-0.08980414271,1
409,114,-0.01964725181,0.07527564466,1
409,122,0.007264818996,0.07835350931,1
409,130,-0.03378639743,-0.02313010395,1
409,138,-0.01032029092,0.05732785165,1
409,146,-0.09810034931,0.0373467654,1
409,154,-0.2708239555,0.1068920493,1
409,162,0.01396679133,0.0573038049,1
409,170,0.2003638744,0.05621047318,1
417,10,0.02937176824,0.03004017472,1
417,18,0.0898513943,-0.1044739708,1
417,26,0.06165939569,-0.08140397072,1
417,34,0.03288932145,-0.08240189403,1
417,42,0.0836969018,0.1450136602,1
417,50,0.02515438199,-0.02406200022,1
417,58,-0.3005719781,-0.1760769784,1
417,66,-0.5039703846,-0.1103226542,1
417,74,-0.2841840982,0.06741257012,1
417,82,-0.1641754508,0.005574412644,1
417,90,-0.1349146962,-0.1216811389,1
417,98,-0.162400946,-0.09566411376,1
417,106,-0.1154558063,0.1800448149,1
417,114,0.04210659862,0.2719249129,1
417,122,0.06629784405,0.1764241755,1
417,130,0.0002217441797,0.043649517,1
417,138,-0.07423861325,0.09437856078,1
417,146,-0.1692675948,-0.03615480661,1
417,154,-0.1975250095,-0.1275708079,1
417,162,-0.05928321928,-0.07012291998,1
417,170,0.1650989652,0.144068107,1
