PIVlab, ASCII chart output - 02-Aug-2025
FRAME: 97, filenames: A:[97]FullStack_Pos0035_TgUtrmcherry_K4K8MO-1.avi & B:[98]FullStack_Pos0035_TgUtrmcherry_K4K8MO-1.avi, conversion factor xy (px -> m): 1, conversion factor uv (px/frame -> m/s): 1
x [px],y [px],u [px/frame],v [px/frame],Vector type [-]
9,10,0.01572340727,-0.224871099,1
9,18,0.01011240482,-0.02377168834,1
9,26,-0.02990268171,0.06224930286,1
9,34,-0.1192983389,0.1348485947,1
9,42,-0.06275781989,0.2370153815,1
9,50,-0.02124108374,0.1099731326,1
9,58,-0.194497183,0.04105668142,1
9,66,-0.1359964907,0.03003333509,1
9,74,0.0577967912,-0.1141827703,1
9,82,-0.02091525495,-0.1550633311,1
9,90,-0.2523729503,-0.08805039525,1
9,98,-0.33481583,0.1653634459,1
9,106,-0.3395490348,0.1111066937,1
9,114,-0.1487709582,0.005431197584,1
9,122,0.03769633174,-0.006038034335,1
9,130,0.1617147177,-0.03110777587,1
9,138,0.1131988615,0.005861554295,1
9,146,0.01760169119,0.01092902198,1
9,154,0.02055689692,0.05257216096,1
9,162,0.08131936193,0.07026513666,1
9,170,0.05963400006,0.03770729899,1
17,10,0.0183711648,-0.2708958387,1
17,18,0.05847895145,-0.06653796136,1
17,26,0.03127974644,0.09557730705,1
17,34,-0.05508677661,0.1701005995,1
17,42,-0.08380301297,0.1760220975,1
17,50,-0.09580054879,0.2012989521,1
17,58,-0.1909614205,0.191706717,1
17,66,-0.1476523876,0.01545806974,1
17,74,-0.0644171834,0.001695182174,1
17,82,-0.1151758656,-0.1096176654,1
17,90,-0.1599320024,-0.02930325642,1
17,98,-0.1817409396,0.192669034,1
17,106,-0.1985804439,0.05664472282,1
17,114,-0.1517547369,-0.1054345146,1
17,122,-0.02625545859,-0.05822151527,1
17,130,0.03345894814,0.03991315514,1
17,138,-0.0127795767,0.08507241309,1
17,146,-0.1145257205,0.00198286213,1
17,154,-0.2145936489,0.02517554536,1
17,162,-0.1852846593,-0.04515703395,1
17,170,-0.0695201233,0.1244893894,1
25,10,-0.04617957771,-0.04535196722,1
25,18,0.0419755131,-0.009658262134,1
25,26,0.09083222598,0.06210285425,1
25,34,-0.02241248637,0.07022341341,1
25,42,-0.1259631068,0.1186039522,1
25,50,-0.173117578,0.1664563715,1
25,58,-0.1076135933,0.1330608577,1
25,66,-0.0004353001714,-0.08214817941,1
25,74,-0.1280412823,0.07733330131,1
25,82,-0.1389346719,0.05327136442,1
25,90,-0.02739734203,0.1163105667,1
25,98,-0.01743153483,0.1230992898,1
25,106,-0.07227391005,-0.02527235635,1
25,114,-0.06703296304,-0.10688252,1
25,122,-0.05782132596,0.01091705821,1
25,130,-0.0724709183,0.1341048777,1
25,138,-0.02688317001,0.1208537742,1
25,146,-0.1202103794,0.1079666018,1
25,154,-0.2115962952,0.01062969398,1
25,162,-0.2858761251,-0.1062723845,1
25,170,-0.2113307714,0.1311707348,1
33,10,0.01110558212,0.02430941164,1
33,18,0.07669076324,-0.07016632706,1
33,26,0.06704967469,-0.1318781823,1
33,34,-0.09217510372,-0.1113769487,1
33,42,-0.1537772864,0.07185919583,1
33,50,-0.1616682112,0.183200866,1
33,58,-0.1401501,0.08464147896,1
33,66,-0.1618182957,-0.07611655444,1
33,74,-0.1869025826,0.09403429925,1
33,82,-0.1262220591,0.1934493184,1
33,90,-0.05296427757,0.08885726333,1
33,98,0.001639157534,0.0147921741,1
33,106,-0.01113371179,-0.004055736586,1
33,114,-0.06593942642,-0.04581742734,1
33,122,-0.02435559034,0.02738007531,1
33,130,-0.1021578312,0.1292350739,1
33,138,-0.1692219377,0.1112497374,1
33,146,-0.2166932076,0.08260595053,1
33,154,-0.198976472,-0.05628094077,1
33,162,-0.163348183,-0.06326928735,1
33,170,-0.1484197676,0.1556302607,1
41,10,0.05187518522,-0.06547929347,1
41,18,-0.09896835685,0.0228067711,1
41,26,-0.1487943977,-0.07900658995,1
41,34,-0.1100059077,-0.05485694855,1
41,42,-0.0303652361,0.01458482631,1
41,50,-0.01478558034,0.1985311508,1
41,58,-0.1220961586,0.10065341,1
41,66,-0.2244060934,-0.008497916162,1
41,74,-0.1365182251,0.0880125016,1
41,82,-0.08454105258,0.1772734523,1
41,90,-0.0450995788,0.1336777806,1
41,98,-0.03095442057,0.09433508664,1
41,106,-0.09717636555,0.01779012755,1
41,114,-0.157976985,0.03441528603,1
41,122,-0.07002857327,0.04101445526,1
41,130,-0.04029424489,0.09892076999,1
41,138,-0.1134596318,0.09947230667,1
41,146,-0.1611541212,0.1200973019,1
41,154,-0.2266221344,0.1099914163,1
41,162,-0.1203819662,0.04064438492,1
41,170,-0.112574324,0.04016502202,1
49,10,-0.03600572795,-0.06172633171,1
49,18,-0.1790414155,-0.03831167519,1
49,26,-0.2024233192,-0.05191963911,1
49,34,-0.1462151706,-0.01844270527,1
49,42,-0.05346468091,-0.07867842913,1
49,50,-0.1026337594,-0.02669408917,1
49,58,-0.1107128114,-0.03002021834,1
49,66,-0.09637226164,0.06203622371,1
49,74,-0.122262314,-0.02815210819,1
49,82,-0.1612243056,-0.008609157056,1
49,90,-0.3195102811,0.1651289761,1
49,98,-0.2775934935,0.1767563075,1
49,106,-0.1187401265,0.09195371717,1
49,114,-0.1802870482,0.08175162971,1
49,122,-0.1456683725,0.05664509907,1
49,130,-0.1216088459,0.1300904453,1
49,138,-0.1229453981,0.1854828447,1
49,146,-0.05671638995,0.1835722625,1
49,154,-0.06145080179,0.170401752,1
49,162,-0.0356015265,0.02943871915,1
49,170,-0.2253721654,-0.01326106489,1
57,10,-0.08963484317,-0.05846406519,1
57,18,-0.1355381906,-0.03483247012,1
57,26,-0.1908281147,-0.07829774171,1
57,34,-0.1878445148,-0.1087792814,1
57,42,-0.09087438136,-0.1248021647,1
57,50,-0.1170819774,-0.07684916258,1
57,58,-0.2115452141,-0.04020274431,1
57,66,-0.291828692,-0.02727724239,1
57,74,-0.1993891448,-0.0833581388,1
57,82,-0.1732707024,-0.04890040308,1
57,90,-0.283367753,0.06724970788,1
57,98,-0.2641433477,0.176650703,1
57,106,-0.1465063244,0.1684642136,1
57,114,-0.07371559739,0.03561658785,1
57,122,-0.1444942951,0.01071780175,1
57,130,-0.162721172,0.05181375891,1
57,138,-0.1161958501,0.142819196,1
57,146,-0.0767223388,0.1813767403,1
57,154,-0.07537010312,0.1203603446,1
57,162,-0.1128636673,0.0259805657,1
57,170,-0.1300806552,0.02538008988,1
65,10,-0.08237019181,-0.1270980239,1
65,18,-0.08570028841,-0.1099059433,1
65,26,-0.1466576606,-0.01043485105,1
65,34,-0.1821835935,0.03646565601,1
65,42,-0.1692846119,0.01869148761,1
65,50,-0.2463852465,0.1269555241,1
65,58,-0.2835071087,0.05165550485,1
65,66,-0.2982212305,-0.0757945776,1
65,74,-0.2761311829,-0.0614522621,1
65,82,-0.1436699927,-0.02000791579,1
65,90,0.01130572706,-0.08352606744,1
65,98,0.09159570187,0.04760113358,1
65,106,0.005356401205,0.0719146505,1
65,114,-0.06999284774,0.05443090573,1
65,122,-0.001399632543,0.001997437328,1
65,130,-0.01313023269,0.0438092351,1
65,138,-0.04679714888,0.07495948672,1
65,146,-0.08597303927,0.1574967504,1
65,154,-0.1486587971,0.1941602528,1
65,162,-0.2046222538,0.02395994961,1
65,170,-0.1136917174,-0.2100141644,1
73,10,-0.324308604,-0.1491767019,1
73,18,-0.2731537223,-0.1002852991,1
73,26,-0.1789767742,0.06045997143,1
73,34,-0.1894096136,0.09284765273,1
73,42,0.03612082452,-0.05683411658,1
73,50,-0.08294451982,-0.0008470788598,1
73,58,-0.2437418997,0.02240693569,1
73,66,-0.04783636332,-0.02985135466,1
73,74,-0.1206640601,-0.03057402372,1
73,82,-0.06789106876,-0.07522369176,1
73,90,0.1197845787,-0.145808816,1
73,98,0.1656546295,-0.075599581,1
73,106,-0.02255603299,0.05598963797,1
73,114,-0.1191631332,0.05962560698,1
73,122,-0.01686532423,0.05971395597,1
73,130,0.02141706645,0.07044456899,1
73,138,-0.1150993705,0.04300235957,1
73,146,-0.2194823325,0.1029797792,1
73,154,-0.2658603191,0.2226016968,1
73,162,-0.2699982226,0.09734711051,1
73,170,-0.1508507133,-0.1757088155,1
81,10,-0.4260492921,-0.1973946989,1
81,18,-0.1686410308,0.03888733685,1
81,26,0.004039593041,0.12648651,1
81,34,0.02270685509,0.1056603342,1
81,42,-0.01217285544,-0.1404391378,1
81,50,-0.1296678782,-0.128483057,1
81,58,-0.1977186948,-0.05235622823,1
81,66,-0.04179464281,-0.003658104688,1
81,74,-0.0008684396744,-0.04274954274,1
81,82,0.01239617914,-0.1901991963,1
81,90,0.0647354424,-0.1222602129,1
81,98,0.06776359677,-0.08548891544,1
81,106,-0.08425549418,0.0462602824,1
81,114,-0.04066056013,-0.07546190917,1
81,122,0.09832597524,0.04539802298,1
81,130,-0.08330067992,0.06630128622,1
81,138,-0.2371501327,0.1492430568,1
81,146,-0.2429877371,0.116982013,1
81,154,-0.2462319583,0.1058479995,1
81,162,-0.2455926985,0.1903670132,1
81,170,-0.2204165161,0.007819727063,1
89,10,-0.4394642711,-0.2688561082,1
89,18,-0.3381044269,0.002836965024,1
89,26,-0.03006669134,0.1715065539,1
89,34,0.2255000174,0.3839969635,1
89,42,0.04240681231,0.2324277759,1
89,50,-0.1716480106,-0.08829626441,1
89,58,-0.1965710819,-0.04739194736,1
89,66,-0.1153705642,-0.001586649567,1
89,74,-0.02836981788,-0.1463935077,1
89,82,-0.05159861967,-0.2448735535,1
89,90,-0.09236045182,-0.01457253844,1
89,98,-0.03741099685,0.02062560618,1
89,106,-0.08157537133,0.06646743417,1
89,114,-0.163990736,0.06098683923,1
89,122,-0.1099822149,-0.001375343651,1
89,130,-0.1310251653,0.006525401026,1
89,138,-0.1439764947,0.1661294997,1
89,146,-0.1241455376,0.1616361439,1
89,154,-0.1366164088,0.03266917169,1
89,162,-0.1920298189,0.1188431382,1
89,170,-0.1387388259,0.04213837534,1
97,10,-0.413302958,-0.1449070871,1
97,18,-0.2757042646,-0.01301322877,1
97,26,-0.1642969847,0.04455383122,1
97,34,0.00659449771,0.2904496193,1
97,42,0.09705132246,0.167556867,1
97,50,-0.02085004002,-0.009882751852,1
97,58,-0.1328265667,-0.08333897591,1
97,66,-0.1356606781,-0.05985070765,1
97,74,-0.01072946191,-0.01814054698,1
97,82,-0.07976131141,0.09650101513,1
97,90,-0.1992739737,0.3382052183,1
97,98,-0.1229683757,0.1975322813,1
97,106,-0.183347106,0.1468620002,1
97,114,-0.2040108144,0.07737994939,1
97,122,-0.1584320217,0.02934285998,1
97,130,-0.1508100182,0.07272402942,1
97,138,-0.1446001381,0.09341514111,1
97,146,-0.2145251334,0.1804183573,1
97,154,-0.2242186964,0.1178425103,1
97,162,-0.200248763,0.0937223658,1
97,170,-0.1477094591,-0.02969869971,1
105,10,-0.1144815385,-0.05020849407,1
105,18,-0.1906546503,0.1120618731,1
105,26,-0.2956482172,0.07742756605,1
105,34,-0.1331611872,0.123819381,1
105,42,0.03156390786,0.09309674799,1
105,50,0.03517903388,-0.09724120051,1
105,58,0.001053191721,-0.09619569778,1
105,66,-0.06667724997,-0.06851677597,1
105,74,-0.2009177953,0.02356648445,1
105,82,-0.1909658462,0.1476471275,1
105,90,-0.1778813601,0.2225345969,1
105,98,-0.1230345815,0.099399589,1
105,106,-0.09281745553,0.07910027355,1
105,114,-0.07866812497,0.005530819297,1
105,122,-0.0835223645,0.008548576385,1
105,130,-0.1322314292,0.1024284661,1
105,138,-0.1292597353,0.08699134737,1
105,146,-0.07337843627,0.1286272109,1
105,154,-0.08128005266,0.104126282,1
105,162,-0.2731685042,0.01519867033,1
105,170,-0.184312582,-0.0502390638,1
113,10,0.1292826235,-0.008172795177,1
113,18,-0.05149140954,0.08837013692,1
113,26,-0.2204818875,0.08764097095,1
113,34,-0.07868531346,0.1101229191,1
113,42,-0.07479504496,-0.07413031906,1
113,50,-0.005450636148,-0.1687045693,1
113,58,0.03547390923,0.02923691832,1
113,66,0.004073433578,-0.006418112665,1
113,74,-0.1180753112,0.0280232653,1
113,82,-0.1828500479,0.07443138957,1
113,90,-0.1018469334,0.04448246956,1
113,98,-0.1365981996,-0.004641145468,1
113,106,-0.1508671343,0.06214119121,1
113,114,-0.08166340739,0.1000553519,1
113,122,-0.01776313782,-0.02107104659,1
113,130,-0.03986954689,-0.07196833193,1
113,138,-0.09434622526,0.03618834913,1
113,146,-0.1939580739,0.1253909022,1
113,154,-0.1638653129,0.09647805989,1
113,162,-0.1391636878,0.1026917845,1
113,170,-0.2140430212,0.02876515687,1
121,10,0.2092143297,0.07329808176,1
121,18,-0.08934278786,-0.01320886426,1
121,26,-0.1801981032,-0.0165039748,1
121,34,-0.2161273658,0.06768009067,1
121,42,-0.2818483114,-0.1463982612,1
121,50,-0.1979052722,-0.1554405987,1
121,58,-0.09740437567,0.005045767874,1
121,66,-0.08735331893,-0.003605013713,1
121,74,-0.1814403832,0.1417519748,1
121,82,-0.1493804157,0.1059255898,1
121,90,-0.1320479661,0.03019133955,1
121,98,-0.2160726935,-0.02924045175,1
121,106,-0.3154530823,-0.05131225288,1
121,114,-0.1128722057,0.1201861352,1
121,122,-0.03064604849,0.1638405919,1
121,130,-0.04071284831,0.08052970469,1
121,138,-0.08443687111,-0.03781986982,1
121,146,-0.1563455164,0.04541912675,1
121,154,-0.1298659146,0.09263925999,1
121,162,-0.004205271602,0.1186821312,1
121,170,-0.03917470574,0.09379459918,1
129,10,0.1471985281,0.01616997272,1
129,18,-0.06591686606,-0.08349665999,1
129,26,-0.09208354354,-0.02304980159,1
129,34,-0.1042859852,-0.01357446611,1
129,42,-0.08589728922,-0.05826611444,1
129,50,-0.112989597,-0.05616371334,1
129,58,-0.1236479878,-0.07081803679,1
129,66,-0.1987352669,-0.002900629304,1
129,74,-0.1732656807,0.1258762479,1
129,82,-0.09086104482,0.05462349579,1
129,90,-0.2114406079,-0.037579678,1
129,98,-0.2341651618,-0.1355784982,1
129,106,-0.1367905289,-0.1848390847,1
129,114,-0.1016233936,0.08581390977,1
129,122,-0.1970332414,0.1457768381,1
129,130,-0.1981344819,0.0672159493,1
129,138,-0.1094171032,-0.04019321501,1
129,146,-0.007189765573,0.07815971226,1
129,154,0.04025708139,0.04916623607,1
129,162,0.01365183294,-2.467446029e-05,1
129,170,0.002918601036,0.1549135149,1
137,10,0.07348226756,0.04906249046,1
137,18,-0.07961957157,-0.09709059447,1
137,26,-0.06913371384,-0.08183660358,1
137,34,-0.07732125372,-0.1093946472,1
137,42,-0.09787232429,-0.1056530699,1
137,50,-0.1282840967,-0.03156202659,1
137,58,-0.1015278324,-0.1112922058,1
137,66,-0.0721373558,-0.0154148452,1
137,74,-0.0669535175,0.09921634197,1
137,82,0.1713017523,0.06056845561,1
137,90,-0.02198135853,-0.009593293071,1
137,98,-0.1584064662,-0.1173301786,1
137,106,-0.1053041443,-0.1236535609,1
137,114,-0.05923595279,0.009411264211,1
137,122,-0.0878951028,0.04873084277,1
137,130,-0.1330681592,0.04851997644,1
137,138,-0.03728219122,0.1261413097,1
137,146,-0.002421256155,0.0403890796,1
137,154,-0.001328822225,-0.007167026401,1
137,162,-0.0933675915,-0.1507260501,1
137,170,-0.11881648,0.1880851388,1
145,10,-0.008881434798,0.05655573308,1
145,18,-0.1323427707,0.1333220601,1
145,26,-0.09271129221,0.04631064832,1
145,34,-0.01189136505,-0.1338631511,1
145,42,-0.03018564731,-0.2104682028,1
145,50,-0.2124497145,-0.00433906354,1
145,58,-0.1634003222,0.07113970816,1
145,66,0.003086060286,0.06980507076,1
145,74,-0.02543601021,0.1315794289,1
145,82,-0.007407575846,0.1440508366,1
145,90,0.01669798791,0.002281580586,1
145,98,-0.1147530451,-0.05061249435,1
145,106,-0.2180207968,-0.01404412091,1
145,114,-0.0386011228,0.04529855028,1
145,122,-0.00230525434,0.2706580758,1
145,130,-0.04748927057,0.1734627485,1
145,138,0.02093654871,0.1526966542,1
145,146,-0.04238329083,-0.007739188615,1
145,154,-0.09862028062,-0.03804253787,1
145,162,-0.2038959861,-0.1591204256,1
145,170,-0.1701293737,0.1789979637,1
153,10,-0.0496751219,-0.03884506598,1
153,18,-0.0426197499,0.04786325991,1
153,26,-0.03115464747,0.1258135587,1
153,34,0.01945343614,-0.1146522611,1
153,42,0.1448866874,-0.1245630234,1
153,50,0.08477909863,0.05880307779,1
153,58,0.0384253338,0.1614650488,1
153,66,-0.00404118374,0.1818070412,1
153,74,-0.03791074082,0.2266459763,1
153,82,-0.03251101077,0.1390091479,1
153,90,-0.04354811087,-0.006786657497,1
153,98,-0.1385950148,-0.01790671051,1
153,106,-0.1652223319,0.04777397588,1
153,114,0.0127107501,-0.003916716669,1
153,122,-0.02717265859,0.1463164389,1
153,130,-0.03990649432,0.06331697106,1
153,138,0.06646852195,0.1046640575,1
153,146,-0.0265198946,0.05782144517,1
153,154,0.0004893913865,0.01222634781,1
153,162,0.1104007512,-0.02160533518,1
153,170,-0.02932019532,0.2574249506,1
161,10,-0.06926238537,-0.03508431464,1
161,18,0.1009904891,0.0403187722,1
161,26,0.1173551977,0.03263803571,1
161,34,0.1268623918,-0.05620181561,1
161,42,0.2723961473,0.09654660523,1
161,50,0.2986738384,0.07372824848,1
161,58,0.1014658362,0.1390925944,1
161,66,0.02712478116,0.1096287146,1
161,74,0.03000562266,0.09704542905,1
161,82,0.02080750465,0.1312180758,1
161,90,-0.07043330371,0.1428072453,1
161,98,-0.1759308577,0.01865848526,1
161,106,-0.05860809982,-0.02232608572,1
161,114,0.01853902638,0.006405868102,1
161,122,-0.05552913994,-0.05389900133,1
161,130,-0.1821264029,-0.02703098953,1
161,138,-0.008590325713,-0.06777092069,1
161,146,-0.03139106929,0.03954454884,1
161,154,-0.1107053608,0.1326595247,1
161,162,-0.097457394,0.04220848531,1
161,170,-0.1854725778,0.145000875,1
169,10,0.2747658491,0.0154617168,1
169,18,0.1730194092,0.146897018,1
169,26,0.1376869678,0.1028503031,1
169,34,0.1559015214,0.08400636911,1
169,42,0.245379433,0.1607075632,1
169,50,0.1316150576,0.1141078174,1
169,58,-0.02649378777,-0.02119377628,1
169,66,0.04597084969,-0.06667531282,1
169,74,0.2014749348,-0.0603768304,1
169,82,-0.01919160224,0.003965880722,1
169,90,-0.05834937468,0.2198451161,1
169,98,-0.1072055325,0.07012192905,1
169,106,-0.01978467405,-0.02097599767,1
169,114,-0.008241072297,0.002356756479,1
169,122,-0.1111012474,-0.06014385074,1
169,130,-0.1856126487,-0.004077287391,1
169,138,-0.1371927857,-0.1831895262,1
169,146,-0.1105844975,-0.0835981071,1
169,154,-0.1675816178,0.06493976712,1
169,162,-0.189931944,0.04378864914,1
169,170,-0.3050478399,0.1415228695,1
177,10,0.273370862,0.2990725636,1
177,18,0.05590882897,0.2348509431,1
177,26,0.01110970229,0.06230387837,1
177,34,0.04048598558,0.0449186936,1
177,42,0.1252249777,0.1424737275,1
177,50,0.08632525802,0.1306891441,1
177,58,0.03996267915,-0.02330530807,1
177,66,0.09045163542,-0.1420457065,1
177,74,0.1769009829,-0.03927197307,1
177,82,0.09295428544,-0.008406409994,1
177,90,-0.07275354117,-0.03897304833,1
177,98,-0.07997649163,0.001309299842,1
177,106,-0.04857203364,0.01013313513,1
177,114,0.01066833735,0.002647230402,1
177,122,-0.05252552032,0.003321476281,1
177,130,-0.1117672548,0.03613820672,1
177,138,-0.1442714036,-0.0289157927,1
177,146,-0.109303236,-0.02809059992,1
177,154,0.06782708317,-0.06040074676,1
177,162,0.1160156727,0.00245705992,1
177,170,-0.18873173,0.1483079791,1
185,10,0.09232821316,0.3582594991,1
185,18,-0.009115494788,0.1950596273,1
185,26,-0.0991922766,0.02668746561,1
185,34,0.01320954412,0.1114135608,1
185,42,0.1738752425,0.155844152,1
185,50,0.1080103368,0.1607300937,1
185,58,0.1458402872,0.05353529751,1
185,66,0.1029757485,0.04480218887,1
185,74,0.1272636056,0.1010299772,1
185,82,0.1496787071,-0.05600308254,1
185,90,0.09569361061,-0.08964984864,1
185,98,0.0002485103905,-0.0729393065,1
185,106,-0.1409762353,0.01109062042,1
185,114,-0.05349884927,0.04836076126,1
185,122,-0.0710946247,-0.0269463174,1
185,130,-0.1367665976,0.01532296091,1
185,138,-0.0154882241,0.02118550241,1
185,146,-0.04937396199,-0.02378017269,1
185,154,0.08372876048,-0.008810315281,1
185,162,0.101714924,0.01668446511,1
185,170,-0.06161338091,0.07632689178,1
193,10,0.02099810541,0.2671473324,1
193,18,0.160523504,0.1397665441,1
193,26,0.2129695117,0.08163294941,1
193,34,0.175440073,0.2038376182,1
193,42,0.1542033702,0.04152672365,1
193,50,0.1529513299,0.1175421476,1
193,58,0.1364600807,0.1280482113,1
193,66,0.1705126762,0.1513857543,1
193,74,0.2170799226,0.134595722,1
193,82,0.1471144259,-0.1244202256,1
193,90,0.02863260359,-0.01224921085,1
193,98,-0.02703134716,-0.001108368859,1
193,106,-0.0707628876,0.09025005251,1
193,114,-0.1471223682,-0.06266846508,1
193,122,-0.1828485578,-0.09197228402,1
193,130,-0.02603982016,0.02167015895,1
193,138,0.05536450446,-0.02427280322,1
193,146,0.07455133647,-0.01273725927,1
193,154,0.1415303648,0.05306661874,1
193,162,0.1114713773,0.0621329546,1
193,170,-0.1279813051,0.16153346,1
201,10,-0.07381525636,0.1042035967,1
201,18,0.01307025272,0.1377158165,1
201,26,0.04245364293,0.07828262448,1
201,34,-0.01290541887,-0.0007505230606,1
201,42,-0.0002803392708,0.006969533861,1
201,50,0.1926454306,0.1073968932,1
201,58,0.1712725163,0.198343277,1
201,66,0.183156848,0.2142805606,1
201,74,0.2392248958,0.01331747323,1
201,82,0.06041447818,-0.1569056213,1
201,90,-0.06390380114,0.04332134128,1
201,98,0.009257789701,0.0279581286,1
201,106,0.1016083136,0.09244738519,1
201,114,0.1487895846,-0.01334653422,1
201,122,0.06024139374,-0.1289746314,1
201,130,0.0163885355,-0.07468351722,1
201,138,0.008619530126,-0.0652680546,1
201,146,0.04594373703,-0.03975024819,1
201,154,0.1191989258,0.1146206409,1
201,162,0.06130392849,0.0119505506,1
201,170,-0.1070229709,-0.04654560238,1
209,10,-0.03104268759,0.006407178938,1
209,18,-0.03113336489,0.1099083647,1
209,26,-0.02543085068,0.1057875901,1
209,34,-0.08252496272,0.01537039876,1
209,42,-0.03867615759,0.03490816057,1
209,50,0.04993972927,0.06090951711,1
209,58,0.1605483741,0.0654071942,1
209,66,0.1512187123,0.2427000403,1
209,74,0.09023796767,0.02007251978,1
209,82,0.07706409693,0.06893792748,1
209,90,0.02571962029,0.1344582886,1
209,98,0.05331512168,0.005822740495,1
209,106,0.1442237049,-0.2323293388,1
209,114,0.1380204558,-0.2465789616,1
209,122,0.06469279528,-0.1226036474,1
209,130,0.07480295002,-0.07155160606,1
209,138,0.003746023402,0.01222772151,1
209,146,0.05369666964,0.03427153081,1
209,154,0.05911378562,0.02231559902,1
209,162,-0.01101844944,-0.05397924781,1
209,170,-0.03566581011,-0.107823804,1
217,10,-0.04716736823,0.1443812251,1
217,18,0.01125403307,0.1420814395,1
217,26,-0.02618450671,0.1199825406,1
217,34,-0.0354623422,0.1448816359,1
217,42,0.07014296949,0.1729305238,1
217,50,-0.001293937676,0.1046293229,1
217,58,-0.007345064543,0.0712915957,1
217,66,0.118894197,0.108669661,1
217,74,-0.04239323735,0.0912727043,1
217,82,-0.1281656623,0.2253317535,1
217,90,-0.09850843251,0.3284330964,1
217,98,-0.02424929291,0.04752425849,1
217,106,-0.09283429384,-0.2183083445,1
217,114,-0.03587088734,-0.121730946,1
217,122,-0.08612670004,0.007344000041,1
217,130,-0.006932180375,-0.1149571836,1
217,138,0.1528345048,-0.1359907687,1
217,146,0.1069803759,0.0493696928,1
217,154,-0.0697510615,0.08183541894,1
217,162,-0.008711971343,0.04638487846,1
217,170,-0.006552055478,0.009980722331,1
225,10,-0.02589086443,0.08849555254,1
225,18,0.01528603584,0.09922999144,1
225,26,-0.04720183462,0.0609209761,1
225,34,-0.05593775958,0.07751111686,1
225,42,0.002974594943,0.2702970207,1
225,50,-0.007204134017,0.2397165745,1
225,58,-0.01060155034,0.1463064849,1
225,66,-0.01199518517,0.07060720772,1
225,74,-0.04592784122,0.115590401,1
225,82,-0.1521703601,0.2170176208,1
225,90,-0.2742376924,0.1408599615,1
225,98,-0.1511823982,0.04350245371,1
225,106,-0.08622744679,0.00356698595,1
225,114,-0.1070063487,0.01523150131,1
225,122,-0.05471898243,-0.07559923828,1
225,130,-0.001084439456,-0.1348046362,1
225,138,0.1688870192,-0.1648799181,1
225,146,-0.001408407465,0.02148412541,1
225,154,-0.09625852108,0.1257414967,1
225,162,0.0460434705,0.09234050661,1
225,170,-0.0523859188,0.005487546325,1
233,10,-0.1463228464,0.2320627421,1
233,18,-0.1802866906,0.09479345381,1
233,26,-0.01369994134,-0.0472894907,1
233,34,0.02589952201,-0.01380692422,1
233,42,-0.241663456,0.02885387093,1
233,50,0.02601421624,0.182643801,1
233,58,-0.07449511439,0.1925895363,1
233,66,0.009873496369,0.02885845304,1
233,74,0.102034837,0.03293571249,1
233,82,0.1359543204,0.06155330688,1
233,90,-0.09508495778,0.01861496642,1
233,98,-0.3568872213,0.1164829135,1
233,106,-0.1864783466,0.004419723526,1
233,114,-0.08752182126,-0.01384753548,1
233,122,0.05918972939,-0.0634073019,1
233,130,0.08306351304,-0.02866963297,1
233,138,0.01195768267,-0.0008151847869,1
233,146,-0.04524053261,0.1020030081,1
233,154,-0.09668141603,0.05514309183,1
233,162,-0.01155441999,-0.004567531869,1
233,170,-0.02619928867,-0.1113992259,1
241,10,-0.2379650176,0.2320091873,1
241,18,-0.199108541,0.07397170365,1
241,26,-0.08649621904,-0.08192116022,1
241,34,-0.0311975386,-0.08564642072,1
241,42,-0.05378353596,0.0397775434,1
241,50,0.02166312933,0.0488239266,1
241,58,0.006985358894,0.1199643761,1
241,66,0.07330298424,0.05534724146,1
241,74,0.2616145313,0.003877304494,1
241,82,0.117222026,-0.04632981867,1
241,90,-0.08420905471,-0.02425116301,1
241,98,-0.1464473009,0.02313445322,1
241,106,-0.1779212356,0.02631026879,1
241,114,-0.09965036809,0.1314119399,1
241,122,0.0709015578,0.02095614746,1
241,130,0.1461878866,-0.01849504933,1
241,138,0.004990790039,0.1734926701,1
241,146,0.07679288089,0.1357363313,1
241,154,0.04280175641,-0.02724870108,1
241,162,-0.03252090886,-0.03460501879,1
241,170,0.1168847233,-0.1941974461,1
249,10,0.01220753416,0.1372599453,1
249,18,0.0537818782,-0.05910491943,1
249,26,0.04163748026,-0.1317994595,1
249,34,0.02253576368,-0.1327692717,1
249,42,0.01404807903,-0.02558102086,1
249,50,-0.03190039098,-0.002317013219,1
249,58,-0.03473192453,0.03300571069,1
249,66,0.02288432419,0.1187408268,1
249,74,0.1347948611,0.05827299878,1
249,82,0.06439713389,-0.06275569648,1
249,90,-0.009473148733,-0.05603131652,1
249,98,-0.03610678762,-0.1248235554,1
249,106,-0.05149637163,0.04639630392,1
249,114,-0.004706427455,0.2094252557,1
249,122,0.01647715271,0.03547220677,1
249,130,0.05465941131,0.01041530818,1
249,138,0.07004109025,0.00771985203,1
249,146,0.05252845213,0.055456765,1
249,154,0.01884092018,-0.06452032924,1
249,162,-0.008676355705,-0.01952313632,1
249,170,0.07237320393,-0.186607793,1
257,10,-0.01693943143,0.0503397584,1
257,18,-0.08549533784,-0.1856746078,1
257,26,0.101146102,-0.1708595157,1
257,34,0.1794382483,-0.1191394031,1
257,42,0.05954376608,-0.02814150229,1
257,50,0.07661692798,-0.07434609532,1
257,58,0.08001425862,-0.1012523472,1
257,66,0.07332194597,-0.06914169341,1
257,74,0.1439431906,0.05664410815,1
257,82,-0.0003026723862,-0.02356603928,1
257,90,-0.02353060246,-0.03033089265,1
257,98,0.06900376827,-0.1847406179,1
257,106,-0.04935196042,0.130494386,1
257,114,-0.08938877285,0.1455679983,1
257,122,-0.1392100155,0.08713652939,1
257,130,-0.198423475,0.0970505625,1
257,138,0.1121497303,0.07207608223,1
257,146,0.1660813987,0.0746017471,1
257,154,0.07978133857,0.05512449145,1
257,162,-0.02342549711,-0.08705487847,1
257,170,-0.1446448565,-0.1533391178,1
265,10,0.002786263824,-0.129108265,1
265,18,0.0314758271,-0.2227282822,1
265,26,0.1387465596,-0.1977035701,1
265,34,0.1220122874,-0.01194432005,1
265,42,0.04176177084,0.04807838425,1
265,50,0.09944444895,-0.09878421575,1
265,58,0.09457634389,-0.1465840936,1
265,66,0.07545662671,-0.1097051799,1
265,74,0.06395437568,-0.06613636017,1
265,82,-0.06521897018,-0.02316224575,1
265,90,0.3388300538,0.04300678894,1
265,98,0.4270684123,-0.0682868883,1
265,106,0.138482064,0.002726580948,1
265,114,0.04306961596,0.07074289024,1
265,122,-0.02127845585,-0.03449961916,1
265,130,-0.09856140614,0.1366220415,1
265,138,0.001255009323,0.2399665117,1
265,146,0.05679293349,0.2061523348,1
265,154,0.0260992907,0.09389607608,1
265,162,-0.02075849846,0.05874747038,1
265,170,-0.100853093,-0.02948268503,1
273,10,-0.006297264248,-0.07046508789,1
273,18,0.008020073175,-0.1257891059,1
273,26,0.1354022771,-0.1732106805,1
273,34,0.2170374393,0.08579649776,1
273,42,0.009660124779,0.1354182065,1
273,50,0.04845578969,-0.05844082683,1
273,58,0.0790181011,-0.07748324424,1
273,66,0.1122353971,-0.07884187251,1
273,74,0.1749160886,-0.02705655061,1
273,82,0.09909562767,0.04052042216,1
273,90,0.1857422888,0.05623764917,1
273,98,0.3376980424,0.03580593318,1
273,106,0.2712064981,-0.07013621181,1
273,114,0.1396934092,0.04417547584,1
273,122,0.1556154042,-0.02659037709,1
273,130,0.07594911009,0.1340374947,1
273,138,0.0002478286624,0.2795897722,1
273,146,0.09635248035,0.2599453032,1
273,154,0.09419049323,0.02613568306,1
273,162,-0.0008428357542,0.1150909364,1
273,170,-0.0112330392,-0.002154074609,1
281,10,0.02270472236,-0.08470317721,1
281,18,0.05825193226,-0.06912609935,1
281,26,0.1476404518,0.05501497164,1
281,34,0.1953108013,0.1887644529,1
281,42,0.1132251546,0.1040802747,1
281,50,0.08017038554,0.04199939221,1
281,58,0.133552447,0.05230050534,1
281,66,0.2296876907,0.2139893323,1
281,74,0.2833269536,0.3069999516,1
281,82,0.08616707474,0.101013273,1
281,90,0.05887027085,0.09639497846,1
281,98,0.205239743,0.06756597757,1
281,106,0.3554620743,-0.04192055389,1
281,114,0.298622787,0.04085827991,1
281,122,0.2015096396,0.05039308965,1
281,130,0.1759603024,0.1513016671,1
281,138,0.09274470806,0.2284957916,1
281,146,0.07687078416,0.1528453678,1
281,154,0.105210714,0.08231273293,1
281,162,0.1134007797,0.07360672951,1
281,170,0.1192983016,-0.08383297175,1
289,10,0.03854637593,-0.2258699387,1
289,18,0.1665020585,-0.03854629397,1
289,26,0.3330078125,0.04940146953,1
289,34,0.3294532001,0.01628449932,1
289,42,0.1027930826,-0.07536039501,1
289,50,0.007142089307,0.2216233015,1
289,58,0.02433945611,0.1805100441,1
289,66,0.1256422698,0.4355749786,1
289,74,0.1456591487,0.2519791722,1
289,82,0.0724183023,-0.0544231385,1
289,90,0.1905095577,0.09700723737,1
289,98,0.3173114061,-0.02803614363,1
289,106,0.330603838,-0.1319845915,1
289,114,0.1901964992,-0.01090478897,1
289,122,0.2037108541,0.09674464911,1
289,130,0.2369219661,0.1909249425,1
289,138,0.2034029365,0.2266442478,1
289,146,0.178150177,0.1064252481,1
289,154,0.1508602798,0.1111291572,1
289,162,0.1601037234,0.009729638696,1
289,170,0.1296057403,-0.05034542084,1
297,10,0.05385648459,-0.2271587402,1
297,18,0.1875498295,-0.2379074693,1
297,26,0.3499003053,-0.1948709637,1
297,34,0.344183147,-0.2278194129,1
297,42,0.1425264627,-0.2356862724,1
297,50,0.06365700066,0.1192932725,1
297,58,-0.04902367294,0.2652482986,1
297,66,0.006335012615,0.1803961098,1
297,74,0.1418675631,0.1167814806,1
297,82,0.04941418767,-0.02880979702,1
297,90,0.1798396856,0.06486725062,1
297,98,0.2490083575,-0.06978279352,1
297,106,0.1444226503,-0.0649132058,1
297,114,0.1812085211,0.006919246167,1
297,122,0.290789485,0.1308938563,1
297,130,0.2843134701,0.1687168181,1
297,138,0.2495926023,0.1369552016,1
297,146,0.2299721241,0.04570511356,1
297,154,0.1876602024,0.01404150948,1
297,162,0.1184018403,0.05535794422,1
297,170,0.1709000021,0.08542414755,1
305,10,0.02120663226,-0.03222882375,1
305,18,0.2189269364,-0.2923645079,1
305,26,0.3455968499,-0.2447898686,1
305,34,0.3261394501,-0.2364914119,1
305,42,0.2486515492,-0.3149131536,1
305,50,0.1236274987,0.009539611638,1
305,58,-0.1396407634,0.1491633505,1
305,66,0.08633875847,0.1401266009,1
305,74,0.5151551962,0.09886300564,1
305,82,0.3013715148,-0.04353217408,1
305,90,0.2271859199,-0.07739555091,1
305,98,0.1950885355,-0.09241697192,1
305,106,0.09322178364,0.02006967552,1
305,114,0.1870578825,0.1095883399,1
305,122,0.2301532626,0.0769816637,1
305,130,0.1534258425,0.08843943477,1
305,138,0.1288573593,0.05807223544,1
305,146,0.1988078803,0.008826576173,1
305,154,0.1542853266,-0.008379846811,1
305,162,0.02665223181,0.06717539579,1
305,170,0.05738273263,0.08618894219,1
313,10,0.07064700127,-0.03567116708,1
313,18,0.1695095599,-0.1225949675,1
313,26,0.1911033541,-0.0660777241,1
313,34,0.3691513538,-0.1431719065,1
313,42,0.3483186364,-0.1885395199,1
313,50,0.08012351394,0.02590626106,1
313,58,0.07760664821,0.06959549338,1
313,66,0.07085189223,0.2520350814,1
313,74,0.1287588626,0.09274312854,1
313,82,0.131626755,-0.01517785527,1
313,90,0.1590585262,-0.14187029,1
313,98,0.2292525321,-0.1405528337,1
313,106,0.2438331544,-0.05422276258,1
313,114,0.2799683213,0.1551169306,1
313,122,0.2221173942,0.07788714767,1
313,130,0.1767691225,-0.0238725096,1
313,138,0.2184594274,-0.02402853221,1
313,146,0.152533561,0.001988127828,1
313,154,0.0868537575,0.03973049298,1
313,162,0.04667881504,0.02646706253,1
313,170,-0.005949635059,0.1595132947,1
321,10,0.1173266321,-0.09863319993,1
321,18,0.2606537938,-0.001989752054,1
321,26,0.2606719136,0.08635679632,1
321,34,0.2798731327,-0.01829656959,1
321,42,0.2610878348,-0.005502223969,1
321,50,0.2811959088,0.06691557914,1
321,58,0.1182680577,0.1087136492,1
321,66,0.1457553059,0.1121834815,1
321,74,0.2016203552,0.08990941942,1
321,82,0.1585983485,-0.02120754123,1
321,90,0.1489379257,-0.1662438512,1
321,98,0.2143516243,-0.03505723923,1
321,106,0.3636937737,-0.06364823878,1
321,114,0.4356172383,0.008827660233,1
321,122,0.318954885,0.04181264341,1
321,130,0.1178793907,-0.03991327435,1
321,138,0.1203529835,-0.1335151196,1
321,146,0.07624343783,-0.02353373356,1
321,154,-0.006890431046,0.09445756674,1
321,162,-0.02071021497,0.07521566004,1
321,170,-0.02361029387,0.2246473581,1
329,10,0.1130912304,0.01239149272,1
329,18,0.2629410028,-0.02498794906,1
329,26,0.2405413985,0.0564734377,1
329,34,0.3056475818,0.088285923,1
329,42,0.2979067564,0.06046043336,1
329,50,0.2694772482,0.07430838048,1
329,58,0.1616211832,0.01741308719,1
329,66,0.1964920461,-0.02633836865,1
329,74,0.207658112,0.02818455175,1
329,82,0.1339586526,-0.09483817965,1
329,90,0.1302097887,-0.1136713773,1
329,98,0.2048631161,0.06022286788,1
329,106,0.231585592,-0.03910020739,1
329,114,0.2966396213,-0.07781321555,1
329,122,0.4170395434,-0.0430008769,1
329,130,0.2699202299,0.006501596421,1
329,138,0.2118627727,0.1140932739,1
329,146,0.2176089287,0.04148887843,1
329,154,0.08197133988,0.1443799734,1
329,162,0.02799199522,0.1536870003,1
329,170,-0.05487858504,0.1509850174,1
337,10,0.169156611,-0.0885772109,1
337,18,0.1255150735,-0.1335085034,1
337,26,0.01339499652,-0.09398642182,1
337,34,0.1133686304,0.01770151407,1
337,42,0.1455070823,0.03470773995,1
337,50,0.04139687121,0.09322422743,1
337,58,0.09270384908,0.04371646792,1
337,66,0.1343383193,0.08491207659,1
337,74,0.2647302747,0.1949035227,1
337,82,0.2729296684,0.1355372965,1
337,90,0.1602566838,0.03330822289,1
337,98,0.2089466751,0.03429504484,1
337,106,0.1983993948,-0.002408396453,1
337,114,0.04984804988,0.04613902792,1
337,122,0.1876332164,0.2253153771,1
337,130,0.3305234313,0.2159660906,1
337,138,0.1828006655,0.1933284998,1
337,146,0.06796322018,0.05792540312,1
337,154,0.08019309491,0.05830824375,1
337,162,0.08945494145,0.04487034678,1
337,170,0.0908049047,0.1166975796,1
345,10,0.1827525049,-0.2728586197,1
345,18,0.1136421263,-0.1144632846,1
345,26,0.003434747458,0.03449171409,1
345,34,0.2600018382,0.1096826717,1
345,42,0.2038878351,0.01626833528,1
345,50,0.1018203795,0.01390917227,1
345,58,0.2125732899,0.03543867171,1
345,66,0.2244069874,0.115964517,1
345,74,0.3869578242,0.3648511469,1
345,82,0.3103988469,0.1987359524,1
345,90,0.1937794089,0.06670071185,1
345,98,0.1416570246,0.06671100855,1
345,106,0.04647541046,0.06807093322,1
345,114,0.1214992553,0.1384111047,1
345,122,0.2464010864,0.2596167922,1
345,130,0.2436094433,0.3009560108,1
345,138,0.1906297505,0.1228646934,1
345,146,0.07335829735,0.1777208149,1
345,154,0.04366099834,0.2407524437,1
345,162,0.1284552515,0.08680799603,1
345,170,0.3182166815,0.1005057991,1
353,10,-0.1637801379,-0.3299328685,1
353,18,-0.02306129038,-0.06143597886,1
353,26,0.07546598464,0.1316539645,1
353,34,0.1069392413,0.1787271053,1
353,42,0.1677910388,0.02170863748,1
353,50,0.1823261678,-0.05306530744,1
353,58,0.2527208328,-0.04689667001,1
353,66,0.2872239649,0.004479005933,1
353,74,0.2903002799,0.1830542982,1
353,82,0.2633501291,0.03245542943,1
353,90,0.1631166488,0.0488371104,1
353,98,0.05724859238,0.01181776449,1
353,106,0.08730639517,0.022204943,1
353,114,0.1524800658,0.1082942486,1
353,122,0.1923518628,0.1492429525,1
353,130,0.1890327036,0.1467161924,1
353,138,0.1144847944,0.1783031225,1
353,146,0.08636341989,0.2939396799,1
353,154,0.09248159081,0.3413178623,1
353,162,0.1960230917,0.130781889,1
353,170,0.328864187,0.08664387465,1
361,10,-0.03227964416,-0.2601522803,1
361,18,0.0288015008,-0.01460830122,1
361,26,0.04635756463,0.1127833277,1
361,34,-0.01837798953,-0.02780602127,1
361,42,0.03019282967,-0.01753566787,1
361,50,0.1557162702,-0.007266111672,1
361,58,0.1908149719,-0.03511198983,1
361,66,0.200697422,0.05573592335,1
361,74,0.1954542249,0.0491265431,1
361,82,0.1165158153,-0.2091009617,1
361,90,0.07636829466,-0.03989229351,1
361,98,0.1385271549,-0.1471181363,1
361,106,0.1419376731,-0.1091283709,1
361,114,0.1280916184,0.03592210263,1
361,122,0.1820124388,0.06208157539,1
361,130,0.2234816998,0.08411064744,1
361,138,0.1478329897,0.1262713373,1
361,146,0.07855242491,0.1863886565,1
361,154,0.197924301,0.09617138654,1
361,162,0.258661747,0.07517807931,1
361,170,0.2290827185,0.07174614072,1
369,10,0.04148130119,0.1217605323,1
369,18,0.1020653248,0.02644079924,1
369,26,0.131404385,0.05619840324,1
369,34,0.1519030035,0.3632843494,1
369,42,-0.08052902669,0.09154384583,1
369,50,-0.1297288984,-0.07727976143,1
369,58,0.0446973294,-0.08952601254,1
369,66,0.06227007508,0.06198867783,1
369,74,0.03208403289,0.05311343819,1
369,82,-0.01488408446,-0.1165825427,1
369,90,-0.09979256988,-0.127349332,1
369,98,-0.03903750703,-0.1686700881,1
369,106,0.03298004717,-0.1517177224,1
369,114,0.08156933635,-0.0004121959209,1
369,122,0.09576508403,0.06062178314,1
369,130,0.1117230207,0.01615053415,1
369,138,0.1885623783,-0.05273009837,1
369,146,0.1264549941,0.07116505504,1
369,154,0.1012791693,-0.03703966737,1
369,162,0.1036237925,0.05632927269,1
369,170,0.08564466238,0.1175907552,1
377,10,0.1344240904,0.1805379689,1
377,18,0.2568430901,0.1295183897,1
377,26,0.3228003979,0.02420399711,1
377,34,0.2209365964,0.4200560749,1
377,42,-0.003811139613,0.2197010219,1
377,50,-0.1572040617,-0.01958606578,1
377,58,0.08950526267,-0.07522653788,1
377,66,0.09394103289,0.05293854326,1
377,74,-0.01250304282,0.04182360694,1
377,82,-0.1718451679,0.04365930334,1
377,90,-0.1708448231,-0.06742099673,1
377,98,-0.09527712315,-0.07566893101,1
377,106,-0.08816370368,-0.05880698189,1
377,114,-0.0525691472,-0.001557441428,1
377,122,-0.01975321025,0.05494082719,1
377,130,0.06820651889,0.01037150994,1
377,138,0.1945811212,-0.08042937517,1
377,146,0.2118562162,0.0835930258,1
377,154,0.09899410605,0.05678854883,1
377,162,0.0269831866,0.04768563434,1
377,170,-0.04704867303,0.1221115887,1
385,10,0.190219909,0.1814697981,1
385,18,-0.005835309625,0.1357627809,1
385,26,0.2839208841,-0.04134025425,1
385,34,0.08763740212,-0.05906015262,1
385,42,-0.01685024798,0.001049658284,1
385,50,0.06662105769,-0.02468418702,1
385,58,0.09781423211,0.03953503445,1
385,66,-0.006880816072,0.04120726883,1
385,74,-0.01364118606,0.04412031546,1
385,82,0.04735338688,0.07252562046,1
385,90,0.02794947103,0.05260002241,1
385,98,0.004514455795,0.004830356687,1
385,106,-0.05548278987,0.01523989439,1
385,114,0.05457318574,0.03192636371,1
385,122,0.1868117452,-0.086231336,1
385,130,0.1907458603,0.06702461094,1
385,138,0.1821852773,0.04696981236,1
385,146,0.1935413629,0.1441328675,1
385,154,0.2143796235,0.09211081266,1
385,162,0.09661126137,-0.01791248471,1
385,170,-0.02602081746,-0.02870164812,1
393,10,0.265007019,0.1681012511,1
393,18,0.1000760645,-0.04053703696,1
393,26,0.1038087159,-0.09986029565,1
393,34,0.07418698072,-0.1779741645,1
393,42,-0.001831844449,-0.1687438786,1
393,50,0.04234556854,-0.06414096057,1
393,58,0.02866300195,0.1231415421,1
393,66,-0.02624499798,0.09144923091,1
393,74,0.00804682076,0.1048796326,1
393,82,0.09363415837,0.011256814,1
393,90,0.1142754331,0.118537873,1
393,98,-0.01968913153,0.07597149909,1
393,106,0.04067475349,0.02586876228,1
393,114,0.4318436384,0.0871360302,1
393,122,0.3677932024,0.01688936353,1
393,130,0.122487396,0.08891317248,1
393,138,0.07095003128,0.1034411713,1
393,146,0.1261982769,0.1459245235,1
393,154,0.1179167032,0.1253775507,1
393,162,0.130246371,0.02865633368,1
393,170,0.1505152285,-0.06254775822,1
401,10,-0.0720775649,0.1628795117,1
401,18,-0.006660372019,-0.03745786846,1
401,26,-0.004427552223,-0.0424682498,1
401,34,0.05864800513,-0.1663707048,1
401,42,0.01857608557,-0.1595606059,1
401,50,-0.0527182743,-0.1034346223,1
401,58,0.1373471916,0.1960482448,1
401,66,0.2385599613,0.2639763355,1
401,74,0.2087306678,0.1599567831,1
401,82,0.1058155745,0.1211559474,1
401,90,0.1338546574,0.1625811905,1
401,98,0.1885977238,0.1656506509,1
401,106,0.1991605461,0.01274707168,1
401,114,0.2789472342,-0.01860036328,1
401,122,0.2872822285,0.1400773525,1
401,130,0.1408027261,0.176434353,1
401,138,0.160395965,0.07756128907,1
401,146,0.2849845886,0.02044234425,1
401,154,0.1633981168,0.1636335552,1
401,162,0.1572269052,0.06204373389,1
401,170,0.1626826823,0.03324650228,1
409,10,-0.07069113851,0.3803712726,1
409,18,-0.09898401797,0.02880074829,1
409,26,-0.151354596,0.002498179674,1
409,34,-0.1029629409,0.02018869668,1
409,42,-0.08800035715,0.1104081273,1
409,50,-0.1411432326,-0.0802943483,1
409,58,-0.02370410413,0.04266744852,1
409,66,0.1700379252,0.1569165289,1
409,74,0.263851881,0.2012468129,1
409,82,0.2000481784,0.3536162376,1
409,90,0.1738649309,0.2394119501,1
409,98,0.0676067397,0.2514805794,1
409,106,0.03811177611,0.1360695064,1
409,114,0.1181445569,-0.06946479529,1
409,122,0.2532569766,0.07898829132,1
409,130,0.3648946881,0.2090895176,1
409,138,0.411503613,0.02862265706,1
409,146,0.1731482893,-0.02535235882,1
409,154,0.05220044404,0.09884659946,1
409,162,0.03855246305,0.1241253018,1
409,170,0.05749949068,0.2058312446,1
417,10,-0.205680117,0.3436674476,1
417,18,-0.3563485146,0.1929106414,1
417,26,-0.497633636,0.05400970578,1
417,34,-0.4065856934,0.2579086423,1
417,42,-0.2607435286,0.32829386,1
417,50,-0.1485051811,0.1079387963,1
417,58,-0.06903017312,0.05612268299,1
417,66,0.1074741185,0.01203065366,1
417,74,0.2891119123,0.05915812403,1
417,82,0.1213105768,0.2040210068,1
417,90,0.05595064163,0.1389578581,1
417,98,-0.04939273,0.0003907121718,1
417,106,0.04109650105,-0.09050413966,1
417,114,0.04691817611,-0.1316903383,1
417,122,0.04202121496,-0.04372436181,1
417,130,0.1960305274,0.1142544895,1
417,138,0.1719483435,-0.03521160781,1
417,146,0.08900605142,0.06081090868,1
417,154,0.1032406092,-0.008005350828,1
417,162,-0.05170039833,0.1441448182,1
417,170,0.002899546176,0.1749880314,2
