PIVlab, ASCII chart output - 02-Aug-2025
FRAME: 120, filenames: A:[120]FullStack_Pos0035_TgUtrmcherry_K4K8MO-1.avi & B:[121]FullStack_Pos0035_TgUtrmcherry_K4K8MO-1.avi, conversion factor xy (px -> m): 1, conversion factor uv (px/frame -> m/s): 1
x [px],y [px],u [px/frame],v [px/frame],Vector type [-]
9,10,0.1662650704,0.01136820018,1
9,18,0.1950596869,0.09127941728,1
9,26,0.13527821,-0.001970846206,1
9,34,0.1567630619,-0.01578166708,1
9,42,0.1244632453,-0.06471565366,1
9,50,-0.005768068135,0.1708066463,1
9,58,-0.04691018909,0.3973914981,1
9,66,-0.05763220787,0.1716045439,1
9,74,-0.06721644849,-0.01976430416,1
9,82,-0.09165497869,-0.1320858598,1
9,90,-0.05171914399,-0.125972867,1
9,98,-0.0382912159,-0.09189793468,1
9,106,-0.1172078848,0.162031889,1
9,114,-0.006383061409,0.3024592996,1
9,122,-0.1493398547,0.05939593911,1
9,130,-0.1261478513,0.1810595691,1
9,138,0.1721512824,0.1638082117,1
9,146,0.2394968867,0.2149711251,1
9,154,0.203650713,0.2902461588,1
9,162,0.01510155201,0.1338030547,1
9,170,-0.05768344551,0.1248470992,2
17,10,0.1614241451,0.01583439857,1
17,18,0.1321350634,0.1266251057,1
17,26,0.05263179541,0.005177639425,1
17,34,0.01230300404,0.01211304963,1
17,42,-0.005813544616,0.103450343,1
17,50,-0.1073956415,0.2130623013,1
17,58,-0.03927749395,0.1491315812,1
17,66,-0.04193414003,-0.1128651649,1
17,74,-0.06704244018,-0.1047899202,1
17,82,-0.1139684618,-0.116516307,1
17,90,-0.161388889,-0.06927216053,1
17,98,-0.07233591378,-0.06073962897,1
17,106,-0.1309245378,0.1169878617,1
17,114,-0.1145394444,0.1508170217,1
17,122,-0.1599233747,-0.07036461681,1
17,130,-0.1438623965,0.01850861311,1
17,138,-0.04649890959,0.04593580216,1
17,146,-0.001921914518,0.05191893876,1
17,154,-0.05730481446,0.06089515984,1
17,162,-0.01000412926,0.1083603352,1
17,170,-0.130468443,0.1158911437,1
25,10,0.09933880717,0.04871614277,1
25,18,0.08900047839,-0.003064371645,1
25,26,0.05915299803,-0.0210667029,1
25,34,-0.04529184103,0.06757041812,1
25,42,-0.09622809291,0.08793411404,1
25,50,-0.07569916546,0.1067077518,1
25,58,0.009590439498,0.04488725215,1
25,66,-0.04269962758,-0.07671736926,1
25,74,-0.2616230249,0.03159139678,1
25,82,-0.382047683,0.03615356609,1
25,90,-0.1890885532,-0.03265202045,1
25,98,-0.141299367,-0.1855649352,1
25,106,-0.1816352159,0.03428724781,1
25,114,-0.2514289916,0.0422537066,1
25,122,-0.1301248968,0.1132075489,1
25,130,-0.09736432135,-0.02432575822,1
25,138,-0.07654371858,-0.06001517177,1
25,146,-0.02991751581,0.01683101431,1
25,154,-0.122731775,0.03382366151,1
25,162,-0.07006105036,0.1165568307,1
25,170,-0.007616117597,0.2384534031,1
33,10,0.1167390794,0.1019359306,1
33,18,0.1623466164,-0.04409105331,1
33,26,-0.05825048685,-0.07846081257,1
33,34,-0.1167282462,0.04679415002,1
33,42,-0.06646837294,0.08249260485,1
33,50,-0.0307539925,-0.02144807205,1
33,58,-0.04455344379,0.05519107729,1
33,66,-0.225329712,0.1724616289,1
33,74,-0.2523171306,0.009506596252,1
33,82,-0.2457614392,0.06256185472,1
33,90,-0.1526828855,0.03900637478,1
33,98,-0.1180967242,-0.02611620724,1
33,106,-0.07306933403,-0.02127671987,1
33,114,-0.1136110425,-0.1455365419,1
33,122,-0.1096421182,0.1741707623,1
33,130,-0.12705037,0.09437797219,1
33,138,-0.2230900377,-0.02269575745,1
33,146,-0.2046366036,0.08949501067,1
33,154,-0.1715378761,-0.04052930325,1
33,162,-0.1531059444,-0.008524432778,1
33,170,-0.05273553729,0.1704938412,1
41,10,0.101814121,0.1897770464,1
41,18,0.2347308695,-0.09187522531,1
41,26,0.06661369652,-0.09560400248,1
41,34,-0.0342021808,0.0008484842256,1
41,42,-0.07770223171,0.06232828647,1
41,50,-0.1470826268,0.01948877238,1
41,58,-0.1301234663,-0.1089610904,1
41,66,-0.04942822456,0.1492874622,1
41,74,-0.08189275116,-0.01705334708,1
41,82,-0.09591694176,0.01859006472,1
41,90,-0.06795759499,0.03295034543,1
41,98,-0.1206477731,-0.02484814636,1
41,106,-0.1186265424,-0.05982287973,1
41,114,-0.1701364815,-0.04602335393,1
41,122,-0.1810907125,0.1180249527,1
41,130,-0.1266618073,0.1877626479,1
41,138,-0.166789338,0.06448483467,1
41,146,-0.2324926257,0.1152286232,1
41,154,-0.0955748111,-0.04740869999,1
41,162,-0.1133263707,0.01488137245,1
41,170,-0.1169156954,0.0997594893,1
49,10,-0.09199781716,0.08454602957,1
49,18,0.1315340698,-0.03023590334,1
49,26,0.1091858894,0.03541769832,1
49,34,0.05690664798,0.05002580583,1
49,42,-0.05426773801,-0.02286908962,1
49,50,-0.2351662666,0.1147786975,1
49,58,-0.2444312274,0.07033901662,1
49,66,-0.05015387386,0.04706761241,1
49,74,0.1340099573,-0.02611077204,1
49,82,-0.03717235103,0.03634118289,1
49,90,-0.05969480053,-0.129386425,1
49,98,-0.02508628368,-0.0589517206,1
49,106,-0.06945733726,0.01505440474,1
49,114,-0.1264825165,0.1092163399,1
49,122,-0.1630100906,0.06625203043,1
49,130,-0.1435959041,0.1010546312,1
49,138,-0.07980920374,-0.03852242976,1
49,146,-0.09943912178,0.05106866732,1
49,154,-0.09867267311,0.06907209754,1
49,162,-0.1768610179,0.04071125388,1
49,170,-0.2938727736,0.08694222569,1
57,10,0.0841005668,-0.1524312496,1
57,18,0.1038550735,0.05672743544,1
57,26,-0.06388941407,0.06192509085,1
57,34,0.03845668584,0.01396150794,1
57,42,0.06852951646,-0.07847626507,1
57,50,-0.1192050055,0.1480571032,1
57,58,-0.1323209107,0.2733723819,1
57,66,0.06103485078,0.1364914477,1
57,74,0.1251131892,0.07653278112,1
57,82,0.03529824317,0.04559261352,1
57,90,-0.1139468253,-0.0630684346,1
57,98,-0.08386912942,0.01314241625,1
57,106,-0.1657048762,0.07416734099,1
57,114,-0.117803812,0.08989322186,1
57,122,-0.04622104764,0.1313321888,1
57,130,-0.03430170566,0.05861539394,1
57,138,0.0363394022,-0.09840717167,1
57,146,0.0321543254,0.03610420972,1
57,154,-0.01581785455,0.1157274544,1
57,162,-0.04205130041,-0.1672508419,1
57,170,-0.09703846276,0.04430041462,1
65,10,0.02276998758,-0.08973708004,1
65,18,0.06458589435,0.02803911269,1
65,26,0.01967070997,0.03046257235,1
65,34,0.07092867792,0.004557270557,1
65,42,0.1579598486,-0.05329095572,1
65,50,-0.01900614798,0.09430292249,1
65,58,-0.1016405821,0.1212701946,1
65,66,-0.009447280318,0.08919505775,1
65,74,-0.007563050836,0.1348258555,1
65,82,-0.02305495739,0.04729454964,1
65,90,-0.03315302357,-0.01908947714,1
65,98,-0.1069646776,-0.02156789787,1
65,106,-0.1259853989,0.04025924206,1
65,114,-0.07208968699,0.1111217663,1
65,122,-0.02292589098,0.1692401767,1
65,130,0.001442730427,0.1829026937,1
65,138,0.02840332687,0.06932465732,1
65,146,0.02499732375,0.08621661365,1
65,154,-0.02853856608,-0.008009135723,1
65,162,-0.04517899454,0.003036983311,1
65,170,0.02891824394,0.06902089715,1
73,10,-0.2401247472,0.02539364249,1
73,18,-0.02510990947,-0.03033325262,1
73,26,-0.03470940143,0.0001650643535,1
73,34,-0.08170063049,0.09951484203,1
73,42,-0.02168097533,0.04570768028,1
73,50,-0.1413925439,0.05402918532,1
73,58,-0.0446144864,-0.005294006318,1
73,66,-0.02720436454,-0.007607534528,1
73,74,-0.03028490394,0.1707951128,1
73,82,-0.005175918341,0.1400951594,1
73,90,-0.02976695821,-0.02030400559,1
73,98,-0.07667202502,-0.06909647584,1
73,106,-0.199657172,0.07231424004,1
73,114,0.01397750527,0.225481838,1
73,122,-0.03752916306,0.1556556821,1
73,130,-0.06209705025,0.09694775939,1
73,138,-0.05514709651,0.1440681964,1
73,146,-0.1250671893,0.1078633666,1
73,154,-0.123620376,-0.08541023731,1
73,162,-0.1036719605,0.05142270029,1
73,170,-0.01204631105,0.261945188,1
81,10,-0.09107348323,0.03693552315,1
81,18,-0.02387224138,0.01245398819,1
81,26,-0.1072592214,-0.0329750739,1
81,34,-0.08283543587,-0.002379329875,1
81,42,-0.09992720187,0.01865453832,1
81,50,-0.21650365,-0.04824275523,1
81,58,-0.02301113307,-0.08401368558,1
81,66,-0.01715165377,0.03042110801,1
81,74,-0.1176053137,0.1287513226,1
81,82,-0.1356986761,0.03508895636,1
81,90,-0.04325960577,0.02833026648,1
81,98,-0.008166573942,0.1701439619,1
81,106,-0.03130092472,0.06434776634,1
81,114,0.07903376222,0.140847519,1
81,122,-0.02279072814,0.1041951105,1
81,130,-0.02478782833,0.003434121609,1
81,138,-0.03152272105,0.04814760387,1
81,146,-0.1704825759,-0.02986890823,1
81,154,-0.1631984711,-0.1070443615,1
81,162,-0.02324894071,-0.09509463608,1
81,170,0.02026375756,0.1799472868,1
89,10,-0.003716268577,0.002444203943,1
89,18,-0.01950994134,-0.06411775202,1
89,26,-0.1434957683,-0.1796036959,1
89,34,-0.140866816,-0.2229690254,1
89,42,-0.04777508974,-0.2022755891,1
89,50,-0.05937961489,-0.1373927295,1
89,58,-0.1294398308,-0.006500964053,1
89,66,-0.1069746092,-0.03531321138,1
89,74,-0.1456869245,-0.03374567628,1
89,82,-0.1230414063,-0.04377375171,1
89,90,0.04987388104,0.02600998059,1
89,98,-0.09979849309,-0.01667206362,1
89,106,-0.04289080203,-0.0580625236,1
89,114,-0.04406438768,0.007690822706,1
89,122,-0.05246280506,0.04246678203,1
89,130,-0.02692792192,0.08639974147,1
89,138,-0.1393843293,0.108011812,1
89,146,-0.2218233347,0.02126337029,1
89,154,-0.1506640017,-0.04011745378,1
89,162,0.01216596365,-0.08984532952,1
89,170,0.003191173077,0.04503154755,1
97,10,0.01099386252,-0.0516140908,1
97,18,-0.1335625201,-0.1145971715,1
97,26,-0.2488252223,-0.1128186807,1
97,34,-0.2106636465,-0.1255589575,1
97,42,-0.0759460181,-0.1054523066,1
97,50,-0.01443076134,-0.05931700021,1
97,58,-0.2177515477,-0.01043227129,1
97,66,-0.08898599446,-0.02732853964,1
97,74,-0.04768746346,0.05841969699,1
97,82,-0.06670265645,0.02622426674,1
97,90,-0.043278642,-0.1207021326,1
97,98,-0.04995945469,-0.1201800853,1
97,106,0.0006988346577,-0.09851144254,1
97,114,-0.04836080968,0.005177827552,1
97,122,-0.110071823,0.0564092584,1
97,130,-0.1011047065,0.03718428686,1
97,138,-0.1090760604,0.05035690591,1
97,146,-0.03236310929,0.0260403268,1
97,154,-0.01973673701,0.103135258,1
97,162,-0.09207248688,-0.004555050284,1
97,170,-0.1223453209,0.1178844273,1
105,10,-0.1590491235,-0.04314000905,1
105,18,-0.2133188099,-0.04352863878,1
105,26,-0.1813991666,-0.006908737123,1
105,34,-0.1551969349,-0.05549804866,1
105,42,-0.1868916601,0.03727014735,1
105,50,-0.1331682205,0.02332076617,1
105,58,-0.08750644326,0.03483552113,1
105,66,-0.07344745845,0.05859097093,1
105,74,-0.05492267013,0.04775301367,1
105,82,-0.07120236754,0.008712051436,1
105,90,-0.06999541819,-0.1423612684,1
105,98,-0.1039041057,-0.1491589844,1
105,106,-0.1370423138,-0.07112452388,1
105,114,-0.1887252331,0.04957614467,1
105,122,-0.2633132935,-0.02097357251,1
105,130,-0.1315473616,-0.2019597888,1
105,138,-0.02063230425,0.04006836191,1
105,146,-0.1026007682,0.02193501592,1
105,154,-0.1226883754,0.03045104258,1
105,162,-0.1149052531,0.0646456033,1
105,170,-0.0848210603,0.07471591979,1
113,10,-0.07007164508,0.1568932533,1
113,18,-0.1284903884,-0.005342859775,1
113,26,-0.2702634335,0.005698926747,1
113,34,-0.2471394092,-0.006548702717,1
113,42,-0.193753913,0.2240668684,1
113,50,-0.08174427599,0.1068552732,1
113,58,-0.08653381467,0.1090669706,1
113,66,-0.10978809,0.09362302721,1
113,74,-0.1038514152,-0.01586642861,1
113,82,-0.07339675725,0.003412484657,1
113,90,-0.07324913144,-0.03555247933,1
113,98,-0.1626836658,-0.1310292631,1
113,106,-0.1170596182,-0.04575614259,1
113,114,-0.08997695148,-0.06659539789,1
113,122,-0.1237351149,-0.1725879312,1
113,130,-0.109014757,-0.0379371047,1
113,138,-0.04886588454,0.1558924615,1
113,146,-0.1500832886,0.02106850222,1
113,154,-0.2854942977,-0.03477272019,1
113,162,-0.1605821103,0.03809583932,1
113,170,-0.1208589375,-0.02029019594,1
121,10,-0.2018377334,0.1282748729,1
121,18,-0.2253663987,-0.05321155861,1
121,26,-0.2570714653,-0.03391816467,1
121,34,-0.1729981154,-0.004535734653,1
121,42,-0.07850827277,-0.01137353852,1
121,50,-0.1439319551,0.04687267542,1
121,58,-0.1592864394,0.002729579806,1
121,66,-0.04175260663,0.06760824472,1
121,74,-0.03461112827,-0.04450567812,1
121,82,-0.06288425624,0.06531322002,1
121,90,-0.1252733022,0.05460407957,1
121,98,-0.1416791379,-0.07388087362,1
121,106,-0.05784016475,-0.01717702113,1
121,114,-0.04609612748,-0.09867027402,1
121,122,-0.04451272637,-0.1457192749,1
121,130,-0.003496751189,0.001709076343,1
121,138,0.03069020808,0.03035060875,1
121,146,-0.1799321175,-0.02009537071,1
121,154,-0.3243460059,-0.01303123683,1
121,162,-0.2200853229,0.03586461022,1
121,170,-0.09623715281,-0.05433320999,1
129,10,-0.1466494501,-0.1670010388,1
129,18,-0.08202941716,-0.07752065361,1
129,26,-0.05375091732,-0.01177806966,1
129,34,-0.05508296192,-0.01256115735,1
129,42,-0.04628117383,0.01469900087,1
129,50,-0.131411463,0.01000263542,1
129,58,-0.1185460538,-0.004861235619,1
129,66,-0.07532095164,0.1049087495,1
129,74,-0.1060427949,-0.02479192987,1
129,82,-0.07156846672,-0.00145183783,1
129,90,-0.07617989928,0.07006037235,1
129,98,-0.08943961561,-0.02262642607,1
129,106,0.01444254816,0.05583634228,1
129,114,0.006022084504,0.1055830568,1
129,122,-0.05112252757,-0.07239408791,1
129,130,-0.0444233343,-0.03012218885,1
129,138,-0.2549527884,0.01214049757,1
129,146,-0.3949505985,0.04377412796,1
129,154,-0.2669955194,0.07791056484,1
129,162,-0.1470178515,0.01847735047,1
129,170,-0.09129566699,-0.09189841151,1
137,10,-0.07246337831,-0.2852549553,1
137,18,-0.04541368783,-0.1310850531,1
137,26,0.0621271655,0.1184199154,1
137,34,0.01139690354,0.159581691,1
137,42,-0.04333370551,0.08611813933,1
137,50,-0.02201933786,0.1681281924,1
137,58,-0.05628338829,0.05658511072,1
137,66,-0.08306525648,0.1692787409,1
137,74,-0.06584914029,0.03839927912,1
137,82,-0.03008439392,-0.09413169324,1
137,90,-0.01537965238,0.06205212325,1
137,98,-0.08386982232,0.1457398087,1
137,106,-0.05301854759,0.1538324058,1
137,114,0.004677087069,0.2766652703,1
137,122,0.04046447203,0.1574504673,1
137,130,0.07112035155,0.02395371348,1
137,138,-0.081803523,0.0785343349,1
137,146,-0.1513501108,0.04997785762,1
137,154,-0.1247777343,0.1449180841,1
137,162,0.03610118479,0.045016855,1
137,170,0.08239825815,-0.0777695328,1
145,10,0.01128339767,-0.2934650183,1
145,18,-0.05704888701,-0.1816421002,1
145,26,0.003632083535,0.180786103,1
145,34,0.06108385697,0.1213067919,1
145,42,-0.1031395867,0.02434062958,1
145,50,-0.1885156929,0.1027517766,1
145,58,-0.1483723223,0.01342839748,1
145,66,-0.04275991023,0.1244810969,1
145,74,-0.06214592606,0.1209353507,1
145,82,-0.1604236066,0.01361036301,1
145,90,-0.1639291644,0.04871996492,1
145,98,-0.06989939511,0.1850866377,1
145,106,-0.1053688675,0.1528200358,1
145,114,-0.143174082,0.1354568452,1
145,122,-0.02063343674,0.1946732402,1
145,130,0.06333874166,0.004705041647,1
145,138,0.01401661709,0.07543104887,1
145,146,-0.05606749654,-0.03741206229,1
145,154,-0.05888047814,0.04833370447,1
145,162,0.06596947461,0.1031978503,1
145,170,0.134603858,-0.01627349108,1
153,10,0.04168418422,-0.1460666656,1
153,18,-0.06150030345,-0.02399343252,1
153,26,-0.04645606875,0.0656350404,1
153,34,0.07567853481,0.07476980984,1
153,42,-0.03639594465,0.009294182062,1
153,50,-0.008831929415,0.1470669508,1
153,58,0.07411023229,0.1177669689,1
153,66,-0.08677067608,0.1342813671,1
153,74,-0.08628553152,0.1967258453,1
153,82,-0.05654419214,0.1060549766,1
153,90,-0.2354442924,0.03732376173,1
153,98,-0.1861972511,0.09775455296,1
153,106,-0.199876368,0.05504193157,1
153,114,-0.2502034903,0.08681741357,1
153,122,-0.157046169,0.126524359,1
153,130,-0.0469253622,0.07482802868,1
153,138,0.0411401391,0.04691017047,1
153,146,-0.06515492499,-0.04982935637,1
153,154,-0.1184442714,-0.0326456055,1
153,162,-0.05873094872,-0.05903509259,1
153,170,0.05904705077,-0.1106510982,1
161,10,0.0505322963,0.1466562003,1
161,18,-0.06350827217,-0.004524152726,1
161,26,-0.009844258428,-0.01373835281,1
161,34,0.01633486152,0.04263825715,1
161,42,-0.07585512102,0.01913856715,1
161,50,-0.06512269378,0.1510251164,1
161,58,-0.02154561505,0.1423853636,1
161,66,-0.02457965165,0.1308566928,1
161,74,-0.04652369022,0.059813492,1
161,82,0.04073666781,0.0752447471,1
161,90,-0.1103745773,0.03634425998,1
161,98,-0.1652731746,0.06364011019,1
161,106,-0.0399733223,0.07723347843,1
161,114,-0.08093976974,0.06501626223,1
161,122,-0.05870546401,0.08196952939,1
161,130,0.005494751036,0.1176891103,1
161,138,-0.06132765114,0.06346832216,1
161,146,-0.08634565771,-0.03194900602,1
161,154,-0.169175595,-0.07453668863,1
161,162,-0.1838049144,-0.04097399861,1
161,170,-0.06941522658,-0.1272309422,1
169,10,-0.004584088922,0.2463474274,1
169,18,-0.03074208647,-0.00791900605,1
169,26,-0.08187407255,-0.00723240152,1
169,34,-0.03628639504,0.002272189595,1
169,42,-0.02743906528,0.007549189031,1
169,50,-0.07907472551,0.1020774841,1
169,58,-0.08623740077,0.09375418723,1
169,66,-0.012496382,0.1490199566,1
169,74,0.07022540271,-0.04429328442,1
169,82,0.02944095619,0.2237384319,1
169,90,0.05639948323,0.0006945021451,1
169,98,0.02118323557,-0.002922698855,1
169,106,0.05728655308,0.0689111501,1
169,114,-0.064935036,-0.04356044531,1
169,122,0.01753193699,-0.008046120405,1
169,130,0.1597562432,-0.1205336303,1
169,138,-0.2177435458,-0.06316332519,1
169,146,-0.08575106412,-0.1392706335,1
169,154,-0.04231251776,-0.02930195071,1
169,162,-0.155425787,0.07740806788,1
169,170,-0.08549403399,0.07674703002,1
177,10,-0.2604225874,0.1863616109,1
177,18,-0.08354865015,0.02556916699,1
177,26,0.02968960628,0.03265723586,1
177,34,0.04091019183,-0.03440476954,1
177,42,0.07949866354,-0.05051237345,1
177,50,-0.0103642717,0.07447433472,1
177,58,-0.1533638835,0.06141617149,1
177,66,-0.1841209233,0.1058227569,1
177,74,0.01349059679,0.08647362143,1
177,82,0.06154335663,0.234478265,1
177,90,0.02977535129,0.04069853574,1
177,98,0.08325199783,0.02408443391,1
177,106,0.06062565744,0.00539111346,1
177,114,-0.08078799397,-0.1144720912,1
177,122,-0.01187676378,-0.04588374496,1
177,130,-0.00134650711,-0.1463000923,1
177,138,0.02774405479,-0.2724838257,1
177,146,0.03112891316,-0.1169285327,1
177,154,-0.04844987392,0.04494762048,1
177,162,-0.03685357422,0.09723899513,1
177,170,0.05293706059,0.1325388849,1
185,10,-0.2103591263,0.1750558168,1
185,18,-0.04828679562,0.0922472626,1
185,26,-0.007507219911,0.04430279508,1
185,34,0.06643919647,0.01262645796,1
185,42,0.1809058785,-0.04310238361,1
185,50,-0.0002443008125,-0.0234844014,1
185,58,-0.03837120533,-0.05041864514,1
185,66,-0.04831716791,-0.05040830374,1
185,74,-0.03569507599,0.0729804188,1
185,82,0.0309305191,0.2124893069,1
185,90,-0.01848142222,0.13116467,1
185,98,0.01997843385,0.1197831482,1
185,106,0.01395559311,0.03264323249,1
185,114,-0.02774257958,-0.04160004854,1
185,122,0.0941265896,0.02958857827,1
185,130,-0.001828677021,-0.09745617956,1
185,138,-0.09232184291,-0.2050162256,1
185,146,-0.1628038287,-0.03706999868,1
185,154,-0.1629322767,0.1767929047,1
185,162,-0.03558229655,0.1866171658,1
185,170,-0.002110484987,0.1738297045,1
193,10,-0.06198189408,0.09358463436,1
193,18,0.1185737401,0.117743589,1
193,26,0.1580073237,0.1362166554,1
193,34,0.09301373363,0.2103152275,1
193,42,-0.006059870124,0.1035497189,1
193,50,-0.06487330049,-0.08644489944,1
193,58,-0.03201371804,-0.1908111572,1
193,66,-0.03843983263,-0.1357063055,1
193,74,-0.03608805314,-0.08484736085,1
193,82,0.08371350169,0.1103130877,1
193,90,0.09042207897,0.1095177829,1
193,98,0.08449542522,0.05407720804,1
193,106,0.1607141793,0.04978331551,1
193,114,0.1869588941,0.1710456163,1
193,122,0.1542651057,0.06662543118,1
193,130,0.02399607375,-0.03655111417,1
193,138,-0.1503813863,-0.07426181436,1
193,146,-0.253737092,-0.05171538889,1
193,154,-0.1610948741,0.1283225119,1
193,162,0.06271918118,0.2563645542,1
193,170,0.1675333977,0.3421054184,1
201,10,-0.1029768437,-0.05519409105,1
201,18,0.1460548192,0.147223264,1
201,26,0.1809986979,0.2130420506,1
201,34,0.1438417584,0.1264941692,1
201,42,0.063201949,0.09365238249,1
201,50,0.1094390079,-0.01373918634,1
201,58,0.1610816121,-0.2362899482,1
201,66,0.1191613376,-0.1534649432,1
201,74,0.1254681945,-0.06802596897,1
201,82,0.07570632547,0.04977675527,1
201,90,0.02926176041,0.08012606949,1
201,98,0.09030713886,0.006350561976,1
201,106,0.225344196,0.0208455734,1
201,114,0.1683164388,0.07164611667,1
201,122,0.1330062151,0.02675180882,1
201,130,0.08699603379,0.1059229299,1
201,138,-0.01318529621,0.1081682444,1
201,146,-0.1018681228,-0.02626770735,1
201,154,-0.1395247877,-0.04292815179,1
201,162,-0.09320420772,0.09438575804,1
201,170,0.03612731397,0.1760242432,1
209,10,-0.0468474403,-0.08313621581,1
209,18,-0.08493587375,0.06515415758,1
209,26,-0.02431046218,0.03948602825,1
209,34,0.03521742672,-0.05756527185,1
209,42,0.05224038661,0.02852261066,1
209,50,0.0955766961,0.04189509898,1
209,58,0.02342550457,-0.2076114118,1
209,66,0.1505264789,-0.2070413381,1
209,74,0.2003567219,-0.06098408252,1
209,82,0.08662436903,0.02996794879,1
209,90,0.05098503083,0.03914981335,1
209,98,-0.06622564048,-0.03217122704,1
209,106,-0.06033735722,-0.1135126352,1
209,114,-0.03337889165,-0.1447010934,1
209,122,0.03460068628,-0.03720007837,1
209,130,0.1683140844,0.07693135738,1
209,138,0.08104306459,0.0007263496518,1
209,146,-0.07154236734,-0.005195714533,1
209,154,-0.1244936958,-0.1327026784,1
209,162,-0.05568946898,-0.02674920857,1
209,170,0.161333859,-0.0341733098,1
217,10,0.1973590702,-0.03676722571,1
217,18,0.06249216199,0.1171031743,1
217,26,3.000721335e-05,0.1203716248,1
217,34,0.03844639286,0.07725851983,1
217,42,0.04326076433,0.02508207411,1
217,50,0.07168588042,0.01714980416,1
217,58,0.05330396444,-0.1071776822,1
217,66,0.1029644758,-0.1336431056,1
217,74,-0.07629571855,-0.07316434383,1
217,82,-0.06894584745,-0.06796552986,1
217,90,0.01662306488,-0.07091704011,1
217,98,-0.1038807333,-0.1089662015,1
217,106,-0.2009761184,-0.1314520538,1
217,114,-0.1383435428,-0.05456780642,1
217,122,0.002773456275,0.02097622119,1
217,130,0.2451737523,6.046891212e-05,1
217,138,0.184853822,-0.06389891356,1
217,146,-0.02099389955,-0.1311836988,1
217,154,-0.2022462189,-0.196582526,1
217,162,-0.2136765122,-0.2226688862,1
217,170,0.1168354154,-0.09079378098,1
225,10,0.1010488495,0.03922896087,1
225,18,0.1684386134,0.1546915621,1
225,26,0.1463659704,0.1595110148,1
225,34,0.020265406,0.1147421747,1
225,42,-0.02878804877,0.07382670045,1
225,50,0.02313036472,0.06395541877,1
225,58,0.045499295,-0.02004183829,1
225,66,0.08577303588,0.02188025042,1
225,74,-0.004430104047,-0.008486628532,1
225,82,-0.07825984061,-0.01336995512,1
225,90,0.04551237822,-0.07769738883,1
225,98,-0.06527230144,-0.2498216927,1
225,106,-0.2068807185,-0.1781214774,1
225,114,-0.202204749,-0.04729821905,1
225,122,-0.03614391387,0.0538046211,1
225,130,0.06383420527,-0.1022376567,1
225,138,0.0637114346,0.03207008541,1
225,146,-0.02641453035,0.01098388806,1
225,154,-0.2638086677,-0.04876918346,1
225,162,-0.2419726998,-0.1371314824,1
225,170,-0.02004937828,-0.1149169505,1
233,10,-0.06327734143,0.1091474965,1
233,18,0.0517950207,0.1162542999,1
233,26,0.1181745827,-0.004094593227,1
233,34,0.1187782288,0.04055966064,1
233,42,0.1411714256,0.180819422,1
233,50,0.1670150906,0.162720561,1
233,58,0.309899658,0.02021912858,1
233,66,0.07618226856,-0.02793737501,1
233,74,-0.00567069836,-0.01419728994,1
233,82,-0.02138764039,-0.1492596567,1
233,90,-0.0140815489,-0.09914264083,1
233,98,-0.1827913076,-0.1673198938,1
233,106,-0.2250632048,-0.08091517538,1
233,114,-0.1702844054,-0.09358347952,1
233,122,-0.03599777818,0.03937261924,1
233,130,0.005010711029,0.05611746758,1
233,138,0.07472711802,0.1271218061,1
233,146,0.1037336811,0.04751384258,1
233,154,-0.06459050626,-0.01622887887,1
233,162,-0.1395683438,-0.0340109393,1
233,170,-0.1397563517,-0.114840813,1
241,10,-0.1083850786,0.09195443988,1
241,18,-0.04407660291,0.03860795498,1
241,26,0.04204483703,-0.04140719399,1
241,34,0.113797754,0.08473876119,1
241,42,0.04949612916,0.07994359732,1
241,50,0.02700400352,0.06257519126,1
241,58,0.1218926013,0.06506759673,1
241,66,0.09778900445,-0.03546779603,1
241,74,-0.01069527864,-0.04041991383,1
241,82,-0.01790838502,-0.1625307798,1
241,90,0.05093805119,-0.1470725536,1
241,98,0.01464090496,0.109369725,1
241,106,-0.06132463366,-0.04784663767,1
241,114,-0.0663060993,-0.0816475153,1
241,122,-0.1267409623,0.09285347164,1
241,130,-0.2174252719,0.2340935767,1
241,138,-0.04615765437,0.1546512246,1
241,146,0.06450998783,0.1075595468,1
241,154,-0.02173041552,-0.008586596698,1
241,162,-0.06587606668,0.02310505137,1
241,170,0.03253657371,-0.002319678664,1
249,10,-0.1081506014,-0.001805534586,1
249,18,-0.02708730474,-0.09841479361,1
249,26,0.04350082576,-0.03059597686,1
249,34,0.1047922149,0.1764013022,1
249,42,0.1725355387,0.01593170315,1
249,50,0.2261416465,-0.006473600864,1
249,58,-0.03170791641,-0.01640479267,1
249,66,-0.05348168314,0.09007176757,1
249,74,0.003867767751,0.07205428183,1
249,82,-0.01179853827,0.01962162368,1
249,90,-0.0422982648,-0.09362828732,1
249,98,-0.1300196797,0.02057051659,1
249,106,0.01552566886,-0.1030588523,1
249,114,0.08887927234,-0.0736323297,1
249,122,-0.03627344966,-0.0590582937,1
249,130,-0.07784176618,-0.01841923594,1
249,138,-0.03412961587,0.1260497272,1
249,146,0.09208209813,0.1977505684,1
249,154,0.07368738949,0.05283854902,1
249,162,0.03731812537,0.1844604164,1
249,170,0.1962188631,0.01034061611,1
257,10,-0.03753264248,0.01648758724,1
257,18,0.02960835025,-0.08183380961,1
257,26,0.08488072455,0.01295986027,1
257,34,0.1440247297,0.06599926949,1
257,42,0.1328052282,-0.02093289793,1
257,50,0.0799029097,-0.0398920998,1
257,58,-0.06057831645,-0.1680951118,1
257,66,0.02132289857,-0.1202940494,1
257,74,0.2123693526,-0.03333081305,1
257,82,0.147013247,0.06261259317,1
257,90,-0.04002502561,0.09591965377,1
257,98,-0.06900184602,0.002048268914,1
257,106,0.03096471727,-0.02304236591,1
257,114,0.05283360928,-0.2071130872,1
257,122,-0.02566359192,-0.3630836904,1
257,130,-0.03290059045,-0.2244653702,1
257,138,-0.003867959604,0.05463273078,1
257,146,0.1318427622,0.1881346703,1
257,154,0.2567753792,0.07055418193,1
257,162,0.1016727164,0.0879592672,1
257,170,0.1952396482,-0.04456442595,1
265,10,0.1010071337,0.08908354491,1
265,18,-0.01995071582,-0.0635586828,1
265,26,-0.008435923606,-0.05383984745,1
265,34,0.02017732151,-0.05257864296,1
265,42,-0.04901025444,-0.05816565081,1
265,50,-0.09953558445,-0.04430463165,1
265,58,-0.05226851627,0.003305414692,1
265,66,-0.02426661924,-0.1269958615,1
265,74,0.001875456423,-0.2478072196,1
265,82,0.1861430705,0.04124558717,1
265,90,0.1431717873,0.03271083161,1
265,98,-0.1470835358,0.0101195462,1
265,106,0.09864991158,0.00964176096,1
265,114,0.07739874721,-0.1538506746,1
265,122,-0.1122174934,-0.3764226735,1
265,130,-0.01164867356,-0.3118869066,1
265,138,-0.03441884369,0.04071230069,1
265,146,-0.1005481333,0.2211914062,1
265,154,0.1664586365,0.1046957821,1
265,162,0.1307837665,0.187325269,1
265,170,0.05063628405,0.02367243171,1
273,10,0.05297950655,0.04990243912,1
273,18,0.03172598779,-0.1172010601,1
273,26,-0.02798527479,-0.18378371,1
273,34,0.06857262552,-0.1400570571,1
273,42,-0.02860741131,-0.05081856623,1
273,50,-0.1745869368,0.08454106748,1
273,58,-0.02926532365,0.105352968,1
273,66,0.0701983124,-0.04717155173,1
273,74,0.001038193703,-0.1273935586,1
273,82,-0.2529247701,0.1300439686,1
273,90,-0.02327558398,0.02207315341,1
273,98,-0.01521901041,0.04355142638,1
273,106,0.003939419985,0.005935035646,1
273,114,-0.00891787,-0.06049817801,1
273,122,-0.1928845495,-0.1092724353,1
273,130,-0.03037382662,-0.1317023784,1
273,138,0.03574768454,-0.01774086244,1
273,146,0.03470921889,0.1715213954,1
273,154,0.1339634955,0.1572257727,1
273,162,0.06419373304,0.1834256053,1
273,170,-0.008794337511,0.009924225509,1
281,10,0.01451057196,0.1539837122,1
281,18,0.01434574649,-0.05132276192,1
281,26,-0.01069444045,-0.111451298,1
281,34,-0.0137288468,-0.05937726796,1
281,42,0.03113520704,-0.03335116804,1
281,50,0.06317578256,-0.0426562354,1
281,58,0.08780615032,-0.02166599967,1
281,66,0.06530220807,-0.1266643852,1
281,74,0.1119627208,-0.02339534834,1
281,82,0.2172813267,0.1152919605,1
281,90,0.2047549337,-0.143488884,1
281,98,0.1642008126,0.01501998492,1
281,106,0.1899442822,0.06873448938,1
281,114,0.09126416594,-0.05564876646,1
281,122,-0.05273332447,-0.00279411301,1
281,130,-0.03023509867,-0.02319032885,1
281,138,0.05056126043,0.1303714514,1
281,146,0.01082214713,0.1769098341,1
281,154,-0.07113044709,0.2962440848,1
281,162,-0.07397145033,0.1458051205,1
281,170,-0.08511792123,0.03078893945,1
289,10,0.1299606264,0.162620157,1
289,18,0.03770192713,0.05074817315,1
289,26,0.03168944269,-0.07522056997,1
289,34,-0.01774707437,-0.008854441345,1
289,42,0.01203861833,-0.02239665017,1
289,50,0.1138566658,-0.02190526202,1
289,58,0.1224168837,-0.03893440589,1
289,66,0.1358436644,-0.0277750995,1
289,74,0.2722303867,0.01999941468,1
289,82,0.3285505176,0.1728818417,1
289,90,0.2404341996,0.09133334458,1
289,98,0.201343745,-0.1570442021,1
289,106,0.2706574798,-0.04001024738,1
289,114,0.2198464572,-0.006490351632,1
289,122,-0.08175733685,-0.01550590992,1
289,130,-0.01209233701,0.01446453482,1
289,138,0.06047725305,0.1385731101,1
289,146,0.003822185099,0.1247471124,1
289,154,-0.1783048213,0.147756964,1
289,162,-0.1002788469,0.09855672717,1
289,170,-0.07090345025,0.08289752901,1
297,10,0.2501595914,0.02644436434,1
297,18,0.1139162034,0.0001392476261,1
297,26,0.05835265666,-0.08150941133,1
297,34,0.2021416128,-0.02706152946,1
297,42,0.2364273071,0.02205725759,1
297,50,0.1275444031,0.1164331511,1
297,58,0.1544897556,0.1174118668,1
297,66,0.1355845928,0.03464676812,1
297,74,0.1159026027,-0.03219271451,1
297,82,0.1741137207,0.1586591303,1
297,90,0.1797711253,0.2557459772,1
297,98,0.1015229821,-0.1018036306,1
297,106,0.09074345231,-0.07604657114,1
297,114,0.1376880109,0.05736257136,1
297,122,0.09480968118,0.121853888,1
297,130,-0.01295978948,0.06859537214,1
297,138,-0.08380585909,0.04538969696,1
297,146,-0.02858266793,0.03695044667,1
297,154,-0.02239536867,0.01075917482,1
297,162,-0.04325992242,0.057676211,1
297,170,-0.03802334517,0.1301598698,1
305,10,0.1955116987,0.05188836157,1
305,18,0.1261651367,-0.06870165467,1
305,26,0.06037208438,-0.06876549125,1
305,34,0.2221370041,-0.06754410267,1
305,42,0.1333874762,-0.08839508891,1
305,50,0.02339033037,0.03021662869,1
305,58,0.05835388601,0.1433710009,1
305,66,0.1274014711,-0.03422990441,1
305,74,0.1118640155,-0.04050888494,1
305,82,0.1604693234,0.1395767629,1
305,90,0.2565931976,-0.01562146842,1
305,98,0.2746431231,-0.0579688549,1
305,106,0.08212734759,0.02278733253,1
305,114,0.000985480845,0.08885591477,1
305,122,0.103281267,0.2248673886,1
305,130,0.1423555464,0.1306109279,1
305,138,0.1836346239,0.146368742,1
305,146,0.07320478559,0.05323137343,1
305,154,-0.00208110176,0.03274451196,1
305,162,0.06498748809,0.07871931791,1
305,170,0.196646437,0.1116436422,1
313,10,0.1465235502,-0.02659192681,1
313,18,0.06025091559,-0.0126196444,1
313,26,0.03298805654,0.02649197541,1
313,34,-0.05846606568,0.04346317053,1
313,42,-0.1427581459,0.03018920869,1
313,50,0.01644791663,0.006010204554,1
313,58,0.05276787281,0.1155706868,1
313,66,0.1137369573,0.05111867189,1
313,74,0.1697930396,0.09055957198,1
313,82,0.1075969413,0.1382210702,1
313,90,0.1154820323,0.04845199734,1
313,98,0.1370518506,0.02230603248,1
313,106,0.1014263108,0.08701906353,1
313,114,0.04849677533,0.09883145988,1
313,122,0.09277796745,0.1256641597,1
313,130,0.1125432253,0.1432419866,1
313,138,0.2449266762,0.20912157,1
313,146,0.213018328,0.169642508,1
313,154,0.08185409009,0.1517546922,1
313,162,0.1874898374,0.07287339121,1
313,170,0.3320353627,0.1426625848,1
321,10,0.280651629,-0.1183086485,1
321,18,0.09107667208,-0.005787417293,1
321,26,0.0354263708,0.06382758915,1
321,34,0.03469093889,0.1722286642,1
321,42,-0.03184738755,0.1228144914,1
321,50,-0.02491185814,0.03557025641,1
321,58,0.08293879032,0.1725023389,1
321,66,0.05747389048,0.1737138927,1
321,74,0.07255098224,0.1681496799,1
321,82,0.1008453667,0.03102879226,1
321,90,0.1649700254,0.1237360388,1
321,98,0.1409998834,0.2117201984,1
321,106,0.1151116565,0.1059893817,1
321,114,0.1377459615,0.1093633771,1
321,122,0.1187345833,0.1218618155,1
321,130,0.1927522123,0.151459083,1
321,138,0.3050174713,0.1045593768,1
321,146,0.226422146,0.1472314596,1
321,154,-0.02039024234,0.2100549936,1
321,162,0.07790254802,0.09223908186,1
321,170,0.1311565638,0.1978340745,1
329,10,0.1620650291,-0.007322110236,1
329,18,0.08374726772,-0.0298463814,1
329,26,0.01044165716,-0.03245668113,1
329,34,0.007183551788,0.09556464851,1
329,42,-0.02119658887,0.0478467308,1
329,50,-0.1089065969,0.09990308434,1
329,58,0.04919425026,0.1776165813,1
329,66,0.1087219939,0.1114614904,1
329,74,-0.05531677604,0.06686585397,1
329,82,0.1613179743,0.07898107171,1
329,90,0.3251175284,0.1322346926,1
329,98,0.1499262005,0.2089052349,1
329,106,0.04516930878,0.03719255328,1
329,114,0.07145612687,0.1228016168,1
329,122,0.219989568,0.1147268116,1
329,130,0.274535954,0.141629383,1
329,138,0.2363210469,0.1171718836,1
329,146,0.2068694234,0.1365849972,1
329,154,0.09667765349,0.1336304545,1
329,162,0.06682881713,0.04924731702,1
329,170,0.1392964125,0.2487082183,1
337,10,-0.07455381751,0.179038763,1
337,18,0.03634570539,-0.003239748999,1
337,26,0.06347331405,0.02532555908,1
337,34,-0.00876224786,0.08973622322,1
337,42,0.0241587013,0.02354442328,1
337,50,0.01338516176,0.03077812493,1
337,58,0.02436723933,-0.009605266154,1
337,66,0.0805439204,-0.01614673436,1
337,74,0.04581418633,-0.03401982039,1
337,82,0.173348397,0.02977050841,1
337,90,0.2349906564,0.1317518651,1
337,98,0.1197300702,0.08046713471,1
337,106,0.09699124098,0.0239617303,1
337,114,0.1354666054,0.1364355385,1
337,122,0.1791027933,0.2147363573,1
337,130,0.1297169179,0.1348712593,1
337,138,0.1153805405,0.2434194982,1
337,146,0.1953243017,0.1568185985,1
337,154,0.01329318434,0.06314224005,1
337,162,0.03396170959,0.1401482671,1
337,170,0.1536993831,0.2029788941,1
345,10,-0.06658933312,0.1082332358,1
345,18,0.08844962716,-0.01218452305,1
345,26,0.169367522,0.05880528688,1
345,34,0.2236826122,-0.01730761677,1
345,42,0.2149421871,-0.03175506741,1
345,50,0.1575595737,-0.1155602187,1
345,58,0.1018332466,-0.009184747934,1
345,66,0.06128042564,0.07270810008,1
345,74,0.06238885224,0.05100325495,1
345,82,0.06682923436,-0.1046227142,1
345,90,0.06933507323,0.1174875051,1
345,98,0.05704496801,0.09523491561,1
345,106,0.1595949978,0.04699514806,1
345,114,0.1410368681,0.06815489382,1
345,122,0.1011390239,0.2208329588,1
345,130,0.1383903325,0.09431700408,1
345,138,0.1018011421,0.07731434703,1
345,146,0.1353493631,0.07930476964,1
345,154,-0.04943815619,0.06949652731,1
345,162,-0.05313872546,0.1765045822,1
345,170,0.1141406149,0.1092909127,1
353,10,-0.07914248109,-0.02341814339,1
353,18,-0.01010839641,-0.07009992003,1
353,26,-0.02236078307,-0.1317053586,1
353,34,0.1071845889,-0.3069736958,1
353,42,0.1190097928,-0.2208883613,1
353,50,0.09032690525,-0.05885373801,1
353,58,0.1429552883,0.04586794972,1
353,66,0.1352344751,0.01500924677,1
353,74,0.05643419176,-0.03431864828,1
353,82,0.06418064237,-0.05422670022,1
353,90,0.02060032636,0.1585804075,1
353,98,0.0681207478,0.05654535443,1
353,106,0.3345733285,0.006270743906,1
353,114,0.2400323153,-0.008659489453,1
353,122,0.08229446411,0.1288226098,1
353,130,0.09938239306,0.09713351727,1
353,138,0.08529393375,0.03555226326,1
353,146,0.1562403291,0.02419278398,1
353,154,0.1374795288,0.06699473411,1
353,162,0.08056207001,0.1253352761,1
353,170,0.139348641,0.07102441788,1
361,10,-0.08793497831,-0.03897750378,1
361,18,-0.08162168413,-0.03731212765,1
361,26,-0.1308182478,-0.1492778212,1
361,34,-0.03152240068,-0.4503729343,1
361,42,0.03687290847,-0.254658401,1
361,50,0.03245643526,-0.1415378004,1
361,58,0.1884261668,-0.03219073266,1
361,66,0.2613554299,-0.148479864,1
361,74,0.2138991058,-0.1110934392,1
361,82,0.1455155015,-0.02747003734,1
361,90,0.09952416271,-0.01904691011,1
361,98,0.161360994,-0.05841468275,1
361,106,0.2302946746,-0.07530674338,1
361,114,0.2330054045,-0.04143872857,1
361,122,0.2276830375,0.05021231622,1
361,130,0.2172627747,0.0778298229,1
361,138,0.129970938,-0.03156996518,1
361,146,0.1559442878,0.007290218025,1
361,154,0.2402518541,0.03920643032,1
361,162,0.1652580798,0.0418587476,1
361,170,0.1328564435,0.04056042433,1
369,10,0.00014058128,-0.09448765218,1
369,18,-0.08509086818,-0.05027046427,1
369,26,-0.07608428597,-0.09119611979,1
369,34,-0.07022310793,-0.1610458493,1
369,42,-0.08409076929,-0.03716180474,1
369,50,0.1248159558,-0.03191560507,1
369,58,0.264626205,0.06654851139,1
369,66,0.177170366,-0.0810803473,1
369,74,0.2496230304,-0.09759289026,1
369,82,0.2697191834,-0.1223205626,1
369,90,0.2166840434,-0.1792615056,1
369,98,0.1869804859,-0.1433751285,1
369,106,0.1497022212,-0.1603932083,1
369,114,0.1477587074,-0.02484649047,1
369,122,0.1195712239,0.109005332,1
369,130,0.1142858267,0.09621269256,1
369,138,0.1359544992,0.03894477338,1
369,146,0.1729588509,0.1159364134,1
369,154,0.2264327109,0.1274543852,1
369,162,0.1202046573,0.1313376576,1
369,170,0.1206491888,0.01522672176,1
377,10,-0.03469203413,0.09309402108,1
377,18,-0.1073334813,-0.06164113432,1
377,26,-0.1865755916,-0.04727337882,1
377,34,-0.1932199746,-0.02392427996,1
377,42,-0.002516016364,0.05981428921,1
377,50,0.2376819849,0.1293176413,1
377,58,0.1680974662,0.2306279689,1
377,66,-0.003411516547,0.01643155888,1
377,74,0.1099053472,-0.1331750154,1
377,82,0.2627494037,-0.1418812126,1
377,90,0.2132289112,-0.3113741875,1
377,98,0.04522258043,-0.218511641,1
377,106,0.08175702393,-0.06089153141,1
377,114,0.1576072723,0.1419376135,1
377,122,0.1784460247,0.2276706398,1
377,130,0.06913052499,0.1296852827,1
377,138,0.08473519981,0.1596837342,1
377,146,0.2526513636,0.1401661336,1
377,154,0.2823497057,0.2167811096,1
377,162,0.2647286057,0.224872604,1
377,170,0.3238772154,0.1165562272,1
385,10,0.08120927215,0.2197583616,1
385,18,0.05967635661,-0.01876840368,1
385,26,0.1402099133,-0.07013352215,1
385,34,0.17427288,0.04550320655,1
385,42,0.2045112401,-0.01213696226,1
385,50,0.2110262066,0.09015491605,1
385,58,0.04835188389,0.1347105354,1
385,66,0.08159135282,-0.02183739468,1
385,74,0.1561823934,-0.1099941954,1
385,82,0.2883965969,-0.1424706429,1
385,90,0.2846037745,-0.2140408307,1
385,98,0.0991564095,-0.04694287479,1
385,106,0.1135474443,-0.05026009306,1
385,114,0.204087317,0.1231411621,1
385,122,0.1840446293,0.08758483082,1
385,130,0.1509814858,0.03335243464,1
385,138,0.1208597869,0.04146145284,1
385,146,0.1167608649,0.002787642181,1
385,154,0.1388943493,0.1420490742,1
385,162,0.3308147788,0.1451187581,1
385,170,0.3604220748,0.1427692175,1
393,10,0.06250329316,0.1687289327,1
393,18,0.07887542993,0.007077910006,1
393,26,0.2060659826,0.08807296306,1
393,34,0.2157607079,0.2447712421,1
393,42,0.1411610842,-0.1682838351,1
393,50,0.0736464262,-0.003296878189,1
393,58,0.17463319,-0.08843538165,1
393,66,0.1409121603,-0.15697442,1
393,74,0.1082351804,-0.05245228857,1
393,82,0.2047033757,-0.03059497103,1
393,90,0.1627544314,0.01592037454,1
393,98,0.08434985578,0.1281308532,1
393,106,0.1886027902,0.05417501926,1
393,114,0.3251683116,0.02779737115,1
393,122,0.2349701077,0.02232345194,1
393,130,0.1724516004,-0.0119124651,1
393,138,0.1015609503,0.04641447961,1
393,146,0.0477469638,0.03536359221,1
393,154,0.1199443787,0.046624735,1
393,162,0.220827207,0.105558753,1
393,170,0.3804145753,0.1236253604,1
401,10,0.06108921766,0.09684121609,1
401,18,0.2759449482,0.04260100797,1
401,26,0.2347079813,0.1094528139,1
401,34,0.2045312226,0.1951408982,1
401,42,0.2593560815,-0.2356253564,1
401,50,0.1544041038,-0.06995172799,1
401,58,0.2799887657,-0.04667506739,1
401,66,0.2353705317,-0.03762818128,1
401,74,0.1736177504,0.03623749316,1
401,82,0.2034406364,0.1081369743,1
401,90,0.1177527234,0.1093045175,1
401,98,0.04170396924,0.1789067686,1
401,106,-0.04873500764,0.2885355949,1
401,114,0.1327613294,0.01883171871,1
401,122,0.1719843894,0.04548336565,1
401,130,0.1212774664,0.03881364316,1
401,138,0.03621587902,0.05089525133,1
401,146,0.0353705734,0.06714428961,1
401,154,0.1601036787,0.03978314996,1
401,162,0.2571228743,0.03993263841,1
401,170,0.4638768435,-0.009752549231,1
409,10,0.1776577085,0.06029607356,1
409,18,0.2657755017,-0.05864215642,1
409,26,0.2792331874,-0.1438822001,1
409,34,0.2162640393,-0.1376233995,1
409,42,0.1562510133,-0.1809242964,1
409,50,0.08787909895,-0.1153725609,1
409,58,0.1062683687,-0.06072153151,1
409,66,0.02640540153,-0.01165941358,1
409,74,-0.01824179292,0.09589515626,1
409,82,0.05524805933,0.07121209055,1
409,90,0.157948792,0.1396476328,1
409,98,0.1204257756,0.2195502818,1
409,106,0.06439161301,0.2688499689,1
409,114,0.08953224123,0.1234189123,1
409,122,0.1785903424,0.01457165182,1
409,130,0.01024583727,-0.07878553867,1
409,138,0.01071989536,-0.08895215392,1
409,146,-0.04411565512,-0.06594997644,1
409,154,-0.04778506607,0.04326125234,1
409,162,0.1111637056,0.02183205634,1
409,170,0.3071984053,-0.122597903,1
417,10,0.4354448915,0.1325539798,1
417,18,0.3327227533,-0.2587427199,1
417,26,0.2183165848,-0.4351835251,1
417,34,0.003691397607,-0.3388140202,1
417,42,-0.1006833911,-0.1799126267,1
417,50,-0.06026403606,-0.1103503704,1
417,58,-0.02992351353,-0.06587843597,1
417,66,-0.002821311355,-0.05801424384,1
417,74,0.05687049031,0.0168106854,1
417,82,0.2287844121,0.04531457275,1
417,90,0.3150015771,0.0229826346,1
417,98,0.2130999565,0.0134224128,1
417,106,0.08746859431,0.1114810333,1
417,114,0.01217652857,-0.1009414196,1
417,122,-0.02481143177,-0.2242828906,1
417,130,0.05215092003,-0.2224950194,1
417,138,-0.005164459348,-0.2028681487,1
417,146,-0.04468744993,-0.07010646164,1
417,154,0.06932793558,0.1091632396,1
417,162,0.1483173966,0.02347592264,1
417,170,0.227757901,-0.04956099018,2
