PIVlab, ASCII chart output - 02-Aug-2025
FRAME: 41, filenames: A:[41]FullStack_Pos0035_TgUtrmcherry_K4K8MO-1.avi & B:[42]FullStack_Pos0035_TgUtrmcherry_K4K8MO-1.avi, conversion factor xy (px -> m): 1, conversion factor uv (px/frame -> m/s): 1
x [px],y [px],u [px/frame],v [px/frame],Vector type [-]
9,10,0.4600521326,0.01218861341,1
9,18,-0.03279811144,0.07563330233,1
9,26,-0.0960849151,0.1676739156,1
9,34,0.004689138383,0.1440457851,1
9,42,0.1583728194,-0.01490143687,1
9,50,0.2344571203,-0.1792588532,1
9,58,0.226912275,-0.1801637262,1
9,66,0.1650481522,-0.09877221286,1
9,74,0.05215345696,-0.09462033212,1
9,82,-0.003876961768,-0.08997962624,1
9,90,-0.01180911064,-0.04735539854,1
9,98,0.09036210179,-0.2222738415,1
9,106,0.1204532981,-0.2616307139,1
9,114,0.1633646488,-0.1313157231,1
9,122,0.216794908,-0.04305094481,1
9,130,0.140787825,-0.1965836883,1
9,138,-0.07698705792,-0.2010058463,1
9,146,-0.05775395036,-0.1554051638,1
9,154,0.07784095407,-0.3089083731,1
9,162,0.1443549544,-0.02497699112,1
9,170,0.2304383665,0.11093916,2
17,10,0.1567491293,-0.1432633996,1
17,18,0.01868330687,0.09256127477,1
17,26,0.04463208467,0.2466938645,1
17,34,0.09339922667,0.2404014766,1
17,42,0.1436491907,0.1077842116,1
17,50,0.005893580616,-0.08071425557,1
17,58,-0.008614227176,-0.08697552979,1
17,66,0.01023221761,-0.1144497916,1
17,74,0.08466238528,-0.01392228156,1
17,82,0.1878760904,0.03646465763,1
17,90,0.1333450228,-0.04366671667,1
17,98,0.05212008581,-0.09804695845,1
17,106,0.01569132507,-0.0862801671,1
17,114,0.1025151089,-0.06633468717,1
17,122,0.140650183,0.08191960305,1
17,130,-0.0394343026,-0.0497014299,1
17,138,-0.1634957641,-0.1701406986,1
17,146,-0.03169029951,-0.1544401348,1
17,154,-0.02229157835,-0.1996303797,1
17,162,0.07191506028,-0.04632966965,1
17,170,0.3165217936,0.2468553185,1
25,10,-0.07925967872,-0.2016057372,1
25,18,0.009722027928,0.06031123921,1
25,26,0.1512500048,0.2088534832,1
25,34,0.08324342221,0.1342740804,1
25,42,0.06761395931,0.0536608547,1
25,50,-0.000137893483,0.09379151464,1
25,58,0.03966738656,0.03340359777,1
25,66,0.08797676116,0.03003377095,1
25,74,0.118193455,0.006703892723,1
25,82,0.1904453337,-0.0007800981402,1
25,90,0.1741643548,0.06203445047,1
25,98,0.04549566656,0.1066664308,1
25,106,-0.08492350578,0.02749594674,1
25,114,0.0353480354,0.01282140985,1
25,122,-0.01879003644,-0.02914388105,1
25,130,-0.09339869767,-0.1089241654,1
25,138,-0.104236722,-0.03074235842,1
25,146,-0.1276536882,-0.1060607731,1
25,154,-0.1409212053,-0.132991001,1
25,162,-0.02123127319,-0.02880150825,1
25,170,0.04161726683,-0.007138900459,1
33,10,-0.172495842,-0.1333114356,1
33,18,-0.04530236498,0.09070718288,1
33,26,0.07051061839,0.1502165645,1
33,34,0.009087052196,0.002606511116,1
33,42,-0.07816937566,-0.1074206755,1
33,50,-0.05653661489,0.03053843416,1
33,58,0.02614198253,-0.03382880241,1
33,66,-0.005372330546,0.05426160246,1
33,74,0.0528871119,0.02965005487,1
33,82,0.02468714118,-0.107430689,1
33,90,-0.0001974850893,0.2316459268,1
33,98,-0.0009679179639,0.2347270995,1
33,106,-0.03909932077,0.04949263483,1
33,114,-0.0192091614,-0.02483172342,1
33,122,-0.06531596929,-0.03720700368,1
33,130,-0.1060922518,-0.09038540721,1
33,138,-0.1233468503,0.01493467391,1
33,146,-0.1317096055,0.01658909768,1
33,154,-0.1004283354,-0.03919324279,1
33,162,0.03226449341,-0.05371617526,1
33,170,-0.03904914856,-0.1320379674,1
41,10,-0.05538980663,-0.0945969224,1
41,18,0.07640567422,0.01599200815,1
41,26,0.01072032005,0.1159827188,1
41,34,-0.1027332693,-0.11806871,1
41,42,-0.1455935985,-0.2363765985,1
41,50,-0.1717155576,-0.07340459526,1
41,58,-0.05515921861,-0.08118152618,1
41,66,0.07594241202,-0.03249125555,1
41,74,0.1156364977,-0.03309113532,1
41,82,-0.0446809493,-0.007471725345,1
41,90,-0.1193346679,0.3755538166,1
41,98,0.1843731254,0.3804988563,1
41,106,0.1101578027,0.1678047776,1
41,114,-0.06779804081,0.04935886711,1
41,122,-0.05505436286,-0.03895296901,1
41,130,-0.1158929244,-0.0654976517,1
41,138,-0.1650978327,0.01471313741,1
41,146,-0.1702745855,0.0659500584,1
41,154,-0.03551313654,0.03739649057,1
41,162,0.08110638708,-0.1698579788,1
41,170,-0.02292876691,-0.1567370147,1
49,10,0.1376444101,-0.08033115417,1
49,18,-0.03825975955,-0.01800511032,1
49,26,0.01521511748,0.08374174684,1
49,34,0.07138507813,-0.2057139277,1
49,42,-0.1657192409,-0.4099701643,1
49,50,-0.0592488274,-0.1325228363,1
49,58,0.06847961247,-0.05738096312,1
49,66,0.09582174569,-0.04686317593,1
49,74,0.07333562523,-0.02956443653,1
49,82,-0.04296518862,0.07970507443,1
49,90,-0.01587719843,0.298815608,1
49,98,0.1823104173,0.3962857425,1
49,106,0.1040357724,0.2650977969,1
49,114,-0.0352348797,-9.187310934e-05,1
49,122,-0.1231677234,-0.08455809206,1
49,130,-0.1913529634,-0.0822301358,1
49,138,-0.08980551362,0.03219338879,1
49,146,-0.03283111006,0.02591524832,1
49,154,-0.0589136146,0.02547241747,1
49,162,-0.06029285491,-0.1462203711,1
49,170,-0.05219256878,-0.04412086308,1
57,10,0.07577301562,0.1348504424,1
57,18,0.005045156926,0.08541140705,1
57,26,0.1490430832,0.06403252482,1
57,34,0.02547246777,-0.1368036419,1
57,42,-0.03615239635,-0.1244529486,1
57,50,0.09667174518,-0.2371071875,1
57,58,0.1141977981,-0.06446519494,1
57,66,0.04489684477,0.03935276717,1
57,74,-0.02322573587,0.05144120008,1
57,82,-0.06301905215,0.1182322949,1
57,90,-0.02858437225,0.1469321549,1
57,98,0.08121976256,0.2400427908,1
57,106,0.09284617752,0.15550901,1
57,114,0.04705569893,0.0299147144,1
57,122,0.06632204354,-0.1221876889,1
57,130,-0.0009703338146,-0.07338492572,1
57,138,-0.02358265966,-0.003403255716,1
57,146,0.04175925255,0.03015279025,1
57,154,0.05597237498,0.005842968822,1
57,162,0.1150963902,0.006941441447,1
57,170,0.05478637666,0.0580208376,1
65,10,-0.01124590635,0.1812945902,1
65,18,-0.09099689871,0.1614974737,1
65,26,0.03709071875,0.05667213351,1
65,34,0.01842031628,-0.002785896882,1
65,42,0.01890972257,-0.01032806002,1
65,50,0.1988654137,-0.2083929926,1
65,58,0.1803324074,-0.1009870917,1
65,66,0.05636698008,0.004699103534,1
65,74,-0.1043384299,0.01535286754,1
65,82,-0.07252833247,0.09559610486,1
65,90,0.0438369289,0.133559376,1
65,98,0.0136334151,0.1739150882,1
65,106,-0.03142838553,0.1896481514,1
65,114,-0.01663784683,0.1143916324,1
65,122,0.1365886629,-0.009483799338,1
65,130,0.1589823216,-0.09019396454,1
65,138,0.09218362719,-0.04334677011,1
65,146,0.01612092555,-0.008607815951,1
65,154,0.0879086256,0.009568657726,1
65,162,0.09053374827,0.1046269089,1
65,170,0.03561148047,0.0953644067,1
73,10,0.01263475418,0.07767599821,1
73,18,-0.05249484256,0.06895375252,1
73,26,-0.0793088302,0.07626973093,1
73,34,0.02829828858,0.1148283556,1
73,42,0.2754743397,-0.01311187632,1
73,50,0.2126075923,-0.06331785768,1
73,58,-0.130257085,0.0176285971,1
73,66,-0.1723292023,0.03829181939,1
73,74,-0.05386913568,0.1032493562,1
73,82,0.2126596272,0.05096283555,1
73,90,0.1568070054,0.07825432718,1
73,98,-0.06578903645,0.008616998792,1
73,106,0.008196882904,0.01864372194,1
73,114,0.05858784541,0.01879907586,1
73,122,0.09374462068,0.02398591861,1
73,130,0.121463865,-0.03474590927,1
73,138,0.03725169599,0.006085040048,1
73,146,-0.06890510023,-6.117671728e-05,1
73,154,-0.01684938744,0.06344169378,1
73,162,0.04121472687,0.09156884253,1
73,170,-0.009501345456,0.03752298653,1
81,10,-0.03872486576,-0.08909412473,1
81,18,0.001155786216,-0.06537391245,1
81,26,0.0158591494,0.1170075089,1
81,34,0.06472650915,0.379696548,1
81,42,0.2316448092,0.1654282063,1
81,50,0.0573644191,0.04009207338,1
81,58,-0.1106124893,0.03557980061,1
81,66,-0.03369290009,0.02630577236,1
81,74,0.06898954511,0.1205136552,1
81,82,0.3393192291,0.0423745662,1
81,90,0.266348809,0.08087375015,1
81,98,0.1087509543,0.06434926391,1
81,106,0.0900812,-0.04872611165,1
81,114,-0.08694416285,-0.1250088215,1
81,122,-0.01750818267,-0.07200529426,1
81,130,0.09035205841,-0.08449876308,1
81,138,0.06407824159,-0.06875865906,1
81,146,0.02639793232,0.06778905541,1
81,154,0.01967465878,0.2493146062,1
81,162,0.07825537026,0.09323888272,1
81,170,0.05326611549,0.03169435263,1
89,10,0.0340805389,-0.1440342963,1
89,18,-0.03365052491,-0.03633829206,1
89,26,0.08598977327,0.1160392165,1
89,34,0.1998340786,0.3054262698,1
89,42,0.1293443143,0.3048410416,1
89,50,-0.01580663025,0.1849559844,1
89,58,-0.0315194428,0.003648802638,1
89,66,0.008758751675,-0.004054382443,1
89,74,0.09818282723,-0.004578452557,1
89,82,0.199519515,0.01312010735,1
89,90,0.241292417,0.11152713,1
89,98,0.2568131685,0.159886986,1
89,106,0.167221576,-0.0271993205,1
89,114,0.008559137583,-0.1303867996,1
89,122,-0.01168460771,-0.08076808602,1
89,130,0.0805671066,-0.1288489252,1
89,138,0.07824074477,-0.1950709373,1
89,146,0.0290010944,0.01095531136,1
89,154,0.09595105797,0.1948057115,1
89,162,0.1442323029,0.1013590172,1
89,170,-0.01662032492,0.01803832874,1
97,10,0.2535918653,-0.1170229241,1
97,18,0.1253842115,-0.0127477264,1
97,26,0.1036457494,0.01447387785,1
97,34,0.1484258175,0.2219234705,1
97,42,0.1444172561,0.2317899019,1
97,50,0.1486734152,0.2387584746,1
97,58,0.1422102749,0.1666502655,1
97,66,0.08234273642,0.02312295884,1
97,74,0.08124955744,0.143549189,1
97,82,0.09925115854,0.06564366817,1
97,90,0.135551393,-0.02926444635,1
97,98,0.1622720957,0.0143129006,1
97,106,0.1449398398,0.01072173566,1
97,114,0.1815859377,-0.05917372555,1
97,122,0.1301936507,-0.07350381464,1
97,130,0.08274603635,-0.07041697204,1
97,138,0.1049452275,-0.1067189872,1
97,146,0.09112054855,0.01154603064,1
97,154,0.1970250756,0.02226226032,1
97,162,0.1749837995,0.1029558405,1
97,170,0.002561446279,0.0249334164,1
105,10,0.2959723473,-0.002219356596,1
105,18,0.3501403332,0.09769342095,1
105,26,0.1975375712,0.01996640861,1
105,34,0.0694238767,0.1110450476,1
105,42,0.0819028616,0.1707696766,1
105,50,0.164853245,0.1542559564,1
105,58,0.1357916892,0.2160309255,1
105,66,0.1227143928,0.1041851491,1
105,74,0.1252401769,0.1671104878,1
105,82,0.1152214557,0.1374306679,1
105,90,0.03258124739,-0.06018853933,1
105,98,-0.1061279625,-0.1129530445,1
105,106,0.1173664033,-0.1031811684,1
105,114,0.3148388863,-0.2151063979,1
105,122,0.2234868407,-0.1833146065,1
105,130,0.05805747211,-0.05298769474,1
105,138,0.1012437344,0.03198957816,1
105,146,0.08530932665,0.1013162285,1
105,154,0.06533199549,-0.1077782661,1
105,162,0.0192495957,-0.002452667803,1
105,170,0.05327778682,-0.03041402251,1
113,10,0.02090758085,0.1031339914,1
113,18,0.06248787791,-0.05117440224,1
113,26,0.1229196414,0.01490217447,1
113,34,0.1806327999,0.005167096853,1
113,42,0.09073287249,0.1538059115,1
113,50,0.08697033674,0.09140269458,1
113,58,0.03320296854,0.1568872929,1
113,66,-0.1054612771,0.3281325102,1
113,74,-0.0942408368,0.2141762972,1
113,82,0.01050738245,0.154255867,1
113,90,-0.01934596896,0.01801011339,1
113,98,-0.08907566965,-0.1291545331,1
113,106,0.0435668081,-0.110743165,1
113,114,0.1124882698,-0.06415866315,1
113,122,0.1802816689,-0.09573449194,1
113,130,0.2207764685,-0.02384936251,1
113,138,0.1934595406,0.07817329466,1
113,146,0.01437967271,0.03682259098,1
113,154,-0.07911865413,-0.1166575253,1
113,162,0.0008091554046,-0.06188340113,1
113,170,0.04378038645,-0.05672414973,1
121,10,0.02207944915,0.05038466305,1
121,18,-0.02810523659,-0.04949066043,1
121,26,0.06813706458,-0.02871993557,1
121,34,0.09804587811,0.06258689612,1
121,42,-0.07785700262,0.1393200457,1
121,50,-0.05743049085,0.01007700339,1
121,58,0.007375605404,0.09009233862,1
121,66,0.02837163955,0.2848964632,1
121,74,-0.07961785793,0.2194087505,1
121,82,-0.05898435414,0.1219856739,1
121,90,-0.07678097486,-0.09291862696,1
121,98,-0.1196038872,-0.1465602517,1
121,106,-0.0561025925,-0.0243833065,1
121,114,0.009966280311,0.1312617362,1
121,122,0.1327636242,-0.03905373812,1
121,130,0.2402503788,-0.1119384244,1
121,138,0.174254328,0.01471060142,1
121,146,0.06194485724,-0.05576626956,1
121,154,0.08246320486,-0.09253680706,1
121,162,0.107459262,-0.1102893725,1
121,170,0.07336696237,-0.05979422107,1
129,10,0.09494918585,0.03076535836,1
129,18,-0.02943713963,0.04357791319,1
129,26,0.06479805708,0.0653879866,1
129,34,0.07474329323,0.0517917648,1
129,42,0.07202930748,0.007771499455,1
129,50,0.1446290314,0.01565336436,1
129,58,0.08431939781,0.06153578311,1
129,66,0.07015514374,0.1360572428,1
129,74,-0.06358292699,0.2768083811,1
129,82,-0.04338755086,0.034133479,1
129,90,0.0182062611,-0.08081080019,1
129,98,0.0255558379,-0.06294988096,1
129,106,0.04476962611,-0.03185907379,1
129,114,0.01650967076,-0.04733716324,1
129,122,0.00883603096,-0.0806202665,1
129,130,0.08767110109,-0.1619087458,1
129,138,0.0738626197,-0.07641035318,1
129,146,0.04201374948,-0.05731362104,1
129,154,0.06268641353,-0.103766799,1
129,162,0.1128031611,-0.06618307531,1
129,170,0.11304456,-0.0964378193,1
137,10,0.01521539688,0.01603187993,1
137,18,0.0007009869441,0.06639833003,1
137,26,0.005202894099,0.153540194,1
137,34,0.05228628963,0.113418594,1
137,42,0.1173147559,-0.1750566214,1
137,50,0.2742427588,0.04817177728,1
137,58,0.2251290679,-0.01896208152,1
137,66,0.1050354242,0.01852680743,1
137,74,0.02377094887,0.1592272669,1
137,82,-0.04892980307,-0.1056416482,1
137,90,-0.00669884868,-0.0695437789,1
137,98,0.06855740398,-0.001646950841,1
137,106,0.1116463989,-0.03111762367,1
137,114,0.07118868828,-0.1063112542,1
137,122,0.006012726575,0.003578448668,1
137,130,0.08385145664,-0.03378897533,1
137,138,0.1127210855,-0.08067276329,1
137,146,0.0763477236,-0.08904162794,1
137,154,0.1034712791,-0.1430328488,1
137,162,0.1156297401,-0.0554786697,1
137,170,-0.01906948164,-0.0334449783,1
145,10,-0.06452322006,-0.02478050441,1
145,18,-0.04785481095,0.08378428221,1
145,26,-0.0006434954703,0.1227830276,1
145,34,0.06350826472,0.1250848323,1
145,42,0.2062304914,-0.1967460811,1
145,50,0.168092072,-0.1397318691,1
145,58,0.104339689,0.001175872982,1
145,66,0.1331914663,-0.01985713094,1
145,74,0.1519430429,0.06208493561,1
145,82,-0.05871926248,-0.09099423885,1
145,90,-0.01106725261,-0.1438674182,1
145,98,0.02892915905,0.03543053567,1
145,106,-0.07481158525,-0.03665817529,1
145,114,-0.0139188841,-0.003399183974,1
145,122,0.07818737626,0.02738806792,1
145,130,0.1479054391,0.02210557833,1
145,138,0.153611958,-0.01651703566,1
145,146,0.1083316207,-0.09568823874,1
145,154,0.1029543951,-0.1259264946,1
145,162,0.1130614877,-0.1022000238,1
145,170,0.01697649434,0.1098459214,1
153,10,-0.03343011066,-0.04494587705,1
153,18,0.01027255319,0.09188450128,1
153,26,0.132205531,0.1220251918,1
153,34,-0.002393968403,0.1122885868,1
153,42,0.07914824784,-0.04505246133,1
153,50,0.09218022227,-0.06292492151,1
153,58,0.06880416721,0.1421296895,1
153,66,0.068159163,0.03207625449,1
153,74,0.02930029854,-0.04326605797,1
153,82,-0.04527041689,-0.08408421278,1
153,90,0.04722202569,-0.1953335851,1
153,98,0.1643272042,-0.08341548592,1
153,106,0.0428221263,-0.007324050181,1
153,114,-0.009766492993,-0.002096027136,1
153,122,0.1053675488,-0.03700105846,1
153,130,0.1866062731,-0.005253287964,1
153,138,0.1526038349,0.04927707091,1
153,146,0.06761784852,0.01409030333,1
153,154,-0.09234127402,-0.05090238899,1
153,162,0.0157546103,0.04715237394,1
153,170,0.2641800046,0.1930931211,1
161,10,0.0375251174,-0.01300230622,1
161,18,0.0614708513,0.1527438164,1
161,26,0.07151994854,0.2511188686,1
161,34,-0.002495035529,0.1254718602,1
161,42,0.106602639,0.05801451951,1
161,50,0.1817329526,0.1397708356,1
161,58,0.1241542101,0.198691532,1
161,66,0.03385872394,0.08831169456,1
161,74,0.07553672045,0.1342070401,1
161,82,0.03196889907,-0.04985987395,1
161,90,0.001671921462,-0.07589291036,1
161,98,0.1235730797,-0.01236803457,1
161,106,0.1014706567,0.01803631708,1
161,114,0.06226424873,-0.01632373035,1
161,122,0.04954474419,0.01648032665,1
161,130,0.1169518456,-0.01988357678,1
161,138,0.1976774931,-0.0125663355,1
161,146,0.1155113727,0.09273342788,1
161,154,-0.02559125423,0.05909150094,1
161,162,-0.05363719165,0.03222542629,1
161,170,0.1122203469,0.02357351035,1
169,10,0.2302000821,-0.0889017731,1
169,18,0.1865377873,0.1469091773,1
169,26,0.2351167649,0.276165098,1
169,34,0.2690061331,0.1666489542,1
169,42,0.352452904,0.08234585822,1
169,50,0.2515883148,0.3242653906,1
169,58,0.1314715743,0.1267494261,1
169,66,0.04919265956,0.05654975027,1
169,74,0.07882371545,0.2381409109,1
169,82,0.09278173,0.0552778393,1
169,90,0.006671719253,0.04096193239,1
169,98,-0.02811625227,0.01015557721,1
169,106,-0.001498199999,0.05590963364,1
169,114,0.09604026377,0.1711591035,1
169,122,0.1239625439,0.0946110934,1
169,130,0.09230173379,0.003093449399,1
169,138,0.1335706711,-0.1142469421,1
169,146,0.1490335912,-0.03929162398,1
169,154,0.140168637,0.01418261603,1
169,162,0.07672708482,0.00575504452,1
169,170,0.01247892156,-0.02214747854,1
177,10,0.2374122739,-0.1851890385,1
177,18,0.2053429782,0.1098411828,1
177,26,0.3624749184,0.1777794361,1
177,34,0.3776385188,0.1654532105,1
177,42,0.3162736297,0.1272846609,1
177,50,0.1930320561,0.3182326257,1
177,58,0.06046760082,0.0339602977,1
177,66,0.01365866885,0.01032107323,1
177,74,-0.01352927834,0.04150341451,1
177,82,0.01982349902,0.01731552742,1
177,90,0.08173246682,0.05192777514,1
177,98,0.08432468772,-0.008126378059,1
177,106,0.07663273811,0.00416829437,1
177,114,0.06893436611,0.1073365659,1
177,122,0.08949542791,0.05940353498,1
177,130,0.08489862084,-0.007648224942,1
177,138,0.02335394174,-0.05099169165,1
177,146,0.09639465809,-0.06485311687,1
177,154,0.1290382892,0.03698389605,1
177,162,0.04220287502,0.005647921935,1
177,170,-0.06563653797,-0.04101794586,1
185,10,0.1682585776,-0.1560363621,1
185,18,0.2160015851,0.03735458106,1
185,26,0.2665122747,0.0682040751,1
185,34,0.2249292582,0.07358816266,1
185,42,0.1656377763,0.1473738253,1
185,50,0.1165047735,0.343134284,1
185,58,0.1279559731,0.1521266997,1
185,66,0.1200255975,-0.005723126233,1
185,74,0.08729852736,-0.01935306378,1
185,82,-0.009346242994,-0.04034457728,1
185,90,0.02772030979,-0.03957021981,1
185,98,0.1691191345,-0.02125754021,1
185,106,0.09220941365,-0.03536161408,1
185,114,0.02861174941,-0.002517333254,1
185,122,-0.01278796792,-0.001723478548,1
185,130,0.006302405149,-0.07501859218,1
185,138,-0.02955140546,-0.005786460824,1
185,146,-0.01070123166,0.05220117047,1
185,154,0.01254441589,0.1322224289,1
185,162,-0.04200716689,0.01150533743,1
185,170,-0.02444153279,-0.06660517305,1
193,10,0.04357969761,-0.08075291663,1
193,18,-0.08924296498,0.1137209237,1
193,26,0.0007018595934,0.01415340602,1
193,34,0.1293562353,-0.06659261882,1
193,42,0.03241725266,0.1238665283,1
193,50,-0.01816603541,0.3511066735,1
193,58,0.1345285177,0.2523439825,1
193,66,0.2423014343,0.03736310452,1
193,74,0.1627385318,-0.1473533213,1
193,82,0.03164852038,-0.1267906427,1
193,90,-0.06222795323,-0.01740345918,1
193,98,0.02881802246,-0.05117858201,1
193,106,0.05934297666,-0.03035332635,1
193,114,-0.04112805799,0.0681623891,1
193,122,-0.05650980026,0.03054276481,1
193,130,-0.07353524864,0.01362103503,1
193,138,-0.007213570178,-0.03205848485,1
193,146,-0.00733614713,0.07286022604,1
193,154,0.0209736675,0.1619064212,1
193,162,0.02107844129,0.1011420935,1
193,170,0.06366770715,-0.07161790133,1
201,10,-0.004723154008,0.1263481379,1
201,18,0.01821452379,0.2237564027,1
201,26,0.1448116004,-0.0522365272,1
201,34,0.1788472533,-0.1105602831,1
201,42,0.03903365135,0.1536370218,1
201,50,-0.06304458529,0.1798716336,1
201,58,0.1405794919,0.1390357167,1
201,66,0.1426716745,0.05544842035,1
201,74,-0.004363551736,-0.07752949744,1
201,82,-0.03756646067,-0.03078396618,1
201,90,-0.06248196959,0.192912966,1
201,98,-0.0829635784,-0.03892666847,1
201,106,-0.06614597887,0.009753312916,1
201,114,-0.2970733941,0.1351735592,1
201,122,0.03278230876,-0.01827172935,1
201,130,0.009647749364,0.08648461103,1
201,138,-0.1311591268,-0.07746009529,1
201,146,-0.06777536124,0.03105273843,1
201,154,-0.08644174039,0.1295529157,1
201,162,-0.1237210184,0.05715991929,1
201,170,0.063194938,-0.3247499466,1
209,10,0.09690597653,0.1923594475,1
209,18,0.07355172932,0.1564255953,1
209,26,0.1272634119,-0.005134306848,1
209,34,0.1724849343,0.1611576527,1
209,42,0.1218463033,0.1725181639,1
209,50,0.08923711628,0.145347029,1
209,58,0.1166926548,0.1157919317,1
209,66,0.04310119897,0.1584357023,1
209,74,0.02237986773,0.3322661519,1
209,82,-0.03998379409,0.3422177732,1
209,90,0.001979753375,0.1736135036,2
209,98,0.1869185865,0.1863665283,1
209,106,-0.03672953323,0.0907727778,1
209,114,-0.2080668211,-0.0308367312,1
209,122,-0.04740592092,-0.3174364567,1
209,130,-0.02672961354,-0.3188363612,1
209,138,-0.08617335558,-0.1455973387,1
209,146,-0.113020435,-0.006313361228,1
209,154,-0.2602884173,0.04358498752,1
209,162,-0.400919795,-0.2345088124,1
209,170,0.03323636949,-0.6752945185,1
217,10,0.1504735351,0.2158081532,1
217,18,0.01947967708,0.2897432446,1
217,26,-0.03653607145,0.1064973027,1
217,34,0.01732237265,0.2440551072,1
217,42,0.05373108387,0.3285391629,1
217,50,0.08831906319,0.1975721419,1
217,58,0.05285215378,-0.01770999283,1
217,66,0.02371663228,0.2114812285,1
217,74,0.100270465,0.2675202489,1
217,82,-0.1176039875,0.1479366571,1
217,90,-0.0765338093,-0.02704323456,1
217,98,-0.05646638945,0.136169821,1
217,106,-0.08493337035,0.03458400443,1
217,114,-0.03005511686,-0.2392729074,1
217,122,0.001042258926,-0.1259463429,1
217,130,-0.06816845387,-0.2065308392,1
217,138,-0.03446799144,-0.2467779219,1
217,146,-0.009460814297,-0.1829210222,1
217,154,-0.1492513716,0.01669501513,1
217,162,-0.08852750063,-0.2673462033,1
217,170,0.04571441561,-0.3219148517,1
225,10,-0.05192064494,0.0167145133,1
225,18,-0.1015656516,0.2338262349,1
225,26,-0.08982931823,0.1925138831,1
225,34,-0.1448997855,0.3098526597,1
225,42,-0.09566025436,0.3467145562,1
225,50,0.1010430381,0.03869998455,1
225,58,0.1026799828,-0.1092411801,1
225,66,0.02182786167,0.01987815648,1
225,74,-0.02630810067,0.1105520576,1
225,82,-0.0385928154,-0.001843016595,1
225,90,-0.127378881,-0.05697189271,1
225,98,-0.1425679326,-0.07798933238,1
225,106,0.01435063779,-0.09999546409,1
225,114,0.1276740283,-0.2556969225,1
225,122,0.07065740228,-0.1807564646,1
225,130,-0.1120447218,-0.181267038,1
225,138,0.003425344825,-0.1996663958,1
225,146,0.1574812829,-0.1590979099,1
225,154,0.01199456304,0.04901393503,1
225,162,-0.05813343823,-0.188993901,1
225,170,-0.06738950312,-0.3303027451,1
233,10,-0.05912152678,-0.1408031881,1
233,18,-0.04793100804,0.1581213772,1
233,26,-0.1057087556,0.2023781836,1
233,34,-0.1291432679,0.2184560448,1
233,42,-0.07183264941,0.1125140786,1
233,50,-0.001897878945,-0.07644365728,1
233,58,-0.01522970945,-0.08917844296,1
233,66,-0.03247432038,-0.08093647659,1
233,74,-0.04178137332,0.00895212777,1
233,82,-0.04707193375,0.01335364953,1
233,90,-0.1309155077,-0.01993768662,1
233,98,-0.2121931911,-0.06998936832,1
233,106,0.003258372657,-0.05643139035,1
233,114,0.1353339255,-0.1784782112,1
233,122,0.1303904355,-0.1974156946,1
233,130,-0.02271094173,-0.1626508981,1
233,138,-0.02788487822,-0.1190149933,1
233,146,0.06621031463,0.03098680824,1
233,154,0.04629857838,0.02889506146,1
233,162,-0.0260367319,-0.1040379852,1
233,170,-0.1432083547,-0.2440258116,1
241,10,-0.0883410871,-0.117849119,1
241,18,-0.07410567254,0.07662199438,1
241,26,-0.06918741018,0.1171230376,1
241,34,-0.1152209789,0.1053819805,1
241,42,-0.1291939318,0.001074060798,1
241,50,-0.163421154,-0.08546683192,1
241,58,-0.1710053086,-0.07088935375,1
241,66,-0.1377037764,0.06886230409,1
241,74,-0.1330487132,0.1301680058,1
241,82,-0.09997811168,0.07894231379,1
241,90,-0.07173927128,-0.07590091228,1
241,98,-0.06191137433,0.02594407462,1
241,106,-0.02421795204,-0.004350855947,1
241,114,0.02112167142,-0.1441981792,1
241,122,0.0300973691,-0.1533685625,1
241,130,0.02885317802,-0.2342173457,1
241,138,0.1215581447,-0.2298854589,1
241,146,0.1331402957,-0.08806580305,1
241,154,-0.01589021087,-0.02229318023,1
241,162,-0.1146112308,-0.146425277,1
241,170,-0.0490321219,-0.02924633026,1
249,10,-0.08971777558,0.07579925656,1
249,18,-0.06864374131,0.1175972968,1
249,26,-0.1085743085,0.1120162606,1
249,34,-0.1060081795,0.1449650377,1
249,42,-0.04235447198,0.1029697135,1
249,50,-0.0479824245,0.05694263428,1
249,58,-0.2023648918,-0.00642381981,1
249,66,-0.1648080647,0.06306622922,1
249,74,-0.1460135579,0.1664223075,1
249,82,-0.1336404681,0.07963369787,1
249,90,-0.02521758527,-0.06413518637,1
249,98,-0.1183970869,0.06274956465,1
249,106,-0.1236768886,-0.04756749421,1
249,114,-0.04104811326,-0.2321430743,1
249,122,0.02200561017,-0.08158774674,1
249,130,0.04794393107,-0.1532427669,1
249,138,0.0503442809,-0.2376554757,1
249,146,0.03014511056,-0.1476440132,1
249,154,-0.03812044114,-0.03511014953,1
249,162,-0.2042360306,0.04494535923,1
249,170,0.04304505885,0.100987792,1
257,10,-0.09006726742,0.1736160815,1
257,18,-0.08106505871,0.1829385459,1
257,26,-0.0934522599,0.2396725118,1
257,34,0.0314916037,0.1447944641,1
257,42,0.06335354596,0.08261978626,1
257,50,-0.01688416302,0.03646842763,1
257,58,-0.1763845384,-0.03836147115,1
257,66,-0.2002709359,-0.1165014356,1
257,74,-0.1039656475,0.1372564584,1
257,82,-0.1328722686,0.1298077255,1
257,90,-0.1750647575,-0.0964551121,1
257,98,-0.1429960281,0.02230163664,1
257,106,-0.1203559563,-0.1526305825,1
257,114,-0.06482630968,-0.119308494,1
257,122,0.006786528975,0.01333783194,1
257,130,0.01686839759,-0.007761858404,1
257,138,-0.01716373861,-0.0894157365,1
257,146,-0.0474524796,-0.07451946288,1
257,154,-0.105124414,0.02895179391,1
257,162,0.06547614187,0.1927391291,1
257,170,0.0720994994,0.08537720889,1
265,10,-0.09068708867,0.1150466055,1
265,18,-0.06639027596,0.1820437163,1
265,26,-0.08155057579,0.2248448581,1
265,34,0.02691888623,0.04322886467,1
265,42,0.1588260382,0.01303968579,1
265,50,0.101091437,-0.05519211292,1
265,58,-0.04909542203,-0.1575490087,1
265,66,-0.08996757865,-0.07150030136,1
265,74,0.07589945942,0.004390377551,1
265,82,-0.03415218741,-0.02828310803,1
265,90,-0.06772166491,-0.1373903751,1
265,98,-0.003906741738,-0.09498488903,1
265,106,0.02908468992,-0.1039772779,1
265,114,0.03976657987,-0.07697290182,1
265,122,0.01150386222,0.02900902554,1
265,130,0.03632512689,-0.01273578405,1
265,138,-0.001455847174,0.05444345623,1
265,146,-0.04404640198,-0.02570035309,1
265,154,-0.03608437628,0.04794977233,1
265,162,0.01150155626,-0.05965191871,1
265,170,-0.01431481913,-0.08063923568,1
273,10,0.0614990145,0.1035161614,1
273,18,0.04201253504,0.1976482272,1
273,26,-0.1651308835,0.2393785268,1
273,34,-0.06678634882,0.09180356562,1
273,42,0.06388803571,0.03225114197,1
273,50,0.05428571627,-0.02625740692,1
273,58,-0.03038943931,-0.04759210348,1
273,66,-0.01934458688,-0.05655423552,1
273,74,0.066453062,-0.05219839513,1
273,82,0.02147155255,-0.0871848017,1
273,90,0.002572536469,-0.1725387424,1
273,98,0.1236424595,-0.2267016768,1
273,106,0.06509805471,-0.09464105219,1
273,114,0.002049796283,-0.07126437128,1
273,122,-0.0193926543,-0.05946531892,1
273,130,-0.006345815957,-0.01930410415,1
273,138,0.0187315084,0.1636474431,1
273,146,0.07706604153,-0.0005759634078,1
273,154,0.02823685668,-0.01137354225,1
273,162,-0.05273625255,-0.02360863611,1
273,170,-0.1210287362,-0.07774946094,1
281,10,-0.01753700525,0.110658519,1
281,18,0.08598302305,0.1187015995,1
281,26,-0.02540140226,0.0851418376,1
281,34,-0.10199292,0.07222556323,1
281,42,-0.05107374489,0.05526024476,1
281,50,-0.06549052149,-0.03075845726,1
281,58,-0.1141278148,-0.06276194751,1
281,66,-0.05594109371,-0.1608341634,1
281,74,0.1054730415,-0.113537848,1
281,82,0.05945984647,-0.08779131621,1
281,90,0.01572090387,-0.2933276296,1
281,98,0.2878841162,-0.2209768742,1
281,106,0.1389092207,-0.1139167547,1
281,114,0.04678125679,-0.07735388726,1
281,122,0.1191379726,-0.1645233482,1
281,130,0.1508547366,0.03038639203,1
281,138,0.1182825044,0.05253363401,1
281,146,0.1151162386,0.007019403391,1
281,154,0.0545167625,-0.081498757,1
281,162,-0.02126195654,0.06163764372,1
281,170,-0.1193939447,-0.02175343037,1
289,10,-0.1780067682,0.1766797602,1
289,18,-0.01663386077,0.1543122232,1
289,26,0.07169037312,-0.001997090876,1
289,34,-0.1988985837,0.03150913864,1
289,42,-0.3041579723,0.1062609851,1
289,50,-0.175987497,0.02603340894,1
289,58,-0.1503513455,-0.136531204,1
289,66,-0.02061700448,-0.2923016548,1
289,74,0.10251946,-0.1297137737,1
289,82,0.1436877996,-0.08198568225,1
289,90,0.1299981624,-0.1877262592,1
289,98,0.1114063412,-0.1649741828,1
289,106,0.1794999391,-0.1046332717,1
289,114,-0.01082708314,-0.1223197207,1
289,122,0.08705294877,-0.1437513828,1
289,130,0.1861444116,0.06776987016,1
289,138,0.2102215439,-0.04956046864,1
289,146,0.1409331858,-0.1526681781,1
289,154,0.01196018234,-0.05400490761,1
289,162,0.03693123534,-0.08441396803,1
289,170,-0.124899663,-0.1209784895,1
297,10,-0.137714982,0.2695246935,1
297,18,-0.1680720001,0.1287909746,1
297,26,-0.1475390792,0.06945857406,1
297,34,-0.2472319007,0.1662484109,1
297,42,-0.2708306015,0.1986639202,1
297,50,-0.1701124609,0.1261610985,1
297,58,-0.159181118,-0.01521605626,1
297,66,-0.11920169,0.003964437172,1
297,74,0.1364576519,-0.07754912972,1
297,82,0.2829313278,0.1066382825,1
297,90,0.2386337817,0.04410868883,1
297,98,0.07342533022,-0.1081408709,1
297,106,-0.04816972092,-0.06274370849,1
297,114,0.01047153119,-0.04465821013,1
297,122,0.104534775,-0.05603471026,1
297,130,0.05826994777,-0.04520142078,1
297,138,0.01817316562,-0.04801826924,1
297,146,0.06055553257,-0.1380411685,1
297,154,0.05778986216,0.04625015333,1
297,162,0.07174310833,-0.03755085915,1
297,170,0.04730262235,-0.1158221737,1
305,10,0.1649560481,0.222440809,1
305,18,0.0434345752,-0.01221096516,1
305,26,-0.06282670051,-0.01816691458,1
305,34,-0.1520607173,0.07938706875,1
305,42,-0.1634021997,0.1318771839,1
305,50,-0.005253687501,0.1351187825,1
305,58,-0.1472178102,0.1579661667,1
305,66,-0.2843788564,0.3085225224,1
305,74,0.04067612439,-0.005023919046,1
305,82,0.2550331056,0.1709406972,1
305,90,0.3553241491,0.03838876262,1
305,98,0.05260269344,0.007781617343,1
305,106,-0.05764292926,-0.000496186316,1
305,114,-0.07713039219,-0.01849647611,1
305,122,0.02535548061,-0.09026098251,1
305,130,0.07710887492,-0.05794781819,1
305,138,0.01748696715,0.0475287661,1
305,146,0.09607824683,-0.05349423736,1
305,154,0.09980178624,0.01494910941,1
305,162,-0.04844171554,-0.04607819021,1
305,170,-0.03769674152,0.02546193451,1
313,10,0.09279824048,0.2795880437,1
313,18,0.02093972266,0.04696983099,1
313,26,-0.06821765006,-0.02406196669,1
313,34,-0.138833493,-0.01468934119,1
313,42,-0.1219806522,-0.005949296057,1
313,50,-0.09999993443,0.01980736852,1
313,58,-0.108582899,0.1646957695,1
313,66,-0.08976241946,0.0787499845,1
313,74,0.04048743472,0.04178899154,1
313,82,0.1191408336,0.02628037333,1
313,90,0.03966801614,-0.01539051905,1
313,98,0.002184942365,0.0330090113,1
313,106,-0.07001889497,-0.01100842282,1
313,114,-0.1077358499,-0.1635199636,1
313,122,-0.06736392528,-0.1380733997,1
313,130,-0.06935629249,-0.03740707785,1
313,138,0.0290134307,0.06161639467,1
313,146,0.184413895,0.02678645775,1
313,154,0.1425119638,-0.08314264566,1
313,162,-0.07071393728,-0.228261292,1
313,170,-0.06580003351,-0.1059578359,1
321,10,-0.1054034904,0.2607690394,1
321,18,-0.1653995216,0.139229089,1
321,26,-0.1121594012,0.1189618781,1
321,34,0.02074474096,0.0949588418,1
321,42,-0.07115711272,-0.002189792693,1
321,50,-0.1556986421,-0.1017876342,1
321,58,-0.0859074071,-0.1257958263,1
321,66,-0.05688463151,-0.1480448544,1
321,74,-0.08888657391,0.007640190423,1
321,82,-0.06356712431,0.1175979972,1
321,90,-0.1455031931,0.1517352015,1
321,98,-0.05990094319,0.02430348843,1
321,106,0.001652941108,-0.0812138319,1
321,114,-0.1363791674,-0.1921977103,1
321,122,0.04352879152,-0.04278773814,1
321,130,0.0495512709,0.03306928277,1
321,138,0.01540756598,0.02089443803,1
321,146,0.02221240848,0.04949151725,1
321,154,-0.01059135795,-0.06247229502,1
321,162,-0.01701162383,-0.09002163261,1
321,170,0.01100414619,-0.1327107847,1
329,10,-0.1192971691,0.2093743682,1
329,18,-0.1851027608,0.30206424,1
329,26,-0.05655585974,0.3695977032,1
329,34,0.01041553915,0.1417354941,1
329,42,-0.2334370762,0.005281774327,1
329,50,-0.2676640749,-0.04281272367,1
329,58,-0.1482413411,-0.1357470602,1
329,66,-0.003749206662,-0.0435808599,1
329,74,-0.08716800064,-0.007697367109,1
329,82,0.01960303821,0.09134218842,1
329,90,0.06208706275,0.1425337195,1
329,98,-0.00102224201,0.0349707827,1
329,106,0.06695192307,0.01246352866,1
329,114,0.0598478131,-0.010811585,1
329,122,0.08452729136,-0.02210324071,1
329,130,0.0543659851,-0.03504933789,1
329,138,-0.03123881295,-0.06560267508,1
329,146,-0.03132749349,-0.06379459798,1
329,154,0.02755856887,-0.07856875658,1
329,162,0.06220016629,-0.1077280045,1
329,170,-0.03343760222,-0.1368329078,1
337,10,-0.05841522664,0.02618600428,1
337,18,-0.1090242565,0.1517462283,1
337,26,-0.1154211909,0.1270372868,1
337,34,-0.1458776891,0.1226248741,1
337,42,-0.2163583338,0.07109572738,1
337,50,-0.1937130541,0.1501699984,1
337,58,-0.2128477693,-0.06280991435,1
337,66,-0.02110873163,0.06099489704,1
337,74,0.01608127356,-0.0111663565,1
337,82,0.008341342211,-0.1384840012,1
337,90,0.04083058238,-0.04189239442,1
337,98,0.05184880644,0.0289125666,1
337,106,0.1266780198,0.09747552872,1
337,114,0.1266405433,0.05561842769,1
337,122,0.06594349444,-0.0212088991,1
337,130,0.07371418923,-0.1108350903,1
337,138,0.03265583888,-0.09354390949,1
337,146,0.02620382793,-0.07028096914,1
337,154,0.1326200962,-0.08941239119,1
337,162,0.04224620014,-0.1906020045,1
337,170,-0.09228648245,-0.2688898742,1
345,10,-0.3823710978,-0.1526153237,1
345,18,-0.1828978807,-0.03622154891,1
345,26,-0.05718207359,-0.01930525526,1
345,34,-0.102182135,0.1076381803,1
345,42,-0.1709742993,0.1659383327,1
345,50,-0.2020964622,-0.003570622765,1
345,58,-0.1670304537,-0.03725716472,1
345,66,-0.07046030462,0.02427268401,1
345,74,-0.1095082238,0.08025036007,1
345,82,-0.003114718013,-0.04328918457,1
345,90,0.1214447245,-0.1428432912,1
345,98,0.104568921,0.02918320522,1
345,106,-0.0786107704,0.0990023911,1
345,114,-0.08610711992,0.06805539876,1
345,122,-0.03140355274,0.03087095357,1
345,130,0.04344599694,-0.07362310588,1
345,138,0.102236703,-0.03250610083,1
345,146,0.03192206845,0.008327182382,1
345,154,0.02187016979,-0.01700363308,1
345,162,0.06090379134,-0.0252347514,1
345,170,-0.08319598436,-0.1887719631,1
353,10,-0.1950411946,-0.06445085257,1
353,18,0.04539230838,0.14249143,1
353,26,0.04125582799,0.06818941981,1
353,34,-0.1042305976,0.07814373821,1
353,42,-0.1132940054,0.1679780781,1
353,50,-0.1435299516,0.05773195997,1
353,58,-0.2511262298,0.07928989083,1
353,66,-0.1840700209,0.01070617884,1
353,74,-0.09307645261,0.1088282168,1
353,82,0.00811094977,0.05930369347,1
353,90,0.1000802442,-0.2300023735,1
353,98,0.06413894147,-0.1060691252,1
353,106,-0.1803646386,0.100758642,1
353,114,-0.1072669104,0.09178777039,1
353,122,0.02105687559,0.06340523064,1
353,130,0.04184719175,0.01749555767,1
353,138,0.04828180373,0.02562391013,1
353,146,-0.00118303299,-0.03325029463,1
353,154,-0.03721657768,-0.03642390668,1
353,162,0.0003823880106,-0.01793874055,1
353,170,0.004674099386,-0.07885606587,1
361,10,0.06065230072,0.1028089523,1
361,18,0.1305734068,0.3091498613,1
361,26,-0.011950057,0.1440169364,1
361,34,-0.1917950809,0.01990301162,1
361,42,-0.08651404828,0.1826806217,1
361,50,-0.03695704043,0.1189907491,1
361,58,-0.2534304857,0.04851718247,1
361,66,-0.2185762227,0.02659933269,1
361,74,-0.04584278166,0.0427486822,1
361,82,0.04618195072,-0.009747885168,1
361,90,0.07617834955,-0.1000462696,1
361,98,-0.1165232062,-0.1539574116,1
361,106,-0.03646060079,-0.01678790897,1
361,114,-0.001444078982,0.1109026223,1
361,122,-0.04892624915,0.06785970926,1
361,130,-0.002224618569,0.0425607115,1
361,138,-0.02894879319,0.0908832252,1
361,146,-0.1083382517,-0.06501183659,1
361,154,-0.1493105888,-0.1278629601,1
361,162,-0.1409321129,-0.2299187481,1
361,170,-0.05473295227,-0.04476865381,1
369,10,0.07680429518,0.1794356853,1
369,18,0.1326196939,0.3649085164,1
369,26,-0.1115806699,0.1096519232,1
369,34,-0.1481411755,0.09488443285,1
369,42,-0.113261342,0.1032048464,1
369,50,-0.0100858435,0.05556818843,1
369,58,-0.1482219547,0.0236774236,1
369,66,-0.2917340994,0.221258238,1
369,74,-0.2728813291,0.08095039427,1
369,82,-0.04339966923,0.01533459127,1
369,90,0.1075045839,0.1751818061,1
369,98,0.04799291492,0.1781955212,1
369,106,-0.04861532524,0.07305329293,1
369,114,-0.06595431268,0.04762092233,1
369,122,-0.03686263412,0.02404864132,1
369,130,-0.03942555189,0.02320612967,1
369,138,-0.08253884315,0.06318663061,1
369,146,-0.0456443429,0.07028855383,1
369,154,-0.07827775925,-0.1623564363,1
369,162,-0.2852569818,-0.1978922486,1
369,170,-0.1015982032,-0.008798874915,1
377,10,0.3385015726,0.08275362104,1
377,18,-0.08282878995,0.0736938864,1
377,26,-0.3092944026,0.02748292685,1
377,34,-0.2282539606,0.06753642857,1
377,42,-0.1182356179,-0.2682840228,1
377,50,-0.07003007829,0.01218783483,1
377,58,-0.1096185818,0.1091545075,1
377,66,-0.1898491681,0.3619559705,1
377,74,-0.1668672562,0.1326353103,1
377,82,-0.04626654088,0.09784482419,1
377,90,0.1100106388,0.2034112364,1
377,98,0.1018735096,0.1855053008,1
377,106,-0.1079373956,0.05847987533,1
377,114,-0.05190252513,-0.05232375488,1
377,122,-0.02374951914,0.03180637211,1
377,130,-0.0317257978,0.03643181548,1
377,138,0.03233487904,0.06488882005,1
377,146,0.06180609018,0.1044644713,1
377,154,-0.07679940015,-0.01326180715,1
377,162,-0.1237031072,-0.008659180254,1
377,170,-0.0354513377,0.06834676117,1
385,10,0.02785363793,-0.2528556883,1
385,18,0.04267933965,-0.1095897928,1
385,26,-0.1972211152,0.1067385674,1
385,34,-0.1253148317,0.2107690871,1
385,42,-0.03814513236,-0.1252955794,1
385,50,-0.02945650369,0.002511128783,1
385,58,0.01336910576,0.0582953468,1
385,66,0.09191843867,0.0829205811,1
385,74,-0.05194477737,0.1325737834,1
385,82,0.08906666934,0.1588049829,1
385,90,0.2072858214,0.184762612,1
385,98,0.03759647161,0.09683340788,1
385,106,0.0342926532,0.1034740135,1
385,114,0.02640944719,0.008255928755,1
385,122,0.04419789091,0.06053035334,1
385,130,0.03619023785,0.07019391656,1
385,138,0.03850506246,0.1201351732,1
385,146,0.01941850036,-0.0254489854,1
385,154,-0.09067777544,-0.026803758,1
385,162,-0.08838661015,0.04868963733,1
385,170,-0.0132393837,0.02009697631,1
393,10,-0.2702300847,-0.1627501249,1
393,18,-0.1905658096,-0.006690252572,1
393,26,-0.08947329968,0.2776095569,1
393,34,-0.116879575,0.3082399964,1
393,42,-0.1774790883,0.03529433161,1
393,50,-0.0774993524,0.04209132865,1
393,58,-0.04314683378,0.1145071387,1
393,66,0.01367154345,0.0690817982,1
393,74,0.1377034485,0.160830155,1
393,82,0.2596871853,0.1265380681,1
393,90,0.3593183756,0.1612529457,1
393,98,0.1162242442,0.2251618505,1
393,106,0.03037877381,0.2688505352,1
393,114,0.03294376656,0.0660013333,1
393,122,0.09437824786,-0.04763235897,1
393,130,0.1691196263,0.08858878165,1
393,138,0.1106376946,0.08865317702,1
393,146,0.06074152887,-0.03773284703,1
393,154,-0.1092600152,-0.03281199187,1
393,162,-0.07249741256,-0.01687676087,1
393,170,0.02750471048,0.02361607552,1
401,10,-0.3794026375,0.01773775555,1
401,18,-0.2608001828,-0.03696163744,1
401,26,0.07037363946,0.1455347836,1
401,34,0.08772271872,-0.1090727821,1
401,42,-0.1554629505,-0.2567976117,1
401,50,-0.161329478,-0.06721915305,1
401,58,-0.328402102,0.2142749727,1
401,66,-0.06644494832,0.1479375958,1
401,74,0.08103072643,0.1830234528,1
401,82,0.2813338637,0.1317931712,1
401,90,0.3704735637,0.07132205367,1
401,98,0.1193847358,0.1549268961,1
401,106,0.1280009598,0.09655585885,1
401,114,0.2078272998,0.05746300519,1
401,122,0.3222885728,0.02325424179,1
401,130,0.3115293682,0.06877829134,1
401,138,0.2107065618,0.1995522082,1
401,146,-0.03914871067,0.02348134667,1
401,154,-0.2294734567,0.04695355147,1
401,162,-0.2390993834,-0.004932381213,1
401,170,0.04963031411,0.09230622649,1
409,10,-0.3824282885,0.004262700677,1
409,18,-0.1897749603,0.05741935968,1
409,26,0.007434040308,0.2190559506,1
409,34,-0.02338639647,0.01695987582,1
409,42,-0.1269763112,0.054666996,1
409,50,-0.08146740496,0.09925866127,1
409,58,-0.0486978516,0.1530202627,1
409,66,-0.05022247136,0.04189587384,1
409,74,-0.05353151262,0.08385820687,1
409,82,-0.05699838698,0.1513516009,1
409,90,-0.1375061721,0.1499882042,1
409,98,-0.02882187068,-0.0008153542876,1
409,106,0.2818037271,-0.08584670722,1
409,114,0.3037601709,-0.04188811034,1
409,122,0.1903373599,-0.0268292129,1
409,130,0.1657589823,-0.04954360798,1
409,138,0.09208349884,0.1689001471,1
409,146,-0.1639905423,0.08096003532,1
409,154,-0.1972083896,0.23006396,1
409,162,-0.09637877345,0.06186909974,1
409,170,0.1763547212,0.04707902297,1
417,10,-0.4345039725,0.1377436519,1
417,18,-0.2532343864,0.2299385071,1
417,26,-0.1437110305,0.4110574722,1
417,34,-0.3172422647,0.1909211576,1
417,42,-0.2827683091,0.2806119919,1
417,50,-0.1414758861,0.2187233567,1
417,58,-0.08668190986,-0.09792754054,1
417,66,-0.1872155666,-0.1682981104,1
417,74,-0.2884222269,-0.05317723751,1
417,82,-0.4562845826,0.04522097111,1
417,90,-0.5428081155,0.2488286793,1
417,98,-0.2012218833,-0.1287971139,1
417,106,0.2360567153,-0.2307850271,1
417,114,0.3058767319,-0.155110091,1
417,122,0.245470643,-0.1748143733,1
417,130,0.04377480596,-0.04611294717,1
417,138,-0.152265802,0.119899869,1
417,146,-0.2655736208,0.1487314999,1
417,154,-0.3672294617,0.261033386,1
417,162,-0.2807118893,0.07053527981,1
417,170,0.2292013764,-0.02086640894,1
