PIVlab, ASCII chart output - 02-Aug-2025
FRAME: 175, filenames: A:[175]FullStack_Pos0035_TgUtrmcherry_K4K8MO-1.avi & B:[176]FullStack_Pos0035_TgUtrmcherry_K4K8MO-1.avi, conversion factor xy (px -> m): 1, conversion factor uv (px/frame -> m/s): 1
x [px],y [px],u [px/frame],v [px/frame],Vector type [-]
9,10,-0.01237036288,0.2358198464,1
9,18,-0.2148281336,-0.07153043151,1
9,26,-0.2416559756,-0.08884227276,1
9,34,-0.06332525611,-0.1379412711,1
9,42,0.0645070076,-0.2051922828,1
9,50,0.1566592157,-0.03520275652,1
9,58,0.2804503441,0.0996312499,1
9,66,0.2154417485,0.122675091,1
9,74,0.1067770123,0.009737811983,1
9,82,0.04489996284,0.001837871969,1
9,90,-0.01621605642,0.01453126967,1
9,98,-0.07542287558,0.07943511009,1
9,106,-0.01241319999,-0.003910243511,1
9,114,0.05167783424,-0.002685546875,1
9,122,0.01344965864,0.05034108832,1
9,130,0.03610242903,0.07118937373,1
9,138,0.05274026096,0.1595562696,1
9,146,0.07861244678,0.2021886706,1
9,154,0.1443151832,0.1191321015,1
9,162,0.2072280198,0.1186522841,1
9,170,-0.06701333076,-0.06487411261,1
17,10,-0.08169274032,0.08323222399,1
17,18,-0.1297051907,-0.0424053371,1
17,26,-0.1537058949,-0.08407223225,1
17,34,-0.1005257517,-0.05207642913,1
17,42,0.01307426579,0.04016327113,1
17,50,0.0761359185,0.143194437,1
17,58,-0.0002463683486,0.2009005994,1
17,66,-0.006740622222,0.02404315025,1
17,74,-0.02704998851,-0.1033181995,1
17,82,-0.08257494867,-0.003816891462,1
17,90,-0.1028538495,0.07490862906,1
17,98,-0.09604522586,0.1612778604,1
17,106,0.03308978677,0.1108402908,1
17,114,0.05665780976,0.1196024194,1
17,122,-0.005135367624,0.1347869039,1
17,130,-0.01946905255,0.008366107941,1
17,138,-0.04571286589,0.04602883756,1
17,146,-0.0334254019,0.1170757636,1
17,154,0.160312593,0.09054317325,1
17,162,0.1558278203,0.1036014408,1
17,170,-0.03681588918,0.03193682432,1
25,10,-0.004254480824,0.04745496064,1
25,18,-0.02572206408,0.115911223,1
25,26,-0.134892568,-0.02254120074,1
25,34,-0.145605877,-0.008899435401,1
25,42,-0.06182256341,-0.02335856482,1
25,50,-0.01519923657,0.09536278993,1
25,58,-0.09955730289,0.1949443668,1
25,66,-0.09337022156,0.02242309973,1
25,74,-0.04183730483,-0.2174931765,1
25,82,-0.04263058305,0.07133553922,1
25,90,0.04582853243,0.2117620856,1
25,98,0.06352556497,0.176545918,1
25,106,0.03288584948,0.1732154042,1
25,114,-0.004240311682,0.1730581224,1
25,122,0.05073361471,0.1792792678,1
25,130,0.05343944579,0.1246363744,1
25,138,-0.1026445776,0.0382969901,1
25,146,-0.1457891911,-0.01093219593,1
25,154,-0.1227210537,0.03274110705,1
25,162,-0.02918149903,0.03062924743,1
25,170,0.0170674026,-0.00636684522,1
33,10,-0.03552062064,0.01148536056,1
33,18,0.06426028907,0.07196623087,1
33,26,-0.0333163999,0.06714688987,1
33,34,-0.1004585177,0.02630579099,1
33,42,-0.1194979176,0.04062057287,1
33,50,-0.09421458095,0.0889050588,1
33,58,-0.04863476753,0.1097315103,1
33,66,-0.09157501906,0.08042825758,1
33,74,-0.1392664611,0.006006017327,1
33,82,-0.02315219119,0.008324027061,1
33,90,0.05256615579,0.1714160889,1
33,98,0.03562185168,0.1390711665,1
33,106,0.1285065114,0.1523947716,1
33,114,0.1245022044,0.176508531,1
33,122,0.1200669855,0.1929631978,1
33,130,0.09711541235,0.1127501875,1
33,138,-0.04489581287,0.05409814417,1
33,146,0.001179471612,-0.09019894898,1
33,154,-0.120449625,0.05244635791,1
33,162,-0.161505267,0.03517588228,1
33,170,-0.06996625662,-0.06809372455,1
41,10,-0.1325161755,-0.06967309117,1
41,18,-0.06619451195,-0.1190890148,1
41,26,-0.05078030378,0.03526475281,1
41,34,-0.1142852679,0.02627222613,1
41,42,-0.1319148242,0.1347771585,1
41,50,-0.2403061092,0.1092841923,1
41,58,-0.1137452051,-0.01703101024,1
41,66,-0.05844506621,0.01702953503,1
41,74,-0.04808816314,0.05000398308,1
41,82,-0.05679354817,0.03650835901,1
41,90,-0.1166575402,0.1278512627,1
41,98,0.004544567317,0.1280560195,1
41,106,0.1239578947,0.06063741446,1
41,114,0.1214444861,0.0906303525,1
41,122,0.1038931534,0.1901116222,1
41,130,0.01428353414,0.06390553713,1
41,138,-0.1002212986,0.01316288114,1
41,146,-0.05753044784,-0.07398722321,1
41,154,-0.0342701599,0.1169693619,1
41,162,-0.2674657702,0.01539585926,1
41,170,-0.2593231499,-0.02071845531,1
49,10,-0.08481244743,-0.1112008393,1
49,18,-0.09860144556,-0.07360245287,1
49,26,-0.04405166581,0.07015884668,1
49,34,-0.006337400526,0.07351982594,1
49,42,-0.01826285571,0.008983276784,1
49,50,-0.1717447788,-0.05982192978,1
49,58,-0.2777039409,-0.1307142675,1
49,66,-0.06999129057,-0.2453609407,1
49,74,-0.01672157645,-0.1495877802,1
49,82,-0.09728808701,0.06929692626,1
49,90,-0.08989235759,0.05460779741,1
49,98,0.005456201732,0.01966946572,1
49,106,0.1263972819,0.05130426586,1
49,114,0.1119840443,0.1463496089,1
49,122,0.0004351660609,0.2156323791,1
49,130,-0.06036166102,0.1803348213,1
49,138,-0.09560083598,0.0706153065,1
49,146,-0.06839080155,0.01101303101,1
49,154,-0.06873830408,0.1402844191,1
49,162,-0.2000730634,0.09758075327,1
49,170,-0.187569961,-0.01205204427,1
57,10,-0.1931488812,-0.3517428637,1
57,18,-0.1403639019,-0.07166606933,1
57,26,-0.1265742481,0.108720988,1
57,34,-0.051584512,0.08297121525,1
57,42,-0.007862530649,-0.01260186639,1
57,50,-0.008395001292,-0.06224022061,1
57,58,-0.02786439285,-0.1112843081,1
57,66,0.04924292862,-0.2554353774,1
57,74,0.03281993419,-0.07817934453,1
57,82,0.03913834319,-0.006148584187,1
57,90,-0.01178720221,-0.005764324218,1
57,98,-0.05703331903,0.01902972907,1
57,106,0.06458160281,0.1165095121,1
57,114,0.1270026416,0.2079875618,1
57,122,0.0101749599,0.2087261677,1
57,130,-0.1541113853,0.1230983138,1
57,138,-0.1425290704,0.1927051842,1
57,146,0.01667247713,0.09383071959,1
57,154,0.03806352243,0.1627120078,1
57,162,-0.04372396693,0.1217012107,1
57,170,-0.1097866148,0.02933590114,1
65,10,-0.1187166572,-0.2655670345,1
65,18,-0.1458179653,-0.03711854666,1
65,26,-0.2283870578,0.1105791926,1
65,34,-0.215521276,0.06955765933,1
65,42,-0.008715696633,-0.03839148581,1
65,50,0.1093795747,-0.06811731309,1
65,58,0.0901761204,-0.05514747649,1
65,66,0.03736704215,-0.1264794171,1
65,74,0.01455425844,0.1293631196,1
65,82,0.08802966774,0.129703626,1
65,90,0.03307004645,0.07504075766,1
65,98,-0.1263158321,0.1304302365,1
65,106,-0.06682597101,0.03443464637,1
65,114,0.08485551178,0.1726567447,1
65,122,0.1101943403,0.04478818178,1
65,130,-0.02694004774,-0.01787868142,1
65,138,-0.06211412326,0.1665607691,1
65,146,0.02291364037,0.09267753363,1
65,154,0.06645432115,0.1732482016,1
65,162,-0.06533847749,0.186401099,1
65,170,-0.1362635791,0.1610236019,1
73,10,-0.06441840529,-0.02149105817,1
73,18,-0.1365595311,0.06763757765,1
73,26,-0.1034705788,0.1795327216,1
73,34,-0.04999996722,0.08130633831,1
73,42,0.08884325624,-0.01673518494,1
73,50,0.1874505877,0.03534119204,1
73,58,0.142028749,0.03697231784,1
73,66,0.03055045754,0.1442056,1
73,74,-0.03196043894,0.219697997,1
73,82,0.010550512,0.05587692559,1
73,90,0.02423549816,0.0767069906,1
73,98,-0.05485080928,0.08664108813,1
73,106,-0.137310788,0.07962716371,1
73,114,-0.1131027788,0.105447948,1
73,122,0.07455092669,-0.07745499164,1
73,130,0.1893751919,-0.01527348906,1
73,138,-0.065722242,0.1549171209,1
73,146,-0.1510621011,0.1468203366,1
73,154,0.03916236758,0.1209484637,1
73,162,-0.07761567831,0.1482648253,1
73,170,-0.09058918059,0.1033730656,1
81,10,-0.04229855537,0.03753897175,1
81,18,-0.04049102962,0.05427918583,1
81,26,-0.05014817417,0.1965951025,1
81,34,-0.1086337641,0.1449761391,1
81,42,0.05038786307,0.03405813873,1
81,50,0.1243255734,0.1364096701,1
81,58,0.05256577209,-0.0212620683,1
81,66,0.04065044224,-0.02413169667,1
81,74,-0.01233554445,0.007339753211,1
81,82,-0.1218787655,-0.00424798578,1
81,90,-0.1905591041,0.09804093093,1
81,98,-0.04272320867,0.06745422632,1
81,106,-0.08549378812,0.09259343892,1
81,114,-0.06420201063,0.09939059615,1
81,122,0.05381260067,0.07200730592,1
81,130,0.03934872895,0.126467526,1
81,138,-0.0827998668,0.07485936582,1
81,146,-0.077146478,0.05650700629,1
81,154,0.05560398102,0.07140212506,1
81,162,-0.05012347549,0.09758661687,1
81,170,0.03140171617,0.04147379845,1
89,10,0.08491818607,0.1041507423,1
89,18,0.1483061165,0.06655772775,1
89,26,0.1060074642,0.09130155295,1
89,34,-0.08388477564,0.1631907672,1
89,42,0.09461808205,0.1491731107,1
89,50,0.08871713281,0.1536841244,1
89,58,-0.03218759224,0.0009209234267,1
89,66,-0.05477659404,-0.0517931655,1
89,74,-0.09740872681,-0.006187781692,1
89,82,-0.09596708417,0.09959644824,1
89,90,-0.1029518098,0.1462397873,1
89,98,0.01997780055,0.01439282671,1
89,106,0.05202584714,0.05025077611,1
89,114,0.0912123844,0.09607683122,1
89,122,0.169252187,0.05555678904,1
89,130,0.01132889837,0.1142874062,1
89,138,-0.1286674887,0.05401748791,1
89,146,-0.02563896216,0.1026521847,1
89,154,0.04107584059,-0.007008656859,1
89,162,0.04101772979,-0.002686917782,1
89,170,-0.0179605335,-0.01058105007,1
97,10,0.07936582714,0.1294148415,1
97,18,-0.05679678917,0.1644908786,1
97,26,-0.1258767843,0.04279599339,1
97,34,0.008557710797,0.06125218049,1
97,42,0.02692397684,0.114678964,1
97,50,-0.1024207026,0.09540775418,1
97,58,-0.1195353866,0.06149522215,1
97,66,-0.05217923969,0.005152768455,1
97,74,-0.07876257598,0.05207955837,1
97,82,-0.1255120486,0.08706620336,1
97,90,-0.05864819884,0.1583645791,1
97,98,-0.04161439836,0.004106048495,1
97,106,-0.02639122494,0.0468609333,1
97,114,0.1390084326,0.06016997993,1
97,122,0.2747490406,0.03811883181,1
97,130,0.187456578,0.001666970551,1
97,138,0.01809407026,0.09127765894,1
97,146,-0.02861750126,0.03120297194,1
97,154,0.004779968411,-0.02355799824,1
97,162,0.0866298154,-0.2444899082,1
97,170,0.01821833104,-0.08743921667,1
105,10,-0.08008022606,0.05855426192,1
105,18,-0.1923132837,0.1227953732,1
105,26,-0.219201386,0.07785889506,1
105,34,-0.1249425262,0.04130513594,1
105,42,-0.01718732342,0.09923364222,1
105,50,-0.03790532053,-0.03991296887,1
105,58,0.05117975175,-0.132815659,1
105,66,0.03157474846,0.05927307904,1
105,74,-0.09188778698,-0.03616263717,1
105,82,-0.08958844841,0.05910290033,1
105,90,-0.05494214594,0.1212290078,1
105,98,-0.120050095,-0.02271920443,1
105,106,-0.1063386798,0.04761982337,1
105,114,0.05899010971,0.01275483426,1
105,122,0.2691482604,-0.01788847707,1
105,130,0.09667991102,0.03371505439,1
105,138,0.02696744353,0.130669564,1
105,146,-0.03188255802,0.0229467079,1
105,154,-0.01055216417,-0.04883359745,1
105,162,0.09013669193,-0.2466783822,1
105,170,0.1382909566,-0.007506549358,1
113,10,-0.1174878329,-0.1310617775,1
113,18,-0.11297369,-0.03906673938,1
113,26,-0.0497777462,0.1161301136,1
113,34,-0.05310187116,0.04398065805,1
113,42,0.01803208888,-0.1207864434,1
113,50,0.01506774314,-0.08535194397,1
113,58,-0.0289703235,-0.09278675914,1
113,66,0.05273713917,0.127763465,1
113,74,-0.03251742572,0.0206865035,1
113,82,-0.09125664085,0.008988834918,1
113,90,-0.06751269847,0.03326322138,1
113,98,-0.05981213227,0.02146903425,1
113,106,-0.07116370648,0.02087644674,1
113,114,-0.03423521668,-0.08046893775,1
113,122,-0.00686185807,-0.1681531072,1
113,130,0.05333510786,0.07865422964,1
113,138,0.1450230926,0.2170847505,1
113,146,0.03931546211,0.1037544161,1
113,154,0.0537375845,-0.1615748554,1
113,162,0.03599865735,-0.09560481459,1
113,170,-0.09782418609,0.1322499663,1
121,10,-0.07484532893,-0.1203331947,1
121,18,-0.07927297056,-0.1176751554,1
121,26,-0.0333503969,-0.02115396783,1
121,34,0.1000368595,-0.02355897427,1
121,42,0.07452454418,-0.1423789114,1
121,50,-0.05387870967,0.04117392749,1
121,58,-0.1360904425,0.006630692165,1
121,66,0.0193662215,0.1037032381,1
121,74,0.173631981,0.1077871919,1
121,82,0.2325233519,0.1435647905,1
121,90,0.2298344523,0.1043624282,1
121,98,0.2055623978,0.02232464589,1
121,106,0.1157735214,-0.01108772773,1
121,114,-0.04132382199,-0.07110473514,1
121,122,-0.2433808297,-0.08076981455,1
121,130,-0.07610761374,0.204829812,1
121,138,-0.04339075089,0.1985876858,1
121,146,-0.1416088045,0.05609343201,1
121,154,-0.2164589763,-0.0764323622,1
121,162,-0.09151602536,0.06497722864,1
121,170,-0.1096637845,0.1538283825,1
129,10,0.04841352999,-0.003845542669,1
129,18,-0.09253879637,-0.1284414679,1
129,26,-0.0377148129,-0.2016383559,1
129,34,-0.005555732176,-0.141466558,1
129,42,0.02621514723,0.1236189529,1
129,50,0.03389214724,0.1779215187,1
129,58,0.02001269534,0.03456450254,1
129,66,0.09873375297,0.07867844403,1
129,74,0.1692493558,0.05626641214,1
129,82,0.2244480252,0.01634753495,1
129,90,0.08323810995,0.04117552191,1
129,98,0.087270841,-0.02769318968,1
129,106,0.2079377025,-0.05348524451,1
129,114,-0.02354080975,0.1080950052,1
129,122,-0.2450378686,0.124492459,1
129,130,-0.238009885,0.2874426544,1
129,138,-0.3080108166,0.143129468,1
129,146,-0.1630742252,0.09582184255,1
129,154,-0.04224197194,0.1388827264,1
129,162,-0.04274825007,0.1791758537,1
129,170,-0.1813724488,-0.01410179213,1
137,10,0.05388681963,0.08806572109,1
137,18,-0.06152535602,-0.08940512687,1
137,26,0.0516394861,-0.130818814,1
137,34,0.06976532936,-0.1743461937,1
137,42,-0.08246327937,0.112245515,1
137,50,-0.03980814666,0.1980537623,1
137,58,0.07057472318,-0.009442016482,1
137,66,0.1220394894,-0.1097382382,1
137,74,0.1068854257,-0.03900762647,1
137,82,0.05046706647,-0.1317259669,1
137,90,-0.002558156848,-0.1428751498,1
137,98,0.02346563712,-0.06114503741,1
137,106,0.03739891946,-0.01863578707,1
137,114,-0.08869814128,0.0257149078,1
137,122,-0.08080618083,0.0544635728,1
137,130,-0.1297954619,0.1430813074,1
137,138,-0.3239789903,0.2461601645,1
137,146,-0.01355390251,0.2610914409,1
137,154,0.02829451859,0.319627434,1
137,162,-0.008599594235,0.1017906964,1
137,170,-0.3148332834,-0.07105500996,1
145,10,-0.1118766963,0.1026671752,1
145,18,0.08756437898,-0.1002168059,1
145,26,0.1042545885,-0.07002615929,1
145,34,-0.03840537742,-0.1617381275,1
145,42,-0.06497591734,-0.2007556409,1
145,50,-0.1759867221,-0.08696830273,1
145,58,-0.07859943807,-0.03188377246,2
145,66,-0.05758925527,0.01947553642,1
145,74,0.182827279,0.01438681781,1
145,82,0.09683248401,-0.07662753761,1
145,90,-0.1068553701,-0.2578319907,1
145,98,-0.1549382955,-0.189947933,1
145,106,-0.1930453926,-0.01851010323,1
145,114,-0.143835932,0.02220241725,1
145,122,-0.07094073296,0.03622632474,1
145,130,-0.1296790987,0.1088043153,1
145,138,-0.07901960611,0.2599737048,1
145,146,-0.05015069991,0.1502408981,1
145,154,-0.1910121143,0.1607762277,1
145,162,-0.1526039392,0.008472941816,1
145,170,-0.2267314792,-0.03867402673,1
153,10,-0.2486448288,0.1108027101,1
153,18,0.1001028493,-0.08992066234,1
153,26,0.3417281508,-0.08979151398,1
153,34,-0.01451441273,-0.09699721634,1
153,42,-0.1106927991,-0.1704226732,1
153,50,-0.1715346277,-0.09397509694,1
153,58,-0.1513964832,-0.0506003052,1
153,66,0.05582145974,0.03680844232,1
153,74,0.2105042636,0.06554335356,1
153,82,0.1419369131,0.07724992186,1
153,90,-0.03300959617,-0.1269900054,1
153,98,-0.02970151603,-0.1474057138,1
153,106,-0.04155481234,-0.00914616324,1
153,114,-0.07566515356,0.02378427982,1
153,122,-0.02776870318,0.07051941007,1
153,130,-0.05961029977,0.02890223637,1
153,138,-0.03581069782,0.0573778227,1
153,146,-0.07584290206,-0.06443072855,1
153,154,-0.2438293695,-0.08950512111,1
153,162,-0.2154715061,-0.0480421111,1
153,170,-0.1824943274,0.01324395277,1
161,10,-0.1324768364,0.02421954274,1
161,18,0.1474335194,-0.02365100384,1
161,26,0.1904749423,-0.05666845292,1
161,34,0.02301838994,-0.05106056482,1
161,42,-0.04826508835,-0.00553894788,1
161,50,-0.05038934574,0.05527058989,1
161,58,-0.06305600703,-0.1307324022,1
161,66,0.03133931383,-0.1014862657,1
161,74,0.09315086901,0.01183123887,1
161,82,0.0131296739,0.1003605947,1
161,90,0.003961732611,0.03418840095,1
161,98,-0.007784553804,0.0117944181,1
161,106,-0.01243858971,0.05760225654,1
161,114,-0.05792894214,0.09270244837,1
161,122,0.01244143397,0.02136046439,1
161,130,0.1841279566,0.01017202809,1
161,138,0.04487872869,-0.02898877859,1
161,146,0.1220982075,-0.1673021913,1
161,154,-0.06456676126,-0.1898714602,1
161,162,-0.2460958809,-0.2812358439,1
161,170,-0.1229007542,0.02072526515,1
169,10,0.0673520565,-0.1362346113,1
169,18,0.0785484314,-0.04333617911,1
169,26,0.01901897416,-0.06024242193,1
169,34,-0.002842035145,-0.1088627502,1
169,42,0.1709593683,0.002108869143,1
169,50,0.1154369712,0.1621815413,1
169,58,0.08717274666,-0.1063640267,1
169,66,0.06566908956,-0.03536670655,1
169,74,-0.07446438819,-0.02038608678,1
169,82,-0.009554974735,0.007845841348,1
169,90,0.110993281,-0.01107199118,1
169,98,0.03068205714,-0.0393194668,1
169,106,-0.003276568837,-0.04582604021,1
169,114,-0.003251193091,0.1027727127,1
169,122,0.1584985554,0.04963492602,1
169,130,0.1806030571,0.005159240216,1
169,138,0.04998194426,-0.0222637821,1
169,146,-0.08329620212,-0.0827268064,1
169,154,-0.1968094558,-0.1345175803,1
169,162,-0.1444614977,-0.1263775229,1
169,170,-0.02624307573,0.0683780089,1
177,10,0.04316471517,-0.1549291164,1
177,18,-0.1463049352,0.06005880982,1
177,26,-0.137382105,-0.03605979681,1
177,34,-0.04350195825,0.08105011284,1
177,42,0.05713862926,0.06730676442,1
177,50,0.1247453317,0.08289706707,1
177,58,0.03459801525,0.002189781517,1
177,66,0.002328908071,0.0007658302784,1
177,74,-0.0395440869,-0.05593797937,1
177,82,0.04209479317,-0.05683135241,1
177,90,0.03491033986,-0.07194814086,1
177,98,-0.009284485132,-0.1285995096,1
177,106,0.03380778432,-0.1380852759,1
177,114,-0.02407306433,-0.02563173138,1
177,122,0.01168465242,0.1160562336,1
177,130,0.131881386,0.05742805079,1
177,138,0.2837318182,-0.03918167949,1
177,146,-0.03801003844,-0.05453898013,1
177,154,-0.2199444473,-0.1502947211,1
177,162,-0.2877917588,-0.07604758441,1
177,170,-0.03513845056,0.1072986722,1
185,10,0.1683779359,-0.004671677947,1
185,18,-0.007651253138,0.03096660227,1
185,26,-0.1136849523,-0.1538105607,1
185,34,-0.06894566119,-0.0756688714,1
185,42,-0.02042473853,0.07505712658,1
185,50,-0.054134693,0.1270853728,1
185,58,-0.01599191874,0.1684268862,1
185,66,-0.0006730277091,0.1153511405,1
185,74,0.02010455355,-0.02158330753,1
185,82,0.07442710549,-0.1062131599,1
185,90,0.04798443243,-0.1490532011,1
185,98,0.0003447402269,-0.1119642928,1
185,106,0.09880892932,-0.1140443534,1
185,114,0.02068282291,-0.01584508643,1
185,122,-0.01027076691,0.02314323559,1
185,130,0.04241675884,-0.04040908068,1
185,138,0.1531601101,-0.08451502025,1
185,146,0.01415542886,-0.03672671318,1
185,154,-0.1504200846,-0.1772537678,1
185,162,-0.2718867958,-0.06779322773,1
185,170,-0.2209084779,0.07730509341,1
193,10,0.1011469215,0.1167246848,1
193,18,-0.01807975024,-0.0833215937,1
193,26,-0.05352633446,-0.2972701192,1
193,34,-0.02063648775,-0.1717369705,1
193,42,0.0491730161,-0.0489741154,1
193,50,0.05620998889,0.07729158551,1
193,58,0.04913751781,0.2159242183,1
193,66,0.07469543815,0.2034238875,1
193,74,0.06244624779,-0.1021994501,1
193,82,-0.01098143775,-0.1178890988,1
193,90,0.01864074916,-0.153413713,1
193,98,0.1109122187,-0.169292599,1
193,106,0.09998218715,-0.08009043336,1
193,114,-0.0168390274,0.03125422075,1
193,122,-0.0803616643,-0.01669757627,1
193,130,0.01930074953,-0.1350492537,1
193,138,0.02885208279,-0.04841308668,1
193,146,0.04798994958,0.1607870758,1
193,154,0.11996755,0.1373835206,1
193,162,0.09453181177,0.1082588509,1
193,170,-0.1179586351,-0.04729570448,1
201,10,-0.05994486809,0.09251150489,1
201,18,-0.0116132386,-0.06605651975,1
201,26,-0.06974438578,-0.1768751442,1
201,34,-0.02581790835,-0.03787910193,1
201,42,0.08102880418,-0.1327969432,1
201,50,-0.01909074374,-0.08126540482,1
201,58,-0.1518749148,0.05362173915,1
201,66,-0.07251769304,0.05469148979,1
201,74,-0.05516558886,-0.211820662,1
201,82,-0.05015528202,-0.1684171855,1
201,90,0.005866489839,-0.1180764809,1
201,98,0.09088919312,-0.06212699413,1
201,106,0.08014202118,0.0007764846087,1
201,114,-0.03129129484,0.1620349437,1
201,122,-0.1266501397,-0.02444078214,1
201,130,0.01126819663,-0.1289115846,1
201,138,0.06300324947,0.07809600979,1
201,146,0.1148518249,0.1497454643,1
201,154,0.2400609851,0.1909862608,1
201,162,0.107198514,0.1124901548,1
201,170,-0.1034567505,-0.1097224802,1
209,10,0.104820706,-0.1390774101,1
209,18,0.1795148998,-0.03772872686,1
209,26,0.0524039045,-0.05814877152,1
209,34,-0.06941944361,-0.02636989951,1
209,42,0.01477953047,-0.1807312518,1
209,50,-0.1132811159,-0.07245915383,1
209,58,-0.1840070933,0.06250470132,1
209,66,0.1611423343,-0.1021071076,1
209,74,0.04459202662,-0.06447553635,1
209,82,-0.05603517964,-0.1093475372,1
209,90,-0.0383592695,-0.1377691776,1
209,98,0.1131062359,0.02323690057,1
209,106,0.1515461206,0.03650904074,1
209,114,0.009597316384,0.1327743828,1
209,122,-0.1182873696,-0.08266630769,1
209,130,-0.067389898,-0.03749801591,1
209,138,0.09480503201,0.1351000965,1
209,146,0.08028903604,0.107177034,1
209,154,-0.04860320315,-0.06803221256,1
209,162,-0.008483933285,-0.01044272631,1
209,170,-0.1773928404,0.06631094962,1
217,10,0.1575390249,-0.04226342589,1
217,18,0.140991956,0.02667954937,1
217,26,0.09370279312,-0.004567559808,1
217,34,0.181617409,-0.01996418089,1
217,42,0.1714059114,-0.1521631777,1
217,50,0.06488683075,-0.04753033817,1
217,58,0.01246204041,0.09320108593,1
217,66,0.07026609778,-0.07840340585,1
217,74,0.03884969279,-0.05673062801,1
217,82,-0.04332527146,-0.04604305327,1
217,90,-0.03315011412,-0.05843825638,1
217,98,0.04273217544,0.05647946894,1
217,106,0.06749045849,0.05055775121,1
217,114,0.07369988412,0.05589680374,1
217,122,0.0346866101,0.01050969306,1
217,130,-0.04190360755,0.004568012431,1
217,138,-0.03230484948,0.07587017864,1
217,146,-0.06209550053,0.0646019727,1
217,154,-0.05050493032,-0.09230840206,1
217,162,-0.002684757113,0.08837768435,1
217,170,-0.2383636832,0.1216581315,1
225,10,0.1540113091,0.02632435039,1
225,18,0.2023716569,0.06861325353,1
225,26,0.1674548984,0.1147940829,1
225,34,0.3651899993,-0.04400650039,1
225,42,0.4146894813,-0.08125954866,1
225,50,0.1283527613,-0.04749889672,1
225,58,0.03225855157,0.1289145947,1
225,66,0.02875747159,-0.04025389999,1
225,74,0.05720616505,-0.09176059067,1
225,82,-0.07432191074,0.0001675784588,1
225,90,0.007679350674,0.04207763076,1
225,98,0.0293712467,0.116964519,1
225,106,0.02724460326,0.09976902604,1
225,114,0.04328875989,0.01324364729,1
225,122,0.03922802582,0.06461858004,1
225,130,0.04332019389,-0.1326388121,1
225,138,0.0584147945,-0.02524981648,1
225,146,0.1457258463,0.1408830583,1
225,154,0.1435242146,0.02346197516,1
225,162,-0.000644383952,0.1236301214,1
225,170,-0.1332453489,0.1468935609,1
233,10,0.1548036039,-0.1446899176,1
233,18,0.1327212751,-0.04332333058,1
233,26,0.01467761397,0.05589310825,1
233,34,0.1927953511,-0.04849458113,1
233,42,0.1371505409,-0.01782027632,1
233,50,-0.08504425734,0.07266843319,1
233,58,0.01079158485,0.1460918784,1
233,66,0.1470990479,0.02887496352,1
233,74,0.1698277742,-0.1214299276,1
233,82,0.05439107493,-0.0006375983357,1
233,90,0.09236627072,0.01898401789,1
233,98,0.1069893241,0.06476395577,1
233,106,0.06142919883,-0.08221161366,1
233,114,0.03751105815,-0.04573139548,1
233,122,0.05865740776,0.01512846258,1
233,130,0.120737657,-0.06406603009,1
233,138,0.1703328341,0.03781682998,1
233,146,0.07561296225,0.2063906789,1
233,154,-0.006497912109,0.1242092475,1
233,162,-0.02049237117,-0.01702318527,1
233,170,-0.1369390935,-0.08907892555,1
241,10,0.1628063023,-0.05769400299,1
241,18,0.2064985633,-0.06678363681,1
241,26,0.3618388772,0.03979606926,1
241,34,0.2794636786,-0.01523257047,1
241,42,0.02166874707,-0.09486733377,1
241,50,-0.08438527584,0.03832736611,1
241,58,0.1172875464,0.1791826636,1
241,66,0.1669306606,0.1511630714,1
241,74,0.1699870825,0.009997837245,1
241,82,0.0656298995,-0.05573479086,1
241,90,-0.1530119777,-0.02454975061,1
241,98,-0.1563165784,0.03735622391,1
241,106,0.059641473,-0.05472644418,1
241,114,0.1195518821,-0.03533859923,1
241,122,0.1484281123,-0.003771811724,1
241,130,0.1249260008,-0.002235151827,1
241,138,0.0625006184,0.08404427767,1
241,146,0.0659070909,0.09802013636,1
241,154,0.04881291091,0.08052508533,1
241,162,0.00853325054,-0.05317373201,1
241,170,-0.06949279457,-0.1582616717,1
249,10,0.02862260491,-0.04061600566,1
249,18,0.2155404389,-0.02183233202,1
249,26,0.2381266356,-0.05908723176,1
249,34,0.216049552,0.0228965655,1
249,42,0.02504583448,-0.09241640568,1
249,50,-0.143442601,0.0175331682,1
249,58,-0.005183909088,0.06050014496,1
249,66,0.0867074579,0.2014078796,1
249,74,0.1516809314,0.103002578,1
249,82,0.1162820011,0.01761977002,1
249,90,-0.03592566401,0.01420192793,1
249,98,-0.1418954432,0.08146104217,1
249,106,-0.0857077539,0.01547485963,1
249,114,0.1476136744,0.0001434199512,1
249,122,0.03638394922,0.1101408079,1
249,130,-0.0535091646,0.08127009869,1
249,138,-0.02185989544,0.07938302308,1
249,146,0.1384975165,0.2215592563,1
249,154,0.1084562093,0.1436975002,1
249,162,-0.009376868606,0.09230648726,1
249,170,-0.03171104193,-0.07064375281,1
257,10,0.004631482065,-0.05299891159,1
257,18,0.254062891,0.09013911337,1
257,26,0.2778134942,-0.1504144371,1
257,34,0.2913879156,-0.2140610814,1
257,42,0.03523699939,-0.1043178812,1
257,50,-0.1348977834,-0.003522478044,1
257,58,-0.08225642145,0.06395822018,1
257,66,-0.03755543381,0.1670022905,1
257,74,0.2478494942,0.183691442,1
257,82,0.1107572913,0.1651149839,1
257,90,-0.01102599688,0.1244333908,1
257,98,-0.01291009411,0.0126308864,1
257,106,0.02172370255,-0.04550459236,1
257,114,0.06326246262,0.07203131914,1
257,122,-0.1009685248,0.1948342621,1
257,130,-0.1246963888,0.1483388543,1
257,138,0.007856305689,0.08879830688,1
257,146,0.2631427646,0.2277758121,1
257,154,0.2124233842,0.1758566946,1
257,162,0.07259714603,0.1396306753,1
257,170,-0.009293686599,0.01248177886,1
265,10,0.1075507551,0.02675160766,1
265,18,0.2867606282,0.1661401391,1
265,26,0.2440683395,-0.06188682094,1
265,34,0.2536854148,-0.1294841617,1
265,42,0.1181600243,-0.1786275208,1
265,50,-0.03839224949,-0.07094662637,1
265,58,-0.1165564507,0.08049944043,1
265,66,-0.06573930383,0.007705226541,1
265,74,0.09841346741,0.1365343183,1
265,82,0.1166874543,0.1375552416,1
265,90,-0.02396652848,0.1486398578,1
265,98,-0.03204660118,0.01211175509,1
265,106,0.05317027122,-0.0585436821,1
265,114,0.04248474911,0.05272513255,1
265,122,-0.05979692563,0.1610159576,1
265,130,-0.09620533139,0.1128434315,1
265,138,-0.01146376878,0.09300166368,1
265,146,0.2049679756,0.139068082,1
265,154,0.1254902929,0.08466762304,1
265,162,0.06455852836,-0.005475640297,1
265,170,0.1976051927,0.0918391645,1
273,10,0.03484869003,-0.02983475849,1
273,18,0.1157546788,0.1052647382,1
273,26,0.1590488553,0.001259533688,1
273,34,0.02380315214,-0.1221868992,1
273,42,-0.1171602309,-0.2280482948,1
273,50,-0.1085543111,0.004221327603,1
273,58,-0.1533105224,-0.04316335544,1
273,66,-0.004008240998,-0.05981455371,1
273,74,0.0005298927426,0.01191969588,1
273,82,0.06608786434,0.06721206754,1
273,90,0.1263000965,0.0793492645,1
273,98,0.0568286851,0.02231119201,1
273,106,0.04272083938,-0.1806230396,1
273,114,-0.03578399122,-0.1771499813,1
273,122,0.002420198172,0.02131325006,1
273,130,-0.02790968493,0.05657163262,1
273,138,-0.1535114348,0.06909944117,1
273,146,-0.1349176466,0.07377466559,1
273,154,-0.1225550473,0.08912521601,1
273,162,0.04072293639,0.04952584952,1
273,170,0.261946559,0.1178860068,1
281,10,-0.01310865581,0.019113563,1
281,18,0.0619187206,0.1171696484,1
281,26,0.08472798765,-0.0003399960697,1
281,34,-0.08023111522,-0.08140090108,1
281,42,-0.109780997,-0.2216033638,1
281,50,-0.1174143702,-0.0940541774,1
281,58,-0.2187285125,-0.1195762306,1
281,66,-0.06949317455,-0.02096706443,1
281,74,-0.05422338843,-0.02439102903,1
281,82,0.01288666576,0.09476562589,1
281,90,0.2967470884,0.1126936823,1
281,98,-0.05975690112,0.07768974453,1
281,106,0.009528342634,-0.0252592843,1
281,114,-0.05470422283,-0.08513727784,1
281,122,-0.01605687663,-0.02300483733,1
281,130,0.04435532913,-0.04125146568,1
281,138,0.00610046275,0.05400148407,1
281,146,-0.01910482161,0.01862136647,1
281,154,-0.1052232012,0.1184476092,1
281,162,-0.06664246321,0.195012778,1
281,170,0.1442558169,0.1161184162,1
289,10,0.01524976268,0.03090177476,1
289,18,0.02587389201,0.03733926266,1
289,26,-0.04241356254,-0.07044827938,1
289,34,-0.1504258364,0.01346956566,1
289,42,-0.1520550251,-0.1368932128,1
289,50,-0.1647791862,-0.2205176204,1
289,58,-0.2456826121,-0.1131652072,1
289,66,-0.2364285588,0.007567111403,1
289,74,-0.1835117191,-0.09673196822,1
289,82,0.06161893159,0.02693089843,1
289,90,0.1129857898,-0.1442130059,1
289,98,-0.1692942828,0.1106986403,1
289,106,-0.09749785811,0.08523163944,1
289,114,0.003743063658,-0.05155655742,1
289,122,0.06878793985,-0.1189477891,1
289,130,0.07106580585,-0.1948156953,1
289,138,0.01066002809,-0.04325017333,1
289,146,-0.03831219673,0.05671332777,1
289,154,-0.08292926848,0.02699966729,1
289,162,-0.1432576776,0.2023735791,1
289,170,0.09482169896,0.1440431178,1
297,10,0.04886083677,0.04447447509,1
297,18,-0.02491045929,-0.01314610336,1
297,26,0.00141691789,-0.05648923665,1
297,34,-0.04402092844,-0.06118857861,1
297,42,-0.09777162224,-0.08194307983,1
297,50,-0.1369167864,-0.1165678799,1
297,58,-0.3101246953,0.002011686563,1
297,66,-0.4238618612,0.05805596337,1
297,74,-0.03270108998,-0.1181480289,1
297,82,0.1194629595,-0.1856189817,1
297,90,0.04578496516,-0.1293062419,1
297,98,-0.02425879985,0.1026839912,1
297,106,-0.08072975278,0.1135798246,1
297,114,0.01992765069,-0.08210543543,1
297,122,0.05533637851,-0.07508343458,1
297,130,-0.02268740907,-0.03127277642,1
297,138,-0.1043533683,0.02391739935,1
297,146,-0.095087111,0.1163842827,1
297,154,-0.0302059222,-0.02842896059,1
297,162,0.02176979929,0.06242413074,1
297,170,0.08282525837,0.07754724473,1
305,10,0.02751381695,0.07565433532,1
305,18,-0.1994721591,-0.0006443616003,1
305,26,-0.2100960016,0.03083127178,1
305,34,-0.1513562799,0.04960453883,1
305,42,-0.1675507575,0.01819895953,1
305,50,-0.1235334501,-0.05938763171,1
305,58,-0.05616785586,0.02629953623,1
305,66,-0.01254076511,-0.02888345346,1
305,74,0.09342069924,-0.1137600467,1
305,82,0.1302021146,-0.1307088733,1
305,90,-0.1055982336,-0.02259426564,1
305,98,-0.06025257707,0.1359724998,1
305,106,0.1120598018,0.09738818556,1
305,114,0.05799711496,-0.09802083671,1
305,122,-0.05401763692,0.01287904754,1
305,130,-0.1408285201,0.1089113057,1
305,138,-0.05723132938,0.1964200735,1
305,146,0.03096492216,0.2003733814,1
305,154,0.01237773523,0.04083897918,1
305,162,-0.0321518518,0.0113368649,1
305,170,0.03178317845,-0.03930846602,1
313,10,0.1070020795,0.04602918029,1
313,18,-0.001876885071,0.008503865451,1
313,26,-0.1407793313,0.05091034621,1
313,34,-0.09163272381,0.1801305413,1
313,42,0.03870815039,0.08183452487,1
313,50,0.06691811979,-0.01343534142,1
313,58,-0.008031457663,-0.0650799796,1
313,66,0.1007966027,-0.01593490876,1
313,74,0.1987731159,-0.01868112013,1
313,82,0.03195058554,-0.07871499658,1
313,90,-0.1262351274,-0.06333070248,1
313,98,-0.02308018878,0.08801544458,1
313,106,0.07103614509,0.124481827,1
313,114,0.100762926,-0.07304488868,1
313,122,-0.02232721262,-0.0005511008203,1
313,130,-0.08221265674,0.1038225815,1
313,138,0.1741026342,0.2767375112,1
313,146,0.1013871059,0.307875365,1
313,154,0.003811046481,0.1393846273,1
313,162,-0.02022854984,0.09038981795,1
313,170,0.008300552145,-0.02159914933,1
321,10,0.1139956191,0.01115991175,1
321,18,0.06408791244,0.06676544994,1
321,26,-0.08431515098,0.166944176,1
321,34,-0.1491256654,0.2581468821,1
321,42,-0.03818814456,0.08937079459,1
321,50,0.1547235548,-0.04640428722,1
321,58,0.05309315026,0.01423708908,1
321,66,0.1371998191,0.0761058107,1
321,74,0.1008614898,0.04344742745,1
321,82,0.1089512557,-0.01822866499,1
321,90,0.1420234442,0.01173575222,1
321,98,0.06763824821,0.04123357683,1
321,106,0.07635978609,0.08368367702,1
321,114,0.03612326831,0.01342356205,1
321,122,-0.01496990398,0.04159320518,1
321,130,-0.1571856141,0.123833105,1
321,138,0.01684559509,0.1875768602,1
321,146,0.1043658033,0.2651433349,1
321,154,0.1180142313,0.1793549657,1
321,162,0.1007588655,0.05790100992,1
321,170,0.06647774577,-0.01688413322,1
329,10,-0.06443723291,0.04386232793,1
329,18,0.0140772881,0.1516154706,1
329,26,0.03620864823,0.2414884567,1
329,34,-0.09988479316,0.1511872411,1
329,42,-0.2701754868,0.1241975427,1
329,50,-0.09576264024,-0.01817885786,1
329,58,0.05033259094,-0.01585341245,1
329,66,0.1021470129,-0.03934818134,1
329,74,0.1168266237,-0.1120662317,1
329,82,0.06475283951,0.1031943932,1
329,90,-0.06252101064,0.01137843542,1
329,98,0.03922129422,-0.02702960372,1
329,106,0.1340985447,-0.04431633279,1
329,114,-0.02497185022,0.03082309291,1
329,122,0.0101495795,0.1028408557,1
329,130,0.07770572603,0.09333580732,1
329,138,0.03921953589,0.1116695926,1
329,146,0.02860189974,0.1620626152,1
329,154,0.1754396558,0.06638194621,1
329,162,0.1605681479,0.06421349198,1
329,170,-0.08181838691,0.1253964007,1
337,10,-0.05700096488,0.1399570405,1
337,18,0.03221170604,0.1449954361,1
337,26,0.09882760048,0.1088724732,1
337,34,-0.002090968192,0.07654240727,1
337,42,0.1260746419,0.08288966864,1
337,50,0.1926815659,0.04795531929,1
337,58,-0.001089818776,-0.108897686,1
337,66,-0.005657792091,-0.07093054056,1
337,74,-0.009213201702,-0.1260916591,1
337,82,-0.1059345752,0.003969050944,1
337,90,-0.1286631823,-0.08682881296,1
337,98,0.03185455129,0.02137571573,1
337,106,0.08835919201,0.1013559103,1
337,114,-0.04970566928,0.03841292486,1
337,122,-0.01745301485,0.005931455642,1
337,130,0.03261781111,-0.007680699229,1
337,138,0.08684130758,0.004655279219,1
337,146,0.03256746754,0.03128437698,1
337,154,-0.05100778118,0.09396246076,1
337,162,0.09319275618,0.05344509333,1
337,170,0.01349363104,0.1317768991,1
345,10,-0.08641950786,0.06459012628,1
345,18,-0.1765674055,0.06629918516,1
345,26,-0.02419866994,-0.08229929209,1
345,34,-0.02346003428,0.02960088104,1
345,42,0.1300014704,0.02572323382,1
345,50,0.1494781524,0.0001100748777,1
345,58,0.00759191066,0.0434327051,1
345,66,0.003532325849,0.02322925813,1
345,74,0.02811548114,0.06288842857,1
345,82,-0.01997729763,0.0006923610345,1
345,90,-0.03216190264,0.01767925546,1
345,98,0.03724127263,-0.001065395772,1
345,106,-0.0170853436,0.159003526,1
345,114,-0.1499103308,0.1411094218,1
345,122,-0.09974646568,0.06192280352,1
345,130,0.00352741126,0.03427766636,1
345,138,-0.02373836935,0.01274766028,1
345,146,-0.1038630456,-0.03789523244,1
345,154,-0.1228304207,0.2897078097,1
345,162,-0.01242068317,0.01550737768,1
345,170,-0.004922546446,0.02076020092,1
353,10,0.1166149229,0.01842561364,1
353,18,0.07013636827,0.08445944637,1
353,26,0.07446110994,-0.09214879572,1
353,34,0.08572083712,-0.1156068146,1
353,42,0.08468729258,0.003910927102,1
353,50,-0.02596988529,0.01998958737,1
353,58,-0.05107712373,0.0909897238,1
353,66,0.02730001695,-0.06694301963,1
353,74,0.2260899246,-0.03875916079,1
353,82,0.1075061262,0.01880569011,1
353,90,-0.002872394398,0.08693702519,1
353,98,0.02482312731,-0.05427896976,1
353,106,0.0636331141,0.03808356822,1
353,114,-0.08128172159,0.1169510484,1
353,122,-0.1002297029,0.1532935649,1
353,130,-0.03875705227,0.1392273903,1
353,138,0.01227493212,0.07638199627,1
353,146,0.08636184037,0.06328195333,1
353,154,0.08105910569,0.1854818463,1
353,162,0.05768807232,0.1025966257,1
353,170,-0.09082306176,0.09231193364,1
361,10,0.2423396856,0.1525117308,1
361,18,0.1858037561,0.08315306902,1
361,26,-0.01204246003,0.011851063,1
361,34,-0.08196058124,-0.1521860808,1
361,42,-0.08870712668,0.0248880703,1
361,50,-0.160182327,0.06888846308,1
361,58,-0.01885581575,-0.05656660348,1
361,66,0.06591170281,-0.1316586435,1
361,74,0.05899851024,-0.09702741355,1
361,82,0.05654033273,0.03878487274,1
361,90,0.0838952437,0.2831552327,1
361,98,0.02473923564,0.03889335692,1
361,106,-0.01309318282,-0.1938116699,1
361,114,-0.01773244701,-0.0009210444987,1
361,122,-0.005766194314,0.1412739009,1
361,130,0.02227631584,0.1167570576,1
361,138,-0.04145567492,0.08636981994,1
361,146,-0.01760860533,0.1271946728,1
361,154,0.1247825921,0.1187026501,1
361,162,0.04923702776,0.09895700216,1
361,170,-0.06424283981,0.03630261123,1
369,10,0.3773030639,0.1454418898,1
369,18,0.08272476494,0.06402666122,1
369,26,-0.06944179535,0.1765798777,1
369,34,-0.01854894497,-0.04620369896,1
369,42,0.08483409137,0.136405468,1
369,50,0.003891564906,0.1575225741,1
369,58,-0.01978214458,-0.09271787107,1
369,66,0.0640662089,-0.1800283343,1
369,74,0.01587544382,0.005792148411,1
369,82,-0.02186252922,0.06833239645,1
369,90,0.06716996431,0.2019989789,1
369,98,0.05071538687,0.1285264492,1
369,106,-0.0672159791,-0.1105966344,1
369,114,-0.007721607108,0.01941692457,1
369,122,0.08448281884,0.08544503152,1
369,130,0.07282987982,0.06657340378,1
369,138,-0.00440133363,0.05177871883,1
369,146,0.03272924572,0.1374952793,1
369,154,0.1345925629,0.1195646897,1
369,162,0.1171801537,0.08651594818,1
369,170,0.04838620871,-0.06862898171,1
377,10,0.355966568,0.09468655288,1
377,18,0.1760332584,0.004907857627,1
377,26,-0.0113135241,0.07068353146,1
377,34,-0.0375636518,-0.1366060376,1
377,42,0.08375369757,0.01151025016,1
377,50,0.03329370171,0.03754171729,1
377,58,0.04390671849,-0.09357078373,1
377,66,0.07514259219,-0.1079432294,1
377,74,-0.07541061193,0.09327750653,1
377,82,0.006930585951,-0.03544272855,1
377,90,-0.1068460941,0.07701992989,1
377,98,-0.1588470787,0.1714892536,1
377,106,-0.06810391694,-0.01003941894,1
377,114,-0.04386730492,0.09667827934,1
377,122,0.0372290723,0.04940471053,1
377,130,0.06351433694,0.1102582216,1
377,138,0.1255725771,0.0854729563,1
377,146,0.1342739165,0.1182821617,1
377,154,0.1257167459,0.1036337987,1
377,162,0.04262133688,0.08562289923,1
377,170,0.0204121843,0.1160253584,1
385,10,0.1788842082,0.1007634923,1
385,18,0.1699941158,-0.02818319201,1
385,26,0.1867904961,0.02104395255,1
385,34,0.1397497356,-0.09048390388,1
385,42,0.07983676344,-0.1177846491,1
385,50,0.06220319867,-0.06098476797,1
385,58,0.1639593691,0.02285050601,1
385,66,0.1567544341,0.007373955101,1
385,74,-0.01958811283,0.05689331144,1
385,82,0.02636243403,-0.01069288328,1
385,90,0.0346031785,0.02113965526,1
385,98,-0.05339962617,0.2640891671,1
385,106,-0.06739744544,0.07239386439,1
385,114,-0.2366289943,0.01064403728,1
385,122,-0.1398117989,-0.09546409547,1
385,130,0.02671051398,0.1344208121,1
385,138,0.06226995587,0.1055976823,1
385,146,0.1064586788,-0.05906192958,1
385,154,0.1425397992,0.05790985376,1
385,162,0.1315033883,0.06625979394,1
385,170,0.1358228028,0.2485318184,1
393,10,0.1308001429,0.01206117868,1
393,18,0.0991891399,-0.003416132182,1
393,26,0.1164141893,0.08542133868,1
393,34,0.06839702278,-0.09333828837,1
393,42,0.008815456182,-0.0876923725,1
393,50,0.02319143713,-0.0506959632,1
393,58,0.1090912074,0.0006181392819,1
393,66,0.04905136675,-0.07238903642,1
393,74,-0.01250297576,-0.03378042206,1
393,82,-0.04526298493,-0.01029751077,1
393,90,0.03728066385,-0.03058702499,1
393,98,0.120375514,0.1374429762,1
393,106,0.09829649329,0.08350538462,1
393,114,-0.1704595387,0.04722465575,1
393,122,-0.1442386806,-0.01172485203,1
393,130,-0.0143359974,0.137360394,1
393,138,0.03160841763,0.1239636168,1
393,146,0.1238290742,-0.08386840671,1
393,154,0.318652302,0.05622567981,1
393,162,0.2300674021,0.2049037963,1
393,170,0.006700176746,0.1558862925,1
401,10,0.06382222474,-0.09778872132,1
401,18,0.2185017616,-0.1599012166,1
401,26,0.1615435332,0.02772512287,1
401,34,0.09511516988,-0.0947560519,1
401,42,0.03314613551,-0.1514649093,1
401,50,-0.0950383395,-0.1618310362,1
401,58,-0.03372520953,-0.133258611,1
401,66,0.08110630512,0.0422145687,1
401,74,0.1105635911,-0.02921656892,1
401,82,0.1795544326,0.05801281333,1
401,90,0.2617217898,0.07388330996,1
401,98,0.258079201,0.1041662171,1
401,106,0.1019600332,0.04857993126,1
401,114,-0.04452938214,0.04208430648,1
401,122,0.02288642712,-0.03838110343,1
401,130,0.1801987141,-0.08502721786,1
401,138,0.264726907,0.08204524219,1
401,146,0.08325704932,0.0230913423,1
401,154,0.1880014539,0.03112851456,1
401,162,0.09311701357,0.1931003928,1
401,170,0.04228046536,0.07134966552,1
409,10,0.09663029015,-0.001955326647,1
409,18,0.3311342597,-0.1487960815,1
409,26,0.2688419223,0.07378163934,1
409,34,0.1871235669,0.0699776113,1
409,42,0.04230162501,-0.0698024258,1
409,50,-0.09984250367,-0.0538960658,1
409,58,-0.1622613519,-0.04034908861,1
409,66,-0.06606954336,0.1737017035,1
409,74,0.06440210342,0.09074512869,1
409,82,0.08916167915,0.1808375418,1
409,90,0.11858318,0.061998263,1
409,98,0.1768563986,0.2062474191,1
409,106,0.05330757052,0.1679682881,1
409,114,0.02484337986,-0.03794824332,1
409,122,0.1590216458,-0.1077095345,1
409,130,0.1503523737,-0.07419705391,1
409,138,0.12825194,0.09002775699,1
409,146,-0.035557881,0.09397503734,1
409,154,0.1007967144,0.0273425132,1
409,162,0.1004367471,0.03716193885,1
409,170,0.1454303116,-0.08421604335,1
417,10,0.06287287176,0.1926796436,1
417,18,0.2219048887,0.08867779374,1
417,26,0.3510486186,0.07324515283,1
417,34,0.2292050421,0.191929847,1
417,42,0.1054069549,0.3577145934,1
417,50,-0.03169642761,0.2880327106,1
417,58,-0.1045455635,0.04078819975,1
417,66,-0.1769829988,-0.05155286193,1
417,74,-0.1341635138,0.05006608367,1
417,82,-0.221477896,0.0276927352,1
417,90,-0.259144485,0.06192983687,1
417,98,-0.1485236883,0.1679709107,1
417,106,-0.02919500321,0.1265164018,1
417,114,0.1602208316,-0.09824235737,1
417,122,0.2899634242,0.01342798769,1
417,130,0.1982705742,0.1202533841,1
417,138,-0.002094805241,0.1598478556,1
417,146,-0.09356867522,0.1621876061,1
417,154,0.02667711675,0.04770836234,1
417,162,0.262645781,-0.1085498035,1
417,170,0.5231765509,-0.3361940384,1
