PIVlab, ASCII chart output - 02-Aug-2025
FRAME: 245, filenames: A:[245]FullStack_Pos0035_TgUtrmcherry_K4K8MO-1.avi & B:[246]FullStack_Pos0035_TgUtrmcherry_K4K8MO-1.avi, conversion factor xy (px -> m): 1, conversion factor uv (px/frame -> m/s): 1
x [px],y [px],u [px/frame],v [px/frame],Vector type [-]
9,10,-0.02373385429,-0.2971503735,1
9,18,-0.1024000049,-0.04628300667,1
9,26,-0.03315615654,0.09098610282,1
9,34,0.04789175838,0.03045215458,1
9,42,0.1155891269,0.06003477424,1
9,50,0.01883757114,0.03505396098,1
9,58,-0.01076329499,-0.07758526504,1
9,66,-0.04116639495,-0.02614341304,1
9,74,-0.1276540756,0.00907128863,1
9,82,-0.0458073616,-0.01720291004,1
9,90,0.05519976467,0.00924244523,1
9,98,0.09111665189,0.06760157645,1
9,106,0.02973417006,0.05529513955,1
9,114,-0.02420566976,0.1123580709,1
9,122,0.07112756371,-0.01552402228,1
9,130,0.01616330445,-0.0270094499,1
9,138,-0.1674241424,0.03515055031,1
9,146,-0.2536103427,-0.01729799807,1
9,154,-0.3035674989,0.07055921853,1
9,162,-0.1795530766,0.1125058085,1
9,170,0.5049811602,0.182310164,1
17,10,-0.04722497612,-0.1851726472,1
17,18,-0.0730259046,0.06245835871,1
17,26,-0.02877922356,0.05520304292,1
17,34,0.09270364046,-0.00336298719,1
17,42,0.1726795137,0.09361552447,1
17,50,0.06742668152,0.02942861617,1
17,58,0.0921613127,-0.1503842026,1
17,66,-0.01213876158,-0.07535147667,1
17,74,-0.1341830939,-0.09069793671,1
17,82,-0.02655281872,-0.06042435393,1
17,90,-0.009400039911,0.03185679764,1
17,98,0.01312199328,0.09948412329,1
17,106,0.0107802134,0.05745560676,1
17,114,-0.0022490751,0.07954067737,1
17,122,0.000926528126,0.1360512674,1
17,130,-0.05781080574,0.08346265554,1
17,138,-0.1010848582,0.03925111517,1
17,146,-0.1528657824,-0.03263275325,1
17,154,-0.2063733637,0.06268140674,1
17,162,-0.04561497644,0.07067734748,1
17,170,0.2457926869,0.2666525245,1
25,10,-0.02104251459,-0.009592995048,1
25,18,-0.180039078,0.03589347377,1
25,26,-0.308237195,0.01859250478,1
25,34,-0.007890131325,0.04428042471,1
25,42,0.05079680681,0.004896896891,1
25,50,0.02669211477,0.009315746836,1
25,58,-0.01267798617,-0.02640529163,1
25,66,-0.03575469181,-0.03706096858,1
25,74,-0.05423505604,-0.2217204571,1
25,82,-0.00535205286,-0.1040929779,1
25,90,-0.01821278036,0.09389208257,1
25,98,-0.02942197025,0.1473454833,1
25,106,-0.01048874017,0.1436046511,1
25,114,0.03830729797,0.1294847131,1
25,122,-0.02189528942,0.1731185019,1
25,130,-0.06622149795,0.09378288686,1
25,138,-0.07609606534,0.03676658124,1
25,146,-0.03677284718,0.03569056839,1
25,154,-0.01543844491,0.01456027851,1
25,162,-0.03472958133,0.06127484888,1
25,170,0.1085480899,0.1298508793,1
33,10,0.1137593612,0.305138886,1
33,18,-0.01671989821,0.2685064971,1
33,26,-0.02320506796,0.139142856,1
33,34,0.1468959302,0.05934090912,1
33,42,0.1469928473,-0.03312189877,1
33,50,0.07929551601,0.0115756169,1
33,58,-0.04335543513,0.02337694913,1
33,66,-0.1191335842,-0.01547696814,1
33,74,-0.04227183759,-0.1806626022,1
33,82,0.09230839461,-0.1112545952,1
33,90,0.1033741981,0.08917033672,1
33,98,0.02339633554,0.146146208,1
33,106,-0.01912731119,0.1444754899,1
33,114,-0.05245573074,0.1072448939,1
33,122,-0.1218828335,0.09437631816,1
33,130,-0.1314779371,0.03957615793,1
33,138,-0.08425641805,0.1059180945,1
33,146,-0.002239242196,0.01289950311,1
33,154,0.08641417325,-0.03073884733,1
33,162,0.02945416421,0.04440823197,1
33,170,0.07926177979,0.01703638583,1
41,10,0.06476709992,0.1774612516,1
41,18,0.05819887295,0.2058899701,1
41,26,0.08979767561,0.1765794903,1
41,34,0.07991954684,0.1501709521,1
41,42,0.03237273544,0.04640962183,1
41,50,-0.09694707394,0.04700459167,1
41,58,-0.04758090526,0.06010794267,1
41,66,-0.04591937736,-0.0194619298,1
41,74,-0.01612869464,-0.2100106329,1
41,82,0.07583957911,-0.1088454723,1
41,90,0.06279654801,0.05336883664,1
41,98,0.05393911898,0.1437437832,1
41,106,0.07487644255,0.1178577989,1
41,114,-0.003892678767,0.002553999424,1
41,122,-0.08431619406,0.005867958069,1
41,130,-0.1443599015,0.003621783108,1
41,138,-0.1071287617,0.04790541902,1
41,146,0.01726608537,-0.07057344168,1
41,154,0.1413465589,-0.06170770898,1
41,162,0.03529294208,-0.04623602331,1
41,170,0.001059103757,-0.102540575,1
49,10,-0.06975919008,-0.01131244749,1
49,18,0.04430949688,-0.004289563745,1
49,26,0.04834464937,0.1035184115,1
49,34,-0.1386936754,0.1879423708,1
49,42,-0.3267873228,0.2125827074,1
49,50,-0.3024882376,0.07723806053,1
49,58,-0.1203378886,0.02351892367,1
49,66,0.04438231513,-0.117229268,1
49,74,-0.01059186459,-0.13673006,1
49,82,0.07277068496,0.002592394128,1
49,90,0.04314451292,0.1110177338,1
49,98,0.04891010746,0.1966311932,1
49,106,0.03613698483,0.1498911977,1
49,114,-0.05614985526,0.1120381877,1
49,122,-0.06265192479,0.0594073087,1
49,130,-0.0481717661,-0.04530028626,1
49,138,-0.0341414772,-0.1053483263,1
49,146,0.01239511371,-0.1750222445,1
49,154,0.1304951608,-0.058433339,1
49,162,0.07055386156,-0.03331434354,1
49,170,-0.001447118819,-0.1507467479,1
57,10,0.06400614977,-0.008135350421,1
57,18,0.09737954289,0.006708625704,1
57,26,-0.03369253129,0.01419395208,1
57,34,-0.08993963897,0.0875191763,1
57,42,-0.0891533047,0.3048114479,1
57,50,-0.1165946648,0.116075553,1
57,58,-0.1733312309,-0.0141364336,1
57,66,-0.09619292617,-0.04555975646,1
57,74,-0.007978838868,0.03246524185,1
57,82,0.06765072048,0.06464990228,1
57,90,0.08692210913,0.2038922459,1
57,98,-0.02911762521,0.2790613174,1
57,106,-0.02245919965,0.1597265303,1
57,114,-0.009187075309,0.2585346401,1
57,122,-0.05029666051,0.1061378717,1
57,130,0.01313673798,-0.0388542749,1
57,138,0.05752900243,-0.01962392218,1
57,146,-0.007761016488,-0.1378121823,1
57,154,0.007116481662,-0.04824467003,1
57,162,0.02165034041,0.1400493681,1
57,170,-0.01517343894,0.07883059978,1
65,10,0.2015414536,-0.00363701582,1
65,18,0.0625115782,0.08789248765,1
65,26,-0.08495001495,0.05314987153,1
65,34,-0.0009344220161,0.03226221353,1
65,42,0.1575890183,0.1563405991,1
65,50,0.07567480206,0.1569694579,1
65,58,-0.03312936425,0.1327116787,1
65,66,-0.07365714014,0.1158917546,1
65,74,-0.01161292568,0.0384516716,1
65,82,0.04370267689,0.0770791173,1
65,90,0.04159083962,0.2579802275,1
65,98,-0.01785909384,0.2556280196,1
65,106,-0.02871216647,0.2333440185,1
65,114,-0.1156792194,0.2300796211,1
65,122,-0.1506928355,0.1088331118,1
65,130,-0.00185043551,0.1177396625,1
65,138,0.08544169366,0.06020634994,1
65,146,-0.009957450442,-0.02031728812,1
65,154,-0.04351712018,-0.133641839,1
65,162,-0.07466925681,0.0004277601838,1
65,170,-0.0009996704757,0.0182782542,1
73,10,0.2061649263,0.00532162562,1
73,18,0.03239979595,0.09101185948,1
73,26,-0.08381547779,0.07468032837,1
73,34,-0.1025746018,0.08544250578,1
73,42,-0.03352042288,0.06540689617,1
73,50,0.01211789623,0.01240424812,1
73,58,-0.01943361014,-0.0381821245,1
73,66,0.01559582353,0.1493645608,1
73,74,0.1301568896,0.04248084128,1
73,82,0.1799586713,0.09323967993,1
73,90,0.1397871673,0.1623970419,1
73,98,0.0912469551,0.183727175,1
73,106,0.03042101115,0.2781665921,1
73,114,-0.003593308851,0.05165028572,1
73,122,-0.02073409036,0.07001892477,1
73,130,0.006619758904,0.1755108535,1
73,138,0.03037816659,0.07063923776,1
73,146,-0.002535952255,-0.007359810174,1
73,154,-0.03946635872,-0.06413277239,1
73,162,0.01674830914,-0.03091093525,1
73,170,0.04692647606,0.03329636902,1
81,10,0.203196317,-0.05076051503,1
81,18,0.04313774407,0.02797840163,1
81,26,0.01575991139,0.03860789537,1
81,34,-0.2251444459,0.09006214887,1
81,42,-0.230760619,0.07883293927,1
81,50,0.09254351258,-0.01913067885,1
81,58,0.05186040699,-0.01753025316,1
81,66,0.08977660537,-0.004587055184,1
81,74,0.162359044,0.03856038302,1
81,82,0.1815341711,0.06844547391,1
81,90,0.07100953162,0.05664497614,1
81,98,-0.01165478677,0.1859515905,1
81,106,0.05392519757,0.3136432469,1
81,114,0.2081408352,0.00691191107,1
81,122,0.182743609,0.05418100953,1
81,130,0.07537544519,0.1347671747,1
81,138,-0.05063740164,0.04303070903,1
81,146,-0.1278170049,-0.08905952424,1
81,154,-0.1024940312,0.01309783198,1
81,162,-0.05005897209,0.03684105724,1
81,170,0.01849836111,0.06262630224,1
89,10,0.1764690578,-0.1714774519,1
89,18,0.03967978805,-0.06496877968,1
89,26,-0.1345900893,0.04863100499,1
89,34,-0.1985738277,0.1099534854,1
89,42,-0.2837910354,0.007366038859,1
89,50,-0.0202726759,0.05591757596,1
89,58,0.2327018529,0.04582829028,1
89,66,0.2031785548,-0.1464218497,1
89,74,0.1685761213,-0.1160211563,1
89,82,-0.05915268138,0.0009428383783,1
89,90,-0.1505359709,0.03923861682,1
89,98,-0.0361170359,0.069699049,1
89,106,0.04494254291,0.1170775294,1
89,114,0.1052900329,0.07525405288,1
89,122,0.1112447232,0.09547362477,1
89,130,-0.001310959458,0.1044995189,1
89,138,0.004307560623,0.01027566474,1
89,146,-0.05901740864,-0.08172522485,1
89,154,-0.05764666572,0.05165037513,1
89,162,0.02251594886,0.03075463325,1
89,170,0.1588262469,-0.01153659075,1
97,10,-0.01868795604,-0.1213453561,1
97,18,-0.03960356489,-0.09931340814,1
97,26,-0.05052624643,0.0189089831,1
97,34,-0.09371468425,0.09734545648,1
97,42,-0.140457958,0.02032528073,1
97,50,-0.07233017683,0.01397459954,1
97,58,0.04937916249,0.01253253967,1
97,66,0.1285189241,-0.1505048722,1
97,74,0.0908292681,-0.121747531,1
97,82,0.009532146156,0.04682440683,1
97,90,0.02398975194,0.03319301456,1
97,98,0.01634327695,0.04884585738,1
97,106,0.03779932112,0.06298611313,1
97,114,0.1587107778,0.08006266505,1
97,122,0.1347907484,-0.01873672754,1
97,130,0.09822466969,-0.01342148334,1
97,138,0.0995554328,-0.1077501327,1
97,146,0.01564242691,-0.04792286456,1
97,154,-0.01880323887,0.1983265579,1
97,162,0.002785308287,0.1765747964,1
97,170,0.1078336835,-0.03413801268,1
105,10,-0.06905774772,0.0530526638,1
105,18,0.01216727495,0.07295148075,1
105,26,0.1765836328,0.03058860824,1
105,34,-0.07484826446,0.05170949548,1
105,42,-0.04166508466,0.09783210605,1
105,50,0.0421320796,0.07825213671,1
105,58,-0.1266656071,0.01470556483,1
105,66,-0.1098893583,-0.04334662855,1
105,74,0.06408169121,0.03995476663,1
105,82,0.009315188974,0.05591960996,1
105,90,0.04978528619,0.06132308766,1
105,98,-0.0013480708,-0.0412386395,1
105,106,0.03190449625,0.08381901681,1
105,114,0.2191857994,0.130743742,1
105,122,0.3053136468,-0.05841665715,1
105,130,0.1418257654,-0.04060184583,1
105,138,0.0985538736,-0.1697809696,1
105,146,0.09193765372,0.04247057438,1
105,154,0.06613263488,0.1622160077,1
105,162,-0.03273343295,0.2049013376,1
105,170,-0.1326802075,-0.04718840495,1
113,10,-0.09209884703,-0.1120406538,1
113,18,-0.05324943736,0.006351891905,1
113,26,0.003219880164,0.06030160189,1
113,34,-0.08715898544,0.08971375227,1
113,42,0.03229361027,0.1215197369,1
113,50,0.2422765493,0.06045006216,1
113,58,0.01208299026,0.1039035469,1
113,66,0.04049393535,0.1205733344,1
113,74,-0.05210694671,0.05222874135,1
113,82,-0.05856756121,0.02161193639,1
113,90,0.06220756099,-0.02326562442,1
113,98,-0.05636093765,-0.05803513899,1
113,106,0.0312262848,0.1085439771,1
113,114,0.1658706367,0.1567254663,1
113,122,0.01278939471,-0.02601593733,1
113,130,-0.130158335,-0.0283882916,1
113,138,-0.3516090512,0.08545298874,1
113,146,-0.1202158779,0.1377430111,1
113,154,-0.03610466421,0.07164325565,1
113,162,-0.04602273181,0.04088552296,1
113,170,-0.1913457513,-0.01728911698,1
121,10,-0.02754287422,-0.1239096075,1
121,18,-0.005000855774,-0.01974460669,1
121,26,0.02256644145,0.149568975,1
121,34,-0.04212585092,0.1330369711,1
121,42,-0.02784605883,0.1589886099,1
121,50,-0.01955854334,0.16850546,1
121,58,-0.05488613993,0.164549619,1
121,66,-0.006734222174,0.1341727525,1
121,74,-0.1557317078,0.01996737719,1
121,82,-0.1075914204,0.151453644,1
121,90,0.02538003214,0.09708601236,1
121,98,-0.0361289233,0.07572893798,1
121,106,-0.1289799809,0.06049668789,1
121,114,-0.1091983914,0.03823739663,1
121,122,0.03694713116,0.008769668639,1
121,130,0.0427615419,-0.003266356885,1
121,138,-0.2135506719,0.1833193004,1
121,146,-0.04486420751,0.142151162,1
121,154,0.05218223855,0.06400030106,1
121,162,-0.06655672938,0.07823264599,1
121,170,-0.031331487,0.0248626247,1
129,10,-0.008748859167,-0.07111354172,1
129,18,-0.131234616,0.06413589418,1
129,26,-0.1943117678,0.1660279036,1
129,34,-0.07845692337,0.06506488472,1
129,42,-0.140787378,0.1725484282,1
129,50,-0.1271447539,0.2663877606,1
129,58,-0.123926647,0.1853271276,1
129,66,-0.1388106346,0.2576241195,1
129,74,-0.09236262739,0.1513226479,1
129,82,-0.1202555895,0.2530999482,1
129,90,-0.06408131123,0.1922572851,1
129,98,-0.113889046,0.09206174314,1
129,106,-0.1922890842,-0.08339039236,1
129,114,0.001889434643,-0.1069842577,1
129,122,0.1836601794,0.1309237033,1
129,130,0.2505835891,0.05100356415,1
129,138,-0.002553679049,0.3008411229,1
129,146,0.02259398252,0.1079930365,1
129,154,0.04273549467,0.09122950584,1
129,162,-0.03204369545,0.1739014089,1
129,170,0.0900452584,-0.006963923573,1
137,10,-0.1104833931,0.008024206385,1
137,18,-0.2216127515,-0.04857536405,1
137,26,-0.1696497649,0.01888290979,1
137,34,-0.009905830026,0.09783582389,1
137,42,-0.0008192807436,0.1189121157,1
137,50,-0.04251487553,0.1610530615,1
137,58,0.002507569268,0.2295883894,1
137,66,-0.01070195995,0.3206045032,1
137,74,-0.01192165166,0.2082816958,1
137,82,-0.03413385525,0.2860190868,1
137,90,-0.06701986492,0.159915641,1
137,98,-0.2425070703,-0.0851893723,1
137,106,-0.3187426627,-0.187728852,1
137,114,0.09124538302,-0.1811778843,1
137,122,0.2607169747,0.004778333008,1
137,130,0.303663969,0.003376789391,1
137,138,0.1256401539,0.07164186239,1
137,146,0.02122507244,0.1238363013,1
137,154,0.03034391999,0.1639372259,1
137,162,0.1226055548,0.0908401981,1
137,170,0.2441803813,-0.1021340191,1
145,10,-0.04458902776,0.05294139683,1
145,18,-0.1825476587,-0.1039084047,1
145,26,-0.1762780845,-0.09864146262,1
145,34,-0.15543437,0.07003349066,1
145,42,-0.09774555266,-0.006098043174,1
145,50,0.01216332987,-0.02440849692,1
145,58,0.07105565816,0.1103916019,1
145,66,0.2775765359,0.1658899486,1
145,74,0.2444119453,0.1346329451,1
145,82,-0.1224206388,0.2715870142,1
145,90,-0.1315379143,0.1723157018,1
145,98,-0.1373869926,-0.2101773173,1
145,106,-0.1603773832,-0.214079082,1
145,114,0.0839317441,-0.04265735298,1
145,122,0.1492869854,-0.08113342524,1
145,130,0.0715392828,-0.04070730507,1
145,138,0.08233106136,0.009515024722,1
145,146,0.1493022442,0.2020515651,1
145,154,0.09457573295,0.1590100378,1
145,162,0.09546659887,-0.07577943802,1
145,170,0.2686572075,-0.0813209638,1
153,10,0.1493815482,0.1324625313,1
153,18,0.06146308035,-0.06973715872,1
153,26,-0.08387462795,0.05438995361,1
153,34,-0.158167541,0.007280509919,1
153,42,-0.1047032103,-0.04125900567,1
153,50,0.0001445725211,-0.1199256107,1
153,58,0.1323031038,0.04398231208,1
153,66,0.2552051544,0.1899980009,1
153,74,0.1778944433,0.1720422357,1
153,82,0.01081683114,0.131883353,1
153,90,-0.03035268374,0.07981935889,1
153,98,0.1161528677,-0.1583574414,1
153,106,0.1162385345,-0.08211482316,1
153,114,0.0557262823,0.1023637056,1
153,122,0.1420064569,0.0450335592,1
153,130,0.06825000048,-0.001832729205,1
153,138,0.1003160179,-0.02553649992,1
153,146,0.2339565456,0.05384161323,1
153,154,0.06287941337,0.1371345669,1
153,162,0.07701838762,0.0625159964,1
153,170,0.1884673536,0.09872446954,1
161,10,0.2467412502,0.2038054168,1
161,18,0.1099023521,-0.1107381135,1
161,26,-0.01160061359,0.08396340162,1
161,34,-0.04695922136,0.03237362206,1
161,42,-0.01136930659,0.05268763006,1
161,50,0.04703622311,-0.03229516745,1
161,58,0.1187486351,0.03477221727,1
161,66,0.1463592947,0.1156560779,1
161,74,0.1029079631,0.1967278421,1
161,82,0.03584115952,0.04857900739,1
161,90,0.0424246043,0.04456870258,1
161,98,0.2201800346,-0.01397089474,1
161,106,0.1247825325,-0.07700188458,1
161,114,-0.02702364326,-0.02326783538,1
161,122,0.1206426769,-0.01730749384,1
161,130,0.2331792116,0.1114179045,1
161,138,0.2066093087,0.09603840113,1
161,146,0.03364032134,0.06207312644,1
161,154,-0.06310930103,0.1801964343,1
161,162,0.1718120873,0.1678136587,1
161,170,0.1246973276,0.2140909135,1
169,10,0.03415349126,0.2645195425,1
169,18,0.01936949044,0.09609414637,1
169,26,-0.007630392909,0.1187210903,1
169,34,-0.07233969122,0.05548965186,1
169,42,-0.03067718819,0.08031766862,1
169,50,0.04153438658,-0.01721919701,1
169,58,0.05029698461,-0.08894049376,1
169,66,0.1091302857,-0.03018333763,1
169,74,0.1176561341,0.09571030736,1
169,82,0.0844899714,0.07434315979,1
169,90,0.1229895204,0.06514926255,1
169,98,0.1621442437,0.06698299944,1
169,106,0.1142703295,-0.07073444128,1
169,114,-0.1458763033,-0.3171362579,1
169,122,0.0874016881,-0.1498425603,1
169,130,0.2509077787,0.06281400472,1
169,138,0.1565228403,0.1238921136,1
169,146,-0.207857728,-0.01182995737,1
169,154,-0.2158169001,0.1312354207,1
169,162,-0.1024239883,0.09006385505,1
169,170,0.0140729472,0.2355533689,1
177,10,0.1371074468,0.1653985083,1
177,18,0.1763666868,0.3193514347,1
177,26,0.01915709302,0.2244297862,1
177,34,-0.05624273047,0.1289267093,1
177,42,-0.03320233524,0.09259301424,1
177,50,0.03985859454,0.00702194497,1
177,58,0.1281444281,-0.09462326765,1
177,66,0.1411947459,-0.08361302316,1
177,74,0.1380057931,0.03320283443,1
177,82,0.1186589897,0.1792790592,1
177,90,0.09002093971,0.146604076,1
177,98,0.1310599148,0.2280496359,1
177,106,0.1776909381,0.133179307,1
177,114,0.2131151259,-0.1875651926,1
177,122,0.2338016331,0.0177952107,1
177,130,0.1820278615,0.1052954942,1
177,138,0.07532037795,0.03093361482,1
177,146,0.05942619592,-0.1232198924,1
177,154,-0.05748197436,-0.06454212964,1
177,162,-0.05097734928,-0.0125695318,1
177,170,0.1652566642,0.1949144304,1
185,10,0.1477828324,0.1126494482,1
185,18,0.276768744,0.1520195454,1
185,26,0.1335434765,0.1870713234,1
185,34,0.0127138719,0.08145641536,1
185,42,0.02750831842,0.01812042296,1
185,50,0.03690849245,-0.02171222679,1
185,58,0.1122809052,-0.06645271927,1
185,66,0.3137962818,-0.08198421448,1
185,74,0.3522172868,0.01071015745,1
185,82,0.261449784,0.1459635496,1
185,90,0.08329553902,0.2731621265,1
185,98,-0.005289793015,0.2953070402,1
185,106,0.1263513863,0.1837028563,1
185,114,0.2538636625,-0.02828037366,1
185,122,0.1648624837,-0.04080269858,1
185,130,0.1785265952,0.02377335355,1
185,138,0.2261353135,0.03541453928,1
185,146,0.2128110081,0.02321207523,1
185,154,0.04088708758,-0.02050456032,1
185,162,-0.04116884246,-0.08581823111,1
185,170,0.0381603539,-0.0236954987,1
193,10,-0.06610029936,0.07290306687,1
193,18,0.08375771344,0.1448347569,1
193,26,0.07814486325,0.1441157162,1
193,34,0.1072034389,-0.004236057401,1
193,42,0.1471455693,0.1129061133,1
193,50,0.08106279373,-0.08462490886,1
193,58,0.1328603774,0.0346082896,1
193,66,0.1721118093,0.01032322645,1
193,74,0.1116390228,0.04316145182,1
193,82,0.1241220459,0.1344060749,1
193,90,0.216304481,0.1062930971,1
193,98,0.2148375064,0.1463924348,1
193,106,0.2327240109,0.1215374023,1
193,114,0.1866930425,0.03972903639,1
193,122,0.03013497591,-0.09744526446,1
193,130,0.1567141712,-0.08012452722,1
193,138,0.1547742784,0.01572597027,1
193,146,0.1158072948,0.08114018291,1
193,154,0.07481493801,0.06031278521,1
193,162,-0.03171278536,-0.1224446744,1
193,170,0.003808453679,-0.2451159805,1
201,10,0.08259397,0.02227998711,1
201,18,0.2106004208,0.1393861175,1
201,26,0.2828797698,0.1798607856,1
201,34,0.2928216457,0.09795823693,1
201,42,0.1002937928,0.102309145,1
201,50,-0.008018270135,-0.0539888218,1
201,58,0.05766973644,0.05337542295,1
201,66,0.06386861205,0.1481374204,1
201,74,0.02172398195,0.1096147373,1
201,82,-0.01228131726,0.2012213171,1
201,90,0.07162825763,0.01231041551,1
201,98,0.2209788561,0.1481945366,1
201,106,0.3130075336,0.3136608005,1
201,114,0.27568385,0.2422021329,1
201,122,0.1299875379,0.005039453506,1
201,130,0.09773220122,-0.07445446402,1
201,138,0.08722731471,-0.0132136289,1
201,146,0.06809325516,-0.024312336,1
201,154,-0.06387332827,-0.08554701507,1
201,162,-0.007082555443,-0.07977103442,1
201,170,-0.04500466585,-0.1273150891,1
209,10,0.06825878471,-0.01197283622,1
209,18,0.1916947067,0.06370384246,1
209,26,0.2121911645,0.07598104328,1
209,34,0.08958657831,0.004590198398,1
209,42,0.05809807032,-0.04680727795,1
209,50,0.03997305781,-0.005051347427,1
209,58,0.02920073271,0.1059018075,1
209,66,0.07538365573,0.2372270525,1
209,74,-0.04214730859,0.1927988678,1
209,82,-0.1478102505,0.1102363393,1
209,90,-0.04502492398,-0.05768595636,1
209,98,0.07026614249,0.1507919133,1
209,106,0.230058074,0.2030011415,1
209,114,0.1543341726,0.1528459042,1
209,122,0.04425439984,0.04104017466,1
209,130,0.1378374994,0.03744025156,1
209,138,0.112815097,0.02865105867,1
209,146,-0.00408282131,0.06674767286,1
209,154,-0.1443472207,0.01548093557,1
209,162,0.01412636042,-0.06787294894,1
209,170,-0.03064100444,-0.09672759473,1
217,10,0.02067936957,0.04384738952,1
217,18,0.053094998,0.1742592156,1
217,26,0.05481091142,0.090873532,1
217,34,0.02739199996,0.02343184873,1
217,42,0.05594694242,0.01199082285,1
217,50,0.02580300719,0.115991503,1
217,58,-0.01038292889,0.1413094103,1
217,66,0.0505281128,0.2376035899,1
217,74,0.006078604143,0.1996374279,1
217,82,0.02470263466,0.09338466078,1
217,90,0.1454923153,-0.05991803855,1
217,98,0.0935151726,0.092953071,1
217,106,0.06790380925,0.002325018868,1
217,114,0.05476621911,0.09739340097,1
217,122,-0.05015837774,0.03750303388,1
217,130,-0.001968413591,0.1148977503,1
217,138,0.112898387,0.04642940313,1
217,146,0.06329283863,-0.05462732911,1
217,154,0.000411208719,-0.0440196991,1
217,162,0.08130341023,-0.06277040392,1
217,170,0.06700132787,-0.1101670787,1
225,10,0.01083609462,0.3030455709,1
225,18,0.03170973063,0.1418601274,1
225,26,-0.06738869101,0.2756429911,1
225,34,-0.07300084829,0.106691502,1
225,42,0.00618269667,0.02440464497,1
225,50,-0.01111317798,0.1015824825,1
225,58,0.01604879275,0.07793881744,1
225,66,0.07556272298,0.0998904407,1
225,74,0.03626823053,0.1425170004,1
225,82,0.1056142747,0.06902071089,1
225,90,0.1240395457,0.1052053869,1
225,98,0.02252517641,0.08644288033,1
225,106,0.009250164032,-0.05087202042,1
225,114,0.004106536508,0.07526430488,1
225,122,0.0008457116783,-0.01546154544,1
225,130,-0.021774102,0.0447268486,1
225,138,0.04159265012,0.05964154005,1
225,146,0.04337267205,-0.238511458,1
225,154,0.001423284411,-0.244682759,1
225,162,-0.02755979262,-0.2095482051,1
225,170,-0.1000409871,-0.200723961,1
233,10,0.07880717516,0.4104933143,1
233,18,-0.05657738075,0.08644393086,1
233,26,-0.0809655264,0.1254885942,1
233,34,-0.07507814467,0.04558062181,1
233,42,0.02090974152,0.01073237881,1
233,50,-0.07459612936,-0.01696616411,1
233,58,-0.06546968222,0.02595646679,1
233,66,0.08182248473,0.04848399013,1
233,74,0.06497641653,0.01907792687,1
233,82,0.08007667959,0.1428456157,1
233,90,-0.05495071784,0.1029319763,1
233,98,-0.03765831515,0.02177559398,1
233,106,0.05049160123,0.01149275526,1
233,114,0.05671447515,0.01153260842,1
233,122,0.1113652587,-0.03400916234,1
233,130,0.03503609821,-0.05575972795,1
233,138,-0.1135204136,0.04982785136,1
233,146,-0.08750208467,-0.2242569774,1
233,154,-0.04445530102,-0.1517338753,1
233,162,-0.01725639217,-0.1751132458,1
233,170,-0.04072338343,-0.2197994888,1
241,10,0.02975068241,0.2656996846,1
241,18,-0.03066801466,0.0718479678,1
241,26,-0.06260406226,-0.02454815805,1
241,34,-0.04729828984,-0.01202047616,1
241,42,-0.01217509247,0.04867082089,1
241,50,-0.07085768878,0.02238657326,1
241,58,-0.01529004052,0.06642011553,1
241,66,-0.01217715256,0.09207179397,1
241,74,-0.04110391438,0.01712896675,1
241,82,0.2223418653,0.1372989416,1
241,90,0.265634656,0.01461664215,1
241,98,-0.175150305,-0.003314524889,1
241,106,-0.05203691125,0.0441776067,1
241,114,0.08407565951,0.03109203652,1
241,122,0.09713677317,-0.04575316608,1
241,130,0.0671890527,-0.02482517064,1
241,138,-0.003488272429,0.01845678315,1
241,146,-0.05716835335,-0.07462315261,1
241,154,-0.01497559622,-0.007323585451,1
241,162,0.0127928406,-0.02570688725,1
241,170,-0.01592765749,-0.2607469857,1
249,10,-0.09176850319,0.1080487669,1
249,18,0.06068366766,0.001518338919,1
249,26,-0.02439807728,-0.03780704737,1
249,34,-0.05920945853,0.04479970783,1
249,42,0.001252158079,0.05712982267,1
249,50,0.04405711219,0.07059968263,1
249,58,0.08554748446,0.1399593055,1
249,66,-0.08287115395,0.05687909573,1
249,74,-0.1644115448,0.06051698327,1
249,82,-0.01880015433,0.02098684385,1
249,90,0.02383265644,-0.1355260015,1
249,98,0.04605886713,0.002227678895,1
249,106,0.1584694684,0.0435468927,1
249,114,0.1032916233,0.03343562409,1
249,122,0.04631556571,0.02541767061,1
249,130,0.01512201503,0.01100406796,1
249,138,0.05229019746,-0.01456109807,1
249,146,0.09781578928,-0.0838194266,1
249,154,0.01743194833,0.07847671211,1
249,162,-0.03620094806,-0.008931003511,1
249,170,-0.02173632756,-0.1419352442,1
257,10,0.06385671347,-0.006637424231,1
257,18,0.2435088158,0.02375369519,1
257,26,0.2501841187,-0.0003788918257,1
257,34,0.03532237932,0.1089521348,1
257,42,-0.0271188952,0.1141559482,1
257,50,-0.01340324245,0.1065229923,1
257,58,-0.04999582097,0.2092308402,1
257,66,-0.101393424,0.1110967696,1
257,74,-0.1265691519,0.05657136813,1
257,82,-0.190538168,-0.0648278147,1
257,90,-0.2180080265,-0.07311818004,1
257,98,0.04309618473,-0.07145263255,1
257,106,0.08388988674,0.04277595133,1
257,114,0.02475137264,0.05215700343,1
257,122,0.09365753829,0.1061685979,1
257,130,0.01883090287,-0.009324926883,1
257,138,0.00696887821,-0.06576230377,1
257,146,0.04953072593,-0.1514931768,1
257,154,-0.02123245969,0.1016040593,1
257,162,-0.04541761056,0.09035086632,1
257,170,-0.02627244964,0.08277595043,1
265,10,0.1264284551,-0.0442051813,1
265,18,0.09493127465,0.04083741084,1
265,26,0.1666838378,0.04680532217,1
265,34,0.07787328959,0.03196547925,1
265,42,-0.03796478733,0.1497147828,1
265,50,-0.08329891413,0.01312305033,1
265,58,-0.02981220186,0.1309475303,1
265,66,-0.03207780048,0.0601939708,1
265,74,0.005026094615,0.03262944147,1
265,82,-0.15668042,-0.04739377275,1
265,90,-0.3707817197,0.009268370457,1
265,98,-0.3203995228,-0.08781004697,1
265,106,-0.2079097778,0.04079634696,1
265,114,-0.07852047682,-0.07000051439,1
265,122,-0.1186557561,0.07663396001,1
265,130,-0.06257238239,0.1099802107,1
265,138,-0.01211702079,0.02190198749,1
265,146,0.04779884592,0.1009366512,1
265,154,0.04880351573,0.08052637428,1
265,162,0.05231939256,0.1257453859,1
265,170,0.01976088062,0.2155192792,1
273,10,0.2518527806,0.1401747316,1
273,18,0.1436346322,-0.0005069039762,1
273,26,0.04934740812,0.01347892266,1
273,34,0.04316565394,-0.09657455981,1
273,42,-0.1756245047,0.03258700669,1
273,50,-0.2713338137,0.1680027246,1
273,58,-0.205431059,0.02503417432,1
273,66,-0.0489523001,-0.0127138216,1
273,74,0.0621618554,-0.09996517003,1
273,82,-0.1125923395,-0.08992334455,1
273,90,-0.3984960318,-0.08779542893,1
273,98,-0.5907399058,-0.1806531101,1
273,106,-0.3271272182,-0.09780700505,1
273,114,-0.1480028331,-0.3557703495,1
273,122,-0.07074280083,0.04440132529,1
273,130,-0.05072612688,0.1594976783,1
273,138,-0.09441171587,0.08917508274,1
273,146,-0.07051730901,0.08912330121,1
273,154,-0.06301086396,-0.005591496825,1
273,162,-0.04044668749,0.1156523451,1
273,170,0.1060125381,0.2409477532,1
281,10,0.1553865224,0.2670210302,1
281,18,0.1490144134,-0.009266108274,1
281,26,0.09216862917,-0.02709021419,1
281,34,0.09582864493,-0.01812894642,1
281,42,0.03535251692,0.137558803,1
281,50,-0.1920015216,0.2108016312,1
281,58,-0.1660093665,0.03997408226,1
281,66,0.1106671244,0.06222099066,1
281,74,0.1106958464,-0.1465001404,1
281,82,-0.05392963067,-0.1228107214,1
281,90,-0.07337889075,-0.08421775699,1
281,98,-0.1299334764,0.003209551796,1
281,106,-0.2113080919,-0.3277232945,1
281,114,-0.186565727,-0.3428953886,1
281,122,-0.03140499815,0.05571313575,1
281,130,-0.01840382069,0.1627382338,1
281,138,-0.07321992517,0.1221592128,1
281,146,-0.09693471342,0.04002213106,1
281,154,-0.1698766649,-0.02532377653,1
281,162,-0.228063345,-0.0603023544,1
281,170,0.01908361539,0.1225173622,1
289,10,0.04314669967,0.235951066,1
289,18,0.08951183408,0.05220800638,1
289,26,0.04001849145,-0.005285993218,1
289,34,0.001586234197,0.1897563338,1
289,42,-0.009829688817,0.2513646483,1
289,50,-0.2027680576,0.1474332213,1
289,58,-0.1134155542,0.05590709671,1
289,66,0.07480221987,-0.05169901252,1
289,74,-0.01068806276,-0.2299551666,1
289,82,0.02385105193,-0.1433726251,1
289,90,0.09921445698,0.1176211983,1
289,98,0.03804223239,0.1107262671,1
289,106,0.02973823249,-0.004410564899,1
289,114,0.07414805144,-0.01912818104,1
289,122,0.05830687284,-0.02208084427,1
289,130,-0.0139898248,-0.05737416446,1
289,138,0.07890354097,0.07934290171,1
289,146,0.003753034398,0.06695457548,1
289,154,-0.1243628711,-0.03800657392,1
289,162,-0.1087082922,-0.1379999816,1
289,170,-0.1958351433,-0.01225793362,1
297,10,-0.06049975753,0.1752776057,1
297,18,-0.0007322207093,0.126813367,1
297,26,-0.1074731946,0.1089167967,1
297,34,-0.07728417963,0.10496898,1
297,42,-0.01051812246,0.2109322399,1
297,50,-0.132906571,0.1344155371,1
297,58,-0.03073326498,-0.001492528245,1
297,66,-0.04812152311,-0.1493423283,1
297,74,0.03824257106,-0.22009027,1
297,82,0.1617844701,-0.09401381016,1
297,90,0.1422806978,0.3510369062,1
297,98,0.08894326538,0.07343177497,1
297,106,0.07839782536,-0.01652874798,1
297,114,0.1216132194,-0.0008126781322,1
297,122,0.1158955991,-0.03805343434,1
297,130,0.0393294692,-0.03541012108,1
297,138,0.05018118769,0.001510959119,1
297,146,0.02372597903,0.03668285534,1
297,154,-0.02529744245,0.06634324044,1
297,162,-0.1503828913,-0.0114557445,1
297,170,-0.208123818,-0.1025760472,1
305,10,-0.135394156,0.1974974424,1
305,18,-0.05173713714,0.1294244826,1
305,26,-0.05400151014,0.06036924571,1
305,34,-0.06901013106,-0.007167778909,1
305,42,0.04638998955,0.1061308011,1
305,50,0.08816477656,0.04149931669,1
305,58,0.1473354399,0.0233477354,1
305,66,0.1919920892,-0.07152551413,1
305,74,0.2170490175,-0.003340773284,1
305,82,0.1863726676,0.2237464786,1
305,90,0.07098384202,0.2552779913,1
305,98,0.05755722895,0.05121688545,1
305,106,0.05371698737,0.04780865833,1
305,114,0.06815348566,0.07728806883,1
305,122,-0.02453896403,-0.107068181,1
305,130,-0.07984431088,-0.07812474668,1
305,138,-0.04333810508,0.003616882488,1
305,146,0.03513356671,0.1321719438,1
305,154,0.003388334066,0.1770166606,1
305,162,-0.05571451038,0.01902177557,1
305,170,-0.08400062472,-0.1740061939,1
313,10,0.06105531752,0.1773037314,1
313,18,0.1041737497,0.1502268612,1
313,26,-0.02029641718,0.03697170317,1
313,34,-0.03950804472,0.04224413633,1
313,42,0.002113829367,0.1029553935,1
313,50,0.1180512458,-0.04205568135,1
313,58,0.2512060404,0.1104118526,1
313,66,0.1458335221,0.1687914133,1
313,74,0.03741244227,0.2091113776,1
313,82,0.06188555434,0.2828272581,1
313,90,0.1001361683,0.2368653268,1
313,98,-0.0478124693,0.1107303798,1
313,106,0.01776563749,0.07905718684,1
313,114,0.07110400498,-0.01367174741,1
313,122,-0.03159490228,-0.1227477789,1
313,130,-0.1600854248,-0.1062542349,1
313,138,-0.01362077147,0.003319345415,1
313,146,0.1988338679,0.1403130293,1
313,154,0.1534943432,0.1605491042,1
313,162,0.06955766678,0.04076711833,1
313,170,-0.04181275517,-0.09691238403,1
321,10,0.0354136005,0.03532844782,1
321,18,0.03953298181,0.1342835277,1
321,26,-0.08786901832,0.1582948118,1
321,34,-0.07313368469,0.1982607394,1
321,42,-0.0809558332,0.1725705862,1
321,50,-0.01726125926,0.09723646939,1
321,58,0.1082499847,0.2095594257,1
321,66,0.04095068574,0.2155236602,1
321,74,-0.08741728216,0.2570423484,1
321,82,0.0597182475,0.1808691472,1
321,90,0.01197141036,0.1933347732,1
321,98,-0.03830149025,0.1436101645,1
321,106,0.04793957248,0.03273854405,1
321,114,0.06654138863,-0.07655750215,1
321,122,0.06568616629,0.02235605381,1
321,130,0.1136639491,0.04067620263,1
321,138,0.0623613745,0.1385804117,1
321,146,-0.01063506305,0.1136695296,1
321,154,-0.02548350394,0.0981201902,1
321,162,-0.01860168949,0.1186546534,1
321,170,0.004753932357,0.03336070105,1
329,10,-0.05287851021,-0.05057214946,1
329,18,-0.0886464715,-0.008238352835,1
329,26,-0.2509211302,0.1750404835,1
329,34,-0.1545444727,0.2277153283,1
329,42,-0.1941531599,0.164248839,1
329,50,-0.3074270189,0.07802407444,1
329,58,-0.02769140154,0.02920612693,1
329,66,0.0386069715,0.1040154174,1
329,74,0.07937003672,0.04318319261,1
329,82,0.008699156344,0.1407563686,1
329,90,-0.1384110749,0.2229971886,1
329,98,-0.05451682955,0.08000291139,1
329,106,-0.0161052905,0.04383573681,1
329,114,0.0776155442,0.04738853127,1
329,122,0.2172453403,0.1968875825,1
329,130,0.2115962207,0.1540347338,1
329,138,0.1946106553,0.1055300236,1
329,146,0.123381637,0.1298514307,1
329,154,-0.03433985263,0.1317893863,1
329,162,-0.02674429491,0.09059438109,1
329,170,0.08701039106,-0.0007492341101,1
337,10,0.08007345349,-0.008481618017,1
337,18,-0.06496871263,0.03716029227,1
337,26,-0.1255851835,0.1939101219,1
337,34,-0.1094678566,0.1753026545,1
337,42,-0.04521983117,0.175226897,1
337,50,0.06227748096,0.1014629602,1
337,58,0.1950938851,0.08189463615,1
337,66,0.1839124411,0.1016758308,1
337,74,0.1751122922,0.08591490984,1
337,82,0.1415030658,0.06428780407,1
337,90,-0.01873941533,0.09522043169,1
337,98,0.05628765374,0.04784412682,1
337,106,0.05246104673,0.09594739974,1
337,114,0.07148268074,0.07615273446,1
337,122,0.1607177854,0.2311763912,1
337,130,0.1814900339,0.1846196502,1
337,138,0.2322567254,0.03579061478,1
337,146,0.1853666306,0.105107829,1
337,154,0.1056308225,0.1420455277,1
337,162,0.006552636623,0.03280625492,1
337,170,0.02359417081,-0.1271064878,1
345,10,-0.08594460785,0.008011944592,1
345,18,0.04062728584,0.05690032244,1
345,26,0.07982777059,0.1259613186,1
345,34,-0.121465154,0.05337390304,1
345,42,-0.09464840591,0.1758635789,1
345,50,0.03072512895,0.1744380593,1
345,58,0.1613278538,0.2342684716,1
345,66,0.1907247007,0.2519201636,1
345,74,0.1158979088,0.1515575349,1
345,82,0.12747702,0.1010034904,1
345,90,0.09157268703,-0.02004988492,1
345,98,-0.02091156691,0.03766350448,1
345,106,0.03468134627,0.1026385054,1
345,114,0.1313391179,0.0864340961,1
345,122,0.1494144946,0.190039739,1
345,130,0.1484315693,0.1016785949,1
345,138,0.1396053731,0.07141264528,1
345,146,0.1418653578,0.1682910323,1
345,154,0.1360136569,0.08780039847,1
345,162,0.113375254,0.05651048198,1
345,170,0.1382340789,-0.0529137142,1
353,10,-0.07319806516,0.02845946699,1
353,18,0.03903596848,0.02133841813,1
353,26,-0.001813743263,0.1240056381,1
353,34,-0.1085665226,0.1481390744,1
353,42,-0.04973925278,0.1950704157,1
353,50,-0.033970505,0.209337756,1
353,58,-0.08944467455,0.2420817465,1
353,66,0.05216422677,0.4106933475,1
353,74,0.1589291841,0.182902813,1
353,82,-0.03331170976,0.1582757235,1
353,90,-0.05275420099,0.04105880857,1
353,98,-0.04663485289,0.02155049145,1
353,106,0.003656037152,0.06222674251,1
353,114,0.08621436357,0.07267187536,1
353,122,0.1729963124,0.1941936016,1
353,130,0.121589534,0.1438550949,1
353,138,-0.04266094416,0.0700995177,1
353,146,-0.0626071915,0.06553900242,1
353,154,-0.03672082722,-0.03027997911,1
353,162,-0.01674338803,-0.0633148998,1
353,170,0.1480601132,-0.01361939684,1
361,10,0.02943157405,-0.05751077086,1
361,18,0.1355003268,0.02798620984,1
361,26,0.1191710085,0.09254224598,1
361,34,0.04842187464,0.1590249836,1
361,42,0.01091214363,0.1919400543,1
361,50,-0.005439950153,0.1300238371,1
361,58,0.0291283913,0.1404178441,1
361,66,0.06589142978,0.1549525559,1
361,74,-0.01165238023,0.1094102338,1
361,82,-0.1052908376,0.07725191116,1
361,90,-0.1411169916,0.1875465512,1
361,98,-0.05137735978,0.1876283884,1
361,106,-0.1138630956,0.2076019645,1
361,114,-0.05068861693,0.1119416878,1
361,122,0.1099891588,0.1018931121,1
361,130,0.06092472002,0.09412914515,1
361,138,0.03415997699,-0.02734694257,1
361,146,0.0008182306774,-0.01437444612,1
361,154,0.03888915479,-0.04474323243,1
361,162,0.1415655017,-0.1236052513,1
361,170,0.1878852546,-0.05557096377,1
369,10,0.2002548277,-0.2159629315,1
369,18,0.1502708495,-0.05325676128,1
369,26,-0.05784387141,0.05901388824,1
369,34,-0.08226758242,0.1448456645,1
369,42,-0.1657531559,0.05640119314,1
369,50,-0.1628832519,-0.009296789765,1
369,58,0.1385250241,-0.01591335237,1
369,66,0.09692431986,-0.07748436183,1
369,74,0.0171889253,-0.01657617837,1
369,82,-0.03481318057,0.03785612434,1
369,90,-0.01115066279,0.05509361625,1
369,98,-0.07234307379,0.1191942394,1
369,106,-0.2605689466,0.0385632515,1
369,114,0.04992914945,0.1062016711,1
369,122,-0.0387936756,0.01921033859,1
369,130,-0.06579360366,0.04004628584,1
369,138,-0.07663065195,-0.07087634504,1
369,146,-0.1039464846,0.005931705236,1
369,154,0.1178022772,0.02348085865,1
369,162,0.2089687884,-0.06536263973,1
369,170,0.2514893413,-0.04954717681,1
377,10,-0.05952654034,-0.3576610684,1
377,18,0.1096367687,-0.06387778372,1
377,26,-0.3407158852,0.09664911032,1
377,34,-0.1023936123,0.2536264658,1
377,42,-0.03427779302,0.1609162241,1
377,50,0.01913160272,-0.04500659555,1
377,58,0.2590412498,-0.01213034987,1
377,66,0.2056842893,0.003538543358,1
377,74,0.1240214184,-0.08775209635,1
377,82,0.04404383898,0.0383919403,1
377,90,0.04791303352,0.008917938918,1
377,98,-0.1668729335,0.02788496017,1
377,106,-0.4051907361,-0.08014252782,1
377,114,0.07658339292,-0.02910480276,1
377,122,-0.00768702291,-0.01941144466,1
377,130,-0.03867839277,-0.02037192136,1
377,138,0.0006232177839,0.07049421966,1
377,146,0.01839498244,0.03875073791,1
377,154,0.1429987252,0.1998105943,1
377,162,0.1784916818,0.1889882535,1
377,170,0.1255606115,0.01406041905,1
385,10,-0.1135286242,-0.3653502464,1
385,18,-0.01724393666,0.2163506001,1
385,26,-0.06661409885,0.2783242762,1
385,34,-0.146994099,0.1728519648,1
385,42,-0.02788656577,0.2839073837,1
385,50,0.02482315898,0.01679790765,1
385,58,0.02744136751,-0.03986980766,1
385,66,0.03394208848,-0.03858189285,1
385,74,0.03374150395,0.00580877997,1
385,82,0.02647755109,0.1040133983,1
385,90,-0.02405514568,0.000816617161,1
385,98,-0.0781980902,0.01229253784,1
385,106,0.04728300869,0.01205095276,1
385,114,0.1574434638,0.3035071492,1
385,122,0.3222916126,0.02375712991,1
385,130,0.1193833277,-0.0121718049,1
385,138,-0.03183645383,0.2167836428,1
385,146,-0.05793832988,0.1235428154,1
385,154,-0.02755353227,0.1033070162,1
385,162,0.02481300384,0.245729804,1
385,170,-0.02606001496,0.07866281271,1
393,10,-0.259288311,-0.2853834927,1
393,18,-0.1887820959,0.1114425063,1
393,26,-0.125820756,0.1905611157,1
393,34,-0.1262445301,0.1112868935,1
393,42,-0.06181068718,0.2761442661,1
393,50,0.01141261309,0.1395908743,1
393,58,-0.0206368342,0.06291484833,1
393,66,-0.1408161968,-0.2011590451,1
393,74,-0.07179630548,0.0467030555,1
393,82,0.1076245606,0.08719296008,1
393,90,0.05880098045,-0.09737653285,1
393,98,-0.02264904231,-0.01240567956,1
393,106,0.004481551237,0.1242614686,1
393,114,0.04380720109,0.1474535912,1
393,122,0.06725247204,0.1648329049,1
393,130,0.004936967045,0.22274369,1
393,138,-0.09781941772,0.2336303294,1
393,146,-0.1644223183,0.1863750517,1
393,154,-0.1803513914,0.05100086331,1
393,162,-0.277936846,0.2286287397,1
393,170,-0.1997117102,0.2200815529,1
401,10,-0.1087189764,-0.1881352961,1
401,18,-0.1150311083,-0.01533895172,1
401,26,-0.1140500456,-0.01668782532,1
401,34,0.06118515134,0.1820858419,1
401,42,-0.03457015753,0.2863645554,1
401,50,-0.1273804307,0.2088863552,1
401,58,-0.2555879354,0.1146122217,1
401,66,-0.2622842193,-0.1981009543,1
401,74,-0.1520327479,-0.05802170932,1
401,82,0.09373991191,0.0378960222,1
401,90,0.03932878375,-0.001031110063,1
401,98,-0.03028314374,-0.09263599664,1
401,106,-0.06393992156,0.0491598621,1
401,114,-0.01768211648,0.09760819376,1
401,122,0.008939870633,0.2282691896,1
401,130,0.03269735724,0.2341382802,1
401,138,-0.06847542524,0.230433166,1
401,146,-0.125326395,0.2581143975,1
401,154,-0.158123076,0.1338234097,1
401,162,-0.1855432987,0.1655202955,1
401,170,-0.08416830003,0.1794404387,1
409,10,-0.2265995145,0.05880831182,1
409,18,-0.3930453956,0.07574464381,1
409,26,0.04715435207,-0.004117056727,1
409,34,0.123783648,0.05450230837,1
409,42,-0.08806453645,0.2542921305,1
409,50,-0.165329203,0.2832425833,1
409,58,-0.1187207401,-0.04728887975,1
409,66,-0.2947425842,-0.07768151909,1
409,74,-0.04957678914,-0.2581790686,1
409,82,0.1984578371,-0.1222212613,1
409,90,0.1150999293,0.07185210288,1
409,98,-0.04859722406,0.1249393672,1
409,106,-0.1613295972,0.01826354861,1
409,114,-0.05844023824,0.1733040959,1
409,122,-0.05135538429,0.2412828207,1
409,130,0.02003969438,0.2165204883,1
409,138,0.04088930786,0.1436688006,1
409,146,-0.01542344689,0.09688743949,1
409,154,-0.1986926496,0.01622850448,1
409,162,-0.1545556486,0.00613283366,1
409,170,-0.04891634732,0.07702803612,1
417,10,-0.06871539354,-0.06308537722,1
417,18,-0.575206399,0.0564719364,1
417,26,-0.3967571259,0.2658182681,1
417,34,-0.2083691955,-0.07691013813,1
417,42,-0.4446653724,-0.03862483799,1
417,50,-0.2961335778,-0.104688704,1
417,58,-0.0676767379,-0.2448169589,1
417,66,0.04565027356,-0.1158109605,1
417,74,0.2685300112,-0.1692433953,1
417,82,0.3574307561,-0.03994889557,1
417,90,0.2543513179,0.3137136996,1
417,98,0.02270241827,0.3779754639,1
417,106,-0.2169332802,0.300588429,1
417,114,-0.2241092473,0.2663796246,1
417,122,-0.1687019318,0.1768781245,1
417,130,-0.05765128881,0.0698595196,1
417,138,-0.02843581885,-0.08657248318,1
417,146,-0.04464878142,-0.146983549,1
417,154,0.05360075831,-0.09626196325,1
417,162,0.05846706033,-0.1359974444,1
417,170,0.2337506115,-0.1013848037,1
