PIVlab, ASCII chart output - 02-Aug-2025
FRAME: 113, filenames: A:[113]FullStack_Pos0035_TgUtrmcherry_K4K8MO-1.avi & B:[114]FullStack_Pos0035_TgUtrmcherry_K4K8MO-1.avi, conversion factor xy (px -> m): 1, conversion factor uv (px/frame -> m/s): 1
x [px],y [px],u [px/frame],v [px/frame],Vector type [-]
9,10,-0.131138742,0.05448377132,1
9,18,0.1033884659,-0.06714940816,1
9,26,0.2657236755,-0.0833735913,1
9,34,0.06984820962,0.00286809355,1
9,42,0.01087167859,0.0351357162,1
9,50,-0.06630303711,-0.04479352012,1
9,58,-0.3756990135,-0.1175165847,1
9,66,-0.3120592237,-0.08129498363,1
9,74,-0.07483908534,-0.04785785079,1
9,82,-0.02205792069,-0.14555493,1
9,90,-0.08902978897,-0.2030805945,1
9,98,-0.235082984,-0.1051398814,1
9,106,0.06710154563,-0.1334144622,1
9,114,0.2746517062,-0.2739488482,1
9,122,0.1488223374,-0.2452981025,1
9,130,0.06935288012,-0.1236934364,1
9,138,-0.1109158397,0.06596444547,1
9,146,-0.3580793142,0.03375464678,1
9,154,-0.3479462266,0.07447054982,1
9,162,-0.2496085763,0.1684572399,1
9,170,-0.1409766972,0.1103625521,2
17,10,0.08696094155,0.1930956841,1
17,18,-0.01164671592,0.03401248902,1
17,26,-0.006833814085,-0.04856741428,1
17,34,-0.03471555561,-0.09231622517,1
17,42,0.01177702844,0.03886385262,1
17,50,-0.05676735938,0.1346436292,1
17,58,-0.3471489549,-0.004918921739,1
17,66,-0.24178496,-0.09509418905,1
17,74,-0.02629616857,-0.1628718674,1
17,82,0.02318035811,-0.2049894333,1
17,90,-0.1607071757,-0.02492947876,1
17,98,-0.2473958135,0.116197139,1
17,106,-0.08127506077,0.02443639934,1
17,114,0.01583841816,-0.0273591429,1
17,122,-0.00593540445,-0.03945243359,1
17,130,-0.0285383407,-0.04115823284,1
17,138,-0.1625995934,0.07632152736,1
17,146,-0.2290342152,0.1086491942,1
17,154,-0.2058875114,0.01569342613,1
17,162,-0.1952815205,0.1242767423,1
17,170,-0.03234481812,0.05226786435,1
25,10,0.04586160183,0.1612287462,1
25,18,-0.09094782174,-0.01480706036,1
25,26,-0.1981867254,-0.06743422151,1
25,34,-0.2286748141,-0.07004959136,1
25,42,-0.02613812685,0.01151871122,1
25,50,-0.02419129014,0.1180549636,1
25,58,-0.1868282557,0.05856475607,1
25,66,-0.2391503155,-0.06385497749,1
25,74,-0.1991090775,-0.008999571204,1
25,82,-0.1973597109,0.029985331,1
25,90,-0.225933671,0.0907118693,1
25,98,-0.1876469702,0.1120564789,1
25,106,-0.1711714864,-0.03589340299,1
25,114,-0.1906304955,0.02478971705,1
25,122,-0.1858235151,-0.02857800387,1
25,130,-0.02655379288,-0.03068520874,1
25,138,-0.00799484551,0.07970520109,1
25,146,-0.1583471596,0.112742126,1
25,154,-0.2498282641,0.08143123984,1
25,162,-0.4210487008,0.06923087686,1
25,170,-0.2231470644,-0.1042822897,1
33,10,0.0318342261,-0.1679759324,1
33,18,-0.05944432318,-0.1609133184,1
33,26,-0.1652232707,-0.1829293072,1
33,34,-0.257948637,-0.03632483631,1
33,42,-0.1966782212,-0.03181416541,1
33,50,-0.1388680339,-0.0987810567,1
33,58,-0.142754361,0.2282264829,1
33,66,-0.2418167442,0.1813260615,1
33,74,-0.2060229331,0.05000703782,1
33,82,-0.1501423568,0.01695329696,1
33,90,-0.2040974349,0.05814865604,1
33,98,-0.2646025121,0.07750111818,1
33,106,-0.2588945627,0.002469964325,1
33,114,-0.1010371447,-0.04367468134,1
33,122,-0.03127665073,-0.07040239125,1
33,130,0.04750575125,-0.006091821939,1
33,138,0.1248428598,0.1132692546,1
33,146,-0.02463569492,0.1415231973,1
33,154,-0.1652989537,0.1294324398,1
33,162,-0.3371582925,-0.08935982734,1
33,170,-0.1871453524,-0.1370838732,1
41,10,-0.08840491623,-0.2239198983,1
41,18,-0.1339348704,-0.04592455924,1
41,26,-0.2389461249,-0.005835197866,1
41,34,-0.171371609,0.004935078323,1
41,42,-0.1280153096,-0.04285851866,1
41,50,-0.1342135519,-0.06946152449,1
41,58,-0.1176248789,0.2673619092,1
41,66,-0.1179075837,0.3170265555,1
41,74,-0.2167286277,0.04534396902,1
41,82,-0.1498288065,-0.1279599518,1
41,90,-0.01834793389,0.04892447591,1
41,98,-0.05793818831,0.1145992875,1
41,106,-0.3086824119,0.02782388777,1
41,114,-0.1523639858,0.07151156664,1
41,122,-0.02620482445,0.04337259382,1
41,130,0.06129297614,0.106507808,1
41,138,0.1536614299,0.1386431158,1
41,146,0.1191766709,0.08026751131,1
41,154,-0.1397335827,0.0735815987,1
41,162,-0.1555180848,0.007463388145,1
41,170,-0.09647552669,-0.02676028386,1
49,10,-0.0728277117,-0.1638566256,1
49,18,-0.1891131997,-0.01354269683,1
49,26,-0.1973173916,0.08328062296,1
49,34,0.02083779871,0.03117144108,1
49,42,0.05783072859,-0.0495166257,1
49,50,-0.002389930189,0.03418757394,1
49,58,-0.05014821142,-0.02992011234,1
49,66,-0.244686231,0.0112115033,1
49,74,-0.2531557381,0.1881445646,1
49,82,-0.149383083,0.1580321938,1
49,90,-0.06827022135,0.0896358639,1
49,98,-0.09831376374,0.0869749561,1
49,106,-0.3607801199,0.08099162579,1
49,114,-0.2606936991,0.1802628636,1
49,122,-0.05272664875,0.1318372935,1
49,130,0.1500796974,0.1254024208,1
49,138,0.1352010816,0.1135766953,1
49,146,-0.069205001,-0.01119878143,1
49,154,-0.1534366757,0.01767135412,1
49,162,-0.1246684045,0.1254872084,1
49,170,-0.1356473714,0.1547403932,1
57,10,-0.06049315631,-0.08863830566,1
57,18,-0.1012525484,0.01620812342,1
57,26,-0.1190285906,0.0837848261,1
57,34,0.05454000086,0.1284694076,1
57,42,0.09375492483,0.008069071919,1
57,50,-0.0003380179405,0.03405100852,1
57,58,-0.1044637486,-0.1222777665,1
57,66,-0.3284720778,-0.07603716105,1
57,74,-0.248598814,0.1182561219,1
57,82,-0.1255075037,0.1293983757,1
57,90,-0.1221379042,0.01248704642,1
57,98,-0.2685621381,0.02397061139,1
57,106,-0.3487299681,0.0612308383,1
57,114,-0.2859916687,0.07210198045,1
57,122,-0.09659881145,0.003614090383,1
57,130,-0.01109609008,0.1723323166,1
57,138,-0.08644111454,0.09048361331,1
57,146,-0.1512501538,-0.05578240007,1
57,154,-0.2262108773,-0.07620449364,1
57,162,-0.1504132152,0.06559175253,1
57,170,-0.06709484756,0.1968867183,1
65,10,-0.08840640634,-0.2084155381,1
65,18,-0.1047183946,0.02533867024,1
65,26,-0.179863289,0.05131886899,1
65,34,-0.1531446576,-0.004498858005,1
65,42,-0.040528588,0.05833590403,1
65,50,-0.04819143936,0.02152090892,1
65,58,-0.1836624444,-0.07221383601,1
65,66,-0.2915445268,-0.004540480673,1
65,74,-0.1712145507,0.007099406794,1
65,82,-0.04793223739,-0.05211616307,1
65,90,-0.05329082906,-0.01836575568,1
65,98,-0.26027143,-0.005169905722,1
65,106,-0.3063158989,-0.0191212371,1
65,114,-0.1932275742,-0.04260881618,1
65,122,-0.1080572307,-0.02096300572,1
65,130,-0.1621761769,0.1140463501,1
65,138,-0.1765481085,0.01537940279,1
65,146,-0.1440961808,-0.03183182329,1
65,154,-0.1692525297,0.033328522,1
65,162,-0.1181222871,0.02671155147,1
65,170,-0.1024227217,0.1780296266,1
73,10,0.0150365755,-0.09565222263,1
73,18,-0.1308653355,0.0973841995,1
73,26,-0.10470438,-0.008310003206,1
73,34,0.0262963362,-0.1978791952,1
73,42,0.04270441458,-0.0008439202793,1
73,50,0.01557379216,0.05175128579,1
73,58,-0.08569781482,-0.03259779885,1
73,66,-0.2010604143,-0.01877271943,1
73,74,-0.2148179561,0.003847597167,1
73,82,-0.1537814587,0.01842897385,1
73,90,-0.1077756882,0.1530689746,1
73,98,-0.09935353696,0.195128113,1
73,106,-0.207562238,0.09569472075,1
73,114,-0.1498052329,0.1216425151,1
73,122,-0.08451730013,0.1035925001,1
73,130,-0.07656791806,0.0806049332,1
73,138,0.06731333584,0.08138357103,1
73,146,0.05891508609,0.113936767,1
73,154,-0.02713849396,0.1988099366,1
73,162,-0.07509983331,0.01555749401,1
73,170,-0.1123945713,-0.006611395627,1
81,10,0.03909236938,0.1133294404,1
81,18,-0.1124810874,0.1751251072,1
81,26,0.003070123494,0.04704429209,1
81,34,0.1854896098,-0.04223466665,1
81,42,0.1184559315,0.02102304623,1
81,50,0.05468318611,0.1029326245,1
81,58,-0.1557719558,-0.07561567426,1
81,66,-0.2467453778,-0.09861218929,1
81,74,-0.3517644703,0.04582622275,1
81,82,-0.25385499,0.09944050759,1
81,90,-0.07534617186,0.2257194519,1
81,98,-0.0275163576,0.1558336169,1
81,106,-0.1156241521,0.0368235074,1
81,114,-0.270873189,0.04801078886,1
81,122,-0.2516643405,0.01165347546,1
81,130,-0.1470215023,0.08600251377,1
81,138,0.1195051521,0.2052022964,1
81,146,0.009220734239,0.06479460001,1
81,154,-0.1516406983,-0.0006318874657,1
81,162,-0.1345003694,0.005459716544,1
81,170,-0.1164659113,-0.0715110153,1
89,10,-0.0560676083,0.1734305471,1
89,18,0.02682127431,0.0783816129,1
89,26,0.1189105287,-0.1120839864,1
89,34,0.1677845716,0.08592353761,1
89,42,0.02091205493,0.05820380896,1
89,50,-0.0573368147,0.01012029685,1
89,58,-0.2418877035,-0.1124930382,1
89,66,-0.2892917395,0.03051750176,1
89,74,-0.2835180759,0.07182680815,1
89,82,-0.2388058156,0.08748392761,1
89,90,-0.08576948941,0.3080753386,1
89,98,-0.05517598987,0.0383791402,1
89,106,-0.1713181436,-0.108958751,1
89,114,-0.1677153856,-0.1498612911,1
89,122,-0.1186573803,-0.008445610292,1
89,130,-0.09274712205,0.04163594544,1
89,138,-0.06033272296,0.09912420809,1
89,146,-0.1609470397,0.06350442767,1
89,154,-0.3837621212,0.06121717393,1
89,162,-0.2488519698,0.05970831588,1
89,170,-0.0337921381,0.009192734957,1
97,10,-0.01021155715,0.2465885282,1
97,18,-0.02051253617,0.0137988776,1
97,26,0.02553908899,-0.2261333466,1
97,34,0.07078033686,-0.08472601324,1
97,42,-0.083013542,-0.03770330176,1
97,50,-0.1869352162,-0.01021605916,1
97,58,-0.1959796101,-0.05286812782,1
97,66,-0.2222538441,-0.01826162636,1
97,74,-0.2119697481,-0.008857788518,1
97,82,-0.09078034759,0.03088413551,1
97,90,-0.1239047945,0.189100489,1
97,98,-0.1479490846,0.0613002032,1
97,106,-0.1261978149,0.008601723239,1
97,114,-0.1030046046,-0.07343129814,1
97,122,0.07507677376,0.01220735628,1
97,130,0.03362584487,0.03777198493,1
97,138,-0.136865586,0.07901886106,1
97,146,-0.1381982267,0.05892096832,1
97,154,-0.2494306564,0.1765095592,1
97,162,-0.2374373078,0.1150620729,1
97,170,-0.1670691371,0.02990953624,1
105,10,-0.07603321224,0.2180401832,1
105,18,-0.03544019163,-0.0866137892,1
105,26,0.07415799797,-0.2480459958,1
105,34,-0.07483050227,-0.1092689037,1
105,42,-0.1503505707,-0.05929648876,1
105,50,-0.09073378146,-0.0448618792,1
105,58,-0.1035408378,-0.05494881794,1
105,66,-0.180428803,-0.06144428253,1
105,74,-0.1569443792,-0.05242873356,1
105,82,-0.115215987,-0.05263580754,1
105,90,-0.1804462224,0.03698412329,1
105,98,-0.2160087824,0.06564305723,1
105,106,-0.02583535016,0.1729086787,1
105,114,0.006949618459,0.1644194126,1
105,122,0.09146472067,0.02412312664,1
105,130,0.1287957132,-0.04933918267,1
105,138,0.03149804473,-0.02664196491,1
105,146,-0.09496601671,0.002563074231,1
105,154,-0.2239812762,0.06511420757,1
105,162,-0.2328737378,0.1934344172,1
105,170,-0.1778662503,0.09371758997,1
113,10,-0.2549924254,0.1094794869,1
113,18,-0.09947118163,-0.1666718125,1
113,26,0.1542615592,-0.3374770284,1
113,34,0.06309436262,-0.1933684945,1
113,42,-0.09184296429,-0.2188502848,1
113,50,-0.178433165,-0.229567945,1
113,58,-0.1391791403,-0.08361428976,1
113,66,-0.1486982852,-0.008756313473,1
113,74,-0.1345018595,-0.09764347225,1
113,82,-0.1215420067,-0.08277325332,1
113,90,-0.2290371954,-0.1391134113,1
113,98,-0.2345034331,-0.04407491535,1
113,106,0.01724164188,0.1088745296,1
113,114,0.01681245118,0.1347903162,1
113,122,0.04926937073,0.05278207362,1
113,130,0.0530176796,-0.05332402885,1
113,138,0.06518978626,-0.04962225258,1
113,146,-0.03554198891,0.04614373296,1
113,154,-0.2798290253,0.03916941211,1
113,162,-0.2395406216,0.167152077,1
113,170,-0.133182928,0.07247018814,1
121,10,-0.2958812118,0.09417545795,1
121,18,-0.05085865408,-0.1268791407,1
121,26,0.004398740828,-0.1880425215,1
121,34,-0.0115885064,-0.2442206144,1
121,42,-0.1443738043,-0.3105983138,1
121,50,-0.2755710781,-0.2234675586,1
121,58,-0.1587583274,-0.06420141459,1
121,66,-0.08952421695,-0.001885419711,1
121,74,-0.1305932999,-0.1483814269,1
121,82,-0.1382615566,-0.05608334392,1
121,90,-0.1899153888,-0.1137088165,1
121,98,-0.1431391835,0.009958415292,1
121,106,-0.02858805656,0.01552339643,1
121,114,0.01031337306,0.0001914277673,1
121,122,0.07573711127,0.1259149462,1
121,130,-0.09106045961,0.09116145223,1
121,138,0.01003022119,0.2082667947,1
121,146,-0.08717802912,0.06090317667,1
121,154,-0.2347508669,0.0286662057,1
121,162,-0.1159888506,0.03732937202,1
121,170,-0.03213536739,0.06261770427,1
129,10,-0.1367510855,0.03531363606,1
129,18,-0.02277243882,-0.02391387522,1
129,26,-0.05195989832,-0.06015574932,1
129,34,-0.01336557418,-0.2520770431,1
129,42,-0.02638864517,-0.2128759623,1
129,50,-0.06738762558,0.02802869678,1
129,58,-0.04755233228,0.0001762323081,1
129,66,0.07366424799,0.1047248393,1
129,74,-0.07011858374,-0.08062715083,1
129,82,-0.147834599,-0.1270467043,1
129,90,-0.1404272765,-0.165147692,1
129,98,-0.1484540999,-0.0288714543,1
129,106,-0.1056000888,0.1527794003,1
129,114,-0.1290680766,0.1376670599,1
129,122,-0.08011354506,0.1691965759,1
129,130,-0.07630386204,0.1390818357,1
129,138,-0.04906287789,0.2924790382,1
129,146,-0.1333364546,0.04636970907,1
129,154,-0.2023376673,0.002787820995,1
129,162,-0.0781006813,-0.06783474982,1
129,170,0.04122357443,0.04079448432,1
137,10,-0.01618321799,-0.04179435968,1
137,18,-0.05789967626,-0.02059085667,1
137,26,-0.1075751558,-0.0002430714667,1
137,34,0.05736004189,-0.007452089339,1
137,42,0.02372293919,-0.04770451784,1
137,50,-0.05313172936,0.1356618851,1
137,58,-0.1089050844,0.03413498402,1
137,66,0.0004710108042,0.2137256414,1
137,74,0.06367301941,0.0154070165,1
137,82,0.06376701593,-0.09731432796,1
137,90,-0.01078569889,-0.2249516696,1
137,98,-0.1361804307,-0.07771102339,1
137,106,-0.1224512383,0.1746843308,1
137,114,-0.05599397421,0.3041356802,1
137,122,-0.05323045701,-0.04768753052,1
137,130,-0.06929274648,0.0414461121,1
137,138,-0.1137250364,0.1242611855,1
137,146,-0.2177106887,0.005985360593,1
137,154,-0.2316322327,-0.04483369738,1
137,162,-0.1585650444,-0.06655790657,1
137,170,-0.04819240421,0.06442762911,1
145,10,0.09090340883,-0.0188049674,1
145,18,0.08050345629,0.0449331589,1
145,26,-0.009044742212,0.09379183501,1
145,34,-0.01801937073,0.2298380435,1
145,42,-0.0533182919,0.304335773,1
145,50,-0.1017984748,0.1798137724,1
145,58,-0.112693496,0.08415311575,1
145,66,-0.1703220755,0.1493147612,1
145,74,-0.1398999095,-0.009072549641,1
145,82,-0.0195793435,0.1077063605,1
145,90,-0.0949999392,0.03028167784,1
145,98,-0.05696448684,-0.006614871323,1
145,106,0.03852473199,0.09982812405,1
145,114,0.009790938348,0.02964954823,1
145,122,-0.02697654441,-0.03375117481,1
145,130,0.1546565592,0.02758624405,1
145,138,0.2506309748,0.06356996298,1
145,146,-0.1511287242,0.007802072912,1
145,154,-0.2165308595,-0.00149006024,1
145,162,-0.1602451205,-0.06935948133,1
145,170,-0.1062477306,0.1190731227,1
153,10,0.06783604622,0.001204904169,1
153,18,0.04369660094,0.1284543574,1
153,26,-0.004392709583,0.1768597066,1
153,34,-0.01424420811,0.2111694962,1
153,42,-0.06706563383,0.2560721636,1
153,50,-0.03733865544,0.2069932818,1
153,58,0.02748480067,0.1240167469,1
153,66,-0.1693136096,0.08491938561,1
153,74,-0.259808749,-0.06859058142,1
153,82,-0.1906413734,0.1289677918,1
153,90,-0.1561275125,0.1536538005,1
153,98,0.002192530781,0.01351998746,1
153,106,-0.04345295951,0.08548872173,1
153,114,-0.1702792645,-0.04657161236,1
153,122,-0.06378488988,0.00525550358,1
153,130,0.04827875271,-0.04218869284,1
153,138,0.09554987401,-0.06452590227,1
153,146,-0.05623895675,0.05334834382,1
153,154,-0.1615307331,0.0207016319,1
153,162,-0.09127888083,-0.005459809676,1
153,170,-0.02798694372,0.09150788933,1
161,10,-0.07103973627,-0.04034103826,1
161,18,-0.1512805521,-0.06771341711,1
161,26,-0.1102456599,0.1557968557,1
161,34,0.05922567099,0.07065264881,1
161,42,0.05259718373,0.007929347456,1
161,50,-0.03059273586,0.1050864831,1
161,58,0.03115517646,0.1321440637,1
161,66,-0.04199014604,0.05788400397,1
161,74,-0.1340450644,-0.02500463277,1
161,82,-0.1087477729,0.1069845855,1
161,90,-0.1101291478,0.1362753958,1
161,98,-0.1445485353,0.04681059718,1
161,106,-0.08106546104,0.09591843188,1
161,114,-0.04911719263,-5.589798093e-05,1
161,122,-0.01708892547,-0.05443074554,1
161,130,0.04600007832,-0.05810810253,1
161,138,-0.03567137197,0.08315394819,1
161,146,-0.1215738654,0.0539640747,1
161,154,-0.07784591615,-0.004383662716,1
161,162,-0.06296250969,0.02112836204,1
161,170,-0.02354844287,0.03317250311,1
169,10,-0.09847975522,-0.006792700849,1
169,18,-0.163622424,-0.1241889969,1
169,26,-0.1073579565,0.08471414447,1
169,34,0.03807198256,0.07390108705,1
169,42,0.1052490994,-0.03683315963,1
169,50,0.1053029299,-0.006805881858,1
169,58,0.08038984239,0.06912177056,1
169,66,0.01187216956,0.02858463302,1
169,74,-0.005150914192,-0.1199891344,1
169,82,0.05969284475,-0.2488035262,1
169,90,0.02192911506,0.02462752536,1
169,98,-0.1308151037,0.09879788756,1
169,106,-0.06627684087,0.06939148903,1
169,114,0.00466703251,-0.07510379702,1
169,122,-0.02791946754,-0.06123485416,1
169,130,0.03809938207,0.148171097,1
169,138,-0.114221774,0.2210991085,1
169,146,-0.1509855092,0.02396158129,1
169,154,-0.06833191961,-0.04020622373,1
169,162,-0.05327619612,0.02280125022,1
169,170,-0.05926718935,0.02342700586,1
177,10,-0.08211638033,0.04218519479,1
177,18,-0.04167497158,-0.09098306298,1
177,26,-0.06832362711,-0.02518163994,1
177,34,-0.09938035905,0.1968028992,1
177,42,-0.05208165944,0.1491397321,1
177,50,0.02308005467,0.1363056153,1
177,58,0.03183062747,0.03951966017,1
177,66,-0.01553736534,-0.03891755641,1
177,74,-0.103082329,-0.07900618762,1
177,82,-0.05688319728,0.1014173105,1
177,90,-0.006885632873,0.07708737999,1
177,98,-0.05648682266,0.05515570939,1
177,106,-0.1376499236,-0.1364559531,1
177,114,-0.1182090044,-0.2507406771,1
177,122,-0.04838274419,-0.1015770733,1
177,130,-0.1030701622,-0.03597915918,1
177,138,-0.2708122432,0.001907423139,1
177,146,-0.1086170524,0.0402906239,1
177,154,0.06887367368,-0.07165142149,1
177,162,0.004216730595,-0.01797992364,1
177,170,-0.1112348139,0.08950094134,1
185,10,-0.1124637052,0.09730659425,1
185,18,-0.14085868,-0.04741287231,1
185,26,-0.1593119055,-0.1600142121,1
185,34,-0.2143074125,0.08176289499,1
185,42,-0.1544370651,0.1738132983,1
185,50,-0.08085428178,0.1877059191,1
185,58,0.05481255054,0.05740378425,1
185,66,0.08155502379,0.003354724497,1
185,74,0.01281008869,-0.02043074556,1
185,82,-0.05942979828,0.1118239909,1
185,90,-0.037478026,0.08720657229,1
185,98,0.04986774176,0.01019280404,1
185,106,-0.07764477283,-0.06916591525,1
185,114,-0.001617215574,-0.09327916056,1
185,122,0.03303078562,-0.1290588081,1
185,130,-0.09309829772,-0.08129927516,1
185,138,-0.1469637156,0.005585920066,1
185,146,-0.06952670217,0.0612296015,1
185,154,-0.07830042392,-0.07750417292,1
185,162,-0.09376385808,-0.1416262388,1
185,170,-0.07574167848,0.01976384781,1
193,10,0.001118365675,0.06034174562,1
193,18,0.003351345658,-0.03844087198,1
193,26,-0.07340558618,-0.2077594399,1
193,34,-0.05393355712,-0.1309646219,1
193,42,0.03626172245,-0.1221739054,1
193,50,0.06436043233,0.04637295753,1
193,58,0.01766445115,0.101668328,1
193,66,0.008847486228,-0.07411792874,1
193,74,0.03687368333,-0.1058128476,1
193,82,0.01103187352,0.08212208003,1
193,90,-0.1084834188,0.07207960635,1
193,98,-0.1858533919,0.06515370309,1
193,106,-0.175032869,0.03478121012,1
193,114,-0.06750230491,0.002661004663,1
193,122,-0.08300635964,-0.05484504625,1
193,130,-0.02065292001,-0.02384079248,1
193,138,-0.05677520484,0.01497799903,1
193,146,-0.1069629043,0.06370901316,1
193,154,-0.08238819242,-0.03546477482,1
193,162,-0.07572177052,-0.1009496003,1
193,170,-0.03125213087,-0.09802135825,1
201,10,0.0967259109,0.1134106815,1
201,18,0.2726444602,0.002721294761,1
201,26,0.2421767116,-0.09582127631,1
201,34,0.06195564196,-0.1442495435,1
201,42,0.09060196579,-0.1777209044,1
201,50,0.1300985813,-0.04758062959,1
201,58,0.07727771997,0.07076244801,1
201,66,0.02692474425,-0.2046827972,1
201,74,-0.003768108785,-0.2466383427,1
201,82,-0.02667953819,-0.05473163724,1
201,90,-0.003729447722,0.04858121276,1
201,98,0.01060478017,0.126081422,1
201,106,-0.1197415441,-0.06283672154,1
201,114,-0.1216673553,-0.09488854557,1
201,122,-0.09012076259,0.00532704778,1
201,130,-9.939074516e-05,0.01990769431,1
201,138,0.04016562924,0.006141022779,1
201,146,-0.0447059609,0.07002539188,1
201,154,-0.2042571604,0.07326450199,1
201,162,-0.1796206832,-0.02258158848,1
201,170,-0.05361647904,-0.0983915031,1
209,10,0.1037317589,0.1045313254,1
209,18,0.01568208262,0.07416703552,1
209,26,0.05735033751,-0.0582370162,1
209,34,-0.09329562634,-0.1192326844,1
209,42,-0.1377988458,-0.1063703671,1
209,50,0.03514957055,-0.09452914447,1
209,58,-0.1892957985,0.01213249471,1
209,66,-0.2369543165,-0.08729427308,1
209,74,-0.1921645999,-0.09913732857,1
209,82,-0.07278014719,0.07045701891,1
209,90,0.04494858161,0.2015743405,1
209,98,-0.02918490395,0.04205459729,1
209,106,-0.09927463531,-0.04176084697,1
209,114,-0.1107897758,0.05112377554,1
209,122,-0.1173315495,0.1306434423,1
209,130,0.0234718807,0.04555124044,1
209,138,0.04071027786,-0.03817626461,1
209,146,0.07353200018,0.02272605151,1
209,154,-0.04906820506,0.03782843053,1
209,162,-0.1248617545,-0.06383305788,1
209,170,-0.1096096039,0.0152259171,1
217,10,-0.04427754134,-0.04641502351,1
217,18,-0.1060723811,0.03742389753,1
217,26,-0.06749682128,-0.007611714303,1
217,34,-0.1050078273,-0.009324191138,1
217,42,-0.1293048114,-0.01828179881,1
217,50,-0.112573415,-0.06255561858,1
217,58,-0.1414432079,0.2178921849,1
217,66,-0.1728349924,0.1741852164,1
217,74,-0.04491951689,0.06888793409,1
217,82,-0.01768283918,0.1952124834,1
217,90,0.0976350382,0.08377459645,1
217,98,-0.02223639563,-0.2409778535,1
217,106,-0.1099596769,-0.112702556,1
217,114,0.02466309071,0.03034378402,1
217,122,0.03222300112,0.02996555343,1
217,130,-0.1854558885,0.08172139525,1
217,138,-0.08264407516,-0.03034598753,1
217,146,-0.009386479855,-0.02762823179,1
217,154,-0.1421373188,-0.07409748435,1
217,162,-0.09788914025,-0.1632260978,1
217,170,-0.1604512781,-0.04871456325,1
225,10,-0.1201546192,-0.1294130832,1
225,18,-0.09616726637,-0.04808302969,1
225,26,-0.1038396284,-0.02187074535,1
225,34,-0.05052131414,-0.01377570257,1
225,42,-0.05350189656,-0.03962901235,1
225,50,-0.1326312125,-0.007401226088,1
225,58,-0.1204532683,0.1981724948,1
225,66,-0.1032216102,0.1307268739,1
225,74,-0.123800762,0.09058400989,1
225,82,-0.08523969352,0.07367946953,1
225,90,-0.01440657675,-0.1019758135,1
225,98,-0.08316089213,-0.3027739525,1
225,106,-0.1202045828,-0.006643816829,1
225,114,-0.02194716036,0.00258756429,1
225,122,-0.03068321943,-0.07756839693,1
225,130,-0.1788410693,-0.0581490472,1
225,138,-0.1419109106,-0.01133355126,1
225,146,-0.1461358666,-0.09816946089,1
225,154,-0.1785170883,-0.1834575981,1
225,162,-0.1148763373,-0.1611964554,1
225,170,-0.05980563909,-0.1620321721,1
233,10,-0.1615236551,-0.08393579721,1
233,18,-0.01479694247,-0.06700120866,1
233,26,-0.2232126892,-0.06538193673,1
233,34,-0.4692179263,-0.05278250575,1
233,42,-0.3041942716,-0.00868479535,1
233,50,-0.06702183187,-0.1014726013,1
233,58,-0.1404580772,-0.01349902153,1
233,66,-0.1504083574,0.08948287368,1
233,74,-0.1516110301,0.1040737629,1
233,82,-0.1237674505,-0.03475826979,1
233,90,-0.09143829346,-0.07531502098,1
233,98,-0.04273223877,-0.1267389357,1
233,106,-0.1805480123,0.006525557488,1
233,114,-0.2621604204,-0.03552350402,1
233,122,-0.1912421584,-0.06990428269,1
233,130,-0.1256430894,-0.0608619228,1
233,138,-0.1915045381,-0.05699950084,1
233,146,-0.1577307284,-0.05938231945,1
233,154,-0.02196130157,-0.1619926691,1
233,162,-0.04625165462,-0.1204940081,1
233,170,-0.0184674114,-0.2098054439,1
241,10,-0.07442125678,-0.01913592219,1
241,18,-0.03408790752,-0.04290299863,1
241,26,-0.1242683977,-0.01165920496,1
241,34,-0.1929100305,-0.0797059834,1
241,42,-0.1809958518,-0.1380143166,1
241,50,-0.1359322369,-0.1809696704,1
241,58,-0.1843704134,-0.06560365856,1
241,66,-0.2492278516,0.05770500749,1
241,74,-0.1276805401,0.1385519505,1
241,82,-0.1483033299,-0.021547243,1
241,90,-0.1469583064,-0.04207141325,1
241,98,-0.1233058125,0.01406648383,1
241,106,-0.1227215677,0.007946953177,1
241,114,-0.2551092207,-0.06269375235,1
241,122,-0.3040903807,-0.05696435645,1
241,130,-0.2528618574,-0.003456898034,1
241,138,-0.2816061378,-0.02141903341,1
241,146,-0.1784959733,-0.01705982909,1
241,154,-0.1022869498,0.02508779615,1
241,162,-0.109924987,-0.01577097178,1
241,170,-0.1536512375,-0.2403285205,1
249,10,0.0259277299,0.06356428564,1
249,18,-0.03729395941,-0.0632404685,1
249,26,-0.06661014259,-0.05260518193,1
249,34,-0.124875173,-0.04633036256,1
249,42,-0.127394706,-0.1526671797,1
249,50,0.01622472703,-0.1512001455,1
249,58,-0.03838758171,-0.004243113101,1
249,66,-0.2451856434,0.02214513719,1
249,74,-0.1906018704,0.03605652601,1
249,82,-0.1850690991,0.008873164654,1
249,90,-0.1900841594,0.02049667016,1
249,98,-0.2095487714,0.07587508112,1
249,106,-0.1689294726,0.007030408829,1
249,114,-0.1091493368,-0.05609104782,1
249,122,-0.1258858144,-0.04707250372,1
249,130,-0.1498016417,-0.002172973007,1
249,138,-0.1432478875,0.03837810457,1
249,146,-0.01798114367,0.01117623877,1
249,154,0.00843539089,0.06450718641,1
249,162,0.01029048674,0.1121987104,1
249,170,-0.1201396286,-0.06450787932,1
257,10,0.1091021746,0.1194821596,1
257,18,0.006353033707,0.005162000656,1
257,26,-0.03270650655,-0.1148650646,1
257,34,-0.04723887518,-0.08873224258,1
257,42,0.008390367031,-0.1108671278,1
257,50,0.07121890783,-0.006943903863,1
257,58,-0.05509015918,-0.006824053824,1
257,66,-0.1872468293,-0.04847460985,1
257,74,-0.287062645,-0.0910153687,1
257,82,-0.09174379706,0.05863682926,1
257,90,0.009330257773,0.2359060645,1
257,98,-0.02066686749,0.004060532898,1
257,106,-0.1067177951,0.0330421105,1
257,114,-0.04037293047,-0.01231409982,1
257,122,-0.05201718211,-0.1236414611,1
257,130,-0.0994175449,-0.03506352007,1
257,138,0.007878772914,-0.05112451315,1
257,146,0.1008441746,-0.01911087334,1
257,154,0.1479635984,-0.02146540768,1
257,162,0.03301666304,0.08648373187,1
257,170,-0.02871605009,-0.0116950199,1
265,10,0.1371489763,0.175127387,1
265,18,0.08181406558,0.09890212119,1
265,26,0.01644539833,-0.1009555012,1
265,34,-0.002553131431,0.01217401028,1
265,42,0.05583553761,-0.03698269278,1
265,50,0.1282747984,0.1222482771,1
265,58,0.1176687479,-0.008754357696,1
265,66,-0.05554884672,0.02749504708,1
265,74,-0.6308864951,-0.08435067534,1
265,82,-0.3307931721,0.1269170642,1
265,90,0.2122290581,0.2752680779,1
265,98,0.2797638178,0.0240656361,1
265,106,-0.01745982654,0.1014957502,1
265,114,-0.1466658711,0.05955965817,1
265,122,-0.07134586573,-0.05941808596,1
265,130,-0.01619147509,-0.1500500739,1
265,138,-0.05371674895,-0.05804704875,1
265,146,-0.1300371885,0.02540505677,1
265,154,-0.05913540721,-0.04408884421,1
265,162,-0.06218338758,-0.07133090496,1
265,170,-0.0549570322,-0.1305210143,1
273,10,0.0006674528122,0.1448697299,1
273,18,0.02592602931,0.09939740598,1
273,26,-0.09851480275,0.07731747627,1
273,34,-0.3442939818,0.1819085032,1
273,42,-0.06299620122,0.1717692614,1
273,50,-0.04820562154,0.184939757,1
273,58,0.05310181528,0.05840108544,1
273,66,0.001184627414,0.06049758196,1
273,74,-0.2153346688,0.05317777395,1
273,82,-0.1962053031,0.02214663476,1
273,90,-0.1609296948,0.1346790493,1
273,98,-0.05373669416,0.1056862772,1
273,106,-0.01505232602,-0.02043612488,1
273,114,-0.06313741207,0.008622244,1
273,122,-0.09719955176,-0.03078086302,1
273,130,-0.09757197648,-0.06976415217,1
273,138,-0.1059889644,0.06219165027,1
273,146,-0.1670854092,0.1712385863,1
273,154,-0.1770617366,-0.03922460973,1
273,162,-0.07443191111,-0.07787635922,1
273,170,0.01453069039,-0.05640524253,1
281,10,-0.1217491627,0.06344368309,1
281,18,0.04039159417,0.09294559807,1
281,26,-0.02682163566,0.2022949457,1
281,34,-0.04299191386,0.2501166463,1
281,42,0.04040228203,0.1860170215,1
281,50,-0.01946028322,0.1450654566,1
281,58,0.07886103541,0.04547112435,1
281,66,0.09993471205,0.01946946979,1
281,74,0.01199616492,-0.04828025028,1
281,82,-0.1506843716,-0.03591752797,1
281,90,-0.1799931377,0.06725750118,1
281,98,0.1343666464,0.1964411736,1
281,106,0.1536862552,0.05601254851,1
281,114,0.01543682255,0.02220405824,1
281,122,-0.05287105963,-0.09013492614,1
281,130,-0.03187534958,-0.02030392177,1
281,138,-0.06647526473,0.07875014842,1
281,146,-0.06274718791,-0.06591068208,1
281,154,0.02071436308,0.03413083404,1
281,162,0.03564143926,0.02867940813,1
281,170,-0.0004748292267,0.1207481027,1
289,10,-0.06395507604,-0.0170366168,1
289,18,-0.09258098155,0.1239024103,1
289,26,0.108562395,0.1988070309,1
289,34,0.07551847398,0.1923361123,1
289,42,0.03641971946,0.01943591982,1
289,50,0.08238898963,0.1613864601,1
289,58,0.09831313789,0.02951335534,1
289,66,0.1068834588,0.03073145449,1
289,74,0.1367483735,-0.03191564605,1
289,82,0.4596693516,-0.05021684989,1
289,90,0.4390264452,-0.02915980294,1
289,98,0.222206369,0.2831882834,1
289,106,0.1472042799,0.168350175,1
289,114,0.0570333153,-0.02482960187,1
289,122,0.0005362667143,0.008100938052,1
289,130,0.01001721993,0.01357580442,1
289,138,-0.01470312849,0.05071290955,1
289,146,-0.03239554539,0.1390849054,1
289,154,0.04273831099,0.14838323,1
289,162,0.008708421141,0.1030005962,1
289,170,0.03851141036,0.05165031552,1
297,10,0.07246857882,-0.09212844074,1
297,18,-0.07242821157,0.1781647652,1
297,26,-0.09563775361,0.15934214,1
297,34,-0.06053546444,0.02566555142,1
297,42,0.01760281995,-0.184479773,1
297,50,0.126026541,0.03609384969,1
297,58,0.12454319,0.001405950636,1
297,66,0.06511937082,-0.02274827473,1
297,74,0.05219109729,-0.1835922897,1
297,82,0.2274630368,-0.08841155469,1
297,90,0.3162993193,-0.03335074335,1
297,98,0.1670307964,0.1597867906,1
297,106,0.02448271215,0.1382907182,1
297,114,0.07445082814,0.0130773969,1
297,122,-0.01798488945,0.002804566175,1
297,130,-0.1224874556,0.05801136047,1
297,138,-0.03167985752,0.1035020053,1
297,146,0.09095018357,0.1335032433,1
297,154,0.09264307469,0.1347658783,1
297,162,-0.01791801304,-0.01011959277,1
297,170,-0.01016041823,-0.08878587186,1
305,10,0.3378180861,-0.03361454606,1
305,18,0.0246476382,0.009977858514,1
305,26,-0.09749765694,0.03490893543,1
305,34,-0.0856064558,0.0122567974,1
305,42,0.0344280526,-0.02948731929,1
305,50,0.1116583645,0.03625320643,1
305,58,0.151131779,0.0727430582,1
305,66,-0.03053425997,-0.0468390286,1
305,74,-0.1870835721,-0.1476573348,1
305,82,-0.02266795188,-0.03790029883,1
305,90,0.1595552117,0.1625871211,1
305,98,0.2694016993,0.04427503794,1
305,106,0.247455135,0.05376283079,1
305,114,0.1410227418,0.08198095858,1
305,122,0.06460501254,0.02586453967,1
305,130,-0.01406864822,0.02892533317,1
305,138,0.05552925915,0.008743908256,1
305,146,0.07224433124,0.04888737947,1
305,154,0.03054759838,0.04566094279,1
305,162,-0.03423636407,-0.09157823771,1
305,170,-0.004953928292,-0.1663511992,1
313,10,0.2559017837,0.03065861762,1
313,18,-0.1333986819,-0.01163515449,1
313,26,-0.09081500769,0.07516961545,1
313,34,0.04371426255,0.0826960355,1
313,42,0.2147202045,-0.03671389073,1
313,50,0.3986276388,0.03093803301,1
313,58,0.1469405442,0.1205627024,1
313,66,-0.03377152979,0.07670424134,1
313,74,-0.06441096961,0.02027478069,1
313,82,0.1006371453,-0.06679602712,1
313,90,0.1934659928,0.07887526602,1
313,98,0.1610742658,-0.01535795629,1
313,106,0.1101696491,-0.0422558561,1
313,114,0.1247503161,0.1482743323,1
313,122,0.2085525095,0.05802544579,1
313,130,0.2849990129,-0.0488256067,1
313,138,0.09561222047,-0.04558556154,1
313,146,-0.06269428134,0.04482853785,1
313,154,-0.05793571472,-0.006748114713,1
313,162,0.07559958845,-0.06541323662,1
313,170,0.08928216249,-0.09284695983,1
321,10,0.1882186532,0.03370907903,1
321,18,-0.03827691451,-0.05582625791,1
321,26,0.0232132189,0.03023997694,1
321,34,0.09882865846,0.05599857867,1
321,42,0.1665153056,-0.02735258639,1
321,50,0.2662374377,0.04202469438,1
321,58,0.1851867139,0.1661026478,1
321,66,0.1005814448,0.1601957083,1
321,74,0.04296926409,0.1524586082,1
321,82,0.04395896941,0.003215707839,1
321,90,0.1510100067,0.07244873047,1
321,98,0.1614204049,0.01627810299,1
321,106,0.07246235013,0.01482762024,1
321,114,0.0866823718,0.1476355046,1
321,122,0.1482236236,0.08646523952,1
321,130,0.2836639583,0.02905593067,1
321,138,0.2287062705,0.03355845064,1
321,146,0.02879907191,0.08792949468,1
321,154,0.02995228022,0.02985458076,1
321,162,0.07346463948,-0.02232393622,1
321,170,0.04337764531,-0.02029300481,1
329,10,0.04905953258,-0.1230456457,1
329,18,0.07359580696,-0.06705480814,1
329,26,0.2215907574,-0.05521523207,1
329,34,0.2389687598,-0.01870587096,1
329,42,0.1930987239,0.07708126307,1
329,50,0.1663126647,0.02882195637,1
329,58,0.2016704232,-0.06971742213,1
329,66,0.2033372819,0.00175952632,1
329,74,0.09428515285,0.07962088287,1
329,82,0.072438851,0.002327825874,1
329,90,0.04478153586,0.0580181554,1
329,98,0.03958744556,0.05242578313,1
329,106,0.1344519705,0.1396919936,1
329,114,0.1709188819,0.06498594582,1
329,122,0.06921926886,0.06439711154,1
329,130,0.0836712718,-0.05916756764,1
329,138,0.190096423,0.03323236108,1
329,146,0.1558772027,0.229921639,1
329,154,0.07560069114,0.16077739,1
329,162,0.02694060653,-0.03681492805,1
329,170,0.03971337155,-0.01456771418,1
337,10,0.07106629014,-0.1358958781,1
337,18,0.08411419392,0.01914966106,1
337,26,0.08923688531,0.08367297053,1
337,34,0.06339210272,0.0753641054,1
337,42,0.09850209951,0.007647316903,1
337,50,0.148479104,-0.07505967468,1
337,58,0.1435498297,-0.1745824516,1
337,66,-0.01786720753,-0.03983733803,1
337,74,-0.01074225083,0.06028821692,1
337,82,0.02238735929,-0.02898850292,1
337,90,-0.01518462598,-0.05203932896,1
337,98,0.1208019108,-0.01813489944,1
337,106,0.1302390099,0.03280667216,1
337,114,0.03149102628,-0.0008510369807,1
337,122,0.1226563454,-0.002024779096,1
337,130,0.1496459544,-0.0574600473,1
337,138,0.09524450451,0.1060299128,1
337,146,0.07972522825,0.1850044876,1
337,154,0.2487608492,0.1463928819,1
337,162,0.1201096624,0.07283358276,1
337,170,0.0420859009,0.06204175949,1
345,10,0.121479705,-0.06480140984,1
345,18,0.07482023537,0.09075817466,1
345,26,-0.0390728265,0.1411372274,1
345,34,0.008895009756,0.1309049726,1
345,42,0.01841779053,-0.02923763543,1
345,50,0.1688330024,-0.1273076534,1
345,58,0.3211429417,-0.09441204369,1
345,66,0.03525714576,-0.06416524947,1
345,74,0.04024046659,0.04546275735,1
345,82,0.01690601185,0.02511154488,1
345,90,0.07763396204,-0.04293151945,1
345,98,0.230060637,-0.04224843159,1
345,106,0.1298404783,-0.08126446605,1
345,114,0.04253508151,-0.03400966525,1
345,122,0.2367236018,0.0337360613,1
345,130,0.2277176827,0.03943235427,1
345,138,0.02662936598,0.1125238985,1
345,146,-0.0382405445,0.03862460703,1
345,154,-0.08746527135,0.02805086225,1
345,162,0.002909746021,0.1229757667,1
345,170,0.07127657533,0.102859959,1
353,10,-0.09848614037,0.0536576584,1
353,18,-0.02698836848,0.02131816372,1
353,26,0.004153743386,0.1836376935,1
353,34,0.1317732334,0.2072677165,1
353,42,0.03308842331,0.01254565269,1
353,50,0.07968499511,-0.05019841343,1
353,58,0.1816567332,0.09571289271,1
353,66,-0.08191764355,-0.03490579128,1
353,74,-0.094485268,-0.03555437922,1
353,82,0.04193698615,0.05392426625,1
353,90,0.1400121748,0.03767362237,1
353,98,0.2385314256,0.06562584639,1
353,106,0.2568166256,-0.05371874943,1
353,114,0.2799856961,-0.02885308862,1
353,122,0.3570581973,-0.04443668202,1
353,130,0.3155621886,0.007442254573,1
353,138,0.1477250308,-0.05600643903,1
353,146,-0.01907262951,-0.06455767155,1
353,154,-0.05697862804,0.02999614924,1
353,162,0.0113741532,0.04988085479,1
353,170,-0.01937305555,0.07306724787,1
361,10,-0.174641788,0.3411334753,1
361,18,-0.05553583801,-0.008939076215,1
361,26,-0.0346400626,0.05400593951,1
361,34,0.1115378961,0.3052263856,1
361,42,0.05328203738,0.1468922049,1
361,50,-0.170850873,0.1174248755,1
361,58,-0.03120045736,0.06992259622,1
361,66,0.008213337511,-0.02045660466,1
361,74,-0.07554979622,-0.1300759912,1
361,82,0.002070792019,0.00868775323,1
361,90,0.2455673069,0.1387272477,1
361,98,0.4171381891,0.06590878218,1
361,106,0.3704509139,-0.03767570853,1
361,114,0.4175963402,-0.02598215267,1
361,122,0.2502390146,-0.1589671969,1
361,130,0.1307874322,-0.06389541924,1
361,138,0.09482857585,-0.1053157076,1
361,146,-0.1035910323,-0.1687719077,1
361,154,-0.03829344735,-0.04425592721,1
361,162,0.03294599056,-0.02568876371,1
361,170,0.06636121869,0.04522183537,1
369,10,-0.1694671512,0.01310542226,1
369,18,-0.1193943918,0.05312623829,1
369,26,0.01825335622,-0.0570659861,1
369,34,0.04898506403,-0.03837169334,1
369,42,0.09536538273,0.1933223605,1
369,50,0.1069138199,0.008945062757,1
369,58,0.1045147553,-0.01100109145,1
369,66,0.08504208922,-0.07388468832,1
369,74,0.03774899244,-0.1863496602,1
369,82,0.03726270795,-0.1188419685,1
369,90,0.1834550798,0.1309053302,1
369,98,0.2389696389,0.07024893165,1
369,106,0.209151715,-0.001498114318,1
369,114,0.1651508659,-0.03150133044,1
369,122,0.1056868732,-0.2005650848,1
369,130,0.00676920265,-0.0284401048,1
369,138,-0.1308755577,-0.05260349438,1
369,146,-0.09385819733,-0.1334931254,1
369,154,-0.1171213761,-0.1224859804,1
369,162,-0.1610687673,-0.078272596,1
369,170,-0.1021282375,-0.0300854519,1
377,10,-0.1464194953,-0.07506522536,1
377,18,-0.2382457554,0.04316936806,1
377,26,-0.09829826653,-0.09925381839,1
377,34,-0.107621111,0.1004506648,1
377,42,0.04479641467,0.1799351573,1
377,50,0.1600133628,0.08301526308,1
377,58,0.1003170162,0.0761750415,1
377,66,0.03288207203,-0.06824334711,1
377,74,0.04279918224,-0.1904920936,1
377,82,0.157204181,-0.2102166265,1
377,90,0.1703768522,-0.04283920303,1
377,98,0.1519688517,0.08773572743,1
377,106,0.2154103518,-0.006121002138,1
377,114,0.1300995797,-0.1252372712,1
377,122,-0.01116918772,-0.1322253048,1
377,130,0.03232643008,-0.006136974785,1
377,138,0.02402031422,0.01318014693,1
377,146,-0.05793020874,-0.006851226091,1
377,154,-0.09829716384,0.02702696435,1
377,162,-0.1580973119,-0.01996792853,1
377,170,-0.06811994314,-0.1153049693,1
385,10,-0.03376386315,0.06542047858,1
385,18,0.06075933948,-0.08846525848,1
385,26,-0.006911205128,-0.01981124282,1
385,34,0.09982655942,0.03956773877,1
385,42,-0.009764105082,0.06246865541,1
385,50,-0.2142863721,0.07373048365,1
385,58,0.0002041459084,0.1142871156,1
385,66,-0.01552295685,-0.1212001145,1
385,74,0.04776008427,-0.146645993,1
385,82,0.2121960223,-0.1727309525,1
385,90,0.1375506073,-0.1635065824,1
385,98,0.07464802265,-0.05090499297,1
385,106,0.1277905554,-0.005473956466,1
385,114,0.1736919135,-0.1058798507,1
385,122,0.05955642462,-0.07815872133,1
385,130,0.08984494209,-0.06580957025,1
385,138,0.1243155226,0.01530816499,1
385,146,0.06920530647,-0.002376679331,1
385,154,-0.009251587093,0.0902806595,1
385,162,-0.02474044636,0.02250837162,1
385,170,-0.03237742186,-0.05415832996,1
393,10,0.2030871809,0.01267211884,1
393,18,0.1430149078,-0.06985943019,1
393,26,0.101075694,-0.1043709293,1
393,34,0.06563232839,-0.1851303726,1
393,42,-0.160384804,-0.113962464,1
393,50,-0.1980689764,0.04939161986,1
393,58,-0.09996125847,0.07163570076,1
393,66,-0.04180442169,-0.09846929461,1
393,74,0.1372464597,-0.1422394216,1
393,82,0.1516570151,-0.1190517992,1
393,90,0.1409690082,-0.143078357,1
393,98,0.2159051299,-0.1628334522,1
393,106,0.206052959,-0.0275555402,1
393,114,0.01318639517,-0.09966834635,1
393,122,0.01015660167,-0.2774951458,1
393,130,0.06063044071,-0.06790033728,1
393,138,-0.04299736768,0.0743085444,1
393,146,-0.1027117819,-0.05620561168,1
393,154,-0.09715551138,-0.1111071855,1
393,162,0.02326419204,-0.05570116639,1
393,170,0.1316521764,-0.07629320025,1
401,10,0.267503351,-0.02879745513,1
401,18,0.08247157186,0.02594098449,1
401,26,0.06646835059,-0.1478505731,1
401,34,-0.01508354768,-0.1753234863,1
401,42,-0.3099806905,-0.1488952488,1
401,50,-0.2353135645,-0.04829904065,1
401,58,-0.06947286427,-0.05425752327,1
401,66,0.08000081033,-0.07206606865,1
401,74,0.1334546655,-0.1203737631,1
401,82,0.07183278352,-0.001138523221,1
401,90,-0.008229449391,-0.1718720049,1
401,98,-0.02885352075,-0.2538275719,1
401,106,0.1328684092,-0.1684706658,1
401,114,0.06409279257,-0.1344786286,1
401,122,-0.001411378384,-0.0668412149,1
401,130,0.03485097364,-0.007228609174,1
401,138,0.06376466155,0.102865614,1
401,146,-0.03681978583,0.1143855453,1
401,154,-0.05193331093,0.0330144763,1
401,162,-0.001453902572,0.02237273008,1
401,170,0.06285340339,0.00354026258,1
409,10,0.1058943868,0.01992478967,1
409,18,-0.005282633007,0.08906494081,1
409,26,0.05880612135,-0.03811295331,1
409,34,0.03217029199,0.008149633184,1
409,42,-0.01329940557,0.0486285314,1
409,50,-0.004673711956,-0.06678280234,1
409,58,-0.04464643449,-0.1552513391,1
409,66,-0.06555364281,-0.08238843828,1
409,74,0.03158712387,0.02617119625,1
409,82,0.07412067056,-0.02033632249,1
409,90,0.08911311626,-0.2075504661,1
409,98,0.05672508478,-0.2501356006,1
409,106,-0.02457553148,-0.2009618878,1
409,114,-0.03485065699,-0.07991861552,1
409,122,-0.1060019359,0.07590578496,1
409,130,0.1136866957,0.06368803233,1
409,138,0.121886611,0.06398240477,1
409,146,0.0501447469,0.1422218382,1
409,154,0.05468331277,0.1411919147,1
409,162,0.129681915,0.1802456975,1
409,170,0.2171703428,0.3178298473,1
417,10,0.01977352053,-0.06008726358,1
417,18,0.08311935514,0.0453421995,1
417,26,0.2014323324,0.1469547302,1
417,34,0.2794071436,0.1998817921,1
417,42,0.4418545365,0.1303781569,1
417,50,0.4521875978,0.154109329,1
417,58,0.01074293256,-0.08660819381,1
417,66,-0.1897887588,0.0002124011517,1
417,74,0.02567689121,0.102798678,1
417,82,0.2697656751,-0.1488329321,1
417,90,0.3333152533,-0.1765553057,1
417,98,0.2340302765,-0.2715013623,1
417,106,0.08417280763,-0.1278952509,1
417,114,-0.04686801136,0.02762904763,1
417,122,-0.1376984417,-0.002050535753,1
417,130,0.002215772867,-0.07016456127,1
417,138,0.1717154086,0.03290657699,1
417,146,0.09033958614,0.1925064921,1
417,154,0.02015097439,0.1865713,1
417,162,0.09016023576,0.2464158833,1
417,170,0.04824870452,0.4714134932,1
