PIVlab, ASCII chart output - 02-Aug-2025
FRAME: 257, filenames: A:[257]FullStack_Pos0035_TgUtrmcherry_K4K8MO-1.avi & B:[258]FullStack_Pos0035_TgUtrmcherry_K4K8MO-1.avi, conversion factor xy (px -> m): 1, conversion factor uv (px/frame -> m/s): 1
x [px],y [px],u [px/frame],v [px/frame],Vector type [-]
9,10,0.06183106452,0.0005150586367,1
9,18,0.03059846163,0.06771892309,1
9,26,0.04989466816,0.08677064627,1
9,34,0.09649091214,0.003139499575,1
9,42,0.02542224526,0.2659619451,1
9,50,-0.03524339944,0.2931050062,1
9,58,-0.01408928633,0.186958164,1
9,66,0.1465402842,0.2209641188,1
9,74,0.2230487466,0.1853920072,1
9,82,0.1512013078,-0.03368577734,1
9,90,0.1174037308,-0.1633868217,1
9,98,0.1390382499,-0.009116262197,1
9,106,0.1408007592,0.01488325745,1
9,114,0.04563608766,-0.153078422,1
9,122,-0.03662635386,-0.1408471018,1
9,130,-0.125232771,-0.1304447353,1
9,138,-0.06267388165,-0.06275168061,1
9,146,0.03473773599,0.05515838042,1
9,154,-0.03459481895,0.1137067229,1
9,162,-0.1083170921,0.03460087627,1
9,170,0.02350810543,0.1197258532,1
17,10,-0.08008126915,-0.00831771642,1
17,18,-0.06189067662,-0.02392328903,1
17,26,0.04495962709,0.09731079638,1
17,34,0.134253189,0.087002635,1
17,42,0.0709631443,0.05624884367,1
17,50,-0.09440582991,0.06454454362,1
17,58,-0.09674408287,-0.0440723896,1
17,66,-0.01675839722,0.02974806726,1
17,74,-0.01055540144,0.09879834205,1
17,82,0.01354730129,-0.08377663791,1
17,90,0.03763265908,-0.01206967141,1
17,98,0.07142822444,-0.01775045507,1
17,106,0.05327237025,-0.1366859078,1
17,114,-0.2295363694,-0.06883592159,1
17,122,-0.1081953496,-0.05762923136,1
17,130,-0.05279094726,-0.0654078275,1
17,138,-0.01153668761,-0.0253983438,1
17,146,-0.006250612438,0.1053420156,1
17,154,0.04909315705,0.1739247441,1
17,162,0.1222085282,0.09710528702,1
17,170,0.1652626395,0.156529218,1
25,10,-0.1975179762,0.009078986943,1
25,18,-0.0009684339166,0.05232237279,1
25,26,0.2756341696,0.1241115332,1
25,34,-0.008731972426,0.1212253124,1
25,42,-0.01873400249,-0.0001712273806,1
25,50,-0.07227264345,-0.02417121269,1
25,58,-0.1623418182,-0.1928257644,1
25,66,-0.1461504102,-0.06789200008,1
25,74,-0.1622154564,0.03691530973,1
25,82,-0.07055965811,-0.02448188886,1
25,90,-0.06389446557,0.1078797877,1
25,98,-0.0905104503,0.07871445268,1
25,106,-0.1436591148,-0.09875173867,1
25,114,-0.1862513721,-0.004251306877,1
25,122,-0.08711726964,0.03963224217,1
25,130,0.03639446199,0.008670855314,1
25,138,0.03670938313,0.09277202934,1
25,146,-0.1222965941,0.1684012115,1
25,154,0.04990027845,0.1711593568,1
25,162,0.0605702661,0.1109977514,1
25,170,-0.01982304081,0.09405911714,1
33,10,-0.1742854416,-0.1740553677,1
33,18,0.1708223522,0.05176538229,1
33,26,0.2225458771,0.1087495685,1
33,34,0.04460803792,0.1208588779,1
33,42,-0.006375811994,-0.04501174018,1
33,50,-0.0189712476,-0.115928106,1
33,58,0.03101851791,-0.04377631843,1
33,66,-0.09700158983,-0.05560469627,1
33,74,-0.3225557804,-0.1339852512,1
33,82,-0.1397938877,-0.0724291876,1
33,90,0.003749869764,0.0899701193,1
33,98,0.02061513066,0.09420494735,1
33,106,-0.2397488207,0.03362382203,1
33,114,-0.2818229496,0.05582520366,1
33,122,-0.2056926191,0.08007624745,1
33,130,-0.01511760801,0.08892989904,1
33,138,-0.001170523465,0.0891546756,1
33,146,0.004338882864,0.06645003706,1
33,154,0.14963229,-0.02522506565,1
33,162,0.05358305573,0.0136708729,1
33,170,-0.05141391978,0.04540672898,1
41,10,-0.1829464138,-0.1732371151,1
41,18,-0.1521362364,0.02239308693,1
41,26,-0.1249505132,0.1227426082,1
41,34,-0.006709914654,0.1507756114,1
41,42,-0.07623397559,-0.01101703942,1
41,50,-0.05155983567,-0.08149629831,1
41,58,0.1437321454,0.04683859646,1
41,66,0.006527271122,-0.01183859259,1
41,74,-0.1086728349,-0.1976997852,1
41,82,-0.0309349671,-0.09058372676,1
41,90,-0.02201617509,0.0590903312,1
41,98,-0.1528376043,0.01725571603,1
41,106,-0.2021199912,0.0104201315,1
41,114,-0.1973838657,0.03558955714,1
41,122,-0.1128745973,0.04873085022,1
41,130,-0.1157705486,0.07436238229,1
41,138,-0.1071520075,0.08052650094,1
41,146,0.01291666552,0.0797753185,1
41,154,0.08806405216,-0.009506314993,1
41,162,0.05152690783,-0.01953243837,1
41,170,-0.01693356037,0.02794297785,1
49,10,-0.1668661237,-0.1059233248,1
49,18,-0.1435715705,0.03630458564,1
49,26,-0.08295077085,0.1301721632,1
49,34,-0.05173508823,0.0388273038,1
49,42,-0.0462795943,-0.0771921128,1
49,50,0.05652370676,-0.002224870026,1
49,58,0.2434704453,-0.02307470888,1
49,66,0.1385409534,-0.2543630302,1
49,74,0.1206204966,-0.09640140831,1
49,82,0.1538318843,0.06310469657,1
49,90,0.02508241683,0.08925091475,1
49,98,0.0002833753824,0.08015776426,1
49,106,-0.1571289897,-0.000692228321,1
49,114,-0.1383074522,-0.07557866722,1
49,122,-0.04644544423,0.03774176538,1
49,130,-0.153628692,0.07783909142,1
49,138,-0.1239370704,0.0451489985,1
49,146,-0.01314575225,0.08675312996,1
49,154,-0.06131511554,0.09085474908,1
49,162,-0.09767314792,0.02471672744,1
49,170,0.09173833579,0.001454031095,1
57,10,0.02247056738,-0.07937808335,1
57,18,0.005695641041,0.03056589328,1
57,26,-0.180062592,-0.05610237271,1
57,34,-0.1636096686,-0.1132186502,1
57,42,0.003886520863,-0.1481506228,1
57,50,0.02866911329,-0.02589767799,1
57,58,0.03983325139,-0.04315418005,1
57,66,-0.01159526221,-0.04973602667,1
57,74,0.06610807776,0.1306839585,1
57,82,0.0325692296,0.05458946154,1
57,90,-0.06975930929,-0.01601174101,1
57,98,-0.03031258285,0.03086883947,1
57,106,-0.04517389461,0.02226147801,1
57,114,-0.030411724,-0.03875127062,1
57,122,0.00738343969,-0.06467271596,1
57,130,-0.1015293822,-0.001048746519,1
57,138,-0.1425605714,-0.04674477875,1
57,146,-0.1106998175,-0.02397396043,1
57,154,-0.06740625203,-0.08671401441,1
57,162,0.03844799101,-0.0004472099245,1
57,170,0.08008187264,0.07121089101,1
65,10,0.08425664902,-0.1150881499,1
65,18,-0.1655308604,-0.01710125059,1
65,26,-0.1166004837,-0.137142539,1
65,34,-0.05277559906,0.01884957775,1
65,42,-0.111746192,-0.07250981778,1
65,50,0.06555338204,-0.02222637832,1
65,58,0.01290276647,0.002742242068,1
65,66,-0.1133668348,0.02374831215,1
65,74,0.05060590804,-0.06115654111,1
65,82,0.01731122658,-0.1124596149,1
65,90,-0.1677274108,-0.0352156572,1
65,98,-0.1378436387,-0.06320402771,1
65,106,-0.05067449063,-0.02417585254,1
65,114,0.06697521359,0.01013794728,1
65,122,0.05047221482,-0.1672794223,1
65,130,0.0788334012,-0.08935409784,1
65,138,0.07342325151,-0.009432254359,1
65,146,-0.03538972884,-0.02876722068,1
65,154,-0.05627758428,-0.06079285592,1
65,162,0.00728729926,0.01723363996,1
65,170,-0.002480577677,0.07141561061,1
73,10,-0.03550542518,-0.1330499649,1
73,18,-0.1336687505,0.08245189488,1
73,26,-0.01483146101,-0.01303960755,1
73,34,0.1293709427,0.06074143201,1
73,42,0.02081235126,-0.02069045976,1
73,50,-0.06870467961,0.006639186293,1
73,58,-0.1306332648,0.01392391324,1
73,66,-0.1606800556,-0.06421737373,1
73,74,-0.06913535297,-0.1140077561,1
73,82,-0.02516350895,-0.06324023753,1
73,90,0.007430590689,0.0230291523,1
73,98,-0.05814138055,0.01403539814,1
73,106,-0.07306797057,0.008576837368,1
73,114,0.05591990799,0.02187401801,1
73,122,0.03271713853,-0.05897828937,1
73,130,0.07960793376,-0.05461824685,1
73,138,0.04331343994,-0.02276231349,1
73,146,-0.03472142294,-0.07912327349,1
73,154,-0.07328976691,0.02366977185,1
73,162,-0.03858806565,0.08960451186,1
73,170,0.03315607458,0.06632632017,1
81,10,0.09449639916,-0.2161823213,1
81,18,0.07953764498,0.02898010239,1
81,26,0.03061749786,0.021336345,1
81,34,0.2330996543,-0.04880338162,1
81,42,0.1572738737,-0.01616756991,1
81,50,-0.1651801616,0.08199965954,1
81,58,-0.1297982931,-0.06799614429,1
81,66,-0.1136329174,-0.08879204094,1
81,74,-0.1209734753,0.02798399888,1
81,82,-0.02222898602,0.07898061723,1
81,90,-0.003611076623,-0.01513214223,1
81,98,-0.06101242453,0.02610712498,1
81,106,0.01887150854,0.09671659768,1
81,114,0.09235135466,0.001213062555,1
81,122,0.09349216521,0.05413088575,1
81,130,0.1699446142,-0.003411537036,1
81,138,0.1210328564,-0.0561458692,1
81,146,0.04371503741,-0.1612796783,1
81,154,0.0002510137856,-0.002081315964,1
81,162,0.1064923704,0.08674598485,1
81,170,0.09444917738,0.1252381951,1
89,10,0.06410162896,-0.06086733937,1
89,18,0.04480077699,-0.03248232231,1
89,26,0.01088894531,-0.1324408054,1
89,34,0.2936466634,-0.06446731836,1
89,42,0.1544377208,-0.01929349825,1
89,50,0.01635287888,-0.04000695422,1
89,58,0.06054323167,-0.08853974193,1
89,66,0.02031109482,0.01794105209,1
89,74,-0.004884939641,0.162764892,1
89,82,0.007256783545,0.07957963645,1
89,90,-0.02681030706,-0.06376387179,1
89,98,-0.06599503756,0.01723259129,1
89,106,-0.083416529,-0.01195742656,1
89,114,-0.1021860093,0.03751282394,1
89,122,-0.08938632905,0.09871733934,1
89,130,0.02528601512,0.05365390703,1
89,138,-0.03547474369,0.02868742496,1
89,146,0.04068577662,-0.06635442376,1
89,154,0.03297831118,0.06861058623,1
89,162,0.03404151648,0.06429690123,1
89,170,0.1634534448,0.08769959211,1
97,10,-0.1348582506,0.1130566895,1
97,18,-0.08049628139,-0.004204630852,1
97,26,-0.02114679851,-0.2162777185,1
97,34,0.01363028586,-0.2002008259,1
97,42,0.1082935184,-0.04546008259,1
97,50,0.06209367514,-0.04636321962,1
97,58,-0.02633232437,-0.01273278147,1
97,66,-0.005382027477,0.03959319368,1
97,74,-0.01875670999,0.04874816164,1
97,82,-0.01849689335,0.06745352596,1
97,90,-0.01041124761,-0.01228856109,1
97,98,-0.07857444137,-0.02959870361,1
97,106,-0.06594222039,0.06729345024,1
97,114,-0.1507308334,0.08862245083,1
97,122,-0.2059413195,0.1551428437,1
97,130,-0.08226893842,-0.002949886024,1
97,138,-0.1183637083,-0.007032912225,1
97,146,-0.1376224756,-0.04709420353,1
97,154,0.0517680943,0.06664644927,1
97,162,0.05777239799,0.1104227155,1
97,170,0.09136974812,0.2053569406,1
105,10,-0.08025805652,0.07739263773,1
105,18,-0.09204871953,-0.08961333334,1
105,26,-0.05029210821,-0.1990556568,1
105,34,-0.08434472978,-0.1669235528,1
105,42,-0.004136535339,-0.05494575575,1
105,50,-0.02400022745,0.1488098204,1
105,58,-0.1529639363,0.2683579922,1
105,66,-0.0397455059,0.05541913211,1
105,74,-0.05104199797,-0.002211824059,1
105,82,-0.095852606,0.07018431276,1
105,90,-0.1246391162,0.03982504457,1
105,98,-0.07118043303,0.03710306063,1
105,106,-0.04025670141,0.1140420139,1
105,114,-0.1021673605,0.0795449838,1
105,122,-0.2115816623,0.1764988005,1
105,130,-0.0329566747,0.1225161701,1
105,138,-0.07133863866,0.06204567105,1
105,146,-0.2108021379,-0.02729487605,1
105,154,-0.02832146734,0.007207976654,1
105,162,0.05756109208,0.1058557853,1
105,170,-0.03780202195,0.2437077165,1
113,10,-0.09376308322,0.1065168679,1
113,18,-0.04034535587,-0.03614582121,1
113,26,0.07695192099,-0.1854813695,1
113,34,-0.02995534614,-0.1789669394,1
113,42,-0.009453203529,-0.03994313255,1
113,50,0.3587055504,0.1910536587,1
113,58,0.09758523852,0.3335987031,1
113,66,-0.03206960857,0.1633735895,1
113,74,-0.07838721573,0.1059322879,1
113,82,-0.08334293962,0.07078869641,1
113,90,-0.1063890532,-0.1344933808,1
113,98,-0.2393942475,-0.0006626956165,1
113,106,-0.2555211186,0.09028181434,1
113,114,-0.1421482861,0.006887994707,1
113,122,0.06182780862,0.1345386654,1
113,130,0.1799745709,0.1832329631,1
113,138,-0.09845784307,0.04595299438,1
113,146,-0.1772986948,-0.007964692079,1
113,154,0.008756637573,0.02571105771,1
113,162,0.09517461061,0.01429902017,1
113,170,0.08275713027,0.2303103656,1
121,10,-0.06051692367,0.03010690212,1
121,18,-0.07346196473,0.02605321258,1
121,26,-0.0831932649,-0.0303016752,1
121,34,-0.1117487848,-0.1964963526,1
121,42,-0.03798277304,-0.0590973869,1
121,50,-0.05589594319,0.07021578401,1
121,58,-0.2537737787,0.1290104985,1
121,66,-0.3512364626,0.1536935866,1
121,74,-0.2028513402,-0.03840654343,1
121,82,-0.07763941586,0.1671194285,1
121,90,-0.007171817124,-0.03211256489,1
121,98,-0.05853426456,-0.05775590613,1
121,106,-0.1039545238,-0.01253056526,1
121,114,-0.02828202397,-0.06627184153,1
121,122,-0.01732031256,0.1754669547,1
121,130,-0.0501338914,0.02067506313,1
121,138,-0.1947280467,-0.1606406271,1
121,146,-0.1198574081,-0.07019594312,1
121,154,-0.1188003272,0.05709832907,1
121,162,-0.09567213058,0.1218971312,1
121,170,0.07651592791,0.3565528989,1
129,10,-0.126529783,0.027880162,1
129,18,0.02045015991,0.06046002358,1
129,26,-0.05237954855,0.1419411004,1
129,34,-0.02516354062,0.08734694123,1
129,42,0.03896270692,0.03599897027,1
129,50,-0.2624535859,0.1167492121,1
129,58,-0.2813420296,0.02955274284,1
129,66,0.0640623644,0.0522720255,1
129,74,0.1503815353,-0.03105705045,1
129,82,-0.07248575985,0.1655886769,1
129,90,-0.01779796556,0.1166244447,1
129,98,0.01765517145,0.06964065135,1
129,106,0.06293411553,0.0278102085,1
129,114,0.06064555049,-0.005540437996,1
129,122,-0.03356609866,0.1227153093,1
129,130,-0.1193159223,-0.01954258233,1
129,138,-0.4016886353,-0.1594116986,1
129,146,-0.1569084227,-0.08391284198,1
129,154,-0.02051438391,0.01571835577,1
129,162,0.1032642722,0.2343570888,1
129,170,0.23838377,0.348996073,1
137,10,-0.05938591808,0.04680710286,1
137,18,0.03012756258,0.04438548163,1
137,26,-0.06186372787,0.142624557,1
137,34,-0.05178578198,0.1110812873,1
137,42,-0.1478906721,0.1318349391,1
137,50,-0.1736085713,0.1306762695,1
137,58,-0.008230760694,-0.02604725957,1
137,66,0.1822325438,-0.07767169923,1
137,74,-0.05934882909,0.03896383569,1
137,82,-0.1325668991,-0.02255870029,1
137,90,-0.008433744311,0.02761640027,1
137,98,0.04464034736,0.06528443098,1
137,106,0.1005416438,-0.02290517464,1
137,114,0.0310988538,-0.04984745383,1
137,122,0.009297050536,0.04277943447,1
137,130,-0.0189990215,-0.07670299709,1
137,138,-0.06830234826,-0.2196744382,1
137,146,-0.07653559744,-0.1277759224,1
137,154,-0.08379603922,-0.01495607197,1
137,162,0.09880673885,0.1675594151,1
137,170,0.1844456345,0.2011842132,1
145,10,0.06067815423,-0.09178260714,1
145,18,0.03165546432,-0.03432847932,1
145,26,-0.03789283335,-0.07591152191,1
145,34,-0.0678703934,0.0277129896,1
145,42,-0.08469677716,0.1208244413,1
145,50,0.02672515064,0.08864922076,1
145,58,0.1161819324,0.03278817981,1
145,66,0.1717090458,0.04870377854,1
145,74,-0.2200556397,-0.05928453058,1
145,82,-0.06374899298,-0.05054715648,1
145,90,0.01676928438,0.002260021865,1
145,98,-0.02810990438,0.01816136017,1
145,106,0.01955568232,-0.0384035036,1
145,114,0.1336193979,-0.05508150533,1
145,122,0.07987582684,-0.05527916551,1
145,130,-0.001690134406,-0.175637871,1
145,138,-0.128616035,-0.2644846737,1
145,146,-0.213835761,-0.2451826334,1
145,154,-0.2303629965,-0.01560875773,1
145,162,-0.01894921437,0.07288017124,1
145,170,0.1743119955,0.1323949993,1
153,10,0.125473842,-0.130980581,1
153,18,0.05604729056,0.01825102419,1
153,26,-0.06425283849,-0.1300265342,1
153,34,-0.0448364988,-0.1612483114,1
153,42,0.06498385966,-0.002653853968,1
153,50,0.08042253554,0.02787797712,1
153,58,0.01100355387,0.02934555337,1
153,66,0.003321617842,-0.08937162906,1
153,74,0.04259063303,-0.1252568066,1
153,82,0.1095354557,0.04147131741,1
153,90,0.1213396341,-0.001884471625,1
153,98,-0.00497956574,0.008708743379,1
153,106,-0.006163412705,0.09965662658,1
153,114,0.06523983926,0.03951616213,1
153,122,-0.006708566099,-0.1025918201,1
153,130,-0.01376331504,-0.1026239246,1
153,138,-0.06399275362,-0.1656392068,1
153,146,-0.1891501546,-0.2067456245,1
153,154,-0.1474575698,0.0739339143,1
153,162,0.01202659495,-0.0009106136858,1
153,170,0.2418471277,0.01693521813,1
161,10,0.08795423061,-0.06045030057,1
161,18,0.06589186192,0.2128605694,1
161,26,-0.06069041789,0.08004871011,1
161,34,0.00328977406,-0.1964637786,1
161,42,0.09782429785,-0.02039438859,1
161,50,0.09770745039,0.03260337561,1
161,58,0.06893487275,-0.007050253451,1
161,66,0.05937349051,-0.06930927187,1
161,74,0.06482833624,-0.04796563834,1
161,82,0.1085875034,0.08502453566,1
161,90,0.2851056159,0.03563001379,1
161,98,0.1018950194,0.02198652551,1
161,106,-0.05248940736,0.0704202652,1
161,114,0.02973056957,-0.03872150928,1
161,122,0.03799938411,-0.06548826396,1
161,130,0.05401381105,0.1185443625,1
161,138,0.1238100231,-0.02531713992,1
161,146,0.04314587265,-0.01492404193,1
161,154,-0.08591288328,0.1840640157,1
161,162,-0.1117819548,0.05812057853,1
161,170,0.130943656,-0.001066528261,1
169,10,-0.02518385276,0.08892002702,1
169,18,0.1456119865,-0.03007605672,1
169,26,0.06611731648,0.0008661225438,1
169,34,0.009613271803,0.01794514805,1
169,42,-0.07746605575,0.1043707877,1
169,50,0.02047368139,0.0811829865,1
169,58,0.09036952257,0.1408637464,1
169,66,0.08736746013,0.06003690138,1
169,74,0.06223695725,-0.09428076446,1
169,82,-0.1061305851,0.141291067,1
169,90,0.280320555,-0.05932609364,1
169,98,0.2361906469,-0.01003292017,1
169,106,0.04968327284,-0.04058098421,1
169,114,0.2282033563,-0.2145217508,1
169,122,0.1651339233,0.01268216968,1
169,130,0.04500357062,0.05541318282,1
169,138,0.1049024537,0.02698830515,1
169,146,0.2431268394,0.01636178792,1
169,154,0.0830053091,0.1081746146,1
169,162,0.01457287371,0.04075140506,1
169,170,0.1265493184,-0.02490996383,1
177,10,-0.05944611877,0.04549221694,1
177,18,0.005929533392,-0.1337826252,1
177,26,-0.01630965248,-0.06893995404,1
177,34,0.06740175933,0.01015811414,1
177,42,0.002741780132,0.139394626,1
177,50,-0.09091812372,0.1734182537,1
177,58,-0.000596974045,0.07996626198,1
177,66,0.07448684424,0.07058826089,1
177,74,0.1419038028,-0.1499016583,1
177,82,0.1467812061,-0.04924696684,1
177,90,0.2534542382,-0.04095831513,1
177,98,0.369984746,-0.009722981602,1
177,106,0.2559845448,-0.08881126344,1
177,114,0.2129994929,-0.0777143091,1
177,122,0.09669806063,0.06833203882,1
177,130,0.004122816026,-0.0009642187506,1
177,138,0.1059690118,0.007425228134,1
177,146,0.0769668445,0.008279837668,1
177,154,0.001263403334,0.06315467507,1
177,162,-0.009625706822,-0.07168258727,1
177,170,0.06961922348,-0.0380279161,1
185,10,-0.2071443051,0.1643705517,1
185,18,-0.06630045921,-0.0149602443,1
185,26,0.03985556215,0.002380027436,1
185,34,0.1323631108,0.0005492195487,1
185,42,0.0440377295,0.07170289755,1
185,50,-0.08089514822,0.1516483873,1
185,58,-0.1097778231,0.081316486,1
185,66,0.000495634973,-0.003914220259,1
185,74,0.1031264514,-0.1644102782,1
185,82,0.03495232761,-0.0635099262,1
185,90,0.02090633661,0.01190632582,1
185,98,0.1977889538,-0.09434226155,1
185,106,0.201501593,-0.1137693524,1
185,114,0.005890510976,-0.06574827433,1
185,122,-0.0683016181,-0.1642053872,1
185,130,-0.0367052108,-0.09765320271,1
185,138,-0.06667356193,-0.02174311318,1
185,146,-0.05820319057,-0.008394822478,1
185,154,0.07150392234,-0.100005351,1
185,162,0.08981131017,-0.1980844736,1
185,170,-0.0852798447,-0.07042248547,1
193,10,-0.3378361762,0.2479995489,1
193,18,-0.1033000946,0.005705073476,1
193,26,0.09226994216,0.01902533695,1
193,34,0.196583122,-0.05844715983,1
193,42,0.1624794155,-0.02298144996,1
193,50,0.05572523177,0.05795706809,1
193,58,-0.02239380032,0.1592412889,1
193,66,-0.006029583514,-0.01610018499,1
193,74,0.06511054933,-0.1045650765,1
193,82,0.08726026118,-0.04373113811,1
193,90,-0.03462668881,0.02722451091,1
193,98,0.07483547926,-0.138822332,1
193,106,0.09271144122,-0.2053153515,1
193,114,0.00800459832,-0.1647844315,1
193,122,-0.02746525407,-0.2429975718,1
193,130,-0.003384336829,-0.1099252254,1
193,138,-0.02528072894,-0.00487145409,1
193,146,0.01060792245,-0.08025127649,1
193,154,0.06473891437,-0.185754925,1
193,162,0.0128746815,-0.1008612514,1
193,170,-0.104312025,0.02855114639,1
201,10,-0.1171226501,0.1614044756,1
201,18,0.03528919071,0.03126385808,1
201,26,0.112964198,0.02934873477,1
201,34,0.2499228567,-0.01101478934,1
201,42,0.2685182393,-0.03012217954,1
201,50,0.03170989826,0.06296394765,1
201,58,-0.08613696694,0.109390825,1
201,66,-0.1185792834,0.05861379951,1
201,74,0.04718699306,0.02546104044,1
201,82,0.08852944523,0.02312547714,1
201,90,-0.04827445,0.1008422598,1
201,98,0.08227849007,-0.03620453179,1
201,106,0.09640052915,-0.1441626847,1
201,114,-0.04245394468,-0.2175350934,1
201,122,-0.17603679,-0.09737668186,1
201,130,0.02015943453,-0.02695557475,1
201,138,0.02956927009,-0.01137240231,1
201,146,0.03263818473,-0.003645792603,1
201,154,0.03201720119,0.007021546364,1
201,162,-0.06679347157,0.1084761396,1
201,170,-0.02890976518,0.04814189672,1
209,10,0.047052145,0.1402270347,1
209,18,0.09563534707,0.1999470741,1
209,26,0.04859906062,0.1694456041,1
209,34,0.07967507094,0.1603267491,1
209,42,0.05204164237,-0.01362833381,1
209,50,-0.07047218084,0.04810392484,1
209,58,-0.112805821,0.0437798351,1
209,66,-0.05383679643,0.09452600777,1
209,74,-0.07263634354,0.05556755885,1
209,82,-0.01400391944,0.03051849082,1
209,90,0.01654765382,0.02901493013,1
209,98,0.1030002385,-0.06599827111,1
209,106,0.1374318302,-0.02112187445,1
209,114,-0.03480444103,-0.1699896157,1
209,122,-0.1852109283,-0.02656270191,1
209,130,-0.001766065136,-0.08959187567,1
209,138,0.06123687699,-0.05444234982,1
209,146,0.00637396425,0.05615286529,1
209,154,-0.05873643234,-0.1147301123,1
209,162,-0.0526009351,-0.1115475819,1
209,170,0.01093696058,0.1195298135,1
217,10,0.01008597016,0.1351010799,1
217,18,-0.05405467749,0.2047055662,1
217,26,-0.01010082662,0.1763856709,1
217,34,-0.05160611123,0.06050500274,1
217,42,-0.04071950167,0.06137405336,1
217,50,0.01569759287,0.03046859428,1
217,58,-0.001863464713,0.02007357776,1
217,66,-0.06410634518,0.1151399463,1
217,74,-0.1067233458,0.0328257978,1
217,82,-0.001202596352,-0.1014569327,1
217,90,0.08493046463,-0.04890608788,1
217,98,0.09748074412,-0.006916940212,1
217,106,0.1102202311,0.07793147117,1
217,114,-0.0007108552381,-0.02213109098,1
217,122,-0.1456260383,-0.073936373,1
217,130,-0.01924571767,-0.1627923846,1
217,138,0.02387957275,-0.1145188361,1
217,146,0.004609551281,0.08433259279,1
217,154,0.02746651322,0.001124616712,1
217,162,0.02685724944,0.03290804103,1
217,170,0.03151173145,0.1424923539,1
225,10,-0.05271489173,0.06794393063,1
225,18,-0.1335911006,0.0984223932,1
225,26,-0.03244090825,-0.08031652868,1
225,34,0.03464096785,-0.05080513284,1
225,42,-0.01474170387,0.1094873697,1
225,50,-0.008563946933,0.05137559772,1
225,58,0.02833563089,-0.01117035747,1
225,66,0.02731550485,0.04268853366,1
225,74,-0.02249260806,0.00368466787,1
225,82,-0.010564439,-0.1258108318,1
225,90,-0.06118910015,-0.1198712811,1
225,98,-0.1383784115,0.1855695099,1
225,106,-0.1378335357,0.1578964889,1
225,114,-0.1186453551,0.1255978644,1
225,122,-0.07784597576,-0.1203859895,1
225,130,-0.02944141999,-0.1324707717,1
225,138,-0.07044449449,-0.01601552591,1
225,146,-0.0670478344,0.15775612,1
225,154,0.02353188396,0.1185273454,1
225,162,-0.01893109828,-0.009733464569,1
225,170,-0.08775059134,0.09609124064,1
233,10,-0.04928384721,0.04942291975,1
233,18,-0.04152455926,0.0829571411,1
233,26,-0.09072974324,-0.07643162459,1
233,34,-0.1448380947,-0.02820895799,1
233,42,-0.128886804,0.0346412994,1
233,50,0.03153671324,0.04798242822,1
233,58,0.165290311,0.007612473331,1
233,66,0.0558084324,-0.02591168694,1
233,74,0.03445094824,0.01350972056,1
233,82,-0.0141043216,-0.1334305406,1
233,90,-0.1813872159,-0.1938580424,1
233,98,-0.2064414918,0.09250691533,1
233,106,-0.1820566654,0.02563193999,1
233,114,-0.08050653338,0.09754352272,1
233,122,-0.06577154249,-0.1326365769,1
233,130,-0.03133958578,-0.05406057462,1
233,138,-0.008298009634,0.1264257431,1
233,146,-0.07428665459,0.1340591013,1
233,154,-0.07127694786,0.08757413179,1
233,162,-0.1120360792,-0.08922448754,1
233,170,-0.09005963802,-0.01265702397,1
241,10,0.03281078488,0.1042198837,1
241,18,-0.09128765762,0.09823814034,1
241,26,-0.1204693019,0.06005388498,1
241,34,-0.2350296825,0.02881600708,1
241,42,-0.2182611525,-0.02664580196,1
241,50,-0.09310203046,-0.0733577013,1
241,58,0.05142988265,0.04055144638,1
241,66,0.03891307861,0.06398278475,1
241,74,0.04190022498,-0.02061182633,1
241,82,-0.03589747846,-0.2059665471,1
241,90,-0.2059544027,-0.2324303836,1
241,98,-0.08674304187,-0.0589928031,1
241,106,-0.006032094359,-0.1396666914,1
241,114,0.0985597074,-0.02547870949,1
241,122,0.04274325073,-0.1022188365,1
241,130,-0.07337007672,-0.101461105,1
241,138,-0.04985043406,0.04367848486,1
241,146,-0.05770215392,0.1759459972,1
241,154,-0.1139170676,0.08362683654,1
241,162,-0.04240894318,0.06385267526,1
241,170,-0.02835768461,-0.1029474586,1
249,10,0.1627418697,0.10642156,1
249,18,-0.1078196093,0.1510311067,1
249,26,-0.1845529974,0.1373617202,1
249,34,-0.1556348652,0.1013367772,1
249,42,-0.1764108837,0.03881767392,1
249,50,-0.1713174284,-0.004630564712,1
249,58,-0.1253115684,-0.001039221883,1
249,66,-0.156636849,0.002101738472,1
249,74,-0.1784535795,0.01059512608,1
249,82,-0.1563509405,-0.135854587,1
249,90,-0.05782664567,-0.08017736673,1
249,98,0.02598373592,-0.08998544514,1
249,106,0.006063491106,-0.1361961067,1
249,114,0.004319794476,-0.09597954899,1
249,122,0.04736689478,-0.100596264,1
249,130,-0.1403432488,-0.2296323478,1
249,138,-0.1337690651,-0.0556278117,1
249,146,-0.06700057536,0.1352548599,1
249,154,-0.1431526095,0.1013306528,1
249,162,-0.1117886901,0.07878923416,1
249,170,-0.0760814324,-0.188739121,1
257,10,0.1087752432,0.01874919981,1
257,18,-0.09475137293,0.09309726208,1
257,26,-0.1590918601,0.04793739319,1
257,34,-0.09044862539,0.09112560749,1
257,42,-0.07416988164,0.005724692717,1
257,50,-0.0005837492645,0.06152990833,1
257,58,0.0977614522,-0.09819459915,1
257,66,-0.08573120087,-0.1179138944,1
257,74,-0.1736171842,-0.0386294052,1
257,82,-0.1847308874,-0.004503451288,1
257,90,-0.06701222807,0.01883744448,1
257,98,0.09243506193,-0.005128066987,1
257,106,0.06047334149,-0.000102981925,1
257,114,-0.1120110527,-0.04254220426,1
257,122,-0.1016644984,-0.04802560061,1
257,130,-0.07894995809,-0.1591220051,1
257,138,-0.1397832036,-0.1138320193,1
257,146,0.01715762913,-0.02394106239,1
257,154,-0.08207990974,-0.0005573555827,1
257,162,-0.2200086713,0.001317804679,1
257,170,-0.2496866584,-0.1460892707,1
265,10,0.05259402841,-0.03705845773,1
265,18,-0.009036958218,-0.004939116538,1
265,26,-0.1526481509,-0.01565286517,1
265,34,-0.2630392611,0.08930835128,1
265,42,-0.1594296247,0.02392498776,1
265,50,0.1048000902,0.07478640974,1
265,58,0.2625816166,-0.02173964679,1
265,66,0.1946075112,-0.09890547395,1
265,74,0.1445085853,-0.04961596429,1
265,82,0.07110162824,0.0545937866,1
265,90,0.01794579998,0.1132659689,1
265,98,0.0853870362,0.1376919597,1
265,106,0.1222495511,0.02250275947,1
265,114,-0.04902460426,-0.2257165611,1
265,122,-0.007225982845,0.02726686746,1
265,130,-0.07586722076,0.06329125166,1
265,138,-0.1004710943,-0.08912985027,1
265,146,-0.06877964735,0.00931141898,1
265,154,-0.1815169752,-0.1656336188,1
265,162,-0.2411451638,0.04935218021,1
265,170,-0.2747776508,0.1311559677,1
273,10,-0.08879989386,-0.06799413264,1
273,18,-0.1152935773,-0.0205462873,1
273,26,-0.07681501657,0.0380194746,1
273,34,-0.08328025043,0.02438664064,1
273,42,-0.09534198046,0.06301765144,1
273,50,-0.04705484957,0.2962467968,1
273,58,0.07048246264,0.1307428926,1
273,66,0.09830774367,0.04980192333,1
273,74,0.1756698787,0.1095306277,1
273,82,0.3126566708,0.1403145492,1
273,90,0.152327314,0.2355658412,1
273,98,0.08290271461,0.284496963,1
273,106,0.05706419051,0.06205171347,1
273,114,-0.05477560684,-0.3267639577,1
273,122,-0.08403430879,0.03271853179,1
273,130,-0.04595182836,0.1020013988,1
273,138,-0.09095907211,-0.04947599769,1
273,146,-0.1409774721,0.00283588469,1
273,154,-0.2369752675,0.005314916372,1
273,162,-0.2011573613,0.07255072892,1
273,170,-0.1236395985,0.2500134706,1
281,10,-0.1486821324,-0.08249420673,1
281,18,-0.1382273138,0.03001826629,1
281,26,-0.09903283417,0.008771620691,1
281,34,-0.02837878093,-0.02659827098,1
281,42,0.09878405184,0.09468716383,1
281,50,-0.06231664494,0.209944725,1
281,58,-0.0502881147,-0.04627613723,1
281,66,-0.03100040369,-0.1249677837,1
281,74,-0.09699048847,0.1526202857,1
281,82,0.0451355651,0.1866482794,1
281,90,-0.01996780559,0.04389046878,1
281,98,-0.01743265241,0.1331517398,1
281,106,-0.02231920511,0.1484680772,1
281,114,-0.0851662606,-0.2263211012,1
281,122,-0.1094381735,0.03139273822,1
281,130,-0.1587151885,0.06809795648,1
281,138,-0.1339702606,-0.05861265585,1
281,146,-0.09736445546,-0.05227640271,1
281,154,-0.1613105685,0.09364510328,1
281,162,-0.1451915503,0.1126742437,1
281,170,0.0527626574,0.151362136,1
289,10,-0.1542281657,-0.0604576245,1
289,18,-0.06175427139,0.02988165244,1
289,26,-0.05169166252,-0.02518775314,1
289,34,0.03844436258,0.0192552302,1
289,42,0.1755360216,0.08245567977,1
289,50,0.06849765033,0.10606049,1
289,58,-0.05266911536,-0.01772112772,1
289,66,-0.05492965877,-0.1329772174,1
289,74,-0.1391349286,0.08897763491,1
289,82,0.001924453303,0.1640323699,1
289,90,0.1284739971,-0.02146095783,1
289,98,0.07050701976,0.12946859,1
289,106,-0.02228410542,0.2543006539,1
289,114,-0.1015393361,-0.0184841305,1
289,122,-0.07742202282,-0.1244442314,1
289,130,-0.05627673119,-0.125966087,1
289,138,-0.09413789213,-0.07170581818,1
289,146,-0.1028052196,-0.02118308097,1
289,154,-0.08387209475,0.06551078707,1
289,162,-0.08424387127,0.1067291349,1
289,170,-0.1583989859,0.04648771882,1
297,10,-0.1626516432,-0.06240359694,1
297,18,-0.1095127314,0.02846668661,1
297,26,-0.2036754191,-0.05856529623,1
297,34,-0.06019446254,-0.007523557171,1
297,42,0.1653556824,0.07819151878,1
297,50,0.1239725277,0.04700085893,1
297,58,0.08376783878,0.1533930153,1
297,66,-0.1524273157,0.03102695569,1
297,74,-0.1348655373,0.01594983786,1
297,82,-0.01427552849,0.174465403,1
297,90,0.07750247419,0.2250784934,1
297,98,0.03849433362,0.1411386877,1
297,106,-0.1114385575,0.1669780612,1
297,114,-0.1486296207,0.05599699914,1
297,122,-0.04845397919,-0.05514802784,1
297,130,0.0670620501,-0.06336061656,1
297,138,0.07901600003,-0.04151299968,1
297,146,0.01646815427,0.0360897854,1
297,154,-0.06852851808,0.009815476835,1
297,162,-0.1084830016,0.01589686051,1
297,170,-0.009717335925,-0.03663663194,1
305,10,0.03596992791,-0.1173356622,1
305,18,-0.05845161527,0.02592200041,1
305,26,-0.07328785956,0.01420119405,1
305,34,0.05363354832,-0.003161972389,1
305,42,0.1316686869,0.1075913012,1
305,50,0.08947930485,0.03516098112,1
305,58,0.04523837566,-0.07978694886,1
305,66,-0.1335736811,0.0162426047,1
305,74,-0.1467347145,0.08692973852,1
305,82,-0.06947504729,0.1370234787,1
305,90,-0.07964907587,0.08720244467,1
305,98,-0.05556884781,0.05141790211,1
305,106,-0.03481071442,0.09961845726,1
305,114,-0.05311035365,0.06138145924,1
305,122,-0.0558141768,0.1199323311,1
305,130,0.01460647956,0.001272810623,1
305,138,0.1281148493,-0.02617988735,1
305,146,0.1229784936,0.05828813836,1
305,154,-0.04175308719,0.01679060608,1
305,162,-0.06546526402,0.06566488743,1
305,170,0.05046605319,0.01131714135,1
313,10,0.1141393706,-0.06811140478,1
313,18,0.04587058723,0.008331838995,1
313,26,-0.1376073956,0.02922273427,1
313,34,-0.09044055641,0.03732356057,1
313,42,0.1610918939,0.05612187088,1
313,50,0.1283989549,0.01737606153,1
313,58,0.03290275484,-0.05393906683,1
313,66,-0.02551620454,0.02967169881,1
313,74,-0.05316974968,0.08874422312,1
313,82,0.00429103896,-0.01218498871,1
313,90,0.01066787075,-0.05478056148,1
313,98,-0.05074350536,-0.01083738357,1
313,106,0.01312952116,-0.03342555836,1
313,114,0.1215170994,-0.03657424077,1
313,122,0.03366895765,0.09069430083,1
313,130,-0.1299236119,0.02319286391,1
313,138,-0.04174944013,0.09606160969,1
313,146,-0.000511333812,0.02152716368,1
313,154,0.01001262106,-0.00271717459,1
313,162,-0.02953151241,0.05484128371,1
313,170,-0.05721028894,0.03466660529,1
321,10,0.08467648923,-0.005793012679,1
321,18,0.1161198989,0.01888814569,1
321,26,-0.07180725783,-0.06676493585,1
321,34,-0.06553262472,-0.04775168747,1
321,42,0.09168802202,-0.09195555747,1
321,50,0.06311900169,-0.1137562171,1
321,58,0.005560430698,-0.005565099418,1
321,66,0.005956914276,0.04689079523,1
321,74,0.1058322936,0.09526722133,1
321,82,0.2459951639,-0.09247907996,1
321,90,0.1006069034,-0.07345528901,1
321,98,0.03189170361,-0.2520392835,1
321,106,0.1168225929,-0.1234565973,1
321,114,0.1176866665,-0.08361399174,1
321,122,0.1592650265,0.04708383232,1
321,130,0.07856785506,0.010426566,1
321,138,-0.04944613576,0.09874728322,1
321,146,0.02130423486,0.06594964862,1
321,154,-0.00516641885,0.08303820342,1
321,162,-0.1763636172,0.01933308132,1
321,170,-0.2527807951,-0.01939631626,1
329,10,0.1989924014,-0.04328048229,1
329,18,0.2570198178,-0.07990707457,1
329,26,0.1977349818,0.02229966596,1
329,34,0.03749273717,0.0139161665,1
329,42,0.07033509761,-0.1958593726,1
329,50,-0.006060965359,-0.2088322788,1
329,58,0.002866592258,-0.1437752396,1
329,66,0.05222267658,0.03042757139,1
329,74,0.02810749784,0.1960049272,1
329,82,-0.1307460964,0.0535762459,1
329,90,-0.1710288972,0.01858100668,1
329,98,-0.06391942501,-0.05743380636,1
329,106,0.1419419497,0.09876595438,1
329,114,-0.05101512372,0.2325225621,1
329,122,-0.06538425386,0.005258124322,1
329,130,0.02807754278,-0.05200301111,1
329,138,0.0504007265,-0.008058737963,1
329,146,0.09180595726,0.09176598489,1
329,154,-0.06226530671,0.05383414775,1
329,162,-0.08291169256,0.01641409844,1
329,170,-0.2223189473,-0.05063134059,1
337,10,0.2274353951,0.006512135267,1
337,18,0.3914393783,0.05952940136,1
337,26,0.1812564433,0.1301181316,1
337,34,-0.04394643009,0.2043531835,1
337,42,0.03272134066,0.01497927308,1
337,50,-0.0206775777,-0.05914079398,1
337,58,0.01617339998,-0.05689137429,1
337,66,0.1994007975,0.1006422788,1
337,74,0.08475676924,0.1669656336,1
337,82,-0.125508368,0.1600611508,1
337,90,-0.1457466185,0.02018969506,1
337,98,-0.09934493899,0.07020398974,1
337,106,0.03415526077,0.1958717853,1
337,114,-0.04584568739,0.3041805029,1
337,122,-0.07661037147,-0.07434532046,1
337,130,0.008045330644,-0.1030362993,1
337,138,-0.0170978941,0.03964898735,1
337,146,0.07215908915,0.05750260875,1
337,154,-0.02577447891,-0.1110473201,1
337,162,-0.1680475324,-0.02935413644,1
337,170,-0.1378334463,-0.0891527161,1
345,10,0.1508140266,0.0837938562,1
345,18,0.1968991011,0.05979112536,1
345,26,0.1096489504,0.1114267483,1
345,34,-0.01094317436,0.1775246859,1
345,42,-0.001285359263,0.2275990695,1
345,50,0.003472939134,0.1305628717,1
345,58,0.1186274737,0.0376679115,1
345,66,0.1880479157,0.1201236472,1
345,74,0.1097617745,0.1480065882,1
345,82,0.1431806982,0.2605770826,1
345,90,-0.03313256055,0.08685884625,1
345,98,-0.08316574991,0.07020734251,1
345,106,-0.002231516875,0.1108191535,1
345,114,-0.01175151393,-0.03599631414,1
345,122,0.06205638871,-0.02491151169,1
345,130,0.127319932,-0.02766129188,1
345,138,0.03759196401,0.0703060329,1
345,146,0.01856258139,0.07188999653,1
345,154,-0.01791847125,-0.09279757738,1
345,162,0.03686745465,-0.06886021048,1
345,170,0.1367098391,-0.1492628753,1
353,10,0.08588204533,0.03437188268,1
353,18,0.09467104077,-0.03574061394,1
353,26,0.007899902761,0.01574112475,1
353,34,-0.03902718425,0.0220689252,1
353,42,0.04214628041,0.1809460074,1
353,50,-0.01351842284,0.1576649845,1
353,58,0.01953303814,0.07322599739,1
353,66,0.1862813532,0.1216271818,1
353,74,0.1199003831,0.1880822778,1
353,82,0.05619445816,0.1810845733,1
353,90,-0.0618820563,0.1139854267,1
353,98,-0.1001171544,0.05377931148,1
353,106,-0.03686605021,0.08766374737,1
353,114,-0.01020568237,-0.06721636653,1
353,122,0.05958541855,0.1128956378,1
353,130,0.05923656374,0.0436777845,1
353,138,0.01220671646,0.05389763042,1
353,146,-0.06493978202,0.06396099925,1
353,154,-0.007697572932,0.03045700118,1
353,162,0.1218218356,-0.02720005065,1
353,170,-0.077159971,-0.1279450059,1
361,10,-0.05578786135,0.03692581132,1
361,18,-0.09717531502,-0.03969607502,1
361,26,-0.0731921941,-0.1293089688,1
361,34,-0.014697887,-0.02883498371,1
361,42,0.02751926333,0.05960760266,1
361,50,0.02497546934,0.1254431456,1
361,58,0.06162032485,0.06852127612,1
361,66,0.06654854119,0.06672437489,1
361,74,0.0005197227001,0.1570364237,1
361,82,0.02509270236,0.02843693644,1
361,90,0.06825429946,0.04113331437,1
361,98,0.07180304825,0.02835570835,1
361,106,0.1039095372,0.1308910251,1
361,114,0.08742165565,0.1739366204,1
361,122,-0.05987103283,0.127618745,1
361,130,0.0152226612,0.05992251635,1
361,138,0.1101614311,0.02599233389,1
361,146,0.1246647909,0.07708696276,1
361,154,0.008926492184,0.0656850189,1
361,162,-0.1441776454,0.0574246794,1
361,170,-0.3046904206,-0.02590336651,1
369,10,0.07279390097,0.0276324898,1
369,18,0.009694121778,-0.02132792026,1
369,26,-0.1032404751,-0.05832829699,1
369,34,-0.04976288974,0.08149008453,1
369,42,-0.007369682193,0.07728438079,1
369,50,-0.0648189187,0.04803397506,1
369,58,0.003627229482,0.07015915215,1
369,66,0.07253183424,0.06528294086,1
369,74,0.134780556,0.07669923455,1
369,82,0.1067995206,-0.07193863392,1
369,90,0.01135141961,-0.08311927319,1
369,98,-0.222450152,0.0111213997,1
369,106,-0.3176599443,0.2086305022,1
369,114,-0.1101096496,0.2208051533,2
369,122,-0.06479300559,0.1191485226,1
369,130,0.04209353775,0.02600201033,1
369,138,0.09531478584,-0.0061607752,1
369,146,0.255841732,0.1193588078,1
369,154,0.2509253025,0.1006394774,1
369,162,-0.03493703529,-0.01600302197,1
369,170,-0.3273456395,0.02426891029,1
377,10,0.1557014138,0.03776087612,1
377,18,0.09767909348,0.08584067971,1
377,26,-0.1967528462,0.1975146532,1
377,34,-0.09475454688,0.1386626959,1
377,42,-0.02081530169,-0.007752912119,1
377,50,-0.05772672594,-0.0426094979,1
377,58,0.02223121375,0.1048651785,1
377,66,0.1486611813,0.1124430001,1
377,74,0.301607877,0.06536233425,1
377,82,0.1903191954,-0.1064717621,1
377,90,-0.005735722836,-0.1949242204,1
377,98,-0.1185651198,-0.09911878407,1
377,106,-0.1713157445,0.1300722957,1
377,114,-0.1454073191,0.3815049529,1
377,122,0.05833395571,0.1224588454,1
377,130,0.1441080421,0.04960922152,1
377,138,0.1468096375,0.04776354134,1
377,146,0.179856658,0.07507750392,1
377,154,0.09633612633,0.00705691427,1
377,162,-0.05507393181,-0.1155836061,1
377,170,-0.2676209211,0.07299721241,1
385,10,0.1521856785,0.02548511326,1
385,18,0.08843231946,0.05897767842,1
385,26,-0.1438201666,0.07462714612,1
385,34,-0.2172534764,-0.000657197088,1
385,42,-0.06908902526,-0.08936654031,1
385,50,-0.05660263449,-0.08926240355,1
385,58,-0.152618438,0.03173228353,1
385,66,-0.05566716194,0.09139679372,1
385,74,0.2156164646,-0.104356274,1
385,82,0.1104924902,-0.1053966582,1
385,90,-0.02399706095,-0.03597288206,1
385,98,-0.1246091649,0.03547348827,1
385,106,-0.1316510737,0.1472118497,1
385,114,-0.1134713218,0.1924925745,1
385,122,-0.0555988811,0.1180340499,1
385,130,0.03671692312,0.09879046679,1
385,138,0.01317981631,0.02337460406,1
385,146,0.1284146011,0.01035343483,1
385,154,0.04051241279,-0.01532880124,1
385,162,-0.05151156336,-0.04520886391,1
385,170,-0.1106666327,0.0883571282,1
393,10,0.06208729744,-0.08481378853,1
393,18,0.03126050532,-0.01344042271,1
393,26,-0.1297432184,0.1250902712,1
393,34,-0.05884030834,-0.02467097342,1
393,42,0.01328788325,-0.07319647074,1
393,50,0.03999819979,0.005877573043,1
393,58,0.04019756615,0.1094525307,1
393,66,0.1057022288,0.1653855294,1
393,74,0.1452889591,-0.1048450321,1
393,82,-0.007811862975,-0.1285640597,1
393,90,-0.06340666115,0.1118120924,1
393,98,-0.1447820663,0.05383769423,1
393,106,-0.1633632779,0.1003813371,1
393,114,0.08534428477,0.07178968936,1
393,122,-0.01125076413,0.03889458999,1
393,130,-0.02307603881,-0.05057667568,1
393,138,-0.02600862458,0.00413367711,1
393,146,-0.167897597,-0.007645543665,1
393,154,-0.07310640067,0.045820117,1
393,162,-0.08460064232,-0.009150989354,1
393,170,-0.02050272003,0.01583436504,1
401,10,-0.1092714295,0.07113967091,1
401,18,-0.1030622572,0.09190610051,1
401,26,-0.06228971481,0.1295525879,1
401,34,-0.05720680952,0.1785471439,1
401,42,0.08060657978,0.09181438386,1
401,50,0.07311179489,0.166958198,1
401,58,0.06799034774,0.01213832945,1
401,66,0.1193205267,0.07373863459,1
401,74,0.01476960629,0.04068154097,1
401,82,-0.1319859773,0.06211064756,1
401,90,-0.0571593456,0.2450989038,1
401,98,-0.1330146939,0.1856518984,1
401,106,-0.1048608795,0.08470249176,1
401,114,0.03140570223,-0.07610097528,1
401,122,-0.008508838713,-0.064295277,1
401,130,-0.04126207903,-0.07350459695,1
401,138,-0.02241240814,0.001055881381,1
401,146,-0.04920994863,-0.10617318,1
401,154,-0.09952417016,0.07273058593,1
401,162,-0.1025003791,0.0104817301,1
401,170,-0.02011409774,0.07893803716,1
409,10,0.1502200067,0.1570126861,1
409,18,0.109989658,0.2744701207,1
409,26,-0.08587689698,0.07428622991,1
409,34,-0.09254008532,0.1336073726,1
409,42,-0.07004503906,0.1543215364,1
409,50,-0.06747972965,0.2641082704,1
409,58,-0.08940717578,0.136046201,1
409,66,-0.1045664698,-0.184416458,1
409,74,0.008463174105,-0.02101198956,1
409,82,0.03221096843,0.2495795488,1
409,90,0.09456627071,0.1903620809,1
409,98,0.02176740021,0.2689020634,1
409,106,-0.06394343078,0.2071474195,1
409,114,0.06684266776,-0.03422050178,1
409,122,0.0907343179,0.05502870679,1
409,130,-0.02657615021,0.04262787104,1
409,138,-0.06230001524,0.06256803125,1
409,146,0.1659168005,-0.09443665296,1
409,154,0.3105599582,-0.1307596266,1
409,162,-0.0732139945,-0.003852773458,1
409,170,-0.1035826057,0.1765503436,1
417,10,0.554135859,0.0346147418,1
417,18,0.1110599637,0.1124088019,1
417,26,-0.2260331511,0.05835058168,1
417,34,-0.09641886503,0.1092348024,1
417,42,0.0617518872,0.1967331767,1
417,50,0.009642273188,0.2755336165,1
417,58,-0.2789616287,0.2153509855,1
417,66,-0.3607787192,-0.037244156,1
417,74,-0.151553452,-0.01513694599,1
417,82,-0.05651909858,0.1416509449,1
417,90,0.0472432375,-0.003588039428,1
417,98,-0.06778015196,0.004862010479,1
417,106,-0.1628519595,0.1524403244,1
417,114,0.03961858153,0.1096700728,1
417,122,0.07764515281,0.2494793236,1
417,130,-0.05264123902,0.294994235,1
417,138,-0.07065162063,0.2283699512,1
417,146,0.09275500476,-0.06829092652,1
417,154,0.175944224,-0.2159796208,1
417,162,0.01199702919,-0.06840528548,1
417,170,-0.2551454008,0.1961160004,1
