PIVlab, ASCII chart output - 02-Aug-2025
FRAME: 134, filenames: A:[134]FullStack_Pos0035_TgUtrmcherry_K4K8MO-1.avi & B:[135]FullStack_Pos0035_TgUtrmcherry_K4K8MO-1.avi, conversion factor xy (px -> m): 1, conversion factor uv (px/frame -> m/s): 1
x [px],y [px],u [px/frame],v [px/frame],Vector type [-]
9,10,0.03673325479,0.0349117592,1
9,18,-0.1035057828,0.2297495008,1
9,26,-0.07272393256,0.162796542,1
9,34,0.01759341359,0.1980738193,1
9,42,0.1329056472,0.07565921545,1
9,50,0.2064837217,0.05979023874,1
9,58,0.2965453565,0.08146095276,1
9,66,0.1761778295,0.1035275161,1
9,74,-0.1134610921,0.04058044031,1
9,82,-0.281526655,-0.04352435842,1
9,90,-0.1363814175,0.05320296437,1
9,98,-0.007891207933,0.08078821003,1
9,106,0.1336003244,0.02803721279,1
9,114,0.2178031802,-0.03402723372,1
9,122,0.182921052,0.03308847547,1
9,130,-0.04336220026,0.1152649969,1
9,138,-0.1525061429,0.1231500804,1
9,146,-0.04962402582,0.1657317281,1
9,154,0.02304239571,0.173306495,1
9,162,-0.04957045615,0.1824168563,1
9,170,-0.1516597271,0.1609133184,1
17,10,-0.1332307756,0.06769625098,1
17,18,-0.2131569088,0.10253039,1
17,26,-0.2834801078,0.08037375659,1
17,34,-0.265093267,0.1647564471,1
17,42,-0.08067437261,0.1360298395,1
17,50,0.06470408291,0.03501196206,1
17,58,0.09286187589,0.06762503088,1
17,66,0.1209252998,0.04824447259,1
17,74,0.1407169402,0.2286197692,1
17,82,0.01515342295,-0.009355219081,1
17,90,-0.07101791352,0.05172972381,1
17,98,0.0187917985,0.0296545513,1
17,106,0.03498971462,-0.03563524038,1
17,114,0.04410769045,0.02140792832,1
17,122,0.04710816592,0.1676725,1
17,130,-0.09072315693,0.152415663,1
17,138,-0.1588593721,0.02441572398,1
17,146,-0.1005414426,0.0965796262,1
17,154,-0.04670523107,0.0860965699,1
17,162,-0.1705381572,0.03299074993,1
17,170,-0.1094524637,0.0971737355,1
25,10,-0.1522401869,-0.1136317551,1
25,18,-0.2380963415,-0.08030664921,1
25,26,-0.3156557083,-0.06202337146,1
25,34,-0.2446812242,0.004443828017,1
25,42,-0.03839337826,0.1245060861,1
25,50,0.03036946058,0.09187790751,1
25,58,0.02273724228,0.08247836679,1
25,66,0.09328049421,-0.09082756937,1
25,74,0.1066692322,0.05739219487,1
25,82,0.06314476579,0.08364694566,1
25,90,0.05252815038,0.06384111941,1
25,98,0.02571932971,0.1986897588,1
25,106,0.04646692798,0.09026648104,1
25,114,0.003415293992,0.05055654794,1
25,122,0.05669096857,0.1634342223,1
25,130,-0.01626778394,0.05236703902,1
25,138,-0.08752523363,-0.1261734217,1
25,146,-0.06407138705,-0.0007436089218,1
25,154,-0.01399287209,0.02333405614,1
25,162,-0.04769370705,0.006760621443,1
25,170,0.0001245569438,0.0220445469,1
33,10,-0.0627502203,-0.3517680764,1
33,18,-0.1282062978,-0.3153111041,1
33,26,-0.2165335119,-0.1494645029,1
33,34,-0.2208157778,-0.04325183854,1
33,42,-0.08492491394,0.005618024617,1
33,50,0.03504225984,0.06027966738,1
33,58,0.09978979081,0.08182183653,1
33,66,0.06162292883,0.03917877376,1
33,74,-0.044207111,0.05356566235,1
33,82,-0.0298129376,0.1073254198,1
33,90,0.03529766202,0.1186140478,1
33,98,-0.0212688297,0.1641852409,1
33,106,-0.05316664279,0.1503894627,1
33,114,0.02003781125,0.1174458414,1
33,122,0.003519318998,0.07557227463,1
33,130,-0.0003450214863,0.02613864839,1
33,138,0.02182752639,0.006777238101,1
33,146,-0.04698262364,-0.04150680825,1
33,154,-0.02765451372,-0.03633707762,1
33,162,-0.00957323797,0.02226919681,1
33,170,-0.0670568049,0.05456857756,1
41,10,-0.06238849834,-0.1925430596,1
41,18,0.04959131777,-0.208973974,1
41,26,-0.0469269529,-0.04451735318,1
41,34,-0.1767340004,-0.03640400991,1
41,42,-0.02786935493,-0.01468165591,1
41,50,0.08466672152,0.008746780455,1
41,58,-0.004618667066,-0.01164855435,1
41,66,-0.1867067218,0.1601456404,1
41,74,-0.1660858691,0.1036532521,1
41,82,0.008328586817,0.1222642437,1
41,90,-0.04227714986,0.1420084536,1
41,98,-0.05963222682,0.1023650169,1
41,106,-0.04750471935,0.1363347769,1
41,114,-0.03502716124,0.09669664502,1
41,122,-0.1540625542,0.0956902504,1
41,130,-0.2299489677,0.05239580572,1
41,138,-0.1285808086,0.126099661,1
41,146,-0.1430491507,0.04847449064,1
41,154,-0.08890583366,0.04057711363,1
41,162,0.0101998616,0.03287975863,1
41,170,-0.03035871685,0.09029221535,1
49,10,-0.02736386657,0.003032185137,1
49,18,0.07641419023,0.01346029341,1
49,26,0.003603480756,-0.03637871146,1
49,34,-0.02063795179,-0.1126244739,1
49,42,0.08466958255,0.03079689108,1
49,50,0.09379932284,-0.01659780741,1
49,58,-0.0139141269,-0.1499230564,1
49,66,-0.1989768445,-0.08723115921,1
49,74,-0.2169778347,-0.005745537579,1
49,82,-0.1920955926,0.01385650784,1
49,90,-0.1257078946,-0.002185791731,1
49,98,-0.0004689358175,0.04947379231,1
49,106,0.1051439345,0.06427676976,1
49,114,-0.03706936538,0.00813908875,1
49,122,-0.1151505858,0.07518752664,1
49,130,-0.1788827479,-0.03028421104,1
49,138,-0.176142931,0.004073306918,1
49,146,-0.05661875755,0.03294089064,1
49,154,-0.04637082666,0.1346199512,1
49,162,-0.09949090332,0.09516985714,1
49,170,0.02251137793,-0.0789635554,1
57,10,0.05852011591,0.06635612994,1
57,18,0.02880154923,-0.01143771969,1
57,26,0.1390676498,-0.09315849841,1
57,34,0.0153336823,-0.03210707754,1
57,42,0.03148440272,0.08687115461,1
57,50,0.06501041353,-0.009823259898,1
57,58,0.02481795475,-0.0279693976,1
57,66,-0.04649800062,-0.08144233376,1
57,74,-0.1700139791,-0.06615076214,1
57,82,-0.1857584864,0.003803793341,1
57,90,-0.2175215036,0.002602338791,1
57,98,-0.05203616247,-0.002189919353,1
57,106,0.07937767357,0.0335573107,1
57,114,0.01950671896,-0.03000390157,1
57,122,-0.01246346906,-0.007564585656,1
57,130,-0.01646749675,-0.01156416535,1
57,138,-0.03698986769,0.0465297997,1
57,146,-0.04822027683,0.1466491222,1
57,154,-0.07050855458,0.1300784945,1
57,162,-0.1932638884,0.267528832,1
57,170,-0.2105425298,0.02465067059,1
65,10,0.08496069908,0.02343343198,1
65,18,0.0170192346,-0.04658105969,1
65,26,0.06393620372,-0.1228827313,1
65,34,0.08240173012,-0.03765518963,1
65,42,0.006616838276,-0.002334465273,1
65,50,-0.0854472518,0.04748225212,1
65,58,0.01156418771,0.07790596038,1
65,66,-0.04649535567,-0.08916577697,1
65,74,-0.2771474123,-0.0170096159,1
65,82,-0.1619663835,0.04962297156,1
65,90,-0.156478256,0.1523516625,1
65,98,-0.07615093142,0.07717294991,1
65,106,0.007535077631,0.02668312192,1
65,114,-0.01474672928,-0.05508698523,1
65,122,-0.04784746096,0.005952291191,1
65,130,0.009741228074,0.1464650333,1
65,138,-0.02028835937,0.1920253634,1
65,146,-0.1940533668,0.1973645985,1
65,154,-0.1141043305,0.08706815541,1
65,162,-0.05613138527,0.1857935488,1
65,170,-0.1999698877,0.2231904268,1
73,10,0.2007792145,0.2214693129,1
73,18,0.01056458801,0.04704929516,1
73,26,-0.09797534347,-0.09864915162,1
73,34,-0.05992152169,-0.07318227738,1
73,42,-0.1122109294,-0.01806570217,1
73,50,-0.1175062656,0.06705828011,1
73,58,-0.04635997117,0.07817669213,1
73,66,-0.1321134865,-0.09195781499,1
73,74,-0.2786518633,0.02985256724,1
73,82,-0.23123613,-0.02880073152,1
73,90,-0.1626138985,0.03853652626,1
73,98,-0.07882227004,0.09552153945,1
73,106,0.01811015233,0.02588545531,1
73,114,-0.02649148554,-0.0674052909,1
73,122,0.04154605418,0.008853562176,1
73,130,0.1826941222,0.1091891229,1
73,138,0.04201795161,0.09882943332,1
73,146,-0.1423408538,0.1201513857,1
73,154,-0.05579856411,0.04888466001,1
73,162,-0.06497813761,0.1827236116,1
73,170,-0.1226288378,0.1896514297,1
81,10,0.24084723,0.09290482104,1
81,18,0.1297839284,0.020525584,1
81,26,0.1951700747,-0.08781643957,1
81,34,0.09786325693,0.0187881887,1
81,42,-0.07268241048,0.05215872452,1
81,50,-0.1308147609,-0.0005340576172,1
81,58,-0.1124228239,-0.006199140102,1
81,66,-0.1525131166,-0.05501321703,1
81,74,-0.1186875403,0.07176695019,1
81,82,-0.1368234158,0.043694444,1
81,90,-0.2439052463,0.01210549474,1
81,98,-0.09150630981,0.1748038232,1
81,106,-0.06060852483,0.08605168015,1
81,114,-0.06761894375,-0.01139707491,1
81,122,-0.01257261634,-0.01172572933,1
81,130,-0.005655385554,0.03808962554,1
81,138,-0.103575781,0.03620924801,1
81,146,-0.07980169356,0.04750137031,1
81,154,0.009327046573,0.09334812313,1
81,162,-0.09780966491,0.1378358305,1
81,170,-0.2136494368,0.0696676299,1
89,10,0.108670406,-0.08063873649,1
89,18,0.04102982581,0.08054441214,1
89,26,0.06395412236,0.1265790612,1
89,34,-0.05148903653,0.1984917819,1
89,42,-0.1177023426,0.1154002324,1
89,50,0.03332974017,0.02602046542,1
89,58,-0.09669074416,-0.01599736139,1
89,66,-0.1333316267,0.01229498535,1
89,74,-0.0829892531,0.1066244319,1
89,82,-0.06645835191,0.1568742096,1
89,90,-0.1966615021,0.03746296093,1
89,98,-0.2456231117,0.08981972933,1
89,106,-0.07965511084,0.07697225362,1
89,114,-0.01920608059,-0.01610288769,1
89,122,-0.01730842888,0.008663883433,1
89,130,-0.07043799013,0.07129526138,1
89,138,-0.1488160193,0.04142115638,1
89,146,-0.01849015616,-0.01465345174,1
89,154,0.0514016822,-0.01579354703,1
89,162,0.01186394691,0.04737954587,1
89,170,-0.05133805424,0.009244278073,1
97,10,0.05380368978,-0.1854752302,1
97,18,-0.1703199297,0.2003171593,1
97,26,-0.152210623,0.3994612694,1
97,34,-0.07583857328,0.2613232732,1
97,42,-0.1259245276,0.1058409363,1
97,50,-0.02556219697,0.05805813521,1
97,58,-0.1313177943,0.03577727824,1
97,66,-0.1912685931,0.02293260768,1
97,74,-0.1573812664,0.05859939009,1
97,82,-0.0552547276,0.1167729646,1
97,90,-0.04981083423,0.03703974932,1
97,98,-0.03500549495,-0.06065628678,1
97,106,0.03234967589,0.01544046402,1
97,114,0.005056969821,0.0002725291997,1
97,122,-0.1758465618,0.05744029582,1
97,130,-0.1909940243,0.1061316133,1
97,138,-0.1372295767,0.07489861548,1
97,146,-0.1010192633,-0.03481443971,1
97,154,0.04288502783,-0.06106588989,1
97,162,0.04380061477,0.07865918428,1
97,170,-0.004704516381,0.09959279746,1
105,10,0.2250750065,-0.1355150193,1
105,18,0.05812980235,0.1311639845,1
105,26,-0.07963082194,0.1862959564,1
105,34,-0.1406482756,0.04658058286,1
105,42,-0.1881322861,0.03418892622,1
105,50,-0.129167527,-0.07761520892,1
105,58,-0.1848407984,-0.09643448889,1
105,66,-0.1586367488,-0.05136182904,1
105,74,-0.1067786738,0.00706327986,1
105,82,-0.1172740385,0.1041212082,1
105,90,-0.09969279915,0.1622872651,1
105,98,-0.05028763413,-0.0412867181,1
105,106,0.02757672966,0.03469597921,1
105,114,0.0702406764,-0.0305692777,1
105,122,-0.1557290554,0.08368964493,1
105,130,-0.1042557657,0.1547216773,1
105,138,-0.006808679551,0.1807916909,1
105,146,-0.006465238985,0.08296628296,1
105,154,0.002460321411,0.08996319026,1
105,162,-0.01257177349,0.09379687905,1
105,170,-0.01797258109,0.08924212307,1
113,10,0.03032267094,0.1192631423,1
113,18,0.1687367857,0.04317931086,1
113,26,0.04746582359,-0.08129820973,1
113,34,0.0157238245,-0.02482452989,1
113,42,0.03075411171,0.008296154439,1
113,50,0.06854455173,-0.1792393923,1
113,58,-0.0584436059,-0.2966600657,1
113,66,-0.1998441368,-0.1755939871,1
113,74,-0.2685015202,-0.05451734364,1
113,82,-0.2230087966,-0.001854721457,1
113,90,-0.08346271515,0.0664454475,1
113,98,-0.0004378706217,-0.01596675813,1
113,106,-0.01590953767,-0.08138366044,1
113,114,-0.03391304612,-0.09492345154,1
113,122,-0.1084294096,-0.09942346811,1
113,130,-0.0664767772,0.03945758194,1
113,138,0.01174115203,0.1409389824,1
113,146,0.08340669423,0.1362541914,1
113,154,-0.005400883034,0.1487036645,1
113,162,-0.05799633265,0.1135032475,1
113,170,-0.04588441923,0.1348169595,1
121,10,-0.3944385052,-0.01960494369,1
121,18,-0.08937861025,-0.05042483658,1
121,26,0.1068584099,0.0306187775,1
121,34,0.1432990283,0.04538461566,1
121,42,0.07974277437,0.01616322994,1
121,50,0.0641945526,-0.1912079751,1
121,58,-0.008964009583,-0.2388278097,1
121,66,-0.04268503189,-0.1746441871,1
121,74,-0.05583460629,0.007489177398,1
121,82,-0.1195880696,-0.0209547691,1
121,90,-0.1124380678,0.02467750013,1
121,98,-0.050480932,0.01431614533,1
121,106,-0.04592941701,-0.06741717458,1
121,114,-0.009879335761,-0.06601238251,1
121,122,0.01683500782,-0.1409803331,1
121,130,0.03747795895,-0.02354645357,1
121,138,-0.0567002818,0.02322407812,1
121,146,-0.05483236164,0.08222648501,1
121,154,0.08898556232,0.03587929159,1
121,162,-0.09580404311,0.116360113,1
121,170,-0.03523832187,0.1975253671,1
129,10,-0.3861145973,-0.1089539528,1
129,18,-0.208563298,-0.08314604312,1
129,26,0.08805235475,-0.03798441589,1
129,34,0.07595854998,-0.004614248872,1
129,42,-0.1230417341,-0.03807403892,1
129,50,-0.03712321818,0.002428986132,1
129,58,-0.02416194975,-0.1093716025,1
129,66,-0.03956571966,-0.1727545559,1
129,74,-0.002607315779,0.1094721705,1
129,82,-0.1004343182,0.1059470996,1
129,90,-0.09557344019,0.09748066962,1
129,98,-0.04399976134,0.1368342191,1
129,106,-0.07434377819,0.1213838011,1
129,114,-0.1065093428,-0.0222072266,1
129,122,-0.01159376651,-0.06180639565,1
129,130,-0.0297980234,0.03525867313,1
129,138,-0.3205428123,0.1298007369,1
129,146,0.00808629021,0.02742420882,1
129,154,-0.05995430052,-0.02780217677,1
129,162,-0.2131047696,0.04798832536,1
129,170,-0.1287531555,-0.005098082125,1
137,10,-0.2927799225,0.04643419757,1
137,18,-0.1100909114,-0.06257995218,1
137,26,0.02435335517,-0.05648825318,1
137,34,0.1007703841,-0.07385097444,1
137,42,0.02689724788,0.0217779167,1
137,50,0.04842459038,0.06226376444,1
137,58,0.02867456526,-0.07007364184,1
137,66,-0.08946141601,0.03960600495,1
137,74,-0.1753845811,0.1271623075,1
137,82,-0.1620210707,0.1454673707,1
137,90,-0.07277651131,0.1251490861,1
137,98,0.01898518577,0.1790437102,1
137,106,0.0359021239,0.06014116853,1
137,114,-0.01347179804,0.09071181715,1
137,122,-0.04620360956,-0.0206046626,1
137,130,-0.1168379411,0.05937289447,1
137,138,-0.1083344519,0.2521748245,1
137,146,-0.008657753468,0.04546866566,1
137,154,-0.102501452,0.1756907105,1
137,162,-0.1362472177,0.1253938675,1
137,170,-0.005411356688,-0.08507667482,1
145,10,-0.1874803901,0.09046503901,1
145,18,-0.07600279152,-0.06578174978,1
145,26,-0.01034440473,-0.06275001168,1
145,34,0.1054717898,-0.1767915934,1
145,42,0.0945212841,-0.0339811556,1
145,50,0.02209853753,0.009100660682,1
145,58,-0.0206887126,0.02366706729,1
145,66,-0.1280282438,0.1394672096,1
145,74,-0.1058010906,0.1337679029,1
145,82,-0.1063967943,0.1992569864,1
145,90,-0.1394375265,0.2998011708,1
145,98,-0.0612266697,0.2788769603,1
145,106,0.01228484511,0.05019841343,1
145,114,-0.06793589145,-0.01173521578,1
145,122,-0.1670441628,0.0225211978,1
145,130,-0.006535612047,0.06767966598,1
145,138,0.03679647297,0.2319501936,1
145,146,0.05565577,0.2164024562,1
145,154,-0.07364457846,0.2014365196,1
145,162,-0.03539936244,0.1813181043,1
145,170,-0.06639263034,0.02861744165,1
153,10,-0.07141349465,0.1506682187,1
153,18,-0.05117766559,0.02553901821,1
153,26,-0.001206512563,-0.1242478341,1
153,34,-0.05429325998,-0.2583670616,1
153,42,-0.06891911477,-0.108671084,1
153,50,-0.03308285028,0.02015177906,1
153,58,-0.0672993958,0.1286842823,1
153,66,0.002879999578,0.1265713274,1
153,74,0.1532070786,0.1490474045,1
153,82,0.149997443,0.1816926003,1
153,90,-0.01792513207,0.2364026904,1
153,98,-0.124732852,0.3141620755,1
153,106,-0.2000426501,0.1118940637,1
153,114,-0.05269813165,0.09820725769,1
153,122,-0.009255617857,0.1571715772,1
153,130,-0.01285527553,0.1260451674,1
153,138,-0.0439912118,0.09679459035,1
153,146,-0.105246231,0.05971651524,1
153,154,-0.002117700875,0.1062563062,1
153,162,-0.003946334124,0.1371626258,1
153,170,-0.1033547148,0.07624778152,1
161,10,0.06425063312,0.1086345464,1
161,18,0.05934742093,-0.01306389458,1
161,26,0.05748371035,-0.08275179565,1
161,34,-0.1477025002,-0.1846269369,1
161,42,-0.1516952366,0.05776048452,1
161,50,-0.09138607234,0.09038215131,1
161,58,-0.1321663409,-0.03486892581,1
161,66,-0.04530096427,-0.03501284122,1
161,74,0.1368170232,0.09312938154,1
161,82,0.1841099411,0.1142166853,1
161,90,0.1238966435,0.0757381469,1
161,98,-0.09392657876,0.02432791144,1
161,106,-0.1773862839,0.1053014398,1
161,114,-0.09736648202,0.214261055,1
161,122,-0.04945061356,0.1259358227,1
161,130,-0.01055943407,0.04540933669,1
161,138,-0.1153972894,0.003086604178,1
161,146,-0.1462768316,-0.1098826006,1
161,154,-0.01060722023,-0.01910021901,1
161,162,0.03946818411,0.1379293948,1
161,170,-0.02547286823,0.2803416252,1
169,10,0.07294268161,0.1469807625,1
169,18,0.09904107451,0.03771712258,1
169,26,0.11270044,0.007161013782,1
169,34,0.02574146725,-0.1004749611,1
169,42,-0.05664528906,0.0631082803,1
169,50,-0.01337056607,0.1583617181,1
169,58,-0.01974455267,0.03248433769,1
169,66,-0.1061868817,-0.007447127253,1
169,74,-0.09750922769,0.07971297204,1
169,82,0.1816042662,-0.1303920299,1
169,90,0.1588118374,-0.04808866978,1
169,98,0.0592158623,-0.006376631558,1
169,106,0.009595885873,0.04295739904,1
169,114,-0.003385972232,0.1317665726,1
169,122,-0.02882684022,0.0498066172,1
169,130,0.01905405894,-0.09683515131,1
169,138,-0.1036806107,-0.1547891796,1
169,146,-0.1246972829,-0.06192944199,1
169,154,-0.007245137356,-0.04712143913,1
169,162,0.01912166737,0.06846893579,1
169,170,0.03364776447,0.3199551702,1
177,10,0.009317910299,0.08021825552,1
177,18,0.01768282801,0.03110228851,1
177,26,-0.03159398586,0.04767408594,1
177,34,-0.01639611274,0.1185009703,1
177,42,-0.0106225349,0.1662055999,1
177,50,-0.04178741574,0.2399250567,1
177,58,-0.003546021879,0.102312386,1
177,66,-0.07579322904,0.1812442839,1
177,74,-0.07405095547,0.119818002,1
177,82,0.008545637131,-0.02431128919,1
177,90,-0.1032788157,-0.1397771537,1
177,98,-0.02594038844,-0.0246380344,1
177,106,-0.003671422601,0.001562338322,1
177,114,-0.03846964985,0.003007829189,1
177,122,-0.05745922402,0.03310317919,1
177,130,-0.03980059177,-0.2093775868,1
177,138,-0.03854121268,-0.2384539247,1
177,146,-0.07763467729,-0.05090598762,1
177,154,-0.01623769291,-0.07587777823,1
177,162,-0.02422549203,-0.0593563132,1
177,170,-0.02509727329,0.1202165186,1
185,10,-0.1092278212,-0.1654490829,1
185,18,-0.0584082976,-0.04685655609,1
185,26,0.01556695998,0.09910350293,1
185,34,0.01803723723,0.2689994574,1
185,42,0.04061539471,0.2753996253,1
185,50,0.0998858735,0.2225603461,1
185,58,0.0444377996,0.06548945606,1
185,66,-0.1010623425,-0.06199720502,1
185,74,-0.04675383121,0.08429083973,1
185,82,0.04060257971,0.0412677899,1
185,90,-0.09652458131,-0.1330689788,1
185,98,-0.06812918186,-0.1627576202,1
185,106,-0.04824469239,-0.04036316276,1
185,114,-0.06960454583,-0.002441987395,1
185,122,-0.05143157393,-0.01885108463,1
185,130,-0.06226931885,-0.1816305816,1
185,138,-0.000895909965,-0.04089576378,1
185,146,0.05461096764,-0.0165868327,1
185,154,-0.08879162371,0.02155472711,1
185,162,-0.04084411636,-0.07487048209,1
185,170,-0.03802740946,-0.04547033459,1
193,10,-0.1497654468,-0.1474563777,1
193,18,-0.05065703392,0.003468096256,1
193,26,-0.01023329794,0.158551544,1
193,34,0.005301199853,0.169117555,1
193,42,0.1276823878,0.05336364359,1
193,50,0.1550890505,0.2217144966,1
193,58,0.01233625412,0.1140366495,1
193,66,-0.03191342205,0.02433497459,1
193,74,-0.0463915281,-0.0206364803,1
193,82,0.009188950062,-0.0769802779,1
193,90,-0.02308585122,-0.09714630246,1
193,98,-0.156265825,-0.146207422,1
193,106,0.02648329921,0.0242831409,1
193,114,0.07244610041,0.2376314104,1
193,122,0.01391309127,-0.01374861971,1
193,130,-0.0766607523,0.05060442537,1
193,138,0.04358103871,-0.04141153395,1
193,146,0.1441990435,0.03166758269,1
193,154,0.05610473827,0.1759168953,1
193,162,0.0225097239,-0.01133193821,1
193,170,-0.01661710069,-0.139271155,1
201,10,0.04660458863,0.1334616244,1
201,18,0.1486660838,0.08922807872,1
201,26,0.08578614146,0.05859187245,1
201,34,0.06863954663,0.0002460256219,1
201,42,0.2271143943,0.09043385834,1
201,50,0.2405439317,0.2982539237,1
201,58,0.1542833745,0.1039653346,1
201,66,0.07611995935,-0.03143931925,1
201,74,-0.02007788233,-0.07449557632,1
201,82,-0.07806199044,-0.1398786604,1
201,90,-0.16502437,-0.1007319316,1
201,98,-0.1387405396,-0.1706340909,1
201,106,-0.02451585606,0.03169380501,1
201,114,0.0739479959,0.2009033412,1
201,122,0.07512022555,-0.02674767561,1
201,130,0.05967091024,0.2820782661,1
201,138,0.1081804708,-0.05465127528,1
201,146,0.1087533683,-0.02275085449,1
201,154,0.1555514336,0.1647260338,1
201,162,0.155302316,0.06391854584,1
201,170,0.02458889782,-0.1189162582,1
209,10,-0.03999915347,0.1185006797,1
209,18,-0.02364012413,0.08592167497,1
209,26,-0.01733895391,0.01227515936,1
209,34,0.02027530223,-0.01210969687,1
209,42,0.1338113248,0.1578200459,1
209,50,0.1098993346,0.260954082,1
209,58,0.08857605606,0.2142448723,1
209,66,-0.1255049109,-0.1991895437,1
209,74,-0.1280021966,0.02281721309,1
209,82,-0.05377976969,0.1167386472,1
209,90,0.1105337217,-0.01587833837,1
209,98,0.2111502439,-0.2486523986,1
209,106,0.1623012424,-0.001958865672,1
209,114,0.1481925398,0.02682021819,1
209,122,0.1401648968,-0.04016638547,1
209,130,0.1434124112,0.03672289103,1
209,138,0.1102685183,0.09291924536,1
209,146,0.1126551107,0.08421689272,1
209,154,0.2162245214,0.1292841733,1
209,162,0.1048427597,0.09422598779,1
209,170,-0.0224102214,-0.1019362807,1
217,10,-0.06957187504,0.1628580391,1
217,18,-0.05661961436,-0.01144139934,1
217,26,-0.04888460785,0.0113594234,1
217,34,0.05060334504,-0.1391073316,1
217,42,0.1107928082,0.1162399873,1
217,50,0.08811955154,0.1574493349,1
217,58,0.08590342104,0.04260829836,1
217,66,-0.009316902608,-0.07840123028,1
217,74,0.004689961672,0.03270750493,1
217,82,0.1395079345,0.08513178676,1
217,90,0.04559604079,0.1490805745,1
217,98,0.01016035676,0.1353229582,1
217,106,0.1109791547,-0.04524468631,1
217,114,0.09635953605,-0.08022282273,1
217,122,-0.02473852038,0.02172932215,1
217,130,-0.009515024722,0.01531763375,1
217,138,0.129899174,0.1277071089,1
217,146,0.1347916722,0.1516859084,1
217,154,-0.006948903203,0.06339774281,1
217,162,-0.1118716151,-0.07403289527,1
217,170,-0.01180810481,-0.1069243699,1
225,10,0.04108030349,0.0482115075,1
225,18,0.07793680578,-0.1143212765,1
225,26,0.05079228804,-0.1021865755,1
225,34,0.07354950905,-0.07451753318,1
225,42,0.1075509489,0.04091216624,1
225,50,0.05147507787,-0.0327026099,1
225,58,0.05469306558,0.01263214648,1
225,66,0.06961406767,-0.02089719474,1
225,74,0.09286825359,0.04672508687,1
225,82,0.1569961905,0.05038934946,1
225,90,-0.05312754214,0.1534359455,1
225,98,-0.05545838922,0.205123201,1
225,106,0.01920387894,-0.1252478957,1
225,114,0.02729759365,-0.08050105721,1
225,122,0.06188002229,-0.01529939473,1
225,130,0.008654430509,0.1248768345,1
225,138,0.01994897798,0.2138368189,1
225,146,-0.01088094339,0.1735736728,1
225,154,-0.02701769024,0.02299020439,1
225,162,0.05254725367,-0.004896655679,1
225,170,0.08171348274,-0.03070001304,1
233,10,0.03906725347,-0.04785786942,1
233,18,0.09231486171,-0.1130789965,1
233,26,0.2346934527,-0.09662792832,1
233,34,0.1369374692,-0.0488537848,1
233,42,0.08519693464,0.04594580829,1
233,50,-0.05021828786,-0.1432503313,1
233,58,-0.007441699505,0.05029754341,1
233,66,0.1334185004,0.0635695681,1
233,74,0.08654332906,0.06057162583,1
233,82,0.0794345513,0.04094992578,1
233,90,0.1890005171,0.1140378043,1
233,98,0.1772525311,0.1997543871,1
233,106,0.09795594215,0.006941778585,1
233,114,0.00271422416,-0.06316580623,1
233,122,0.03764984757,-0.03979382664,1
233,130,-0.008152322844,0.1032391116,1
233,138,-0.0325855352,0.117265299,1
233,146,0.1010543406,0.1086815447,1
233,154,0.1386704743,-0.01992554963,1
233,162,0.1621655375,0.1054575592,1
233,170,0.2029536664,0.08925502747,1
241,10,0.06289413571,-0.1679044515,1
241,18,0.08287968487,-0.1315030754,1
241,26,0.04912299663,-0.02985404432,1
241,34,0.003455281258,-0.03268785775,1
241,42,-0.008050277829,0.06646287441,1
241,50,-0.007626526058,0.0699012056,1
241,58,-0.1347396374,0.08622331172,1
241,66,0.06439112127,0.1135903075,1
241,74,0.08363740146,-0.001393415034,1
241,82,-0.01450200379,0.03467920423,1
241,90,0.008084669709,0.1553304493,1
241,98,0.08641742915,0.200845927,1
241,106,0.06904644519,0.06810503453,1
241,114,0.0497334078,-3.765523434e-05,1
241,122,0.05294013023,0.1211569309,1
241,130,0.01101437584,0.1869442016,1
241,138,-0.08841767162,0.02708820254,1
241,146,-0.01386928931,0.01262945682,1
241,154,-0.03741995618,-0.02402570844,1
241,162,0.06894999743,0.1692019999,1
241,170,0.3382776976,0.1159248948,1
249,10,0.1373568475,-0.1466348171,1
249,18,0.1226783916,-0.06295663118,1
249,26,0.1022788137,0.02497476339,1
249,34,0.1551025659,0.07274536043,1
249,42,0.1264544129,0.09374909848,1
249,50,0.07211403549,0.09746887535,1
249,58,-0.00363605842,0.1777818054,1
249,66,0.1395372301,0.1839246154,1
249,74,0.3188084364,0.2581521273,1
249,82,-0.03649279475,0.1605224907,1
249,90,-0.09394223243,0.1590965092,1
249,98,-0.1462256312,-0.00329220295,1
249,106,-0.01820114441,0.05920857936,1
249,114,0.004496324807,0.2080953419,1
249,122,-0.1220905408,0.2510175109,1
249,130,-0.12526308,0.3172492981,1
249,138,-0.09493049979,0.186374113,1
249,146,-0.02356651053,0.08286955953,1
249,154,-0.06308948994,-0.02343127877,1
249,162,0.124811776,0.1033254862,1
249,170,0.471323967,0.160377562,1
257,10,0.1513305604,-0.01843605936,1
257,18,0.2467661649,0.04443518072,1
257,26,0.1839476228,-0.05591768771,1
257,34,0.1332046688,-0.0616476424,1
257,42,0.09881228954,0.06755062193,1
257,50,0.107787773,0.02956948057,1
257,58,0.07560503483,0.0590890497,1
257,66,0.06338723749,0.06055498123,1
257,74,0.1029099748,0.2026906461,1
257,82,0.07465523481,0.1866480261,1
257,90,0.07069768012,0.04942031205,1
257,98,-0.002348288894,-0.1770537943,1
257,106,-0.07787153125,0.06591336429,1
257,114,-0.006979718804,0.2763510346,1
257,122,-0.03207200393,0.2490297854,1
257,130,-0.06912151724,0.2901881635,1
257,138,-0.08351755142,0.3457176685,1
257,146,-0.07777286321,0.2033725083,1
257,154,-0.05535432324,0.03027636558,1
257,162,0.07639681548,0.06851647794,1
257,170,0.2649281025,0.1748527735,1
265,10,0.02228022739,-0.05995417386,1
265,18,0.1307273209,-0.04761941358,1
265,26,0.1468171477,-0.07731655985,1
265,34,0.02369730547,-0.06924440712,1
265,42,-0.1101658717,0.1548984796,1
265,50,-0.1026186794,0.02368156239,1
265,58,-0.1458480507,-0.005044918507,1
265,66,-0.0784702003,0.02593097091,1
265,74,-0.09554600716,-0.001171637326,1
265,82,-0.02932425216,0.1099836081,1
265,90,0.09046282619,0.1455969959,1
265,98,0.1144086123,0.05998254567,1
265,106,0.09515687823,0.1663177311,1
265,114,0.02345747501,0.2760400176,1
265,122,-0.07670381665,0.1793283969,1
265,130,-0.04518499598,0.03784529865,1
265,138,0.04112990946,0.1813878417,1
265,146,0.1351770163,0.1019314006,1
265,154,0.0975266546,0.08764897287,1
265,162,0.08606471121,0.107709527,1
265,170,0.125428766,0.03579252213,1
273,10,-0.03774293512,-0.2170753777,1
273,18,0.06141253561,-0.1845190227,1
273,26,0.07289294899,-0.02683722228,1
273,34,0.02873126417,0.08350016922,1
273,42,-0.1411399543,0.2071871608,1
273,50,-0.09389004111,0.07592108846,1
273,58,-0.07345724106,-0.01728339493,1
273,66,-0.06060655415,-0.0517225489,1
273,74,-0.1140145659,0.004425249994,1
273,82,-0.2125982791,0.1061616391,1
273,90,0.01216940209,0.1076919362,1
273,98,0.0112533085,0.03134604543,1
273,106,0.04974516109,0.02188254148,1
273,114,0.02076600492,0.1637263894,1
273,122,-0.1055417433,0.01784673333,1
273,130,0.1499875486,0.08647237718,1
273,138,0.3027507365,0.08253668249,1
273,146,0.1482630372,-0.06083919853,1
273,154,0.0405221507,-0.1077440232,1
273,162,0.06987770647,-0.01220988482,1
273,170,0.08687795699,-0.1836159378,1
281,10,0.04368052632,0.2032874823,1
281,18,0.02665001154,-0.06730167568,1
281,26,-0.04413480684,-0.07937264442,1
281,34,-0.1038322151,-0.002625497058,1
281,42,-0.1400335133,-0.0315977782,1
281,50,-0.1058594584,-0.06389864534,1
281,58,-0.1176906377,-0.06147733331,1
281,66,-0.01896255463,-0.1520153582,1
281,74,0.06607460976,0.03100112081,1
281,82,-0.1240435839,0.1162809432,1
281,90,-0.228093937,-0.09873180091,1
281,98,0.07456108183,-0.05150059611,1
281,106,0.1267766207,-0.040049918,1
281,114,0.02675090358,0.1208377853,1
281,122,0.1198900267,0.08300960064,1
281,130,0.230280295,0.1200034097,1
281,138,0.112902835,0.08846205473,1
281,146,0.02383367717,-0.1071693674,1
281,154,0.08161479235,-0.2101195157,1
281,162,0.152435407,-0.1399857402,1
281,170,0.009953567758,-0.2264625579,1
289,10,0.2121757567,0.1470359862,1
289,18,0.1079803109,0.07171859592,1
289,26,-0.003986757249,-0.02360040694,1
289,34,-0.0869519189,-0.07384046912,1
289,42,-0.08608193696,-0.04869580269,1
289,50,0.05685822666,-0.1714435667,1
289,58,-0.03127478063,-0.08556644619,1
289,66,-0.1154480651,-0.04828497767,1
289,74,-0.01011281461,-0.08414541185,1
289,82,0.1996744871,0.08344994485,1
289,90,0.1333600879,0.08129140735,1
289,98,0.01163460314,0.003754582256,1
289,106,-0.08488775045,0.1615947485,1
289,114,-0.0766909048,0.09227289259,1
289,122,0.03593986854,0.1245000809,1
289,130,0.01988022774,0.08810577542,1
289,138,-0.02375663444,0.0602568239,1
289,146,-0.04399281368,0.00841993466,1
289,154,-0.006872473285,-0.006094451994,1
289,162,0.07052720338,-0.06352782249,1
289,170,0.1002252623,-0.06307807565,1
297,10,0.2089902312,-0.1232300475,1
297,18,-0.008055694401,0.02155950479,1
297,26,-0.05187461898,0.06598906219,1
297,34,-0.02350289375,-0.07403834909,1
297,42,0.08337824047,-0.1225151345,1
297,50,0.1311399341,-0.1894371957,1
297,58,0.1031364575,-0.1045474634,1
297,66,0.02376145124,-0.01104545221,1
297,74,-0.07201737911,0.02975306287,1
297,82,-0.006957566366,0.05835915729,1
297,90,0.06374321133,-0.04224901646,1
297,98,0.03236891702,0.03054224513,1
297,106,-0.03362134099,0.04456716776,1
297,114,-0.01383400895,0.05625670403,1
297,122,0.03054528125,0.1178708002,1
297,130,0.01743767411,0.05483605713,1
297,138,-0.09586201608,0.1271078885,1
297,146,-0.01905850321,0.07726944983,1
297,154,0.05785384774,0.07421755791,1
297,162,0.02423211746,0.02341745608,1
297,170,0.04194103554,-0.06794950366,1
305,10,0.1284769028,-0.1123943627,1
305,18,0.00396220386,-0.02657264657,1
305,26,0.1315605193,0.00420255959,1
305,34,0.05006250739,-0.1456580758,1
305,42,0.09089758992,-0.0989619866,1
305,50,0.1613409221,-0.06300742179,1
305,58,0.02296569198,-0.05060002208,1
305,66,0.02778920531,-0.03371956944,1
305,74,-0.08384568244,0.1304065287,1
305,82,-0.0994361937,-0.115884468,1
305,90,0.09651523829,-0.1256560981,1
305,98,0.1597846448,-0.08993723243,1
305,106,0.2693292201,-0.1085121036,1
305,114,0.07448889315,-0.01373552904,1
305,122,-0.06976623833,0.02094326168,1
305,130,-0.04500091076,0.04462585598,1
305,138,-0.06419852376,0.1142676771,1
305,146,0.03049256839,0.1242006272,1
305,154,0.1333336681,0.1219655722,1
305,162,0.03055287153,0.04754226655,1
305,170,-0.01410459541,-0.01596210897,1
313,10,0.1500889063,-0.1207217723,1
313,18,0.07031394541,-0.02847875655,1
313,26,0.07484485209,0.01010551583,1
313,34,0.1250698119,-0.03565016389,1
313,42,0.09251033515,0.1441224664,1
313,50,0.08252700418,-0.01583610848,1
313,58,0.1013239622,-0.03002543002,1
313,66,0.09660779685,0.09209309518,1
313,74,0.06865026802,0.1231462434,1
313,82,0.07403798401,-0.09584662318,1
313,90,0.06079123169,-0.07505129278,1
313,98,0.09430509806,-0.0480526872,1
313,106,0.1397589743,-0.01850999892,1
313,114,0.08430411667,-0.03045788407,1
313,122,0.1078827903,-0.08455535769,1
313,130,0.1297188401,0.04528826475,1
313,138,-0.008857507259,0.1529418379,1
313,146,0.03555862606,0.1281726658,1
313,154,0.1024562195,0.09391179681,1
313,162,0.03508650139,0.02600419894,1
313,170,-0.02692881413,0.02240135893,1
321,10,-0.05762711167,-0.2107147276,1
321,18,-0.05446729064,-0.09230947495,1
321,26,0.07892453671,0.09603410214,1
321,34,0.1471433043,0.07668364048,1
321,42,0.1314349174,0.09580666572,1
321,50,0.006627060473,0.02134533972,1
321,58,0.1118604764,-0.001482460648,1
321,66,0.3093372285,0.1037148461,1
321,74,0.4423440099,0.04876429588,1
321,82,0.2346532047,-0.01326584071,1
321,90,0.06931828707,-0.007790561765,1
321,98,0.1028363705,0.03851445764,1
321,106,0.1004132107,0.04293216765,1
321,114,0.05146838725,0.1059730351,1
321,122,0.1326012611,0.08881597221,1
321,130,0.1723732054,0.01830592752,1
321,138,0.05901956931,0.170594424,1
321,146,0.05067802966,0.1154986396,1
321,154,0.1341051161,0.07366120815,1
321,162,0.1152273566,-0.01312482357,1
321,170,0.03127067536,0.02307931334,1
329,10,-0.1130651683,-0.1381203234,1
329,18,-0.06279450655,-0.2000126541,1
329,26,0.146346271,-0.03683664277,1
329,34,0.2016773671,-0.05410411209,1
329,42,0.1632836163,-0.0737201944,1
329,50,-0.02614273876,0.06316290796,1
329,58,-0.1123674661,0.07086274028,1
329,66,-0.009838826954,-0.02152387425,1
329,74,0.133844018,-0.1054991633,1
329,82,0.1272679567,0.0393243432,1
329,90,0.09756872058,0.1495628506,1
329,98,0.09419222176,-0.09529205412,1
329,106,0.03638893366,0.04131473228,1
329,114,-0.02636597306,0.249570787,1
329,122,0.05899131671,0.344188273,1
329,130,0.1067107394,0.05259348452,1
329,138,0.08515851945,0.08269930631,1
329,146,0.05593369901,0.1176912114,1
329,154,0.06671901047,0.1275391281,1
329,162,0.05596143007,0.02730522305,1
329,170,0.02712751552,0.1457584202,1
337,10,0.1732677817,0.01902027428,1
337,18,0.1091023982,-0.111058183,1
337,26,0.1122410297,-0.1887156665,1
337,34,0.246361956,-0.19758977,1
337,42,0.1723019481,0.01082309335,1
337,50,0.08088029921,0.1158110425,1
337,58,-0.0168764405,0.1104044095,1
337,66,0.05445117503,-0.02228558436,1
337,74,0.1651331186,-0.102225177,1
337,82,0.1120168269,0.1431361735,1
337,90,0.09261056036,0.03388873488,1
337,98,0.07077978551,-0.09567885846,1
337,106,-0.01704451814,0.08962196857,1
337,114,-0.09620708972,0.1868315935,1
337,122,-0.1662553549,0.1912195534,1
337,130,-0.03269661963,0.09031937271,1
337,138,0.1499603838,0.08495260775,1
337,146,0.1275356412,0.142563507,1
337,154,0.1017016917,0.1425183713,1
337,162,0.07685399801,0.05760922655,1
337,170,0.1209027097,-0.04733084887,1
345,10,0.01487707347,0.07851600647,1
345,18,0.2145584226,-0.04535906762,1
345,26,0.2132001072,-0.139127627,1
345,34,0.3327702284,-0.1353185177,1
345,42,0.2372073084,0.05787149072,1
345,50,0.06287629157,0.222938478,1
345,58,-0.04063922912,0.1381582022,1
345,66,0.07965175807,-0.05563864112,1
345,74,0.1436813176,-0.0462583974,1
345,82,0.2015616894,0.0454030633,1
345,90,-0.02059946209,-0.05984013155,1
345,98,-0.08893381059,0.1151536927,1
345,106,0.04995065182,0.1223065704,1
345,114,-0.02475478314,0.1365632415,1
345,122,-0.06638348103,0.06849257648,1
345,130,0.01559365913,0.04730531573,1
345,138,0.02775209397,0.05518840998,1
345,146,0.02589496225,0.1747294664,1
345,154,0.09817551821,0.1241647899,1
345,162,0.1268468052,0.08054620028,1
345,170,0.2521832287,-0.03133559227,1
353,10,0.04265721142,0.1327246428,1
353,18,0.1748846471,-0.02655199543,1
353,26,0.1850020885,-0.09492328763,1
353,34,0.2655049562,-0.09057854861,1
353,42,0.2162142396,0.05644292384,1
353,50,0.02787360549,0.122644797,1
353,58,-0.09755285084,-0.05827347189,1
353,66,-0.2469085902,-0.09433567524,1
353,74,-0.1458453983,-0.009417943656,1
353,82,0.1046144664,-0.06108622253,1
353,90,-0.01128908992,0.1167143211,1
353,98,-0.1643594205,0.1634262353,1
353,106,-0.1728204787,0.1369579285,1
353,114,-0.08644238114,0.2752327919,1
353,122,-0.09832989424,0.1182264537,1
353,130,0.01732300594,0.106422618,1
353,138,0.0261066556,0.04746042937,1
353,146,0.02741234004,0.1606598198,1
353,154,0.03596691787,0.1082587093,1
353,162,-0.03689153865,0.0654964298,1
353,170,-0.08077119291,0.05583124608,1
361,10,-0.1183049306,0.1063031107,1
361,18,0.01165113598,-0.02894571051,1
361,26,0.09677756578,-0.07483018935,1
361,34,0.08707243204,-0.1005778462,1
361,42,0.134570688,0.008593358099,1
361,50,0.1876453608,-0.03244929761,1
361,58,0.04576905072,-0.1134387702,1
361,66,-0.06826557219,-0.109826006,1
361,74,-0.009571876377,-0.09623830765,1
361,82,0.06152582541,-0.1259519011,1
361,90,0.02145515196,0.24480021,1
361,98,-0.07737404108,0.3412665725,1
361,106,0.04028143734,0.3237878084,1
361,114,0.1020174399,0.2759771943,1
361,122,-0.002075828612,0.1757523865,1
361,130,-0.07679278404,0.1197989359,1
361,138,0.005346085876,0.04803238809,1
361,146,0.08807139099,0.142524004,1
361,154,0.08993989229,0.1644076556,1
361,162,0.03287521377,0.06991228461,1
361,170,-0.01816636324,-0.02716804296,1
369,10,-0.08065912127,-0.02317522466,1
369,18,0.006494022906,-0.03956303,1
369,26,0.2177488059,-0.01260954887,1
369,34,0.1607261449,-0.02636068687,1
369,42,0.1706594527,-0.04093907773,1
369,50,0.1685680002,-0.08545425534,1
369,58,0.06438798457,-0.1120922938,1
369,66,0.01364402473,-0.1417292953,1
369,74,0.06858982146,-0.1947228312,1
369,82,0.0993866697,0.02451183274,1
369,90,0.05772247538,0.2466472387,1
369,98,0.08000145853,0.2957119346,1
369,106,0.0278500095,0.3284518719,1
369,114,0.02833368257,0.1952838898,1
369,122,0.0688816458,0.1264243722,1
369,130,0.1050593704,0.07891400158,1
369,138,0.07825124264,0.05826660991,1
369,146,-0.07864443958,0.06733967364,1
369,154,0.02787365764,0.1269079745,1
369,162,-0.03744954243,0.06704667956,1
369,170,-0.1238419265,-0.05420077965,1
377,10,-0.1837866008,-0.1712718606,1
377,18,0.01588689908,-0.05716577172,1
377,26,0.1369329989,0.08319660276,1
377,34,0.1945162863,-0.003810852766,1
377,42,0.1204472929,-0.05632181466,1
377,50,0.04293818027,-0.1091532558,1
377,58,0.1395642161,-0.1918789148,1
377,66,0.107555829,-0.1342933476,1
377,74,0.05631390214,0.02130411752,1
377,82,-0.006939060986,0.07082413882,1
377,90,-0.0009463429451,0.003775388002,1
377,98,0.05644851923,-0.01544661075,1
377,106,0.1415881813,0.05782458186,1
377,114,0.07856924832,0.1462666243,1
377,122,0.1162265763,0.0264203921,1
377,130,-0.01464280486,0.1245681122,1
377,138,-0.09398534894,0.0825310871,1
377,146,-0.1641486883,0.05966507643,1
377,154,-0.1563471854,0.05735355616,1
377,162,0.009043260477,0.1013578176,1
377,170,0.06523219496,0.07600449026,1
385,10,-0.06536770612,-0.341622442,1
385,18,0.1212580055,-0.05906813592,1
385,26,0.1292364448,0.1706352085,1
385,34,0.03953643143,0.006916195154,1
385,42,0.09245526046,-0.06987371296,1
385,50,0.1267093867,-0.05046382546,1
385,58,-0.03237562627,-0.06132549047,1
385,66,0.05047816783,-0.1517323852,1
385,74,0.07877294719,-0.0436973162,1
385,82,-0.01128450036,-0.07976442575,1
385,90,0.02200932428,-0.1645182073,1
385,98,0.04927339032,0.01862818748,1
385,106,0.06354580075,0.1688004136,1
385,114,0.1360518187,0.1711420268,1
385,122,0.1571770012,0.102969788,1
385,130,-0.06556930393,0.1097520292,1
385,138,-0.2172162235,0.01559913531,1
385,146,-0.07783705741,-0.02414344251,1
385,154,-0.05648159981,0.04510767013,1
385,162,0.01572884992,0.1461189687,1
385,170,0.2028574944,0.1537157446,1
393,10,0.119273752,-0.2885240912,1
393,18,0.1901714951,-0.0327671878,1
393,26,0.1715499461,0.0452766642,1
393,34,-0.002771005034,0.03051296249,1
393,42,0.06618119776,0.1000512466,1
393,50,0.1215849966,0.02901206724,1
393,58,0.05038066953,0.06071041524,1
393,66,0.1037850827,-0.1009256467,1
393,74,0.06958192587,-0.015963763,1
393,82,-0.004287969321,-0.006753068417,1
393,90,-0.2068076134,0.1516052336,1
393,98,-0.02296371758,0.2016101331,1
393,106,0.1280701458,0.1690107286,1
393,114,0.006205350161,0.1384547055,1
393,122,0.06121944636,0.1319778264,1
393,130,0.03086360544,0.1279963702,1
393,138,-0.03645375371,-0.06121692434,1
393,146,0.1066184491,-0.111598298,1
393,154,-0.02268970385,0.0573394224,1
393,162,-0.01329400018,0.05931897461,1
393,170,0.03426638246,0.1635863781,1
401,10,0.04263825715,0.01790620387,1
401,18,-0.04751455784,0.05597027391,1
401,26,0.01432169229,0.05904556438,1
401,34,-0.04162071645,0.07519143075,1
401,42,0.06743319333,0.1464895457,1
401,50,0.2989047766,0.1434355378,1
401,58,0.2576775253,0.2507012784,1
401,66,0.1270030439,-0.01927150227,1
401,74,-0.01476293057,0.07642301917,1
401,82,-0.004094369709,0.1840613186,1
401,90,-0.03987551481,0.2551954091,1
401,98,-0.06886358559,0.3050078154,1
401,106,-0.03805233911,0.1637893617,1
401,114,-0.1164906397,0.1687448025,1
401,122,0.01767304167,0.1457246095,1
401,130,0.07473412156,0.1336752772,1
401,138,0.07876317203,0.05027322471,1
401,146,0.1446647346,0.1481997073,1
401,154,0.03810580075,0.1127825379,1
401,162,0.01656409726,0.01488570869,1
401,170,0.126619935,0.2052108198,1
409,10,0.2252659202,0.3783300519,1
409,18,0.2054340839,0.1455350965,1
409,26,0.07197648287,0.1787356138,1
409,34,0.06786008179,0.1116479337,1
409,42,0.07799489051,0.04609183222,1
409,50,0.09150274098,0.06584070623,1
409,58,0.09737794101,0.0870860517,1
409,66,-0.0001941211522,-0.1448042095,1
409,74,-0.02604915202,0.1643589735,1
409,82,0.07464700192,0.3148908615,1
409,90,0.1188269183,0.2473719269,1
409,98,-0.08510927856,0.217107296,1
409,106,-0.1379483938,0.04668201506,1
409,114,-0.07364752889,0.01032476127,1
409,122,0.006895456463,0.1571888477,1
409,130,0.1855841577,0.06820056587,1
409,138,0.1813056022,0.06623473763,1
409,146,0.06346961111,0.1780272722,1
409,154,-0.02965977043,0.1001839787,1
409,162,-0.04945705459,0.03360600024,1
409,170,0.2379133254,0.05672368407,1
417,10,0.287610054,0.2945868969,2
417,18,0.3499542177,0.2108437717,1
417,26,0.2105173022,0.3825178444,1
417,34,0.03159460425,0.08831242472,1
417,42,-0.07089522481,-0.05358328298,1
417,50,-0.01343908906,-0.05944722518,1
417,58,-0.008888199925,-0.09067279845,1
417,66,-0.03292305022,-0.08840461075,1
417,74,-0.08481352031,0.03506992757,1
417,82,0.1336005628,0.1968936324,1
417,90,0.3807877004,0.2017762065,1
417,98,0.1787999123,0.05509638786,1
417,106,-0.2601359487,-0.01018682867,1
417,114,-0.3752945364,-0.2250314355,1
417,122,-0.1262356043,-0.01717919111,1
417,130,0.236101836,-0.06102836877,1
417,138,0.2144398093,0.06741008908,1
417,146,0.01668855548,0.0933585763,1
417,154,-0.006468147039,0.05941182375,1
417,162,-0.05821914226,0.03259943426,1
417,170,0.3023720682,-0.1935464144,1
