PIVlab, ASCII chart output - 02-Aug-2025
FRAME: 93, filenames: A:[93]FullStack_Pos0035_TgUtrmcherry_K4K8MO-1.avi & B:[94]FullStack_Pos0035_TgUtrmcherry_K4K8MO-1.avi, conversion factor xy (px -> m): 1, conversion factor uv (px/frame -> m/s): 1
x [px],y [px],u [px/frame],v [px/frame],Vector type [-]
9,10,-0.1001387164,-0.1802404225,1
9,18,-0.08537185192,0.03515589982,1
9,26,-0.005544155836,0.02973598242,1
9,34,0.1279491037,0.02086152136,1
9,42,0.2252147198,0.1104938239,1
9,50,0.1172920913,0.01356167346,1
9,58,0.1175804213,-0.1106214821,1
9,66,0.005591161549,0.07027289271,1
9,74,-0.1766652167,0.2867404819,1
9,82,-0.2761628926,0.3177410662,1
9,90,-0.317022562,0.23843804,1
9,98,-0.2437939644,0.1055185348,1
9,106,-0.2502968311,-0.001504555345,1
9,114,-0.05684220791,0.04312707856,1
9,122,-0.02058382332,-0.000347379595,1
9,130,0.07023299485,-0.02068012953,1
9,138,0.1204835325,0.009776651859,1
9,146,0.0598583594,-0.0945320949,1
9,154,-0.01514441893,-0.0284223929,1
9,162,-0.1487214863,0.1089780033,1
9,170,-0.4145731926,0.03057285398,1
17,10,-0.1219400391,0.0004080887884,1
17,18,-0.1071662158,-0.08212828636,1
17,26,-0.02689837292,-0.09715811908,1
17,34,-0.06856195629,0.00644145906,1
17,42,-0.102273047,-0.003231469542,1
17,50,-0.07167796791,0.05645859614,1
17,58,-0.05828789994,-0.1625316292,1
17,66,-0.1353096664,0.06829342246,1
17,74,-0.2213217616,0.1274433732,1
17,82,-0.2809199095,0.1841466725,1
17,90,-0.2428195775,0.1386478543,1
17,98,-0.1265752912,0.02762362733,1
17,106,-0.1977728158,-0.05882760137,1
17,114,-0.2952008247,-0.02700562961,1
17,122,-0.141866222,-0.01154739223,1
17,130,-0.03917198628,0.06006063148,1
17,138,-0.04484508932,0.1039273217,1
17,146,-0.05188301206,0.06993061304,1
17,154,-0.04901824147,0.1642403305,1
17,162,-0.03178298473,0.1726486385,1
17,170,-0.1273412704,-0.005671885796,1
25,10,0.09343156219,0.1597795635,1
25,18,-0.01677894592,-0.001174908131,1
25,26,0.009231701493,-0.05244421959,1
25,34,-0.1967422366,-0.01611269265,1
25,42,-0.2692439854,-0.004978137091,1
25,50,-0.131709367,-0.08442644775,1
25,58,-0.001551002264,-0.04116425291,1
25,66,-0.07439130545,0.08754636347,1
25,74,-0.1945217401,0.1259119511,1
25,82,0.01259948313,0.03818663955,1
25,90,0.04889076948,-0.001800224185,1
25,98,-0.002989433706,0.03537585959,1
25,106,-0.09942449629,-0.01946199685,1
25,114,-0.194293499,-0.08091779798,1
25,122,-0.2197863907,-0.01131122559,1
25,130,-0.06903251261,-8.335709572e-05,1
25,138,-0.03001395613,0.0449879393,1
25,146,-0.0545325689,0.1302251816,1
25,154,-0.06652966142,0.1073430628,1
25,162,-0.07753769308,0.1125115678,1
25,170,-0.09842731059,-0.00406903401,1
33,10,0.03658259287,0.06939288974,1
33,18,-0.07009302825,0.1518478543,1
33,26,-0.1075660065,0.0185880512,1
33,34,-0.04852691293,-0.04493782297,1
33,42,-0.07824891806,-0.06612917036,1
33,50,-0.04851285368,-0.1827655584,1
33,58,0.01015438139,-0.03512183577,1
33,66,-0.09784844518,0.1358990818,1
33,74,-0.1323056966,0.03498449177,1
33,82,0.01800304651,-0.06226067245,1
33,90,-0.003392137587,-0.1015406176,1
33,98,-0.02006427944,0.007124520838,1
33,106,-0.04600223899,-0.0372948274,1
33,114,-0.1181326658,-0.0223858729,1
33,122,-0.1003811881,0.09129093587,1
33,130,-0.110686928,0.007172271609,1
33,138,-0.07530847192,-0.004840232432,1
33,146,0.07086851448,0.08517505229,1
33,154,-0.1141882315,0.05810318887,1
33,162,-0.1366341412,0.07321003079,1
33,170,-0.1277591139,0.0498846285,1
41,10,-0.08583027869,0.04585190117,1
41,18,-0.05868651345,0.08130583167,1
41,26,-0.05585279316,0.006207780913,1
41,34,-0.05627202988,-0.05428224429,1
41,42,-0.07911217213,-0.1737633348,1
41,50,-0.02465800941,-0.1771525592,1
41,58,-0.0238757357,-0.1612802744,1
41,66,-0.02713596076,0.06287088245,1
41,74,-0.1108533442,-0.04613576084,1
41,82,-0.2398172617,0.02313771471,1
41,90,-0.1381041706,-0.03039964288,1
41,98,-0.0706506148,0.05984442681,1
41,106,-0.1564995348,-0.002391569316,1
41,114,-0.1734055877,0.06067635491,1
41,122,-0.08929365128,0.1601142734,1
41,130,-0.04892298579,0.08555351198,1
41,138,-0.09006045014,-0.008582942188,1
41,146,0.01519411802,0.04837266356,1
41,154,-0.09361082315,0.0802071169,1
41,162,-0.09632951766,0.1023385376,1
41,170,-0.09571163356,0.136518389,1
49,10,-0.1553824246,-0.065776214,1
49,18,-0.1096343696,0.03978258371,1
49,26,-0.01629087329,0.003466662019,1
49,34,-0.08842887729,-0.1475532353,1
49,42,-0.0539730899,-0.2534635961,1
49,50,0.07494541258,-0.2463336885,1
49,58,-0.1133595109,-0.1235433519,1
49,66,-0.02307752892,0.01412840001,1
49,74,-0.09436493367,-0.1467016637,1
49,82,-0.06086914241,-0.01301527582,1
49,90,0.05341354758,-0.05335669592,1
49,98,0.005060754716,0.08287023008,1
49,106,-0.07824251801,0.1048950851,1
49,114,-0.03059464693,-0.01055581868,1
49,122,0.028456375,0.07749237865,1
49,130,0.0106883347,-0.03607403114,1
49,138,-0.03367722034,-0.0730637759,1
49,146,-0.07223157585,0.07665254176,1
49,154,-0.168405816,0.09305122495,1
49,162,-0.1794179976,0.06936622411,1
49,170,-0.1105336696,0.1457912922,1
57,10,-0.07776463032,-0.03825620189,1
57,18,0.04101975262,0.07267735898,1
57,26,0.1156082749,-0.04299604893,1
57,34,0.0142785348,-0.1274529696,1
57,42,-0.05315155908,-0.1523220837,1
57,50,0.02431808785,-0.1945892572,1
57,58,-0.01781874523,-0.1204386652,1
57,66,-0.08246138692,0.1015554965,1
57,74,-0.04884874076,0.00767512992,1
57,82,0.006408341229,-0.007583852857,1
57,90,0.02960609645,0.04257293046,1
57,98,-0.03807321191,0.1321580112,1
57,106,-0.08489457518,0.1282407194,1
57,114,-0.1126546413,0.03581623733,1
57,122,-0.1019952595,-0.006368394941,1
57,130,-0.08422949165,-0.1276273131,1
57,138,-0.05592737347,-0.09178362787,1
57,146,-0.07159045339,0.06476327032,1
57,154,-0.1924259365,0.06133462116,1
57,162,-0.2239046842,0.02781224996,1
57,170,-0.07782462239,0.1367148459,1
65,10,-0.1668623686,0.1429058015,1
65,18,0.1978138685,-0.0705095008,1
65,26,0.1443559676,-0.1136588082,1
65,34,-0.02789871953,-0.07631605864,1
65,42,-0.02538537234,-0.0200779587,1
65,50,-0.01900912076,0.0104017593,1
65,58,-0.1094879806,-0.01085731015,1
65,66,-0.04285228997,0.1122613475,1
65,74,-0.1198197976,0.1082704365,1
65,82,-0.160900563,0.1570449471,1
65,90,-0.01318861544,0.1388578713,1
65,98,-0.07174042612,0.1768281162,1
65,106,-0.1198833436,0.2089023292,1
65,114,-0.1461778879,0.09758205712,1
65,122,-0.1888100654,-0.06696132571,1
65,130,-0.1545009911,-0.05470825732,1
65,138,-0.1220743507,-0.01589037105,1
65,146,-0.142872557,-0.03743404523,1
65,154,-0.2422840148,0.01608002931,1
65,162,-0.1748669446,0.001072779298,1
65,170,0.00888672471,0.07910659909,1
73,10,-0.2723069191,0.1200973988,1
73,18,-0.02357234806,-0.08427140117,1
73,26,0.1605736613,-0.09726587683,1
73,34,-0.06073971465,-0.08019795269,1
73,42,-0.2306232303,-0.07213378698,1
73,50,-0.2871900499,0.01059453189,1
73,58,-0.2965224981,-0.04609616473,1
73,66,-0.1249115169,-0.05025230348,1
73,74,-0.1325474232,0.09865520149,1
73,82,-0.1424796879,0.01581573486,1
73,90,-0.07253558189,0.03773753345,1
73,98,-0.08411354572,0.2189255655,1
73,106,-0.108330816,0.2661501467,1
73,114,-0.09170348942,0.07168442756,1
73,122,-0.1007187963,-0.06798287481,1
73,130,-0.1061516702,0.01263522916,1
73,138,-0.1371995658,0.09370661527,1
73,146,-0.01190160215,0.01926172525,1
73,154,0.027851969,0.07414902747,1
73,162,-0.1725593507,0.1281731427,1
73,170,-0.156404987,0.01489049941,1
81,10,-0.1689176857,0.08056890965,1
81,18,0.0221940726,-0.04887768254,1
81,26,0.136246115,-0.1174186468,1
81,34,0.04269438982,-0.0530641228,1
81,42,-0.2585520148,-0.07536919415,1
81,50,-0.4285080731,-0.02801631391,1
81,58,-0.3667791784,-0.06902121007,1
81,66,-0.2835617661,-0.01527060568,1
81,74,-0.2906594276,0.01328047365,1
81,82,-0.2450104058,-0.1643832028,1
81,90,-0.1795797646,0.04414693639,1
81,98,-0.1159926057,0.2329730242,1
81,106,-0.03598064184,0.259776175,1
81,114,-0.1493615657,0.1651735306,1
81,122,-0.1095581353,-0.05250329524,1
81,130,0.06705194712,0.01327354833,1
81,138,-0.1348472238,0.1024819463,1
81,146,-0.08352105319,0.1365371794,1
81,154,-0.003609150648,0.3070671558,1
81,162,-0.1320106238,0.2525410056,1
81,170,-0.2217750102,-0.0146888867,1
89,10,-0.1940814555,-0.03115173616,1
89,18,-0.0890295282,-0.05411900952,1
89,26,0.05100148916,-0.2031173706,1
89,34,0.02805540711,-0.1612923443,1
89,42,-0.0493683666,-0.1237495095,1
89,50,-0.1643689275,-0.06904546916,1
89,58,-0.2136014402,-0.05373522267,1
89,66,-0.2191855907,0.05018249154,1
89,74,-0.2658474445,-0.1160859615,1
89,82,-0.112104401,0.01206465252,1
89,90,-0.02403965592,0.07542689145,1
89,98,-0.1180552095,3.700889647e-05,1
89,106,-0.2219722718,0.03335543722,1
89,114,-0.2062282413,0.1475139409,1
89,122,-0.2984869182,-0.1422284693,1
89,130,-0.3051107526,-0.06687640399,1
89,138,-0.1823175251,0.08543857932,1
89,146,-0.09737233073,0.1730735749,1
89,154,-0.02134843916,0.383176446,1
89,162,-0.1239723563,0.2672129273,1
89,170,-0.235349074,-0.01441211253,1
97,10,-0.2084875107,-0.03863195702,1
97,18,-0.1885116547,-0.03178393468,1
97,26,-0.1789673716,-0.07190820575,1
97,34,-0.0830579102,-0.1038246825,1
97,42,-0.03922839463,-0.1638802737,1
97,50,-0.1517481059,-0.1163132191,1
97,58,-0.1986044347,0.03767217696,1
97,66,-0.1659296751,0.05062974617,1
97,74,-0.1965952516,-0.006960710511,1
97,82,-0.08403560519,0.119463034,1
97,90,-0.009454712272,0.06333614141,1
97,98,-0.1145567596,-0.07643038779,1
97,106,-0.1978066713,-0.04547601193,1
97,114,-0.2347475588,0.1258048713,1
97,122,-0.1992610693,-0.03264073655,1
97,130,-0.3026427627,0.002055473626,1
97,138,-0.331582129,0.1266614646,1
97,146,-0.1707578152,0.06367307156,1
97,154,-0.06558085978,0.1019143164,1
97,162,-0.1297217607,0.2114082426,1
97,170,-0.1956248134,0.0204039216,1
105,10,-0.2013526112,-0.01021094993,1
105,18,-0.308565557,0.0538030155,1
105,26,-0.3864782453,0.1027857438,1
105,34,-0.3485238552,0.06611832976,1
105,42,-0.06832553446,-0.105117254,1
105,50,0.05496765673,-0.01064034551,1
105,58,0.04360173643,0.07926464081,1
105,66,-0.02312242985,0.01957853138,1
105,74,-0.2095703036,-0.04666871578,1
105,82,-0.09730470181,-0.01329274848,1
105,90,-0.004606336355,0.03163802624,1
105,98,-0.03324315697,0.02042315528,1
105,106,-0.05426591635,0.03520598263,1
105,114,-0.1197872311,0.1462634206,1
105,122,-0.1396643072,0.1620867252,1
105,130,-0.1046262234,0.085332416,1
105,138,-0.1707478315,0.09178037196,1
105,146,-0.1708664596,-0.01615219563,1
105,154,-0.1116591096,-0.01435765252,1
105,162,-0.1394740045,0.2150036991,1
105,170,-0.1852253526,0.01223614812,1
113,10,-0.02013301849,-0.05526333302,1
113,18,-0.2013548315,0.06354671717,1
113,26,-0.3163016438,0.1125969738,1
113,34,-0.2492192984,0.03806117922,1
113,42,-0.1036833972,-0.04560345411,1
113,50,0.02937132865,-0.05093158409,1
113,58,0.06307157874,-0.07075126469,1
113,66,-0.1077143028,-0.1456181556,1
113,74,-0.2788213491,-0.1774219424,1
113,82,-0.16110304,-0.1210036352,1
113,90,-0.01859767735,0.001513532363,1
113,98,0.08103830367,0.06514629722,1
113,106,-0.01735826582,0.1048754603,1
113,114,-0.1155849546,0.07846154273,1
113,122,-0.1489193439,0.1065282673,1
113,130,-0.1497795135,0.1663917899,1
113,138,-0.1408735216,-0.01948106289,1
113,146,-0.1704182029,-0.0531405732,1
113,154,-0.07780747861,0.07428180426,1
113,162,-0.09812039137,0.04943095148,1
113,170,-0.2528520823,0.1184143126,1
121,10,0.0003572553396,-0.01562991552,1
121,18,-0.313839972,0.05953022838,1
121,26,-0.306452632,0.2217668295,1
121,34,-0.1612911522,0.1053139716,1
121,42,-0.06289383769,0.02875185013,1
121,50,-0.1059131622,-0.215924859,1
121,58,-0.1108347774,-0.1513457,1
121,66,-0.1478370279,-0.1316598207,1
121,74,-0.1153787524,-0.2502823472,1
121,82,-0.06286457926,-0.06370291859,1
121,90,-0.05999936163,0.007555580698,1
121,98,-0.05289107561,-0.04697322473,1
121,106,-0.06449792534,0.022666106,1
121,114,-0.152038902,0.02897376195,1
121,122,-0.1670431793,0.03425474092,1
121,130,-0.08367974311,0.07115527987,1
121,138,-0.1398828924,-0.0542204231,1
121,146,-0.1268865466,-0.08479250968,1
121,154,-0.0646283254,-0.01276339963,1
121,162,-0.1088109016,-0.0542868413,1
121,170,-0.2553221583,0.09640266001,1
129,10,-0.1331859976,0.01941818371,1
129,18,-0.231341511,0.06521285325,1
129,26,-0.2036392391,0.1712455302,1
129,34,-0.2867026329,0.1727444977,1
129,42,-0.1355464458,-0.002627085894,1
129,50,-0.1384616494,-0.396805793,1
129,58,-0.2645305693,-0.1648240834,1
129,66,-0.2104046941,-0.09599823505,1
129,74,-0.04611162841,-0.07217703015,1
129,82,-0.006208349019,0.07648008317,1
129,90,-0.09198370576,0.06939724088,1
129,98,-0.2117949128,0.01729460992,1
129,106,-0.1668157578,-0.02791141346,1
129,114,-0.1602825522,0.00510623306,1
129,122,-0.2142385095,-0.09381526709,1
129,130,0.05152029544,-0.1443593204,1
129,138,0.1348751932,-0.06863176823,1
129,146,-0.1104796305,0.005593854934,1
129,154,-0.158903271,-0.01741472818,1
129,162,-0.167278558,-0.05815398693,1
129,170,-0.2960321605,-0.009175896645,1
137,10,-0.1040129513,0.07633063197,1
137,18,-0.1683092117,0.1344533563,1
137,26,-0.165678367,0.06360380352,1
137,34,-0.2386950254,0.01242338121,1
137,42,-0.2019298524,-0.0446427837,1
137,50,-0.1644605845,-0.3020042777,1
137,58,-0.2703554332,-0.1606145352,1
137,66,-0.2821764946,-0.1417036653,1
137,74,-0.1004790366,-0.007734622806,1
137,82,0.036097534,0.1416808367,1
137,90,-0.1711388826,0.1110807359,1
137,98,-0.2182364166,0.03124657646,1
137,106,-0.2178711891,-0.03183922917,1
137,114,-0.3050060272,-0.02157594264,1
137,122,-0.2035511434,-0.2836313844,1
137,130,0.1465279162,-0.2952461541,1
137,138,0.2159251571,-0.02736742049,1
137,146,-0.03755154088,0.05271387473,1
137,154,-0.1446957141,0.04732479155,1
137,162,-0.155695796,0.03132274747,1
137,170,-0.3120071888,-0.009277254343,1
145,10,0.03319131583,0.08527563512,1
145,18,-0.1140831485,0.1859664619,1
145,26,-0.2664434314,0.02630476654,1
145,34,-0.2765294909,0.03447639197,1
145,42,-0.2569214702,0.04314900935,1
145,50,-0.2203144729,0.06599389762,1
145,58,-0.2766961455,-0.05049178004,1
145,66,-0.2641076148,-0.1569306254,1
145,74,-0.1947340071,-0.01516422629,1
145,82,-0.2689428031,0.116206862,1
145,90,-0.2575591803,0.08386329561,1
145,98,-0.1289105862,-0.004383977503,1
145,106,0.03976392746,0.01313918643,1
145,114,-0.1397765577,0.065773651,1
145,122,-0.188978076,-0.0005619190633,1
145,130,0.09287279844,-0.153225854,1
145,138,0.1738989651,0.02827525884,1
145,146,-0.005872074515,0.0495877564,1
145,154,-0.1340798438,0.07299352437,1
145,162,-0.2023113221,0.158592999,1
145,170,-0.3430931568,0.06252011657,1
153,10,0.09455241263,-0.01787570864,1
153,18,-0.06768583506,-0.004025008529,1
153,26,-0.2692973018,0.09580981731,1
153,34,-0.1389030367,0.09823797643,1
153,42,0.06117461622,0.02506313846,1
153,50,-0.07844233513,0.06222968921,1
153,58,-0.1384730339,0.015486544,1
153,66,-0.07706166804,-0.02098648064,1
153,74,-0.1066388488,0.06796561927,1
153,82,-0.09360340238,0.03687317669,1
153,90,-0.1711320728,0.02319604158,1
153,98,-0.2196685672,0.07308179885,1
153,106,-0.07588709891,0.04478356987,1
153,114,0.07270290703,0.1106904969,1
153,122,-0.03671355918,0.1873039752,1
153,130,-0.04691084847,0.006856148131,1
153,138,0.02391820401,-0.01139719784,1
153,146,0.0001834537834,-0.00863512978,1
153,154,-0.03355624527,0.04992369562,1
153,162,-0.1483073235,0.1550399363,1
153,170,-0.2515238822,0.08226817846,1
161,10,-0.004074908793,-0.1104335487,1
161,18,-0.1573939323,-0.02454770729,1
161,26,-0.1404036283,0.1888439357,1
161,34,0.04636405036,0.2102984041,1
161,42,0.1791620255,0.1461082399,1
161,50,0.1372514963,0.1458818018,1
161,58,0.008676238358,-0.01082465798,1
161,66,-0.1168342307,0.04469233751,1
161,74,-0.1346346587,0.1135945916,1
161,82,-0.08717595041,0.08878064156,1
161,90,-0.1737619787,0.06317046285,1
161,98,-0.1563269347,0.03302497417,1
161,106,-0.06658376008,-0.03261321411,1
161,114,-0.004842754453,0.01893377304,1
161,122,-0.056383349,0.149439618,1
161,130,-0.2120391428,0.03007177263,1
161,138,-0.2183484286,0.002133303322,1
161,146,0.01628924906,-0.05309265107,1
161,154,0.03517910093,0.048606731,1
161,162,-0.05250908062,-0.01927981526,1
161,170,-0.1825226247,0.03459918499,1
169,10,0.02985853329,-0.118964985,1
169,18,-0.1560966969,0.031873364,1
169,26,-0.1014634594,0.2007659823,1
169,34,0.001557987183,0.3692459166,1
169,42,0.1362243593,0.2121950984,1
169,50,0.1928339452,0.1495058239,1
169,58,0.1184077412,0.01695455611,1
169,66,-0.09254541993,0.05674206465,1
169,74,-0.3195502758,0.04173932225,1
169,82,-0.2308754772,0.09024250507,1
169,90,-0.2418413758,0.2676956058,1
169,98,-0.1260447502,0.02809464745,1
169,106,-0.001810871065,-0.007077857852,1
169,114,0.003176644444,0.0457386598,1
169,122,-0.09996518493,0.06329986453,1
169,130,-0.2448224723,-0.01363135502,1
169,138,-0.2154996395,-0.04048681259,1
169,146,-0.08278990537,-0.04737903178,1
169,154,-0.0009009242058,0.04738014191,1
169,162,-0.05219336599,-0.04160086438,1
169,170,-0.1180305332,-0.01074154302,1
177,10,-0.1005331129,0.05995208025,1
177,18,-0.1131237894,0.06492547691,1
177,26,-0.07897999138,0.1950513721,1
177,34,-0.07181230932,0.3820854723,1
177,42,-0.1037401631,0.201426819,1
177,50,-0.01129818335,0.1507967412,1
177,58,0.1245064139,0.04167576134,1
177,66,0.07427158952,0.1820067018,1
177,74,-0.1585139781,0.02414178848,1
177,82,-0.09021277726,-0.04803321511,1
177,90,-0.07964278758,-0.07041561604,1
177,98,-0.05530700088,-0.04323551804,1
177,106,0.06121787429,0.08916483819,1
177,114,0.0198277384,-0.001447807997,1
177,122,-0.09866391122,-0.03504328802,1
177,130,-0.1330045164,-0.06688730419,1
177,138,-0.1760255247,-0.1216841787,1
177,146,-0.2524183989,-0.03213778883,1
177,154,-0.2058190554,0.02951562218,1
177,162,-0.09487125278,0.05602928251,1
177,170,-0.08260215819,-0.00235838443,1
185,10,-0.1766138524,-0.03286946565,1
185,18,-0.1331109554,-0.03947751969,1
185,26,-0.08095014095,0.08857665956,1
185,34,-0.1416161358,0.2418059856,1
185,42,-0.132388711,0.1114664972,1
185,50,-0.1769298315,0.2474348545,1
185,58,-0.00420165062,0.1859109402,1
185,66,0.04151733592,0.05473196507,1
185,74,-0.004989374429,0.02302916348,1
185,82,0.008164426312,-0.01445036195,1
185,90,0.09821669757,-0.04615849629,1
185,98,0.1632001102,-0.05558923632,1
185,106,0.09903946519,0.04383606464,1
185,114,0.03056492656,-0.03559410572,1
185,122,-0.0003749765456,0.01640968956,1
185,130,-0.01965697855,-0.05147574842,1
185,138,-0.0990139395,-0.0971789211,1
185,146,-0.1839336604,-0.04453059658,1
185,154,-0.1873291135,0.02283848077,1
185,162,-0.1086821631,0.01257433742,1
185,170,-0.06889545918,-0.01496135071,1
193,10,0.02905728668,-0.04762743413,1
193,18,-0.01700241119,-0.1115745306,1
193,26,0.0336385332,0.08695414662,1
193,34,-0.003517705947,0.1463751197,1
193,42,0.07795642316,0.03701117635,1
193,50,0.02254866436,0.1036682054,1
193,58,-0.03202372417,0.2335320562,1
193,66,0.019683294,0.07315029204,1
193,74,0.0388978906,0.05146886408,1
193,82,-0.001965429634,0.04255794361,1
193,90,0.09044610709,-0.01437677443,1
193,98,0.1685933173,0.02056706324,1
193,106,0.06322221458,0.02307567745,1
193,114,0.04709992558,0.1515849531,1
193,122,0.02301067114,0.1373224705,1
193,130,-0.0004172697663,0.02944125608,1
193,138,-0.04933283478,-0.02494397759,1
193,146,-0.05622730404,-0.0221041441,1
193,154,0.006076730788,-0.04095839709,1
193,162,0.04255954176,-0.07120487839,1
193,170,-0.01501274854,-0.1137407497,1
201,10,0.03178695962,0.007880173624,1
201,18,-0.05133905262,-0.007466439158,1
201,26,-0.02027718909,0.03101403266,1
201,34,0.09016226232,0.2104622424,1
201,42,0.1919463426,0.1868379116,1
201,50,0.0729957968,0.00746576488,1
201,58,-0.0179162398,0.1182087734,1
201,66,-0.03603306785,0.08176489174,1
201,74,-0.006341759581,0.09383171797,1
201,82,-0.04700976238,0.1046900377,1
201,90,-0.0739903599,-0.0298371166,1
201,98,0.002714505419,-0.04855328053,1
201,106,0.1424681246,0.04886012152,1
201,114,0.1149543896,0.1169373244,1
201,122,0.01069892943,0.07524229586,1
201,130,0.08384463936,0.005906525999,1
201,138,0.08822070062,-0.05415626988,1
201,146,0.009220931679,-0.02963203937,1
201,154,0.09497285634,-0.05715356022,1
201,162,0.1159581468,-0.0584545359,1
201,170,-0.09187275171,-0.2102926224,1
209,10,0.116702646,-0.04444885254,1
209,18,0.1352202445,-0.01687380858,1
209,26,-0.06224801391,0.05732640624,1
209,34,-0.009089283645,0.2336829156,1
209,42,0.1050974131,0.2282321453,1
209,50,0.1044526249,0.3292265534,1
209,58,0.04857913405,0.07049003989,1
209,66,-0.0213423688,-0.0325704366,1
209,74,-0.04421436042,-0.04051483423,1
209,82,-0.1219955385,-0.0691460371,1
209,90,-0.05602185428,-0.1384391338,1
209,98,0.07242637873,-0.06089036167,1
209,106,0.07630542666,0.1675877273,1
209,114,0.05561295897,0.05387200415,1
209,122,0.0360860005,-0.008354175836,1
209,130,0.09686008096,-0.05799307674,1
209,138,0.1324226856,-0.04719830304,1
209,146,0.07081383467,-0.04791747034,1
209,154,0.07702241838,0.02675104141,1
209,162,0.004805688746,-0.00228805095,1
209,170,-0.04485617578,-0.218736887,1
217,10,0.1509083509,0.003340214491,1
217,18,0.194099471,0.05413627625,1
217,26,0.09806625545,0.034129031,1
217,34,0.008285682648,0.1109252423,1
217,42,0.05464884639,0.1706804484,1
217,50,0.09335757792,0.2660779357,1
217,58,0.03523283452,0.02506457083,1
217,66,-0.01029011514,0.02596124634,1
217,74,0.05898267776,-0.09062333405,1
217,82,0.02396229282,-0.2165445983,1
217,90,-0.0100299716,-0.1237811744,1
217,98,0.05560628325,-0.006623663008,1
217,106,-0.0642349571,0.05153941363,1
217,114,-0.07419149578,0.002960233018,1
217,122,0.1144700348,-0.1093779802,1
217,130,0.140498355,-0.1092163324,1
217,138,0.04256206751,0.02209848911,1
217,146,-0.01554020401,0.0912483111,1
217,154,0.07546941936,0.04286723211,1
217,162,0.02425409853,-0.06163512915,1
217,170,-0.009091749787,-0.1555781811,1
225,10,0.124347657,-0.06511591375,1
225,18,0.1859538853,0.08682309091,1
225,26,0.0681969896,0.06426107883,1
225,34,0.009427405894,0.1120932698,1
225,42,0.03280188143,0.1329392791,1
225,50,0.002013266087,0.06673312187,1
225,58,-0.01517420076,-0.05612324923,1
225,66,-0.009932870045,-0.005503728986,1
225,74,-0.01601538807,-0.09316436946,1
225,82,-0.07038365304,-0.1498771608,1
225,90,-0.165759027,-0.1444095671,1
225,98,-0.107534945,-0.188591361,1
225,106,-0.05358853564,-0.07623422891,1
225,114,-0.04239035398,0.05989493057,1
225,122,-0.0359470807,-0.03008871526,1
225,130,-0.01766968332,-0.147701025,1
225,138,-0.08291529119,-0.06679208577,1
225,146,-0.2078538835,0.09286820889,1
225,154,-0.1661930233,0.1134145409,1
225,162,-0.07117699832,-0.07048681378,1
225,170,0.06431084871,-0.1222378314,1
233,10,-0.03939763457,-0.0278406702,1
233,18,-0.02412267402,0.07693557441,1
233,26,-0.1545938104,0.148353219,1
233,34,-0.2709985971,0.119561471,1
233,42,-0.006940614432,-0.02940589935,1
233,50,0.02813214064,-0.06759387255,1
233,58,0.1730410606,-0.1447854042,1
233,66,0.07757499069,-0.09593440592,1
233,74,-0.07668209076,-0.09611470252,1
233,82,-0.2476979494,-0.02839993685,1
233,90,-0.1639751196,-0.1019163281,1
233,98,0.03662811965,-0.1848222762,1
233,106,0.01387490891,-0.04311710224,1
233,114,0.04246538877,0.01760084368,1
233,122,-0.01886558905,-0.004752144217,1
233,130,-0.03429312259,-0.09361614287,1
233,138,-0.074782148,-0.1504051238,1
233,146,-0.1635293663,-0.06836076826,1
233,154,-0.2074514925,0.0905283466,1
233,162,-0.1895970702,-0.04030990228,1
233,170,0.07142075896,-0.07811044157,1
241,10,-0.2602250278,0.0233239904,1
241,18,-0.08331170678,0.05994609743,1
241,26,-0.007126413286,0.07693180442,1
241,34,-0.03772197664,0.05702000856,1
241,42,0.03554735705,-0.1155439764,1
241,50,-0.004804730415,-0.003049910069,1
241,58,0.01459738053,-0.02763336152,1
241,66,0.03645342588,-0.0463277027,1
241,74,-0.1889026463,-0.05824441835,1
241,82,-0.2118908763,0.002942889929,1
241,90,-0.1873893589,0.01944799721,1
241,98,-0.06435935944,0.08365821838,1
241,106,-0.003425136209,0.01779565588,1
241,114,0.04484448954,-0.09063803405,1
241,122,0.04070673883,-0.08990208805,1
241,130,0.009178090841,-0.06198179722,1
241,138,-0.03124066815,-0.1821763217,1
241,146,-0.06592523307,-0.173735559,1
241,154,-0.08188468218,-0.01674632169,1
241,162,-0.1350339055,0.009973732755,1
241,170,-0.003021841869,-0.0646995604,1
249,10,-0.1843892932,-0.03941810876,1
249,18,-0.1428680569,-0.01148115098,1
249,26,-0.02640432492,-0.05961807817,1
249,34,0.0009271223098,-0.0832387656,1
249,42,-0.00404321216,-0.1435964108,1
249,50,-0.07164208591,-0.0129827708,1
249,58,-0.102657035,0.04884975404,1
249,66,0.002733789384,0.03429653496,1
249,74,0.1158641577,0.02081076428,1
249,82,-0.01267443784,0.04923170805,1
249,90,-0.09950691462,0.08507359028,1
249,98,-0.15851596,0.1653128266,1
249,106,-0.124625057,0.0815807879,1
249,114,-0.09291071445,-0.01300000213,1
249,122,0.01630494744,-0.001330602914,1
249,130,0.06538581103,-0.1229466349,1
249,138,0.08020311594,-0.08067747951,1
249,146,0.01557544619,-0.03483416885,1
249,154,-0.0571020022,-0.08921402693,1
249,162,-0.06461536884,0.1250218749,1
249,170,-0.0135609135,0.006188623607,1
257,10,-0.1367766857,-0.1165778041,1
257,18,-0.07819788158,-0.1070074365,1
257,26,-0.06211469322,-0.2030110359,1
257,34,0.0696111992,-0.1173860282,1
257,42,0.06382122636,-0.1230456829,1
257,50,0.00735604018,-0.08464671671,1
257,58,-0.02332249284,0.07733970881,1
257,66,0.08092161268,0.05585373193,1
257,74,0.2057912648,-0.02483002841,1
257,82,0.03409823403,0.06959184259,1
257,90,-0.04683510959,0.1971949637,1
257,98,-0.08968881518,0.1475321949,1
257,106,-0.2371146381,0.2306057215,1
257,114,-0.1696831286,0.1162618846,1
257,122,0.05358716846,-0.005305539817,1
257,130,0.07537540793,-0.1886665523,1
257,138,-0.05459047481,-0.03522681072,1
257,146,-0.07083253562,0.08687353134,1
257,154,-0.09284225851,0.009807130322,1
257,162,-0.1320827007,0.1643937379,1
257,170,-0.009084679186,-0.01865750924,1
265,10,0.03266219422,-0.1674933732,1
265,18,-0.01838667691,-0.1548985541,1
265,26,-0.04088543355,-0.2472282797,1
265,34,0.01430435479,-0.101903148,1
265,42,0.09288655967,-0.07863811404,1
265,50,0.2140542269,-0.03154242411,1
265,58,0.1606250107,0.07429609448,1
265,66,0.1698573679,0.03067530319,1
265,74,0.2232882231,-0.05398511887,1
265,82,0.2153982967,-0.02627623454,2
265,90,0.5842266679,0.02559127659,1
265,98,0.2812073529,0.07521137595,1
265,106,-0.03518320993,0.1163947806,1
265,114,-0.007919257507,0.1021016091,1
265,122,0.1173957586,0.01715570688,1
265,130,0.02236779779,0.01743177325,1
265,138,-0.05824856833,0.1138515174,1
265,146,0.06050021946,0.170755133,1
265,154,0.04667573422,0.04630871862,1
265,162,0.02841492742,-0.05199356377,1
265,170,0.1865156889,-0.06679260731,1
273,10,0.06081742048,-0.2119916826,1
273,18,0.01727243885,-0.05922036618,1
273,26,0.08868775517,-0.1950978637,1
273,34,0.04777193069,-0.1375350952,1
273,42,0.09873399138,-0.1051351503,1
273,50,0.1356356442,-0.1470484734,1
273,58,0.1091236472,-0.04297433794,1
273,66,0.1246450543,-0.005589742213,1
273,74,0.1604410708,-0.005475185812,1
273,82,0.01998007298,-0.1463029385,1
273,90,0.1754112244,-0.2417001128,1
273,98,0.09118811786,-0.1454381943,1
273,106,-0.1564567983,-0.02303992957,1
273,114,-0.1072550118,0.02735819668,1
273,122,-0.002240795642,0.1677399874,1
273,130,-0.07495606691,0.119091779,1
273,138,0.1270072907,0.1454776525,1
273,146,0.147757858,0.05689397082,1
273,154,0.02336111665,-0.08421517164,1
273,162,0.1264456958,-0.04697538167,1
273,170,0.2765376568,0.08470273763,1
281,10,0.07123805583,-0.1180864871,1
281,18,0.1276275516,-0.04588706791,1
281,26,0.1261937618,-0.07295628637,1
281,34,0.1009129584,-0.09556120634,1
281,42,0.09965834022,-0.1534005553,1
281,50,0.04682035744,-0.284016788,1
281,58,-0.02518741786,-0.1455747783,1
281,66,-0.01618858427,-0.01290781051,1
281,74,0.01379179955,0.01792407036,1
281,82,0.002499878407,-0.08534178138,1
281,90,0.005053613335,-0.1970026791,1
281,98,-0.1283716857,-0.2050639689,1
281,106,-0.1039305553,-0.03309810534,1
281,114,-0.03449171409,0.002935679164,1
281,122,0.02123116702,0.1468168944,1
281,130,-0.05357018113,0.1476750374,1
281,138,-0.03493892401,0.01109986752,1
281,146,-0.01497738715,-0.06595544517,1
281,154,-0.02457702532,0.007445201278,1
281,162,0.1601772308,-0.0715008378,1
281,170,0.1968628168,0.1259406507,1
289,10,-0.004937082529,-0.2136420608,1
289,18,0.08004881442,-0.120749034,1
289,26,0.11074543,-0.0382332094,1
289,34,0.1692040712,-0.01319350302,1
289,42,0.2818416059,-0.2380831242,1
289,50,0.204139784,-0.17512393,1
289,58,0.0916242525,-0.1563819796,1
289,66,0.09968864918,-0.03707063943,1
289,74,0.1625112742,-0.06897178292,1
289,82,0.08762832731,-0.2150584012,1
289,90,0.04325657338,-0.2100545019,1
289,98,0.001903384924,-0.1533067077,1
289,106,0.07191203535,-0.06553081423,1
289,114,0.1884729713,-0.09467608482,1
289,122,0.1716459543,0.05475930125,1
289,130,0.06987826526,0.09123981744,1
289,138,-0.002876337618,0.1352927685,1
289,146,-0.03272435442,0.07836617529,1
289,154,0.0134228766,0.06597783417,1
289,162,0.1119637862,-0.06571495533,1
289,170,0.1543644667,-0.02622921765,1
297,10,0.04524196684,-0.4007972777,1
297,18,0.1102928519,-0.2403899729,1
297,26,0.09197081625,-0.0877700448,1
297,34,0.02093693614,-0.0488525182,1
297,42,0.1895510107,-0.1933280677,1
297,50,0.2928093672,-0.1839211285,1
297,58,0.166425541,-0.1486069411,1
297,66,0.166564092,-0.0716939345,1
297,74,0.115062885,-0.1037798226,1
297,82,-0.05640972406,-0.1658169031,1
297,90,0.02270431817,-0.1635528058,1
297,98,0.02818288654,-0.05755675584,1
297,106,-0.05422313511,0.03048047796,1
297,114,0.008071810007,-0.004624892026,1
297,122,0.03854338825,0.144141674,1
297,130,-0.1328325123,0.05774757266,1
297,138,-0.198030591,0.1055748016,1
297,146,0.0376583524,0.08882842213,1
297,154,0.1267765462,-0.01864681579,1
297,162,0.1186341792,-0.06497233361,1
297,170,0.1335034519,-0.1142920554,1
305,10,0.07757946849,-0.219015941,1
305,18,0.1499581337,-0.2450332493,1
305,26,0.07851269841,-0.1931637526,1
305,34,0.1317722499,-0.1666277647,1
305,42,0.2525327206,-0.2257598341,1
305,50,0.1645710766,-0.08628331125,1
305,58,0.2014290988,-0.09923625737,1
305,66,0.3760889769,-0.07770624757,1
305,74,0.3227487504,0.04369550943,1
305,82,0.4361878335,0.03265195712,1
305,90,0.3890883327,-0.0115580745,1
305,98,0.1634278148,0.03348832577,1
305,106,0.07194320858,0.1203042045,1
305,114,0.07620870322,0.1267090887,1
305,122,-0.05021510273,0.1736818254,1
305,130,-0.1915800571,0.09140305966,1
305,138,-0.1413831413,0.05408701301,1
305,146,0.08346013725,0.03016066551,1
305,154,0.2159021348,0.003465559334,1
305,162,0.08156849444,-0.02144676074,1
305,170,-0.06837607175,-0.09988495708,1
313,10,0.006966423243,-0.03353482485,1
313,18,0.03284285963,-0.1084967852,1
313,26,0.1417799592,-0.2617731392,1
313,34,0.3073536158,-0.3010772765,1
313,42,0.2630598843,-0.2409116328,1
313,50,0.04275929928,-0.001535534859,1
313,58,0.1962371469,0.04909514636,1
313,66,0.2887837291,0.02674795315,1
313,74,0.3561569154,0.0515594855,1
313,82,0.3803443611,0.01031029597,1
313,90,0.3025473654,-0.001857373863,1
313,98,0.1432707161,0.04470192268,1
313,106,0.1404235959,-0.03365786746,1
313,114,0.1093551368,-0.03555688262,1
313,122,-0.02466157079,0.09622378647,1
313,130,-0.02081334591,0.002780858427,1
313,138,-0.01415232569,0.07063346356,1
313,146,0.09690162539,0.1020102724,1
313,154,0.1840115637,0.03892238811,1
313,162,0.06338629127,-0.01961853541,1
313,170,-0.126492098,-0.08777336776,1
321,10,-0.07320190966,-0.02616357803,1
321,18,0.03266946226,-0.1288588941,1
321,26,0.104712449,-0.2142325342,1
321,34,0.1659916639,-0.1886956692,1
321,42,0.2227193415,-0.085956797,1
321,50,0.3058432043,0.003490932286,1
321,58,0.4358790815,0.1034121215,1
321,66,0.3846355975,0.1032575816,1
321,74,0.4538420737,0.08421755582,1
321,82,0.3584641814,0.05633712187,1
321,90,0.3195061684,0.10929811,1
321,98,0.2191836834,0.09096848965,1
321,106,0.1085147858,0.01542520151,1
321,114,0.09053431451,0.03967038542,1
321,122,0.07414124906,0.03688757867,1
321,130,0.1252625585,-0.03104567155,1
321,138,0.03733540699,0.07550529391,1
321,146,0.06703603268,0.1740944535,1
321,154,0.122335434,0.08386541158,1
321,162,0.1938795745,-0.06310242414,1
321,170,0.1725219488,-0.02368090302,1
329,10,-0.0183387883,-0.1252551079,1
329,18,0.235696882,-0.1575258076,1
329,26,0.1742489338,-0.1557890475,1
329,34,0.1992177069,-0.03780850023,1
329,42,0.2102300525,-0.07749745995,1
329,50,0.1878577918,-0.0502178967,1
329,58,0.2753417194,-0.02556886151,1
329,66,0.341007024,0.002678312361,1
329,74,0.4004648328,0.09892846644,1
329,82,0.3546077013,0.1337449849,1
329,90,0.215639174,0.1606680155,1
329,98,0.2191975266,0.09980522841,1
329,106,0.1833743155,0.03011181206,1
329,114,0.09131489694,0.02086810023,1
329,122,0.130022347,-7.036700845e-05,1
329,130,0.076539509,-0.00158582814,1
329,138,0.0634290725,-0.03465256095,1
329,146,0.1852047145,0.03517676517,1
329,154,0.1753108203,0.1210747883,1
329,162,0.2586306334,-0.01805031486,1
329,170,0.4130781293,0.05684250593,1
337,10,0.001944903284,-0.05700889602,1
337,18,0.02816637978,-0.05542175472,1
337,26,0.04161389917,-0.1332194656,1
337,34,0.1028273553,-0.0546547994,1
337,42,0.1699582785,-0.0378398411,1
337,50,0.08094465733,0.04917950183,1
337,58,0.07765007019,0.01524590142,1
337,66,0.1754076779,-0.02129009739,1
337,74,0.1737081409,-0.0158687681,1
337,82,0.248302713,0.09545913339,1
337,90,0.1818587929,0.1639741808,1
337,98,0.07200196385,0.0946560353,1
337,106,0.08134633303,0.03647129983,1
337,114,0.09461089969,0.05474350601,1
337,122,0.1356415749,0.1046259105,1
337,130,0.01200001314,0.02160619944,1
337,138,0.03640910611,-0.04091905057,1
337,146,0.1864537299,-0.05039328709,1
337,154,0.1024485976,-0.1253522336,1
337,162,0.1501264572,0.02609924041,1
337,170,0.3632107675,0.1955463737,1
345,10,0.01816424914,-0.02174239606,1
345,18,0.008878417313,0.1018943787,1
345,26,-0.04543561488,-0.01282168925,1
345,34,0.006989739835,-0.06982206553,1
345,42,0.1556534171,-0.07700763643,1
345,50,0.1090561077,0.06771849096,1
345,58,0.01665878296,0.1174217165,1
345,66,0.1041365266,0.0516326502,1
345,74,0.1424461752,0.1060565934,1
345,82,0.2069677263,0.1378259659,1
345,90,0.1609834582,0.178324908,1
345,98,0.1258148849,0.07346972823,1
345,106,0.0874350965,0.1202560067,1
345,114,0.0245538801,0.150634706,1
345,122,-0.01673698425,0.09721472114,1
345,130,-0.0277560167,-0.01300170086,1
345,138,-0.01590875909,-0.08316610754,1
345,146,0.1120536104,-0.06001508981,1
345,154,0.1322306991,-0.1217020229,1
345,162,0.05212642252,0.07006202638,1
345,170,0.1685045958,0.1845186204,1
353,10,0.007317580283,-0.04067339376,1
353,18,0.06891538948,0.07258740067,1
353,26,0.06397440284,0.06475664675,1
353,34,-0.01634656638,-0.1237776279,1
353,42,-0.05504468083,-0.1295832098,1
353,50,0.03417359293,-0.07802793384,1
353,58,0.08200921863,-0.071951285,1
353,66,0.1267493069,-0.00159038417,1
353,74,0.1217714995,0.1097857356,1
353,82,0.2000091523,0.06386401504,1
353,90,0.2809331417,-0.02898798138,1
353,98,0.09748572111,-0.01018775254,1
353,106,0.06257769465,-0.01252627373,1
353,114,0.04393979535,0.1349171102,1
353,122,0.02004020661,0.04749248549,1
353,130,0.01346444339,-0.06846433878,1
353,138,0.08089721203,-0.01936134323,1
353,146,0.157950595,0.03411912918,1
353,154,0.1067689806,-0.005182873458,1
353,162,0.01265372336,0.08451099694,1
353,170,0.04800613225,0.1344846785,1
361,10,0.07692067325,0.02390385047,1
361,18,0.06356469542,-0.01140734833,1
361,26,0.119125098,0.02170852572,1
361,34,0.05652166158,-0.1471443176,1
361,42,0.01316183805,-0.1414729208,1
361,50,0.05271021277,-0.2808597982,1
361,58,0.08534964174,-0.1488085687,1
361,66,0.1091612056,-0.08011163771,1
361,74,0.2031777501,-0.1245896593,1
361,82,0.3606476188,-0.1589754671,1
361,90,0.3842007816,-0.1763394177,1
361,98,0.1026336849,-0.04185131937,1
361,106,0.1232210472,-0.009760113433,1
361,114,0.1095731482,0.06619538367,1
361,122,-0.001574559137,0.03165960312,1
361,130,0.05596267805,-0.004914378747,1
361,138,0.1136080474,0.04279195517,1
361,146,0.05735509843,0.1407331973,1
361,154,0.004922874272,0.04593804479,1
361,162,-0.01465558261,0.08555219322,1
361,170,0.03361611068,0.2047394812,1
369,10,0.07865057141,0.111248523,1
369,18,0.003458850086,-0.1131697074,1
369,26,0.06245023757,0.002895820886,1
369,34,0.061805062,-0.1028151661,1
369,42,0.09207977355,-0.1703841388,1
369,50,0.008758708835,-0.1437346786,1
369,58,-0.02861693874,-0.06286071986,1
369,66,0.05878447741,-0.005309052765,1
369,74,0.08602420986,-0.1118160933,1
369,82,0.2062609196,-0.2489468604,1
369,90,0.2090185732,-0.1686391979,1
369,98,0.1001083702,-0.03480232507,1
369,106,0.04882088304,0.06401603669,1
369,114,0.007316496223,0.02704115957,1
369,122,-0.05008284003,0.01414795965,1
369,130,-0.0335223563,0.08604930341,1
369,138,0.08708684891,0.128469348,1
369,146,0.1385436505,0.05083972961,1
369,154,0.1031940728,-0.007690817118,1
369,162,0.1298241466,0.1410777122,1
369,170,0.09300228208,0.1655956656,1
377,10,0.02153178304,0.143286109,1
377,18,-0.04192281514,-0.03454121202,1
377,26,0.04875923693,-0.005890406668,1
377,34,0.1363356411,-0.1692603379,1
377,42,0.02367951162,-0.09224110842,1
377,50,-0.1265633404,0.1048924178,1
377,58,-0.1042517498,0.05743664503,1
377,66,0.1274163872,0.01287033781,1
377,74,0.1662750542,-0.04591934755,1
377,82,0.1940197945,-0.1704818308,1
377,90,0.325009346,-0.09973944724,1
377,98,0.1389692724,-0.09689214081,1
377,106,-0.08880548179,0.02314694971,1
377,114,-0.09959226102,0.1492331326,1
377,122,-0.05469546467,0.0265577808,1
377,130,-0.03737053275,-0.0378553085,1
377,138,0.147188887,0.06771776825,1
377,146,0.1755286157,0.0775507316,1
377,154,0.09625274688,0.008993551135,1
377,162,0.0346570313,0.1188104227,1
377,170,-0.004533002153,0.01609191298,1
385,10,0.01965726167,-0.02849038318,1
385,18,0.01963955909,0.004522506148,1
385,26,0.1191061139,0.01627689041,1
385,34,0.1712619811,-0.01293967292,1
385,42,0.05931673944,0.06206594408,1
385,50,0.06466948986,0.09827788919,1
385,58,0.08373443037,0.04294107854,1
385,66,0.08109659702,-0.01597251371,1
385,74,0.1211447939,-0.07902171463,1
385,82,0.2007413208,-0.0862281844,1
385,90,0.3202638626,0.02834782377,1
385,98,0.1660854518,-0.03838661313,1
385,106,0.06610552222,0.01824032515,1
385,114,0.09215131402,0.1838297993,1
385,122,0.09360062331,0.08667133749,1
385,130,0.07812976837,-0.04133049399,1
385,138,0.1098816842,-0.06221543252,1
385,146,0.04472147673,0.1143508106,1
385,154,0.06988981366,0.1652014256,1
385,162,0.03285801783,0.0725685209,1
385,170,-0.07858943939,0.05037560314,1
393,10,-0.02020254731,-0.03486645967,1
393,18,0.1070690155,-0.02202695049,1
393,26,0.1338108778,0.07022154331,1
393,34,0.1084378809,0.1792013049,1
393,42,0.1048098207,0.1498264223,1
393,50,0.07651863247,0.0640534386,1
393,58,0.09330622852,0.00415026024,1
393,66,0.1012040973,-0.01090572774,1
393,74,0.1176932603,-0.04484822229,1
393,82,0.1047307104,-0.09813985229,1
393,90,0.08497373015,0.1088300496,1
393,98,0.06537792832,0.06168205291,1
393,106,0.07684349269,0.08120910823,1
393,114,0.1641924977,0.1294336319,1
393,122,0.2077922225,0.2589257061,1
393,130,0.1728776842,0.144720152,1
393,138,-0.006120249629,0.09345471859,1
393,146,-0.117360428,0.1035183445,1
393,154,-0.0008177906275,0.1409482062,1
393,162,0.06021153182,0.04244989157,1
393,170,0.1263587773,0.08944542706,1
401,10,-0.09752383083,0.0337254554,1
401,18,0.1192611754,-0.05840907991,1
401,26,0.1242817044,-0.01748593524,1
401,34,0.2000744939,-0.006322223693,1
401,42,0.1902103722,0.1750712693,1
401,50,0.069741413,0.261359334,1
401,58,0.02864928544,-0.1086204648,1
401,66,0.1039807126,-0.05564999208,1
401,74,0.1511697918,-0.02320965379,1
401,82,0.1466883123,-0.08720814437,1
401,90,0.01241705567,0.1464405209,1
401,98,-0.001073595136,0.2403801084,1
401,106,0.09271714836,0.1046675965,1
401,114,0.1387690157,0.09412474185,1
401,122,0.2596262693,0.1029595807,1
401,130,0.2818847895,0.143614918,1
401,138,0.1276389956,0.1756087542,1
401,146,-0.04871944338,0.1225407571,1
401,154,-0.06871180981,0.01363769919,1
401,162,0.02244771272,0.02404135466,1
401,170,0.1894946396,0.1595257223,1
409,10,-0.1349995732,-0.09076696634,1
409,18,0.1688596606,-0.05393120646,1
409,26,0.293051213,-0.1771100163,1
409,34,0.2885662317,-0.2434835732,1
409,42,0.2410206199,0.03603931889,1
409,50,0.04759679735,0.2542064488,1
409,58,0.07275517285,-0.02902525105,1
409,66,0.184889406,-0.01204890013,1
409,74,0.2239428759,-0.06437578052,1
409,82,0.2514661551,-0.1001109928,1
409,90,0.1783298254,0.03979339451,1
409,98,-0.0329478085,0.1654024124,1
409,106,-0.09859048575,-0.1008460149,1
409,114,0.1235449016,0.01907970011,1
409,122,0.345995605,0.0964519456,1
409,130,0.2442179024,0.1940018535,1
409,138,0.1292157024,0.1582885534,1
409,146,0.03319188207,0.06572847068,1
409,154,0.01485316828,-0.01876758039,1
409,162,0.07249290496,-0.002172648907,1
409,170,0.2953000665,0.2812684774,1
417,10,0.1202792227,-0.1392237544,1
417,18,0.4644161761,-0.06130284071,1
417,26,0.419420898,-0.03578691185,1
417,34,0.2673624158,-0.1786919981,1
417,42,0.1329209507,-0.1436973214,1
417,50,0.04642095417,-0.03723508865,1
417,58,0.01152835786,0.02349053323,1
417,66,0.2365170419,0.03069989383,1
417,74,0.4211075604,-0.1112669781,1
417,82,0.2809165716,-0.1287863851,1
417,90,0.1946056485,-0.1297140568,1
417,98,0.116519928,-0.1376088411,1
417,106,0.06358716637,-0.4020310342,1
417,114,0.1422065049,-0.07891759276,1
417,122,0.1737840772,0.1287076473,1
417,130,0.1384085417,0.1567890644,1
417,138,0.007822349668,0.1166312099,1
417,146,0.02554405853,-0.1267353594,1
417,154,0.1300241053,-0.1565938443,1
417,162,0.1287697107,-0.1331240833,1
417,170,0.3070614338,0.3973018229,1
