PIVlab, ASCII chart output - 02-Aug-2025
FRAME: 259, filenames: A:[259]FullStack_Pos0035_TgUtrmcherry_K4K8MO-1.avi & B:[260]FullStack_Pos0035_TgUtrmcherry_K4K8MO-1.avi, conversion factor xy (px -> m): 1, conversion factor uv (px/frame -> m/s): 1
x [px],y [px],u [px/frame],v [px/frame],Vector type [-]
9,10,-0.1656563878,-0.1893718839,1
9,18,0.1415461451,0.1309114546,1
9,26,0.2336630076,0.1728628278,1
9,34,0.05552786589,0.152960211,1
9,42,-0.07092453539,0.09426974505,1
9,50,0.08965539932,-0.1181704551,1
9,58,0.2916627526,-0.1186651513,1
9,66,0.2550187707,-0.010977678,1
9,74,0.1544506401,0.01746229082,1
9,82,-0.0380818136,-0.01269949973,1
9,90,-0.1300877631,-0.072749421,1
9,98,-0.1161535084,-0.1469993293,1
9,106,-0.1299037337,-0.0827884227,1
9,114,-0.2265966237,-0.02134930342,1
9,122,-0.09684661031,0.01295917295,1
9,130,-0.02297037467,-0.06579403579,1
9,138,0.04020830989,-0.01223934256,1
9,146,0.1133413613,-0.04188080132,1
9,154,0.05149953812,-0.1082831174,1
9,162,0.1816430986,0.001912400126,1
9,170,0.2371022701,0.2681957185,1
17,10,-0.1332225204,-0.09271229804,1
17,18,0.0358010903,0.1664934307,1
17,26,0.1047028154,0.2268772721,1
17,34,0.005638854578,0.1986441761,1
17,42,-0.1948132217,0.1923462301,1
17,50,-0.02092952281,0.07177037001,1
17,58,-0.02062249184,0.04523104429,1
17,66,-0.09455533326,0.02375956625,1
17,74,-0.04484210908,0.01819619536,1
17,82,-0.09417686611,-0.0497597307,1
17,90,-0.09764263779,0.07163998485,1
17,98,-0.01345521212,-0.008175782859,1
17,106,-0.02249484882,-0.1362132281,1
17,114,-0.1057724804,-0.1111355498,1
17,122,0.008956125006,0.06921674311,1
17,130,0.02885822393,0.02697671205,1
17,138,0.04825773463,0.04285688326,1
17,146,0.07197891176,0.05738155544,1
17,154,0.02859682217,0.03415590525,1
17,162,0.1153518483,0.07909236103,1
17,170,0.2808862329,0.004774093628,1
25,10,-0.04691433907,-0.04507247359,1
25,18,-0.08571973443,0.05631502718,1
25,26,-0.05924415588,0.2162953615,1
25,34,-0.06246360391,0.1941605508,1
25,42,-0.05001041293,0.1615923941,1
25,50,0.07366065681,0.1377543658,1
25,58,-0.04311366007,0.251857549,1
25,66,-0.1734332591,0.1474504173,1
25,74,-0.1142091006,0.1571733654,1
25,82,-0.1677513123,0.0485451892,1
25,90,0.06562671065,0.1160703227,1
25,98,0.09005699307,0.06960618496,1
25,106,0.02041482925,-0.1091708168,1
25,114,0.08769688755,-0.08357751369,1
25,122,-0.0455634743,0.007351474836,1
25,130,-0.0999943614,0.06332404166,1
25,138,-0.1071363986,0.1100289375,1
25,146,-0.04516512156,0.1721198261,1
25,154,0.005504179746,0.1082081348,1
25,162,0.08587040007,0.04374339804,1
25,170,0.2190491408,0.004485664889,1
33,10,0.003205060959,0.09107136726,1
33,18,-0.05395082384,0.01297392696,1
33,26,-0.02675235271,0.05141459405,1
33,34,-0.02224271744,0.03408811986,1
33,42,-0.08900103718,0.09675180912,1
33,50,-0.004666615278,0.08348167688,1
33,58,0.02648065612,0.1989209205,1
33,66,-0.04262993485,0.1524900794,1
33,74,-0.05154430866,0.2140402794,1
33,82,0.008019905537,0.1294539273,1
33,90,0.1084977314,0.04370310158,1
33,98,0.1399629116,0.05761852115,1
33,106,-0.003559678793,-0.1370322853,1
33,114,0.1555917263,-0.138605386,1
33,122,0.09885241091,-0.0641034171,1
33,130,-0.004506777972,0.08370634913,1
33,138,0.09032389522,0.09622247517,1
33,146,0.1366029233,0.06309068948,1
33,154,0.01421461627,-0.006986498833,1
33,162,0.02874730527,0.03853421658,1
33,170,0.238140136,0.03037494421,1
41,10,0.05646711588,-0.03206658363,1
41,18,-0.008305969648,0.03929188848,1
41,26,-0.05047463626,-0.01012217626,1
41,34,-0.1022833139,-0.06688212603,1
41,42,-0.01895825379,0.1565147638,1
41,50,0.007113215514,0.01315161213,1
41,58,0.003326484933,0.04853283614,1
41,66,0.03049989417,0.09973023087,1
41,74,0.01646841131,0.1498608291,1
41,82,0.03024976701,0.2473565787,1
41,90,0.06651967019,0.09959310293,1
41,98,0.09070675075,0.053245157,1
41,106,0.02307733335,-0.1124023497,1
41,114,0.1094539165,-0.1333683133,1
41,122,0.1264203936,0.009607020766,1
41,130,0.03416698053,0.06551743299,1
41,138,0.1297063529,0.107826978,1
41,146,0.1504048854,0.07818332314,1
41,154,0.05264920741,0.03375159949,1
41,162,-0.006785176694,0.08934466541,1
41,170,0.2628045976,0.08596402407,1
49,10,0.1530043334,-0.1049854755,1
49,18,0.01429907605,0.01305823959,1
49,26,-0.1143499017,0.03024605289,1
49,34,-0.07697900385,0.01656340435,1
49,42,-0.009954435751,0.09959767014,1
49,50,0.0946733281,-0.1569799781,1
49,58,0.05754743516,-0.08272442967,1
49,66,0.1142833978,0.04741519317,1
49,74,0.1071566939,0.02804252505,1
49,82,-0.04975371808,0.1914225817,1
49,90,-0.08445063978,-0.007061159238,1
49,98,-0.01164301299,-0.02427632734,1
49,106,0.04344603419,-0.08976715058,1
49,114,0.07579746842,-0.01527401246,1
49,122,0.03369878605,0.1080426201,1
49,130,-0.02036274225,0.06512584537,1
49,138,-0.0005211606622,0.08226659894,1
49,146,0.08011908829,0.1326954365,1
49,154,0.1819929183,0.1039080173,1
49,162,0.02463329583,0.1742630899,1
49,170,0.09418904781,0.2368076742,1
57,10,0.1898362637,-0.07276878506,1
57,18,0.03944521397,0.007865238935,1
57,26,-0.06235389039,0.1747225225,1
57,34,-0.01085121371,0.1003331915,1
57,42,-0.03271013498,0.009003259242,1
57,50,0.04007645696,-0.2560265958,1
57,58,0.04677818716,-0.1344697773,1
57,66,0.1162994578,0.2411508411,1
57,74,0.1175168604,0.1130986586,1
57,82,-0.04130985215,-0.01276634261,1
57,90,0.02019468695,-0.1459080875,1
57,98,0.06380512565,-0.1225278378,1
57,106,0.03024632297,-0.08325182647,1
57,114,0.1291111112,0.01371853799,1
57,122,0.1144756228,0.1225153804,1
57,130,0.03699722141,0.06539781392,1
57,138,-0.04072735459,0.09512933344,1
57,146,-0.04222718626,0.08847340941,1
57,154,0.0941850841,0.0298612304,1
57,162,0.1169605702,0.1326039433,1
57,170,0.07154461741,0.2870489955,1
65,10,0.05740123987,-0.03578476608,1
65,18,-0.1894530952,0.1274182647,1
65,26,-0.150553599,0.1475563347,1
65,34,-0.006503622979,0.06177520007,1
65,42,-0.1079571545,0.01170039177,1
65,50,-0.1262392253,-0.1320166737,1
65,58,0.07675354183,-0.3178977072,1
65,66,0.1895044595,-0.05116701499,1
65,74,0.1110125184,0.1358096004,1
65,82,0.004495797679,0.07776553184,1
65,90,0.02528833225,0.01303158328,1
65,98,-0.07840580493,0.07468246669,1
65,106,-0.09113009274,0.01904281974,1
65,114,0.09652872384,0.05781748891,1
65,122,0.1712970436,0.1253903806,1
65,130,0.06867385656,0.05780074745,1
65,138,0.02123613656,0.07218486071,1
65,146,-0.03345260397,0.06656784564,1
65,154,-0.07392527163,0.04558505118,1
65,162,0.02662144601,0.07052389532,1
65,170,0.08616438508,0.1462800801,1
73,10,0.1027901992,0.0663863793,1
73,18,-0.01508693025,0.02990994602,1
73,26,-0.07495641708,0.103060551,1
73,34,-0.07219833136,0.07848696411,1
73,42,-0.1488096714,-0.08160447329,1
73,50,-0.05116420239,-0.07219202816,1
73,58,0.1147713289,-0.2803456187,1
73,66,0.1994538754,-0.1056243926,1
73,74,0.08412376791,0.01334945764,1
73,82,0.1156136692,0.01968179643,1
73,90,0.05275503546,0.03890983015,1
73,98,-0.05235027894,0.06983476877,1
73,106,-0.03506916016,0.1303611994,1
73,114,0.002070240676,0.1258817464,1
73,122,0.004165714607,0.09367868304,1
73,130,0.00321712438,0.08286702633,1
73,138,-0.004693374038,0.02299380489,1
73,146,-0.0336176455,-0.00178248249,1
73,154,-0.09814547747,-0.01010755822,1
73,162,-0.009838946164,0.05663192272,1
73,170,0.08549135923,-0.02550150827,1
81,10,0.03823054954,0.06452211738,1
81,18,0.2170109153,0.02104099095,1
81,26,0.1208500937,0.1343215406,1
81,34,0.03950772807,0.1898260415,1
81,42,-0.004075568169,-0.0003433227539,1
81,50,0.05138044059,-0.06142317504,1
81,58,0.082644023,-0.03828433156,1
81,66,0.02414710075,0.04035517573,1
81,74,0.0305531621,-0.02508419752,1
81,82,0.03460232168,-0.09063013643,1
81,90,-0.1059662923,0.07135973126,1
81,98,-0.1580353826,0.08476254344,1
81,106,-0.02351228893,0.07632063329,1
81,114,0.04354508594,0.05967922881,1
81,122,-0.1555242836,0.04025262967,1
81,130,-0.194369778,0.009374761954,1
81,138,-0.1423644125,-0.03826617077,1
81,146,-0.06200730801,0.02080991864,1
81,154,-0.04354637861,-0.004650358111,1
81,162,0.01760420203,-0.01014691219,1
81,170,0.0113629438,-0.1172100082,1
89,10,0.08948996663,0.005121804774,1
89,18,0.1946577728,0.157789737,1
89,26,0.09337577969,0.1963444799,1
89,34,0.1540202498,0.1708302349,1
89,42,0.05261517316,0.01350096613,1
89,50,-0.1666075289,0.01028651185,1
89,58,-0.1760403514,-0.03747157007,1
89,66,-0.1455998123,-0.03385844082,1
89,74,-0.02071563341,-0.05407205224,1
89,82,0.1143059433,-0.06083276123,1
89,90,0.003185629845,0.1176551878,1
89,98,0.02429563738,0.1105638519,1
89,106,0.1074920148,-0.0145942783,1
89,114,0.084696576,0.02787866071,1
89,122,-0.1135171503,-0.06211586297,1
89,130,-0.07017621398,-0.07543256134,1
89,138,-0.0494666025,-0.05367004871,1
89,146,-0.1252831817,0.06619495153,1
89,154,-0.1956247538,0.04486022145,1
89,162,-0.1334532797,0.02188022435,1
89,170,-0.04177702963,-0.06110282987,1
97,10,0.110367924,-0.1400936693,1
97,18,0.1509353817,-0.04128360748,1
97,26,0.1515372843,0.03374569863,1
97,34,0.1158195436,0.06974889338,1
97,42,-0.03909783065,-0.006710668094,1
97,50,-0.1016173661,-0.1222409979,1
97,58,-0.03223253414,-0.1089241058,1
97,66,-0.01283592544,-0.07918158174,1
97,74,-0.09365048259,-0.1205290109,1
97,82,-0.02270905301,-0.09186351299,1
97,90,0.1144860983,0.008487900719,1
97,98,0.2848251462,0.03127257526,1
97,106,0.1031428874,-0.06690268219,1
97,114,0.03058762103,0.01484795101,1
97,122,-0.007657134905,-0.03736810386,1
97,130,0.02318120003,-0.07312245667,1
97,138,0.07622358203,-0.06932785362,1
97,146,0.01353103667,-0.1157501712,1
97,154,-0.1746983528,-0.1299487054,1
97,162,-0.1726830006,-0.02582059801,1
97,170,-0.1275940239,-0.06476669759,1
105,10,0.12928316,-0.1987213194,1
105,18,0.2804198265,-0.1958973259,1
105,26,0.2735758126,-0.04617266357,1
105,34,0.1147646606,0.006754353642,1
105,42,0.1518969536,-0.009235747159,1
105,50,0.2307174951,-0.1906979084,1
105,58,0.1379855573,-0.1137370542,1
105,66,-0.0880317837,-0.06107509136,1
105,74,-0.09815234691,-0.09977927804,1
105,82,0.09423133731,-0.1543190181,1
105,90,0.1759187877,-0.1288796216,1
105,98,0.1475099623,0.04534895718,1
105,106,0.056765683,-0.04723536596,1
105,114,0.07171627134,-0.0004160134122,1
105,122,0.1991185248,-0.002082355786,1
105,130,0.04502981156,-0.05864942819,1
105,138,0.08658127487,0.05081889406,1
105,146,0.01576756313,-0.08227956295,1
105,154,-0.0155075416,-0.2182422131,1
105,162,-0.07273411751,-0.1051146239,1
105,170,-0.1192179471,0.03540577367,1
113,10,0.1281472743,0.05108138546,1
113,18,0.132769689,-0.08308111876,1
113,26,0.003397956491,0.01207269728,1
113,34,0.01765877008,-0.0276071243,1
113,42,0.3025316596,-0.01324816048,1
113,50,0.4473851025,-0.1520914137,1
113,58,0.1379559636,-0.1685646623,1
113,66,-0.004297513515,-0.1091026515,1
113,74,-0.02085515112,0.04392713308,1
113,82,0.04506164789,-0.08427746594,1
113,90,0.0842287913,-0.1040900424,1
113,98,0.2040223032,0.04636987671,1
113,106,0.1168996841,0.03686110675,1
113,114,0.09772305936,-0.02890805528,1
113,122,0.1959614009,-0.1213422939,1
113,130,0.1162490472,-0.1372679323,1
113,138,-0.08836927265,0.1148289144,1
113,146,-0.075039424,0.04378579557,1
113,154,0.01175069064,-0.002680927515,1
113,162,-0.108414039,-0.01939561963,1
113,170,-0.07988038659,0.08339302242,1
121,10,0.06501021236,0.05895050243,1
121,18,0.1229083017,0.00608402025,1
121,26,-0.03462672234,-0.03881999478,1
121,34,0.03269900382,-0.06137890369,1
121,42,0.1171852648,-0.05658944696,1
121,50,0.02813398838,-0.1377221048,1
121,58,-0.02217599005,-0.1312330365,1
121,66,0.1226896718,-0.06977383792,1
121,74,-0.03454083949,0.09218863398,1
121,82,-0.02497208118,0.1236161441,1
121,90,0.1014813334,0.07525371015,1
121,98,0.1787217557,-0.0116001619,1
121,106,0.03406081721,0.04668080062,1
121,114,-0.135086745,0.01738907024,1
121,122,-0.06801941991,-0.1491549015,1
121,130,0.08243258297,-0.1226300001,1
121,138,0.003874910995,0.02436618879,1
121,146,0.02400130779,0.1070523262,1
121,154,-0.01552485116,0.1447569579,1
121,162,-0.0975946337,-0.02006745711,1
121,170,0.02796746604,-0.1388987005,1
129,10,0.06807081401,0.02316930145,1
129,18,0.1557358354,0.03335177526,1
129,26,0.1904311776,-0.163874954,1
129,34,0.1110173911,-0.03702421486,1
129,42,0.2502855062,0.01721094176,1
129,50,0.07858259231,-0.04568687081,1
129,58,-0.08854810894,-0.04608720914,1
129,66,0.1389200538,-0.1145585999,1
129,74,0.1607518941,-0.03869249672,1
129,82,0.009033955634,0.06566126645,1
129,90,0.1587482989,-0.0874709785,1
129,98,0.3067860305,0.026262559,1
129,106,-0.03553880379,0.1176994443,1
129,114,-0.3859024644,0.2055684328,1
129,122,-0.3741141856,-0.06511215121,1
129,130,-0.3295042217,-0.09878794104,1
129,138,0.01051921397,0.008667651564,1
129,146,-0.00306526944,0.06948442757,1
129,154,-0.1719873548,0.1628609598,1
129,162,-0.1649954021,-0.08593315631,1
129,170,0.06750310957,-0.3360702097,1
137,10,0.01424613781,0.0599751547,1
137,18,0.05314915627,0.07683456689,1
137,26,0.1002344489,-0.04170705006,1
137,34,0.1227879822,0.08935207129,1
137,42,0.1479845792,0.1997173727,1
137,50,-0.04114920646,0.01403029263,1
137,58,-0.1206286624,-0.01443908364,1
137,66,-0.0754500702,-0.001801412553,1
137,74,0.02320886031,0.004163938574,1
137,82,0.1173749194,-0.1085320935,1
137,90,0.2096371651,-0.1999837756,1
137,98,0.2631910145,-0.04954138771,1
137,106,-0.0298592113,0.1120216697,1
137,114,-0.1326145232,0.1594820619,1
137,122,-0.09381423146,-0.002732605673,1
137,130,-0.1317145377,0.01608740166,1
137,138,-0.209496662,0.03381054848,1
137,146,-0.09915081412,0.0582626462,1
137,154,0.01657630317,0.08809220791,1
137,162,-0.04459662735,-0.002547763288,1
137,170,-0.01327456534,-0.1932840645,1
145,10,-0.08451358974,0.09544076025,1
145,18,-0.1302623153,0.1026959047,1
145,26,-0.05452550948,0.01026019827,1
145,34,0.0440325588,0.08160378039,1
145,42,0.1011666656,0.03335518762,1
145,50,0.05363678932,0.1181641817,1
145,58,0.02983937413,0.07442226261,1
145,66,-0.002932690084,0.2115853727,1
145,74,0.1555469781,0.06662176549,1
145,82,0.2323522419,0.004671476781,1
145,90,0.09754163027,-0.1396311224,1
145,98,0.08333738148,-0.1471934766,1
145,106,0.1755167246,-0.001757124439,1
145,114,0.07654848695,0.01958533376,1
145,122,0.005633577704,-0.01611907035,1
145,130,-0.0666866824,0.04588509351,1
145,138,-0.03441473842,0.05877041072,1
145,146,0.1203844249,0.1403290778,1
145,154,0.08720158041,0.04455916584,1
145,162,-0.0578129217,0.007713735104,1
145,170,-0.03207445145,-0.03498908877,1
153,10,0.07788619399,-0.0432131514,1
153,18,-0.130867973,0.160808146,1
153,26,-0.2473423183,0.06956090033,1
153,34,-0.1246345788,-0.06117172539,1
153,42,0.1373741925,0.001040799543,1
153,50,0.2725327313,0.06496395171,1
153,58,0.3440273404,0.1143594682,1
153,66,0.2412903756,0.1733500063,1
153,74,0.1695914418,-0.004943445325,1
153,82,0.08527515084,0.1260565519,1
153,90,-0.006210170686,0.05840718746,1
153,98,0.03671284765,0.1201521382,1
153,106,0.06739501655,-0.01608413458,1
153,114,0.02605413832,-0.06121224165,1
153,122,0.01101186313,-0.1446322799,1
153,130,-0.04486232251,-0.1246599331,1
153,138,-0.06483837962,-0.06736053526,1
153,146,0.0547968857,0.08236978203,1
153,154,-0.004490029067,0.01028138399,1
153,162,-0.007542682812,-0.01702854224,1
153,170,0.07052068412,-0.06685565412,1
161,10,0.08718264103,-0.0778362453,1
161,18,-0.2221627235,0.1720666289,1
161,26,-0.2505183816,0.07966462523,1
161,34,-0.1245311052,-0.008149854839,1
161,42,-0.01467375457,-0.009739376605,1
161,50,0.1170292199,-0.02630399168,1
161,58,0.2761633396,0.1047123224,1
161,66,0.2153973281,0.03521701694,1
161,74,0.117339164,-0.02234302461,1
161,82,0.1371058226,0.02156355232,1
161,90,0.1325248778,0.05742387474,1
161,98,-0.02759789303,0.185198158,1
161,106,-0.002859735861,0.09105870873,1
161,114,-0.03750330955,-0.02139792778,1
161,122,-0.03846073151,-0.1200453937,1
161,130,-0.004823260009,-0.2049109638,1
161,138,-0.05799913034,-0.1844263971,1
161,146,-0.05922414362,-0.05302767456,1
161,154,-0.05411858112,-0.07926234603,1
161,162,-0.1705399901,0.003321934491,1
161,170,-0.1173004508,0.1945111454,1
169,10,0.0750041306,0.008814303204,1
169,18,-0.1564889997,0.09225856513,1
169,26,-0.2017952502,0.01251487434,1
169,34,-0.1239221096,-0.003682145849,1
169,42,0.06704036891,0.00141448155,1
169,50,0.1760303378,0.1006420925,1
169,58,0.1989132315,0.05503547564,1
169,66,0.1578540802,-0.01669954881,1
169,74,0.164153561,0.04300172627,1
169,82,0.3021821976,-0.1772440523,1
169,90,0.1624558121,0.0381789431,1
169,98,0.0208482258,0.1023442373,1
169,106,0.03429136425,0.05972237512,1
169,114,0.09923537821,0.1425085366,1
169,122,0.05634936318,0.06206586957,1
169,130,-0.04873457551,-0.06134632602,1
169,138,-0.1136479229,-0.142424956,1
169,146,-0.007020413876,-0.1175321341,1
169,154,-0.03339642286,-0.1078288332,1
169,162,-0.09384168684,-0.02026358992,1
169,170,-0.0532300286,0.3482605219,1
177,10,-0.00828742981,-0.09218731523,1
177,18,-0.02260576189,0.06212712079,1
177,26,0.009457200766,-0.01168385148,1
177,34,-0.02117551863,-0.01340385526,1
177,42,0.06363832951,0.1406545937,1
177,50,0.111236088,0.1543352902,1
177,58,0.1542518735,-0.0559899509,1
177,66,0.2074356228,-0.1079483405,1
177,74,0.2768674195,0.03062618896,1
177,82,0.1872154921,0.006276078522,1
177,90,0.0733416155,0.0912822634,1
177,98,0.1371337324,0.04038193077,1
177,106,0.08999460936,-0.02743647993,1
177,114,0.008618403226,0.05451475829,1
177,122,0.01623857394,0.05453649163,1
177,130,0.00121704489,0.02881905064,1
177,138,-0.09774047881,-0.1203163043,1
177,146,-0.08175849169,-0.09448803961,1
177,154,-0.03536397219,0.0501961261,1
177,162,-0.006571535021,-0.01952265948,1
177,170,0.04263803363,0.2962546945,1
185,10,-0.1257580668,-0.1266831458,1
185,18,0.02017736062,0.0923018679,1
185,26,0.07517714798,0.05085089803,1
185,34,0.1064340025,0.02477250993,1
185,42,0.01997444034,0.162250787,1
185,50,-0.008234649897,0.03330663219,1
185,58,0.105676502,-0.14488554,1
185,66,0.2338367105,-0.06354475766,1
185,74,0.3026638329,0.01331326738,1
185,82,0.2077388614,0.0848441422,1
185,90,0.129376024,0.139321655,1
185,98,-0.001757036895,0.09166790545,1
185,106,-0.0718010962,-0.05064453557,1
185,114,0.02105849981,-0.05987721682,1
185,122,-0.01172306761,-0.158942759,1
185,130,0.03317673504,-0.06448448449,1
185,138,0.07577789575,0.01062039286,1
185,146,-0.01340600476,0.04843105376,1
185,154,-0.0707751587,0.03595160693,1
185,162,0.05222029984,0.05493750423,1
185,170,-0.03078950755,0.2221144736,1
193,10,-0.2728768289,-0.09998348355,1
193,18,-0.0700449869,0.09824702889,1
193,26,0.02266691439,0.1193952039,1
193,34,0.098836869,0.01470726728,1
193,42,0.01706992835,0.07152011991,1
193,50,-0.03065385669,0.02764251456,1
193,58,0.1061085314,-0.1097384393,1
193,66,0.1806140691,-0.01012891158,1
193,74,0.1763984263,0.1211797073,1
193,82,0.2062265575,0.1080832407,1
193,90,0.05516598374,0.1903055161,1
193,98,-0.1536446065,0.2166343629,1
193,106,-0.0715803057,0.04783735424,1
193,114,0.01710103452,-0.05634796992,1
193,122,-0.09918604791,-0.04276496544,1
193,130,0.01724886149,-0.2298997939,1
193,138,0.0476677604,-0.0511831753,1
193,146,0.01646410674,0.04340444133,1
193,154,0.0031998083,-0.0220836401,1
193,162,0.007154585794,-0.05881692469,1
193,170,-0.01447178423,0.1116696,1
201,10,-0.1585528553,-0.06038767844,1
201,18,-0.05341289937,-0.01124619693,1
201,26,-0.04588316754,0.07073516399,1
201,34,-0.09493151307,-0.01457091421,1
201,42,-0.1616095304,-0.02873986959,1
201,50,-0.07023864985,-0.07497901469,1
201,58,0.005627796054,-0.1261898875,1
201,66,-0.02232013643,-0.03076897003,1
201,74,0.03813529015,0.1404416859,1
201,82,0.09139123559,0.04336697608,1
201,90,0.06413257122,0.07757372409,1
201,98,-0.06447587162,0.07889759541,1
201,106,-0.02243611217,0.1210900471,1
201,114,0.01829738542,0.09023571014,1
201,122,-0.1592597216,0.1648473144,1
201,130,0.03144167364,-0.03022163361,1
201,138,0.02400296181,-0.03923338279,1
201,146,0.02862808295,-0.03890148178,1
201,154,0.04958283901,0.1634483039,1
201,162,-0.04803475738,0.01241666824,1
201,170,0.04659398645,0.02746103704,1
209,10,0.07395891845,-0.08321240544,1
209,18,0.001378763467,-0.02862544358,1
209,26,-0.131528005,-0.0657305494,1
209,34,-0.08491387963,0.02881924063,1
209,42,-0.01244594716,0.2133323848,1
209,50,-0.03627144918,0.08651725948,1
209,58,-0.03960445523,0.08525513113,1
209,66,0.07236668468,0.06701443344,1
209,74,0.04799936712,0.03738464415,1
209,82,-0.004157137126,-0.008660152555,1
209,90,0.02225357294,0.03181935847,1
209,98,0.1536922157,0.03799136356,1
209,106,0.1008859426,0.04900980368,1
209,114,-0.03517515585,0.2624174356,1
209,122,-0.009683402255,0.1751786768,1
209,130,0.1067187116,0.04764147848,1
209,138,0.06819679588,0.04759696871,1
209,146,0.02924750373,-0.1464695185,1
209,154,-0.01957210898,0.06106684357,1
209,162,0.07752193511,0.1724480093,1
209,170,0.12961106,0.3116687536,1
217,10,0.1458105594,0.01879511401,1
217,18,0.05287199467,0.01385895163,1
217,26,-0.06613638252,0.01318597794,1
217,34,0.04916333035,0.1574903727,1
217,42,0.06832967699,0.3357239664,1
217,50,-0.06020725518,0.213437438,1
217,58,-0.06319342554,0.1683982015,1
217,66,0.04827902466,0.1016127914,1
217,74,0.02543769218,0.01959520206,1
217,82,0.04409574717,0.03791437671,1
217,90,0.1706698984,0.05213397741,1
217,98,0.2366932929,0.01830518432,1
217,106,0.06636402011,-0.009101424366,1
217,114,-0.07145597786,0.1202090979,1
217,122,-0.01554906834,0.1381362975,1
217,130,0.01128356904,0.05328582227,1
217,138,-0.06377540529,0.06613318622,1
217,146,-0.06143596768,-0.03467386961,1
217,154,-0.04579871148,0.0393439047,1
217,162,0.07192310691,0.07276427746,1
217,170,0.116253078,0.2999407053,1
225,10,0.02086548693,0.06000753492,1
225,18,0.01799426228,-0.003570187837,1
225,26,0.09062041342,0.159698993,1
225,34,0.2353741974,0.157605648,1
225,42,0.07993781567,0.1640347838,1
225,50,-0.008753420785,0.1789431125,1
225,58,-0.0151725933,0.1834594011,1
225,66,0.01134069823,0.1151502132,1
225,74,-0.0394968763,-0.03597769141,1
225,82,0.0003316327929,0.05504830927,1
225,90,0.09919080883,0.008984655142,1
225,98,0.09689413756,-0.1058564708,1
225,106,0.07163765281,-0.1569552571,1
225,114,0.02350068837,-0.2086567581,1
225,122,0.003029478248,-0.01259992644,1
225,130,0.02255078778,0.04272639006,1
225,138,0.01303518005,0.1465776563,1
225,146,0.008301666006,0.1089616567,1
225,154,0.02440097928,0.1502041221,1
225,162,0.06791006029,0.108622171,1
225,170,0.112249434,-0.007211387157,1
233,10,-0.1489811391,0.0418311134,1
233,18,-0.1575460434,0.03611472249,1
233,26,0.01604415104,0.2075504959,1
233,34,0.1743556559,0.07413896918,1
233,42,0.05464995652,0.07179605961,1
233,50,-0.09634242952,0.1884624809,1
233,58,-0.08819053322,0.1010044068,1
233,66,-0.05497628078,0.0362184234,1
233,74,-0.1799690872,-0.09281563759,1
233,82,-0.238821581,0.01608566195,1
233,90,0.03237553686,0.007153610699,1
233,98,0.1353032887,-0.1655793935,1
233,106,0.1875137538,-0.215211913,1
233,114,0.1082748026,-0.271063298,1
233,122,-0.08599921316,-0.02342342399,1
233,130,-0.02154447883,0.04429098964,1
233,138,0.04684361815,0.06309247017,1
233,146,0.01139930636,-0.01365783438,1
233,154,-0.0120266322,-0.04256793112,1
233,162,-0.07797451317,0.05978137255,1
233,170,0.008288647979,0.069076702,1
241,10,0.02549146861,0.06481342018,1
241,18,-0.0008962601423,0.1241372675,1
241,26,-0.02411968634,0.154622972,1
241,34,-0.02789373696,0.1084064841,1
241,42,-0.02942064404,0.05241946876,1
241,50,-0.09852829576,0.137432009,1
241,58,-0.06741499901,-0.008562490344,1
241,66,-0.07606141269,-0.09060370922,1
241,74,-0.1278657615,-0.05121411383,1
241,82,-0.02256483957,0.1094528139,1
241,90,0.04552543908,0.1525856256,1
241,98,0.06686259061,-0.03319679573,1
241,106,0.3063693643,0.02471588366,1
241,114,0.07209261507,0.09561666101,1
241,122,-0.1738578975,0.06397054344,1
241,130,-0.06436349452,0.1090328991,1
241,138,-0.06222380698,0.00734949857,1
241,146,-0.04479760677,-0.1143034399,1
241,154,0.07888496667,-0.1370780021,1
241,162,0.0680276081,-0.01257039979,1
241,170,0.03497008979,0.1374666989,1
249,10,0.08142415434,0.01837069541,1
249,18,-0.08923081309,0.09754312783,1
249,26,-0.1298714578,0.1555007845,1
249,34,-0.08453154564,0.2073704302,1
249,42,-0.02031233348,0.1190564856,1
249,50,-0.03580157831,-0.003169741482,1
249,58,0.04158721119,-0.03661129624,1
249,66,0.0152200833,-0.03779530153,1
249,74,-0.2000939548,0.02793852985,1
249,82,-0.1819200218,0.1347273141,1
249,90,0.01368029788,0.1723705679,1
249,98,-0.1200069264,-0.055778265,1
249,106,-0.03157094866,-0.0528424345,1
249,114,0.06443986297,0.06123716757,1
249,122,-0.03398768604,0.09265431762,1
249,130,-0.02642177045,0.06864774227,1
249,138,-0.0604480952,0.1057530493,1
249,146,-0.03494620323,-0.04726568982,1
249,154,0.04594173282,-0.1461546868,1
249,162,0.03963910788,-0.05799112469,1
249,170,-0.017274376,-0.02820052579,1
257,10,-0.1646223664,0.0596620962,1
257,18,-0.1149774343,0.06000825018,1
257,26,-0.01929865032,0.1368284225,1
257,34,0.03493400291,0.08723841608,1
257,42,0.009950816631,-0.01306152344,1
257,50,-0.07180005312,0.0178701058,1
257,58,0.0193208158,-0.08500798047,1
257,66,0.1312324703,-0.06531247497,1
257,74,-0.1376862377,0.02050269954,1
257,82,-0.2631738186,0.02245787904,1
257,90,-0.01254373044,-0.003838282079,1
257,98,-0.1320845038,-0.1519557089,1
257,106,-0.2136745602,-0.1443952322,1
257,114,-0.1217657253,-0.001932855695,1
257,122,-0.04699668288,0.1313912719,1
257,130,0.07696050406,0.1637818962,1
257,138,-0.03403140604,0.1406932771,1
257,146,-0.04986297339,-0.06429578364,1
257,154,0.02488689125,-0.07469266653,1
257,162,-0.0312443804,0.1270217299,1
257,170,-0.1557570994,-0.006916277111,1
265,10,-0.1844943613,0.01372176409,1
265,18,0.01217325777,0.07251042128,1
265,26,0.05800334364,0.1381074637,1
265,34,-0.03066965938,0.03290372342,1
265,42,-0.08755937219,-0.08983749151,1
265,50,-0.03840230033,0.03278920054,1
265,58,0.05113714561,-0.03266540542,1
265,66,-0.02688129246,-0.05165391415,1
265,74,-0.2084579915,0.02635523304,1
265,82,-0.1549232006,-0.06508642435,1
265,90,-0.02008023858,-0.2462522984,1
265,98,-0.1186864004,-0.08214065433,1
265,106,-0.2714378238,0.01788929105,1
265,114,-0.2211136073,0.1674078852,1
265,122,0.03973332047,0.1581175923,1
265,130,0.04536570609,0.2642836571,1
265,138,0.04064457119,0.1322807372,1
265,146,0.03997454792,-0.05638223886,1
265,154,0.0214128606,0.07560680807,1
265,162,-0.03450847417,0.2947458625,1
265,170,-0.01797546074,0.08448711038,1
273,10,0.01543958485,0.02685498446,1
273,18,0.07906706631,0.1752441674,1
273,26,0.01046676934,0.1699086279,1
273,34,-0.1291483045,0.04068163782,1
273,42,-0.1923024505,-0.08270327747,1
273,50,-0.0718870908,-0.1020983011,1
273,58,0.06088687852,-0.04065702483,1
273,66,-0.05252853408,-0.01412263513,1
273,74,-0.09995125234,0.03838849068,1
273,82,-0.06716834009,-0.04734751582,1
273,90,-0.09273520857,-0.1629309207,1
273,98,-0.1281325519,-0.1549221873,1
273,106,-0.1649516225,0.02635596134,1
273,114,-0.09554077685,0.1342033744,1
273,122,0.03221994266,0.06027469039,1
273,130,0.09263443947,0.2331072986,1
273,138,0.02609704435,0.1881790012,1
273,146,-0.01593712904,-0.06706239283,1
273,154,-0.09562183917,0.03785527498,1
273,162,-0.08444367349,0.225850001,1
273,170,-0.03942276537,0.04091709852,1
281,10,0.071220994,0.243506372,1
281,18,0.02836371213,0.2506861091,1
281,26,-0.01876842231,0.1509271115,1
281,34,-0.1249846667,-0.04358007014,1
281,42,-0.1713424325,-0.04564529657,1
281,50,0.02603557706,-0.0005945041776,1
281,58,0.1123187691,-0.2048470974,1
281,66,0.05815428495,-0.03168672696,1
281,74,-0.03343234956,-0.0329021439,1
281,82,-0.1176499873,0.1906422675,1
281,90,-0.08549843729,0.1941483617,1
281,98,-0.03866097331,-0.09020409733,1
281,106,-0.1151215136,-0.02153431065,1
281,114,-0.04534391686,-0.01009598747,1
281,122,0.06437146664,-0.01958125457,1
281,130,-0.01647571847,0.1552710235,1
281,138,0.05078882724,0.1104845107,1
281,146,0.03865691274,-0.03368203342,1
281,154,-0.2539038062,0.06923297048,1
281,162,-0.2023040652,0.1686976552,1
281,170,-0.04684564099,0.1152257547,1
289,10,0.02237135544,0.3233681321,1
289,18,-0.01369984448,0.08194603026,1
289,26,0.001024227589,0.1382066905,1
289,34,-0.1450797617,-0.02019952983,1
289,42,-0.1298388243,-0.01679599099,1
289,50,0.1200835109,0.02079989389,1
289,58,0.2034807056,-0.2020178735,1
289,66,0.1045445502,-0.01230870932,1
289,74,-0.01849917695,-0.04846927524,1
289,82,-0.09236934781,0.1448315382,1
289,90,-0.05062290281,0.2630062997,1
289,98,0.03427296877,-0.005598395132,1
289,106,-0.1066261381,-0.07100955397,1
289,114,-0.1078345999,-0.07433772087,1
289,122,-0.03238651156,0.07579600066,1
289,130,-0.001038782299,0.1325567216,1
289,138,0.00936239399,0.02785511315,1
289,146,0.1092082709,0.02038037777,1
289,154,0.01060045883,0.08158838749,1
289,162,-0.01744127832,0.0481655933,1
289,170,0.1207353026,0.1363178939,1
297,10,-0.1075873226,0.2735744417,1
297,18,0.0922980085,0.04255928099,1
297,26,-0.02799151465,0.1818123013,1
297,34,-0.09461434931,0.08133131266,1
297,42,0.04295295477,0.0289088767,1
297,50,0.07277811319,-0.02529273555,1
297,58,0.08017630875,-0.1004636213,1
297,66,0.117395699,-0.06355758756,1
297,74,0.02451703697,0.02266908996,1
297,82,0.07147422433,0.08545382321,1
297,90,0.1449539214,0.04999656975,1
297,98,0.1205922812,-0.1001408771,1
297,106,-0.01762152091,-0.1362735778,1
297,114,-0.04930871353,-0.1345601827,1
297,122,-0.05064189062,-0.03082265332,1
297,130,-0.01399252843,0.1055725366,1
297,138,0.0973431468,0.04977000132,1
297,146,0.1166431457,0.05696024001,1
297,154,0.04450254515,-0.06371027231,1
297,162,0.001026108861,0.02060469985,1
297,170,0.01922048815,0.1005675122,1
305,10,0.07512196153,0.1486599594,1
305,18,0.1758310199,0.007427558303,1
305,26,0.09043727815,0.02367518097,1
305,34,0.01570309699,0.1454835236,1
305,42,0.1039009988,0.003467479721,1
305,50,0.1159117371,0.04187874496,1
305,58,0.09188389778,-0.07003954798,1
305,66,0.04843815789,-0.1378201842,1
305,74,0.006398163736,-0.03563294932,1
305,82,0.1076387316,0.01483988762,1
305,90,0.3817601502,-0.129286319,1
305,98,0.3483961821,-0.1996287853,1
305,106,0.194596827,-0.1070761532,1
305,114,0.07973320037,-0.06591324508,1
305,122,0.01877361536,-0.0524398908,1
305,130,-0.001214348711,-0.04317205399,1
305,138,0.03647480533,0.01193176582,1
305,146,0.1033665612,0.02539180964,1
305,154,-0.05314367265,-0.06071882695,1
305,162,-0.08154121041,0.08051103354,1
305,170,-0.08386452496,0.1218082607,1
313,10,0.1936058551,0.2188073099,1
313,18,0.02631999552,0.04352492839,1
313,26,-0.1504673958,0.1092336178,1
313,34,-0.1616050154,0.1967670321,1
313,42,0.08698175102,-0.06271942705,1
313,50,0.08658910543,0.1580299139,1
313,58,0.1176186651,0.02594839036,1
313,66,0.1757192165,0.0257512182,1
313,74,0.1505493224,-0.01935665309,1
313,82,-0.1202891096,0.04106911272,1
313,90,-0.04381724447,0.05662585422,1
313,98,0.1427336335,0.06724710017,1
313,106,0.1503069252,0.1042359248,1
313,114,0.06719438732,-0.02120183408,1
313,122,-0.01409737021,-0.0181384664,1
313,130,-0.09098088741,-0.09251821041,1
313,138,-0.07008497417,0.007960703224,1
313,146,-0.03384134918,0.08406676352,1
313,154,-0.07681782544,0.02432891726,1
313,162,-0.07410649955,0.0581908375,1
313,170,-0.05129688978,0.1411494464,1
321,10,0.0609588176,0.1717504114,1
321,18,-0.1530514657,0.09755703062,1
321,26,-0.2262270451,0.1310166121,1
321,34,-0.261496067,0.05022963881,1
321,42,0.0005113109946,-0.003133222461,1
321,50,0.02877210081,0.2538741231,1
321,58,0.0808834359,0.1323435307,1
321,66,0.07554925978,0.08119488508,1
321,74,0.03452948481,0.1538029462,1
321,82,0.08160844445,0.06990274787,1
321,90,-0.005381304771,0.1411199868,1
321,98,-0.001342862844,0.1539700329,1
321,106,0.2175144404,-0.0751850903,1
321,114,0.2047004849,0.06876249611,1
321,122,-0.05969843268,-0.05164726824,1
321,130,-0.03676575795,-0.1319043636,1
321,138,0.09419842064,0.0280742608,1
321,146,0.003813423216,0.2495919019,1
321,154,-0.1098625436,0.09597250819,1
321,162,-0.2037023455,0.08128374815,1
321,170,-0.1899392605,0.03439068794,1
329,10,-0.05370212346,0.07733866572,1
329,18,-0.09020283073,-0.11272569,1
329,26,-0.1395153552,-0.05277819559,1
329,34,-0.1935838014,-0.05586285144,1
329,42,0.04580403864,-0.03128852695,1
329,50,0.2626206875,0.1087882221,1
329,58,0.2434822321,0.1863347739,1
329,66,0.08037130535,0.01876176894,1
329,74,-0.08044688404,0.01766562462,1
329,82,0.08354151249,-0.03899008781,1
329,90,0.1047945917,0.04779332131,1
329,98,0.03230504692,-0.006333757192,1
329,106,0.09803204238,-6.746500731e-06,1
329,114,-0.007541479543,0.2387652695,1
329,122,-0.09736587107,0.01328911632,1
329,130,0.009844106622,-0.04173088819,1
329,138,0.1257279366,0.09266840667,1
329,146,0.06703187525,0.133916378,1
329,154,-0.09225663543,0.05560027808,1
329,162,-0.2124724984,0.06006522477,1
329,170,-0.197977975,-0.02366808057,1
337,10,-0.0506651625,0.01356939226,1
337,18,0.02988474444,-0.02819208056,1
337,26,0.04235126078,-0.1281121671,1
337,34,-0.08338882029,-0.1519546211,1
337,42,0.02085280418,-0.1596103013,1
337,50,0.1377751976,-0.04480567575,1
337,58,0.2272019088,-0.02958510816,1
337,66,0.02835810184,0.04612231255,1
337,74,-0.1798982769,0.1944635808,1
337,82,0.1097606644,0.1986345053,1
337,90,0.1266215146,0.1076701134,1
337,98,-0.005503453314,-0.02078163624,1
337,106,-0.02746711671,-0.01154604182,1
337,114,-0.08818722516,0.1218403429,1
337,122,-0.03529535979,0.1776814461,1
337,130,-0.119065538,0.08832384646,1
337,138,-0.1268624663,0.1390119046,1
337,146,-0.08357055485,0.08095789701,1
337,154,-0.05430410802,0.03170586377,1
337,162,0.01225474477,-0.01002797112,1
337,170,0.005426086485,0.07945258915,1
345,10,-0.03960670531,-0.02316462994,1
345,18,0.02134071663,0.1179908812,1
345,26,0.0432568863,-0.05817085132,1
345,34,-0.03233516216,-0.0895793438,1
345,42,-0.04446621239,-0.05103507638,1
345,50,0.03651675954,-0.1091487408,1
345,58,0.0832522735,-0.1533803046,1
345,66,0.06712728739,0.09531830996,1
345,74,0.02309475094,0.3280097842,1
345,82,0.03869674355,0.3826210201,1
345,90,0.04179562628,0.2250797153,1
345,98,-0.01155556738,0.01440142095,1
345,106,-0.1053782627,-0.07525722682,1
345,114,-0.08209825307,0.05329214782,1
345,122,0.009025729261,0.2425581962,1
345,130,0.03182363138,0.1510818154,1
345,138,0.06798633188,0.1186489016,1
345,146,-0.05540913716,0.1185386404,1
345,154,-0.06871315837,0.07784111798,1
345,162,-0.001599173993,-0.06789829582,1
345,170,0.009544158354,-0.01628240198,1
353,10,-0.2199764103,0.11358428,1
353,18,-0.03880308196,0.1846068501,1
353,26,0.01126931701,0.03397490829,1
353,34,0.00319297798,-0.04591203853,1
353,42,0.00179098174,-0.05529808998,1
353,50,-0.06061997637,-0.09322223812,1
353,58,-0.1011305973,-0.02564474382,1
353,66,0.06535352021,0.1203262359,1
353,74,0.08887624741,0.134624511,1
353,82,-0.0471431911,0.2910804451,1
353,90,-0.00864700228,0.08765217662,1
353,98,-0.01839370653,0.1330040097,1
353,106,-0.07565115392,0.01225256175,1
353,114,-0.03512615338,0.1169672161,1
353,122,0.03883659095,0.2461734712,1
353,130,0.1359491497,0.1671513468,1
353,138,0.1694900393,0.1242758781,1
353,146,-0.04766801,0.1766342372,1
353,154,-0.06502595544,0.1047223806,1
353,162,-0.04667535424,-0.1254502386,1
353,170,0.002453796566,0.01612599194,1
361,10,-0.4084199965,0.05042069033,1
361,18,-0.03452146053,0.0936325714,1
361,26,0.03522149101,0.07219204307,1
361,34,-0.06830199063,-0.00356092304,1
361,42,-0.01894940063,-0.1241103336,1
361,50,-0.08931974322,-0.05681379139,1
361,58,-0.1257515252,-0.02315100469,1
361,66,0.02554190159,0.05139856786,1
361,74,0.005798191763,0.02749934047,1
361,82,-0.04456077516,0.2267041802,1
361,90,0.06506165862,0.148570329,1
361,98,0.04991628602,0.3322706223,1
361,106,0.004296280444,0.1005592048,1
361,114,0.06104829907,0.1982695758,1
361,122,-0.06745190173,0.2301018834,1
361,130,-0.03528083488,0.123972401,1
361,138,-0.0004337951541,0.1117757559,1
361,146,0.000386454165,0.05780286342,1
361,154,0.03976643831,0.03823620081,1
361,162,0.0464223288,-0.03837196529,1
361,170,0.0772126615,0.05998646468,1
369,10,-0.4893636703,-0.06417088956,1
369,18,-0.1307389587,0.1234080121,1
369,26,-0.03322636336,0.167111218,1
369,34,-0.0441179499,0.05355680734,1
369,42,-0.1247204095,0.09578270465,1
369,50,-0.2113427222,0.07088759542,1
369,58,-0.08048257232,-0.08308748901,1
369,66,0.02332196757,-0.1939171553,1
369,74,0.1065056473,0.0977089107,1
369,82,0.1848909706,0.2249782532,1
369,90,0.149167642,0.3492220044,1
369,98,0.1244172975,0.3266741037,1
369,106,0.06180159003,0.1460653841,1
369,114,0.1036593542,0.1307246983,1
369,122,-0.006258558482,0.1119417697,1
369,130,0.03462046385,0.02139204741,1
369,138,0.1030177772,-0.04213221744,1
369,146,0.195561558,-0.008918507025,1
369,154,0.126414448,-0.05281635746,1
369,162,0.1096320003,0.02328875102,1
369,170,0.1645494252,0.1011607945,1
377,10,-0.4321842492,-0.09268373996,1
377,18,-0.210067153,0.2280994207,1
377,26,0.009384403005,0.1814337373,1
377,34,-0.05715693533,0.03722059354,1
377,42,-0.1477437913,0.03215541691,1
377,50,-0.1337877214,-0.01139019337,1
377,58,0.003508202732,0.02595191821,1
377,66,0.05977285281,0.1218053177,1
377,74,0.2316223979,0.0770554021,1
377,82,0.3365956545,0.05926346034,1
377,90,-0.01915596426,0.2498388141,1
377,98,-0.04255558178,0.09799039364,1
377,106,0.1672258824,0.136882484,1
377,114,0.06258937716,0.06834504008,1
377,122,0.02137631923,0.0094229877,1
377,130,0.00429318985,0.004863202572,1
377,138,0.06065106392,0.04735898972,1
377,146,0.1667155027,0.007988609374,1
377,154,0.1302506924,0.05570128188,1
377,162,0.104005903,0.096023269,1
377,170,0.164198935,0.1998546124,1
385,10,-0.1933719516,-0.1474759281,1
385,18,-0.06698476523,0.07041831315,1
385,26,-0.05571598932,0.06315439194,1
385,34,-0.05572548509,-0.04471871257,1
385,42,0.0168245174,-0.02859155461,1
385,50,-0.05521643162,-0.06149876118,1
385,58,-0.02615065873,0.106550321,1
385,66,0.217079401,0.371355027,1
385,74,0.2880412936,0.005661807954,1
385,82,0.2246085107,-0.08206304908,1
385,90,0.06368222833,0.1570680141,1
385,98,-0.01637128741,0.1306481063,1
385,106,0.03307847679,-0.02400842309,1
385,114,-0.0164629966,-0.1627270877,1
385,122,0.1240523607,0.086355865,1
385,130,0.02183074132,0.1745707691,1
385,138,-0.07383643091,0.2675817311,1
385,146,0.1229559779,0.0454679504,1
385,154,0.1073354036,0.01975534484,1
385,162,0.09586582333,0.1147000641,1
385,170,0.0949356705,0.1644798815,1
393,10,-0.2182186246,-0.1484917998,1
393,18,-0.08756615222,-0.0355251357,1
393,26,0.003472912125,0.01460222155,1
393,34,-0.0367833972,0.0714918524,1
393,42,0.01892784238,0.1600904763,1
393,50,0.01450207643,0.1098072231,1
393,58,-0.1443416923,0.09447190166,1
393,66,0.1918946803,0.2934527993,1
393,74,0.1337067783,-0.08619780093,1
393,82,-0.02643210441,-0.07064063847,1
393,90,0.008804157376,0.03250135481,1
393,98,0.1989640146,0.1932892501,1
393,106,0.2592548132,-0.1325493604,1
393,114,0.1568853408,0.06687546521,1
393,122,0.008472189307,0.1451894194,1
393,130,-0.02113712579,0.1492165178,1
393,138,-0.02812835574,0.2424173355,1
393,146,0.1075428426,0.1078581885,1
393,154,0.09942062944,-0.04025167972,1
393,162,0.08096624166,0.08251985908,1
393,170,0.03032362834,0.2479067445,1
401,10,-0.04598112404,-0.03506756574,1
401,18,-0.005495883524,0.004281084053,1
401,26,0.01483973861,0.03519318998,1
401,34,0.06935112178,0.3100985885,1
401,42,-0.02706297487,0.2635751963,1
401,50,-0.110654451,0.1557556093,1
401,58,-0.007407944649,0.1814152002,1
401,66,0.1497651935,0.092643179,1
401,74,0.1319302022,-0.1696175486,1
401,82,-0.01737327874,-0.05427123234,1
401,90,0.1174214557,-0.01732385159,1
401,98,0.1304244399,0.07710472494,1
401,106,0.07857847214,-0.0707975924,1
401,114,0.07590784878,0.1424706578,1
401,122,0.04959302396,0.1491288543,1
401,130,0.001502104104,0.1353802085,1
401,138,0.01049161702,0.1205109656,1
401,146,0.07271067053,0.07486626506,1
401,154,0.08798342943,0.02986375242,1
401,162,0.09191916883,0.1258773804,1
401,170,0.1323408633,0.2401118577,1
409,10,0.1108983904,0.2855678797,1
409,18,0.1831780523,0.1718933433,1
409,26,0.06237281114,0.002140402794,1
409,34,0.1234899387,0.1665301472,1
409,42,0.110257782,0.2740213573,1
409,50,-0.02934692055,0.06047062576,1
409,58,-0.04181218147,0.04467830062,1
409,66,0.1342472285,-0.04101177678,1
409,74,0.03100609779,-0.0529069826,1
409,82,-0.05967442691,0.01999741793,1
409,90,0.1842894256,0.09855998307,1
409,98,0.1677150428,0.03037197888,1
409,106,-0.03551311791,-0.04334402084,1
409,114,-0.08449944109,0.08186949044,1
409,122,-0.07338004559,-0.009287931025,1
409,130,-0.02100029588,-0.01886644959,1
409,138,-0.01501878724,-0.02073839307,1
409,146,-0.006567545235,-0.01670495421,1
409,154,0.2441151738,0.06441993266,1
409,162,0.09365530312,0.08405606449,1
409,170,0.1669560075,0.09115563333,1
417,10,0.01357717812,0.1896719337,1
417,18,0.1260347366,0.1785512418,1
417,26,0.1875857115,0.08422189206,1
417,34,0.08925007284,0.07381422818,1
417,42,0.07251888514,0.06786507368,1
417,50,-0.1905723512,0.0639616251,1
417,58,-0.3502532244,-0.04123748839,1
417,66,-0.2838450372,-0.04114922881,1
417,74,-0.1850980669,0.08182025701,1
417,82,-0.1056211442,0.1213134304,1
417,90,-0.03585095704,0.1760660261,1
417,98,-0.1056858301,0.08739066124,1
417,106,-0.2136865258,-0.07211747766,1
417,114,-0.2758224905,-0.0245148316,1
417,122,-0.2670420706,-0.2373744249,1
417,130,-0.1480701119,-0.3164641261,1
417,138,-0.06273812056,-0.226753518,1
417,146,-0.07647661865,-0.1221056953,1
417,154,0.001510940492,0.03747610748,1
417,162,0.1759289205,-0.04667539895,1
417,170,0.4140070081,-0.1972714067,1
