PIVlab, ASCII chart output - 02-Aug-2025
FRAME: 13, filenames: A:[13]FullStack_Pos0035_TgUtrmcherry_K4K8MO-1.avi & B:[14]FullStack_Pos0035_TgUtrmcherry_K4K8MO-1.avi, conversion factor xy (px -> m): 1, conversion factor uv (px/frame -> m/s): 1
x [px],y [px],u [px/frame],v [px/frame],Vector type [-]
9,10,0.125706017,0.5006611943,1
9,18,-0.1694610119,0.05753522739,1
9,26,-0.1004270017,-0.2540117502,1
9,34,-0.155698061,-0.2185889781,1
9,42,-0.2924035192,-0.3158930242,1
9,50,-0.1809053719,-0.1549914181,1
9,58,-0.1805428863,0.01449606568,1
9,66,-0.1780322194,0.1099708527,1
9,74,-0.06481689215,-0.009038876742,1
9,82,-0.07966862619,-0.02534846961,1
9,90,-0.05354446918,0.03755160421,1
9,98,0.1750527769,0.06498540938,1
9,106,0.155721128,0.05396857113,1
9,114,0.07642957568,0.1377924979,1
9,122,0.03249517083,0.124025628,1
9,130,-0.08263745159,0.0927240178,1
9,138,-0.1293103099,0.009484946728,1
9,146,-0.03227091581,0.04219904914,1
9,154,0.1454859674,-0.0111316666,1
9,162,0.05131969973,0.1872124672,1
9,170,-0.01283711568,0.3896574378,1
17,10,-0.03940629959,0.2055554092,1
17,18,-0.1520499289,0.1221538633,1
17,26,-0.04888086766,-0.08571586013,1
17,34,0.1257951856,-0.08391568065,1
17,42,0.05391015857,-0.07584887743,1
17,50,0.01652000099,0.01879836246,1
17,58,0.07543905079,0.1633004844,1
17,66,0.07766302675,0.2389876544,1
17,74,0.04240901768,0.1032917202,1
17,82,-0.008005706593,0.07441907376,1
17,90,-0.01621045545,-0.04819338769,1
17,98,0.03074890561,-0.009210795164,1
17,106,0.03749953955,0.1207695678,1
17,114,0.02537444979,0.1837763488,1
17,122,0.03513812646,0.1132398471,1
17,130,0.02555209398,0.1573178768,1
17,138,-0.08226329088,0.0503911972,1
17,146,-0.005588747561,0.007281391881,1
17,154,0.06076303869,0.008719459176,1
17,162,0.01216555014,0.1334559917,1
17,170,-0.05811938271,0.185787499,1
25,10,-0.1156051606,-0.002380922437,1
25,18,-0.05147881433,0.1211595386,1
25,26,0.05802822858,0.02207300067,1
25,34,0.1527489573,0.09561610222,1
25,42,0.166025728,0.2198707759,1
25,50,0.1355184466,0.2361519188,1
25,58,0.1846884489,0.2308092117,1
25,66,0.211913377,0.1944818348,1
25,74,0.1942382157,0.1399189234,1
25,82,0.1114220545,0.04235263541,1
25,90,0.03508859128,-0.01289923489,1
25,98,0.06284271181,0.1051285341,1
25,106,0.02994280308,0.1262810379,1
25,114,-0.151599437,0.09102489054,1
25,122,-0.002148417756,0.02738025039,1
25,130,0.1141704544,0.01602582633,1
25,138,0.09289397299,-0.02584824711,1
25,146,0.03553792834,-0.01762831956,1
25,154,0.08137972653,0.07720348984,1
25,162,0.1222402155,0.09949493408,1
25,170,0.04751123488,0.05096048117,1
33,10,-0.1625755131,0.1041291803,1
33,18,0.003906969912,0.1058118045,1
33,26,0.0458946079,-0.006820775568,1
33,34,0.08529555798,0.06053338945,1
33,42,0.1514152586,0.2251582742,1
33,50,0.2205443382,0.1904372871,1
33,58,0.121334672,0.06544855237,1
33,66,-0.05467683077,0.1367899328,1
33,74,0.01452568173,0.1596796513,1
33,82,0.08728384972,-0.01212729514,1
33,90,0.005527522415,0.0697421357,1
33,98,-0.06184836477,0.1762123704,1
33,106,-0.03750732541,0.1154396385,1
33,114,-0.02806869894,0.07654136419,1
33,122,-0.0502413027,0.1000453979,1
33,130,-0.02547279559,0.07528938353,1
33,138,0.03771615028,-0.06812170893,1
33,146,0.02749294788,-0.03778909147,1
33,154,0.04878458008,0.01545277983,1
33,162,0.06210695952,0.05846714601,1
33,170,0.02022262849,0.05152925849,1
41,10,-0.1202588528,0.0790848285,1
41,18,0.07244951278,0.07682357728,1
41,26,0.1805258393,0.04637008905,1
41,34,0.1383777857,-0.001202344894,1
41,42,0.1413287818,0.2124715745,1
41,50,0.1065545827,0.001783162355,1
41,58,0.0755611062,0.004066258669,1
41,66,0.04858861119,0.03023504838,1
41,74,-0.06910730898,0.109295994,1
41,82,0.002698235214,-0.005922578275,1
41,90,0.01948037371,0.03293824196,1
41,98,-0.07462967932,0.1106602252,1
41,106,-0.1350698322,0.1490521431,1
41,114,-0.1750760525,0.1544357389,1
41,122,-0.06522970647,0.1445705444,1
41,130,0.02288231626,0.1471496969,1
41,138,-0.05844392255,0.03171088174,1
41,146,0.006519384682,0.02988559753,1
41,154,0.07672591507,0.007287744433,1
41,162,0.03693005815,0.01605369151,1
41,170,-0.06482758373,0.1003337502,1
49,10,-0.1441357434,0.06892194599,1
49,18,0.03814969584,0.04978414625,1
49,26,0.1693874747,-0.105533272,1
49,34,0.3923273385,-0.05108563602,1
49,42,0.1969155967,-0.08597163856,1
49,50,0.07288497686,-0.1190674305,1
49,58,0.03807293624,-0.01020956039,1
49,66,0.04265183955,-0.04295982793,1
49,74,-0.03823450953,0.03279718384,1
49,82,-0.1304948181,0.08905696124,1
49,90,-0.03146023303,0.0008598007262,1
49,98,0.009635556489,-0.005150273442,1
49,106,-0.04585085064,0.07469133288,1
49,114,-0.029927589,0.0623306334,1
49,122,0.005579590797,0.05749048293,1
49,130,0.06008877978,0.06148827821,1
49,138,0.04728963226,-0.07331140339,1
49,146,0.06292888522,0.0442982316,1
49,154,0.08022443205,0.04606001079,1
49,162,0.07946185768,0.008560013026,1
49,170,0.1268747002,0.03442727774,1
57,10,-0.01312500238,0.04063549265,1
57,18,0.02319011278,0.01642086729,1
57,26,0.04815015942,-0.1927895695,1
57,34,0.04116535187,-0.0003078747541,1
57,42,0.03109106421,-0.005239036866,1
57,50,0.03545015305,-0.01558752544,1
57,58,-0.01646212861,0.05803236365,1
57,66,0.02815785818,0.02929834276,1
57,74,0.03923777491,0.01444499567,1
57,82,-0.04407173023,0.09975612164,1
57,90,0.06819146872,0.004565283656,1
57,98,0.08657459915,-0.1435795128,1
57,106,0.04496783391,0.02895756066,1
57,114,0.09607998282,-0.02193577215,1
57,122,-0.009663733654,-0.002427019179,1
57,130,-0.06502322853,0.04260902479,1
57,138,0.1068104357,0.0008275173604,1
57,146,0.06313030422,0.1100788936,1
57,154,0.05994854867,0.06598567963,1
57,162,0.04943671077,0.09769970179,1
57,170,0.09093549848,-0.04734624177,1
65,10,-0.04240493476,0.02271456644,1
65,18,-0.06279203296,0.01060022786,1
65,26,-0.06659458578,-0.03775916249,1
65,34,0.01546216011,0.1156549901,1
65,42,0.004452541471,0.05320356041,1
65,50,0.0591917634,0.04295353591,1
65,58,0.1041427925,0.08285863698,1
65,66,0.07112550735,0.09015449136,1
65,74,0.01956699416,0.07401444018,1
65,82,0.05317550898,-0.06763140857,1
65,90,0.07596660405,0.04608373344,1
65,98,0.07621945441,0.03038958088,1
65,106,0.05240889639,0.003088440746,1
65,114,-0.01519706007,-0.05251695961,1
65,122,-0.09089919925,0.0102019757,1
65,130,-0.1277454942,0.0458284691,1
65,138,0.0241688583,0.02238727733,1
65,146,0.1145561635,0.1077302992,1
65,154,0.08116080612,0.04855464399,1
65,162,0.04190868139,0.04376787692,1
65,170,0.09949359298,-0.05384709314,1
73,10,0.1687388122,0.01730205119,1
73,18,0.1525373757,0.1484257281,1
73,26,0.1834739596,0.06937384605,1
73,34,0.1728569865,0.1878115833,1
73,42,0.05113795772,0.1529326737,1
73,50,-0.01443144679,-0.02125158347,1
73,58,0.1388151944,-0.06144040078,1
73,66,0.110839203,0.07007404417,1
73,74,0.005201406777,0.206565991,1
73,82,0.08287944645,0.2954584062,1
73,90,0.05976116657,0.1927339733,1
73,98,0.01467927545,0.09527287632,1
73,106,-0.03401022032,-0.1300911754,1
73,114,-0.05764688551,-0.08580709249,1
73,122,-0.04053477198,0.08725842088,1
73,130,-0.1319054067,-0.01236837357,1
73,138,-0.03528336063,-0.1222382039,1
73,146,0.03678238392,-0.0219431892,1
73,154,-0.009897727519,0.05136504024,1
73,162,0.0543621704,0.008434494026,1
73,170,0.2184823453,-0.09852449596,1
81,10,0.1782680899,-0.04277518392,1
81,18,0.09582835436,0.2025451064,1
81,26,0.1392829418,0.156249553,1
81,34,0.1802703291,0.1538470536,1
81,42,-0.04058583081,0.07605160773,1
81,50,-0.03169102967,-0.1101619601,1
81,58,0.1505612582,0.02676151507,1
81,66,0.1600912958,0.05340354145,1
81,74,0.1506954581,0.1384095848,1
81,82,0.08713509142,0.1633624732,1
81,90,0.02354867756,0.05727762729,1
81,98,0.06833638996,0.036554344,1
81,106,0.05112096667,-0.1473042965,1
81,114,0.08692468703,-0.06463813782,1
81,122,0.03929685801,0.08109485358,1
81,130,-0.05187327415,-0.03317700326,1
81,138,-0.02586707845,-0.1137515754,1
81,146,-0.044463709,-0.05059668794,1
81,154,-0.1304725558,0.1123978123,1
81,162,-0.04495754093,0.06916934997,1
81,170,0.1561088562,0.1056315377,1
89,10,0.04164507985,-0.06085801125,1
89,18,0.0300896205,0.1682906896,1
89,26,0.02041273192,0.3347151577,1
89,34,0.03806858882,0.1103206128,1
89,42,-0.01552540809,-0.14914608,1
89,50,0.1261966676,-0.1229435727,1
89,58,0.2347895056,0.1062763855,1
89,66,0.1751346439,0.1735332459,1
89,74,0.06667926162,-0.01668998599,1
89,82,-0.02310268581,-0.05152633786,1
89,90,0.04739263281,0.06313087046,1
89,98,0.1376854479,0.02650076523,1
89,106,0.1185818166,-0.004807757214,1
89,114,0.09116989374,-0.03001548536,1
89,122,0.0246750135,0.01655364782,1
89,130,-0.09939809144,-0.1323401779,1
89,138,-0.05800694227,-0.1386064589,1
89,146,-0.05475375056,-0.05304579437,1
89,154,-0.201577872,0.002154642716,1
89,162,-0.08648625016,0.1216741949,1
89,170,0.01558831893,0.2118720412,1
97,10,0.06008564681,-0.08157396317,1
97,18,-0.007039353251,0.02032530494,1
97,26,0.001437712461,0.1131664366,1
97,34,-0.05542434752,-0.009356249124,1
97,42,0.07206494361,-0.1779304743,1
97,50,0.204908967,-0.1232788786,1
97,58,0.1412232667,-0.02841944247,1
97,66,0.01704801619,0.1961573362,1
97,74,-0.07695626467,0.1955685914,1
97,82,0.03622561321,0.07899679244,1
97,90,0.06953066587,0.1669428945,1
97,98,0.1489108205,0.1252329946,1
97,106,0.1846509874,0.1454922408,1
97,114,0.128753826,-0.02005714551,1
97,122,0.08542000502,-0.04191342741,1
97,130,-0.1289579868,-0.1319421232,1
97,138,-0.1113984287,-0.1221068427,1
97,146,-0.08014173061,-0.02231087163,1
97,154,-0.1678848714,0.09721516073,1
97,162,-0.1544700563,0.2159156501,1
97,170,-0.0668079257,0.1883493364,1
105,10,0.09218257666,0.0005869492888,1
105,18,-0.02522090077,-0.1083834022,1
105,26,-0.006789252162,-0.0195024889,1
105,34,-0.009482681751,-0.0545431003,1
105,42,0.07023855299,-0.1284586936,1
105,50,0.1875853986,0.008082009852,1
105,58,0.008128993213,0.06672553718,1
105,66,-0.08533766866,0.08257785439,1
105,74,0.01671762764,0.07144603878,1
105,82,0.1615319103,0.07421843708,1
105,90,0.06853216887,0.1952543557,1
105,98,0.06876644492,0.1888914555,1
105,106,0.08330333233,0.1474909484,1
105,114,-0.06430922449,0.1049773544,1
105,122,-0.06072118133,-0.07153329253,1
105,130,0.04761210084,-0.03759618849,1
105,138,0.06737282127,0.01536899246,1
105,146,-0.0285480395,0.06624287367,1
105,154,-0.01779222488,0.1284671724,1
105,162,0.04848663881,0.1045598537,1
105,170,0.03777124733,0.1285919398,1
113,10,0.05999252945,0.267649442,1
113,18,0.1355505735,0.1086197346,1
113,26,0.04454984516,-0.00514639169,1
113,34,0.043086797,-0.05464111641,1
113,42,0.1146681979,-0.01927545294,1
113,50,0.1636944711,0.1209139898,1
113,58,0.1230571941,0.06343886256,1
113,66,0.02155574411,0.008975353092,1
113,74,0.08643358201,-0.108924441,1
113,82,0.146743089,0.0449783504,1
113,90,-0.00413274765,0.121516712,1
113,98,-0.1155398935,0.10463503,1
113,106,-0.0698505342,0.02889830619,1
113,114,0.004334019497,-0.06464266777,1
113,122,-0.07780119032,-0.1780711859,1
113,130,-0.1156869978,-0.02385973185,1
113,138,-0.03939454257,0.0810707137,1
113,146,-0.07657375187,0.06947331131,1
113,154,-0.07989882678,0.1055937782,1
113,162,0.05122217536,0.1342374086,1
113,170,0.1315831095,0.08038927615,1
121,10,0.1727741361,0.2258895785,1
121,18,0.2611765563,0.1880638897,1
121,26,0.1808326095,0.1250188947,1
121,34,0.1623086929,-0.04930502176,1
121,42,0.1903282702,0.1059261486,1
121,50,0.08843144774,0.1521871686,1
121,58,-0.01034548134,-0.01519513503,1
121,66,0.1276074946,0.0470187664,1
121,74,0.1637380123,0.03038803488,1
121,82,0.2120014727,0.002235785127,1
121,90,0.159027189,-0.0007766932249,1
121,98,-0.01374224015,0.005371078849,1
121,106,-0.07465694845,-0.005650970154,1
121,114,-0.05386958271,-0.09783664346,1
121,122,-0.05781177804,-0.1554346979,1
121,130,-0.08751279861,0.01923304424,1
121,138,-0.14324525,0.08497595787,1
121,146,-0.1195742935,-0.02479587495,1
121,154,-0.1335222125,0.09512405097,1
121,162,-0.1015392691,0.08291439712,1
121,170,0.06304567307,-0.001000206918,1
129,10,0.2329193652,0.03617051244,1
129,18,0.08456781507,0.186800614,1
129,26,0.07409842312,0.2742560804,1
129,34,0.06777788699,-0.0007352828979,1
129,42,-0.02905417234,-0.09564880282,1
129,50,-0.1712742597,-0.03282869607,1
129,58,0.003773629665,0.03558990732,1
129,66,0.3274028301,0.2114141434,1
129,74,0.2428971082,0.3986579776,1
129,82,0.09590631723,0.07027623802,1
129,90,0.128049463,-0.01185161993,1
129,98,0.008446116932,-0.03966174275,1
129,106,-0.02603534982,1.35935843e-05,1
129,114,-0.0231234692,-0.09268896282,1
129,122,-0.05914267525,-0.1346208304,1
129,130,-0.06183533743,-0.003997088876,1
129,138,-0.1329696625,0.05153802037,1
129,146,-0.1214068979,-0.06827569753,1
129,154,-0.1028690115,-0.03585213423,1
129,162,-0.07958592474,-0.07415377349,1
129,170,0.02635828406,-0.02235591784,1
137,10,0.3222782612,0.1939220726,1
137,18,0.1970105618,0.1283916086,1
137,26,0.0001475661993,0.06564204395,1
137,34,-0.0397169292,-0.01648896933,1
137,42,-0.03769147769,-0.1564372331,1
137,50,-0.02655584738,-0.07383286953,1
137,58,0.06061919779,0.1335098892,1
137,66,0.1494987607,0.245746702,1
137,74,0.1959689856,0.1975712478,1
137,82,0.1660280824,0.1006041393,1
137,90,0.09006681293,0.05674390122,1
137,98,-0.02101451904,-0.1014826298,1
137,106,0.001229215413,-0.08197360486,1
137,114,-0.02795916609,-0.2213255763,1
137,122,-0.05644264072,-0.07716616243,1
137,130,-0.0602186434,-0.09139058739,1
137,138,-0.1438405961,-0.02890575863,1
137,146,-0.1239083558,-0.08121772856,1
137,154,-0.03350241482,-0.04805565625,1
137,162,-0.03093407862,0.0504543148,1
137,170,-0.06887195259,0.06066399068,1
145,10,0.1994035989,0.1693258882,1
145,18,0.1560404003,0.00163654983,1
145,26,0.1396016777,-0.005235806108,1
145,34,0.1536729932,-0.004732549191,1
145,42,-0.02441921085,-0.01334839128,1
145,50,-0.01095378771,0.01883297041,1
145,58,0.04974746332,0.1418183595,1
145,66,0.09865581244,0.1107266545,1
145,74,0.1138674915,0.004347793758,1
145,82,0.1023951545,-0.01289491728,1
145,90,0.1070585996,-0.005274388939,1
145,98,0.07710109651,-0.1069523394,1
145,106,0.073854357,-0.01669198275,1
145,114,0.07584653795,-0.05951528251,1
145,122,0.01314331219,0.01528344117,1
145,130,-0.06384027004,-0.03812201694,1
145,138,-0.03387572616,-0.0992070958,1
145,146,0.04747105762,-0.02317437157,1
145,154,0.1471039504,0.003499511629,1
145,162,0.1409071088,0.1049486995,1
145,170,0.1063810289,-0.1026281863,1
153,10,0.05197896063,0.1007970423,1
153,18,0.1317145228,-0.03799463063,1
153,26,0.1859960407,-0.02382575348,1
153,34,0.05512345955,0.02813326381,1
153,42,-0.02295920998,-0.08015943319,1
153,50,0.08064317703,0.08213290572,1
153,58,0.1470834464,0.1357530951,1
153,66,0.2025113106,0.04945480824,1
153,74,0.02022071183,-0.006728179753,1
153,82,-0.08416092396,-0.1454289854,1
153,90,-0.05080648512,-0.2157639265,1
153,98,0.002745542675,-0.1631070375,1
153,106,0.112416774,0.0002809129655,1
153,114,0.2289062142,-0.004536365159,1
153,122,0.1209475175,0.01209263131,1
153,130,-0.0272840336,0.05812361091,1
153,138,-0.004282554612,0.02494258992,1
153,146,0.05528899655,0.008473102003,1
153,154,0.1460021436,-0.007253751159,1
153,162,0.1825180948,-0.06501941383,1
153,170,0.04770639539,-0.04437728971,1
161,10,-0.07671511173,0.1024351567,1
161,18,0.1633696109,0.06202795729,1
161,26,0.09770158678,0.02479443699,1
161,34,-0.01211243868,-0.007602259517,1
161,42,0.01114365458,0.0494573079,1
161,50,0.03927750885,0.1297118068,1
161,58,0.1411684453,0.065589495,1
161,66,0.1158799529,0.04243282229,1
161,74,0.005569398403,0.05448745564,1
161,82,-0.02310999483,-0.0005646087229,1
161,90,-0.0503503941,-0.1439782381,1
161,98,0.01577898115,-0.1564479619,1
161,106,0.05064564943,-0.01442463323,1
161,114,-0.06023005396,0.005612494424,1
161,122,0.0592302233,0.05118714273,1
161,130,0.1687684357,0.03087320365,1
161,138,0.04952172562,-0.07126444578,1
161,146,0.06039811298,-0.01114049554,1
161,154,0.09903448075,-0.06903070956,1
161,162,0.03244428337,-0.05596113205,1
161,170,-0.1227247268,0.12376903,1
169,10,0.04998983443,0.04070509225,1
169,18,0.0863262713,0.2796287537,1
169,26,0.04824636132,0.2410079092,1
169,34,-0.02212499827,0.001721516252,1
169,42,0.04235425591,0.1673102826,1
169,50,-0.01331869327,0.08672308177,1
169,58,-0.02452066168,0.08516567945,1
169,66,0.09340886027,0.03609494492,1
169,74,0.08751642704,0.04911006615,1
169,82,0.01407685503,0.1060279757,1
169,90,-0.06944225729,0.04709356278,1
169,98,-0.155633077,0.01428986713,1
169,106,-0.2183542699,0.03664885089,1
169,114,-0.2362286597,0.08898852766,1
169,122,-0.1525812447,0.1339375675,1
169,130,-0.03058960289,-0.009007014334,1
169,138,0.05144188181,0.01435886789,1
169,146,0.06901334226,-0.04963444918,1
169,154,0.123213388,-0.122829169,1
169,162,0.03361929953,-0.03927507997,1
169,170,-0.2386358678,-0.03588455543,1
177,10,0.1571701318,-0.03499151766,1
177,18,0.07926020771,0.2789500356,1
177,26,-0.004460547119,0.2000766844,1
177,34,0.01984611526,0.1324353963,1
177,42,-0.1048054248,0.1490976512,1
177,50,-0.1583633721,0.00821159035,1
177,58,0.007676310837,0.1387772262,1
177,66,0.1478785574,0.02586074546,1
177,74,0.2032568455,0.05975936353,1
177,82,-0.09212860465,0.001656927168,1
177,90,-0.2477807701,0.07944068313,1
177,98,-0.2742747068,0.09553904086,1
177,106,-0.118147403,0.02079603449,1
177,114,-0.1119451374,0.007934577763,1
177,122,-0.1312895715,-0.07348447293,1
177,130,-0.1527462006,0.0208691787,1
177,138,-0.07892988622,0.1129836738,1
177,146,-0.002396222204,-0.007498186082,1
177,154,0.0175983198,-0.06722323596,1
177,162,0.005208514631,0.009023480117,1
177,170,-0.1551337242,-0.06767122447,1
185,10,0.1357654929,-0.03795503825,1
185,18,0.06140840054,0.1531949043,1
185,26,0.04572864249,0.2196015418,1
185,34,-0.0267263148,0.2895159125,1
185,42,-0.1166085824,0.206987381,1
185,50,-0.08078475296,0.03102353215,1
185,58,-0.02146629989,0.2121636122,1
185,66,0.04637853801,0.043432042,1
185,74,0.03055219352,0.06020178273,1
185,82,-0.1870354712,-0.02376118302,1
185,90,-0.251599133,0.117335178,1
185,98,-0.1841573119,0.1471655518,1
185,106,-0.1018529534,0.1008270979,1
185,114,-0.1133220047,-0.04679702222,1
185,122,-0.1800729036,-0.05532106385,1
185,130,-0.2102365494,-0.001646135002,1
185,138,-0.08483511209,0.04764742777,1
185,146,-0.1004420295,-0.003170848824,1
185,154,-0.0478958711,-0.01213816926,1
185,162,0.1787476838,0.02516458184,1
185,170,0.01716190577,-0.08783892542,1
193,10,0.08125319332,0.02994446456,1
193,18,0.1030229479,0.1258353889,1
193,26,0.02617461607,0.1422380805,1
193,34,-0.1606794149,0.161651507,1
193,42,-0.3103288114,0.2822807431,1
193,50,-0.2337350398,0.1249005198,1
193,58,0.02936208248,0.2479724288,1
193,66,0.03754327074,-0.04563894868,1
193,74,-0.04776582122,-0.1787987798,1
193,82,-0.1108370274,0.001207359135,1
193,90,-0.187263757,0.1853258461,1
193,98,-0.2228387892,0.3028049469,1
193,106,-0.2215519696,0.1978939772,1
193,114,-0.1320133805,0.01798850298,1
193,122,-0.04098972678,0.02887005359,1
193,130,-0.0709617883,-0.02234994248,1
193,138,0.0285679847,-0.05191422999,1
193,146,0.0333461985,-0.1028527617,1
193,154,0.02780580148,-0.04822853208,1
193,162,0.1509575844,-0.006247498095,1
193,170,0.0152524747,-0.03192420304,1
201,10,0.09043177217,0.1477758139,1
201,18,0.04406213015,0.09956154972,1
201,26,-0.02530455217,0.04082100093,1
201,34,-0.1180798858,0.1169079393,1
201,42,-0.1751576364,0.2766724825,1
201,50,-0.07025757432,0.2405892909,1
201,58,0.06854990125,0.257747829,1
201,66,-0.0525091514,0.02082109451,1
201,74,-0.1205208302,-0.06165554747,1
201,82,-0.0009236782789,0.04659771174,1
201,90,0.003257554024,0.1037686467,1
201,98,-0.1416905522,0.3060255051,1
201,106,-0.1627674997,0.1610619277,1
201,114,-0.03837685287,0.1314463913,2
201,122,0.01026777178,0.1054213494,1
201,130,0.04807633907,0.1197750047,1
201,138,0.06777819246,0.000828512013,1
201,146,0.1386296451,-0.2127012461,1
201,154,0.02878662385,-0.3888300657,1
201,162,-0.01051787846,-0.0633803159,1
201,170,-0.01678722352,0.06626358628,1
209,10,0.07262280583,0.2215625495,1
209,18,-0.02762959898,0.05869045109,1
209,26,-0.07146982849,0.03615378588,1
209,34,-0.09829705954,0.2149362415,1
209,42,-0.06974787265,0.2574019134,1
209,50,0.06205311045,0.1853289604,1
209,58,0.1161842495,0.3223542869,1
209,66,0.0911975503,0.4231940806,1
209,74,0.04942180216,0.4066872597,1
209,82,-0.2622819245,-0.2975952625,1
209,90,0.01796607673,0.07077305019,1
209,98,-0.001206051558,0.05739797652,1
209,106,-0.02814106271,-0.02264472842,1
209,114,0.1310056895,0.2413137555,1
209,122,0.1273312569,0.2615835071,1
209,130,0.01173149049,0.03163148463,1
209,138,-0.09104005247,-0.04988820106,1
209,146,-0.1127032563,-0.4067800045,1
209,154,-0.03725175932,-0.2078481764,2
209,162,-0.1498521119,-0.03677656874,1
209,170,-0.1080029383,0.2373803854,1
217,10,-0.05092753842,0.07578401268,1
217,18,-0.09593598545,-0.01957087219,1
217,26,-0.07081775367,0.1217729747,1
217,34,-0.07138093561,0.01488439739,1
217,42,-0.005699913949,0.03439611197,1
217,50,0.04041840509,0.1401411295,1
217,58,0.105012916,0.2227491289,2
217,66,0.2096973062,0.15596883,1
217,74,0.2435638309,0.08190098405,1
217,82,0.06548822671,0.08522029221,1
217,90,0.0158234369,0.0268221125,1
217,98,-0.01069305278,0.05877654999,1
217,106,-0.001301594079,0.08094025403,1
217,114,-0.02183439769,0.2884573638,1
217,122,0.02894125879,0.1801616699,1
217,130,0.06015343964,-0.0457213819,1
217,138,0.07466028631,-0.0138348192,1
217,146,0.1373315156,-0.02433600277,1
217,154,0.08476170897,0.0009939447045,1
217,162,0.03199260682,0.07978312671,1
217,170,-0.1549317241,0.3477722704,1
225,10,-0.0873195529,0.1528100073,1
225,18,0.05645320937,0.245854646,1
225,26,0.2029406428,0.1731989086,1
225,34,-0.01134454459,-0.01745884866,1
225,42,0.05284553766,-0.1052750498,1
225,50,0.07247847319,0.01647250354,1
225,58,0.05375170708,0.2725322843,1
225,66,0.1208093017,0.0689721778,1
225,74,0.1655050516,0.01096460968,1
225,82,0.1554115415,-0.0002070367336,1
225,90,0.005116235465,0.01244859397,1
225,98,0.07285333425,0.03366892412,1
225,106,0.07492724061,-0.125677079,1
225,114,-0.05463178456,-0.05090774596,1
225,122,0.03062117845,-0.1021109894,1
225,130,0.1214158684,-0.1751945168,1
225,138,0.1531428695,-0.04568322748,1
225,146,0.113729164,-0.0715893507,1
225,154,-0.05503986031,-0.07114167511,1
225,162,-0.04683966935,0.04280364513,1
225,170,-0.1767770648,0.120026648,1
233,10,-0.1772623658,0.1679190248,1
233,18,0.04622589797,0.2606576085,1
233,26,0.1051471606,0.1516035795,1
233,34,0.04531743377,0.03170334548,1
233,42,0.1405027658,-0.0869782716,1
233,50,0.1381316334,-0.07974656671,1
233,58,0.1295905709,0.001516893506,1
233,66,0.1319385022,-0.05259880424,1
233,74,0.1982207298,-0.07470005751,1
233,82,0.2477060556,-0.06408187747,1
233,90,0.06367676705,-0.002679068595,1
233,98,0.1035758778,-0.08968886733,1
233,106,0.09311184287,-0.1701027453,1
233,114,0.02828919142,-0.1026575118,1
233,122,0.03813337907,-0.1573917866,1
233,130,0.0295239836,-0.2396929264,1
233,138,-0.007649889681,-0.1028717309,1
233,146,-0.04068116844,-0.1107351109,1
233,154,-0.05305666476,-0.1570600867,1
233,162,-0.02868092433,0.07464336604,1
233,170,-0.02173760533,-0.01101326942,1
241,10,0.03335460275,0.09549617767,1
241,18,0.09305746853,0.07536250353,1
241,26,0.1530044079,0.09650400281,1
241,34,0.1432103813,0.001747243106,1
241,42,0.1842449903,-0.06184099615,1
241,50,0.2701070309,-0.08943728358,1
241,58,0.2974653244,-0.1260282695,1
241,66,0.1292616129,0.01074255817,1
241,74,0.08115074784,-0.008281238377,1
241,82,0.2035501897,0.03290772811,1
241,90,0.2156198323,0.001881234348,1
241,98,0.1230583489,-0.1414727867,1
241,106,0.1559029669,-0.09392227232,1
241,114,0.09758359194,0.07468660176,1
241,122,0.004860721529,-0.04068694264,1
241,130,0.05713860318,-0.2058615386,1
241,138,-0.07769611478,-0.1038904563,1
241,146,-0.06848943233,-0.09654771537,1
241,154,0.08893190324,-0.2166318595,1
241,162,0.1232436374,0.04188274592,1
241,170,0.1735085845,-0.1133496612,1
249,10,0.1360511184,0.1141727865,1
249,18,-0.04728036746,0.0710215643,1
249,26,-0.09997848421,0.07778888196,1
249,34,-0.05825139582,0.001701764762,1
249,42,0.007617015392,0.05738884956,1
249,50,0.09511764348,0.05551185831,1
249,58,0.2208679467,0.02894297987,1
249,66,0.1834513545,0.09734173119,1
249,74,0.07968649268,0.08887013048,1
249,82,0.03580116108,-0.002317227423,1
249,90,0.1255782694,-0.02582461387,1
249,98,-0.03340479732,-0.0491040051,1
249,106,-0.0382868275,-0.03168527782,1
249,114,0.05807257071,0.05966896191,1
249,122,0.007386421785,-0.06115708873,1
249,130,-0.002554003149,-0.06763733178,1
249,138,-0.04805793241,0.002231247723,1
249,146,0.0463585034,-0.1062395722,1
249,154,0.1285021901,-0.1138883606,1
249,162,0.05941507965,0.06241475791,1
249,170,0.05397519469,-0.2011314631,1
257,10,0.05431970581,0.2173067778,1
257,18,-0.07175388932,0.1753204614,1
257,26,-0.08745487034,0.1532701552,1
257,34,-0.07710569352,0.2096138,1
257,42,-0.02493777871,0.2714244723,1
257,50,-0.08016346395,0.172972247,1
257,58,-0.0352364555,0.142650947,1
257,66,0.07964237779,0.09114611894,1
257,74,0.02283009887,0.06069529802,1
257,82,-0.08440290391,-0.08005425334,1
257,90,-0.1638127863,-0.1762171239,1
257,98,-0.06983501464,-0.0450915955,1
257,106,0.1078426838,-0.0165075697,1
257,114,0.1632052362,-0.0340728499,1
257,122,-0.04908004403,-0.1159254164,1
257,130,-0.1787695289,-0.08698160946,1
257,138,-0.1425539851,0.0385571979,1
257,146,0.2261780202,-0.06602029502,1
257,154,0.2220019102,-0.07371059805,1
257,162,0.1153717712,0.0750470534,1
257,170,0.07201299071,-0.144419834,1
265,10,-0.03039087355,0.2350608706,1
265,18,-0.08211149275,0.1271895766,1
265,26,-0.05029473454,0.1332842559,1
265,34,-0.0529512018,0.2571800053,1
265,42,-0.08517049253,0.1983830184,1
265,50,-0.1969385594,0.1239459515,1
265,58,-0.1752062142,0.07169722021,1
265,66,0.004265835509,-0.007110074162,1
265,74,0.01746677607,0.1092476398,1
265,82,-0.0776771456,0.1214931011,1
265,90,-0.1532350183,0.0217150636,1
265,98,-0.06947240978,-0.08862291276,1
265,106,0.1286804229,-0.1111054569,1
265,114,0.1533575356,-0.1453110874,1
265,122,-0.07856932282,-0.09900919348,1
265,130,-0.1022119671,-0.1842606068,1
265,138,-0.06288786232,0.02405209839,1
265,146,-0.07230120152,-0.06227264181,1
265,154,-0.03932511806,-0.1687340736,1
265,162,0.0126061663,0.00165335089,1
265,170,-0.04438605905,0.1035745442,1
273,10,-0.1448338181,0.2280666828,1
273,18,-0.0983479917,0.1100029051,1
273,26,-0.07156051695,0.05027265102,1
273,34,-0.08594039828,0.2061360031,1
273,42,-0.03726996481,0.1994764805,1
273,50,-0.03957612813,0.1137750447,1
273,58,-0.1630317867,0.06878833473,1
273,66,0.000831566751,0.0366365388,1
273,74,0.06022394076,0.1008111537,1
273,82,-0.06622992456,0.2156979889,1
273,90,-0.0905642584,0.04637734592,1
273,98,-0.1173849031,0.08687663078,1
273,106,-0.04921969399,0.1236124039,1
273,114,0.01819445379,0.06130069867,1
273,122,-0.02923884802,0.05570643768,1
273,130,-0.07920870185,0.0594041273,1
273,138,-0.04446189106,-0.02941634506,1
273,146,-0.03811938316,-0.1679050475,1
273,154,-0.06050984934,-0.1702321768,1
273,162,-0.05582199618,-0.03348649293,1
273,170,-0.1659106612,0.1046793014,1
281,10,-0.04459444433,0.1512059867,1
281,18,-0.0491225943,0.1124099642,1
281,26,-0.04648859054,-0.01523622312,1
281,34,-0.0285083577,0.03716774657,1
281,42,-0.01294445992,0.1782145053,1
281,50,0.003160078079,0.08725053817,1
281,58,-0.0904455781,0.1728055477,1
281,66,-0.04188971221,0.1826750487,1
281,74,-0.02152982727,0.0112073645,1
281,82,-0.1507949829,0.007846761495,1
281,90,-0.1611525118,-0.08886919916,1
281,98,-0.1894350201,0.02822135575,1
281,106,-0.09612824768,0.09296157956,1
281,114,0.03995328397,0.181308195,1
281,122,-0.01924648881,0.1842911243,1
281,130,-0.1053680032,0.08391179144,1
281,138,-0.09868852049,-0.08915147185,1
281,146,-0.09457925707,-0.1649885029,1
281,154,-0.06215336919,-0.08710313588,1
281,162,-0.1112806201,-0.05619563907,1
281,170,-0.2575314641,0.03745756298,1
289,10,0.003175377846,0.03345875442,1
289,18,0.1444244087,0.004187695682,1
289,26,0.02495023608,0.1130661145,1
289,34,-0.1486323774,0.07343987375,1
289,42,-0.06860300899,0.08214101195,1
289,50,-0.04482256249,0.08694476634,1
289,58,0.00176468119,0.1191274822,1
289,66,-0.03526502475,0.09727282822,1
289,74,-0.10727714,-0.1256069541,1
289,82,-0.0570823364,-0.01170872711,1
289,90,-0.04292199016,-0.0004315525293,1
289,98,-0.06853099167,0.0121245347,1
289,106,0.02831283584,0.009510984644,1
289,114,0.1029072553,0.1338049471,1
289,122,0.01289639249,0.1509589404,1
289,130,-0.1116043329,0.0006931577809,1
289,138,-0.1331425309,-0.02864176966,1
289,146,-0.03226913512,-0.08570854366,1
289,154,-0.1035100371,0.001107417047,1
289,162,-0.1535752714,-0.05401107296,1
289,170,-0.07917407155,-0.09221243113,1
297,10,0.0301919803,-0.06447187066,1
297,18,0.009442314506,-0.03125074506,1
297,26,0.02280750871,0.06976471841,1
297,34,-0.04177249223,0.08797581494,1
297,42,-0.1611648947,0.08598060906,1
297,50,-0.1457615793,0.1734838933,1
297,58,-0.04787993431,0.1215758845,1
297,66,-0.006720831618,0.06502813101,1
297,74,-0.08132764697,-0.04364261031,1
297,82,-0.04741380736,0.01943264902,1
297,90,0.0573557578,0.0842730552,1
297,98,0.01510766149,0.04282032698,1
297,106,0.0332666859,-0.03474840522,1
297,114,-0.007590338588,0.0368751511,1
297,122,-0.07478906214,0.03010381944,1
297,130,-0.1345124543,-0.08152539283,1
297,138,-0.1070453376,-0.02348287962,1
297,146,-0.03077873588,-0.1102563888,1
297,154,-0.008379489183,0.01031412929,1
297,162,0.01752926223,0.04285338521,1
297,170,0.07792855799,-0.1373405159,1
305,10,-0.1327359229,-0.03840962797,1
305,18,-0.08257930726,-0.02887839638,1
305,26,-0.02180735394,-0.07166963816,1
305,34,-0.04869344458,-0.03719382733,1
305,42,-0.1463481337,0.03752973676,1
305,50,-0.155654788,0.1842178404,1
305,58,-0.01674055308,0.1533729136,1
305,66,0.02730074711,0.006437934935,1
305,74,0.004555389285,0.09593439102,1
305,82,0.02466733009,0.07297098637,1
305,90,0.03250465915,0.1298935264,1
305,98,-0.1306894869,-0.03243523836,1
305,106,-0.1785378307,-0.08459308743,1
305,114,-0.1298653483,0.09988110512,1
305,122,-0.05361275375,0.01868925616,1
305,130,-0.006016090512,-0.2182660997,1
305,138,-0.07467023283,-0.02102693915,1
305,146,-0.02137539163,-0.06019845232,1
305,154,0.06409546733,-0.001036513597,1
305,162,0.1108826399,0.101234138,1
305,170,0.0769988969,0.09806600213,1
313,10,0.0403891243,0.171941489,1
313,18,-0.0695470199,-0.04191969708,1
313,26,-0.1136539355,-0.0394086726,1
313,34,-0.0711107403,0.08457872272,1
313,42,-0.0678775385,0.1042796373,1
313,50,2.982839942e-05,0.1629821807,1
313,58,0.1630309373,0.1170061082,1
313,66,0.235272944,-0.01696415246,1
313,74,0.1367384493,0.04639337584,1
313,82,0.09822902083,0.07925637066,1
313,90,0.07072590292,0.0213477239,1
313,98,-0.08865740895,-0.05995421112,1
313,106,-0.2261349559,-0.02557381801,1
313,114,-0.1336587667,0.1194602177,1
313,122,-0.1899846643,0.01445660368,1
313,130,-0.1829802692,-0.165294677,1
313,138,-0.01432286948,-0.01532255486,1
313,146,-0.005311351269,-0.02030207962,1
313,154,-0.06390567869,-0.04195563123,1
313,162,-0.01406812295,0.01736310124,1
313,170,0.05893229693,0.1287898123,1
321,10,0.07527904958,0.3450987935,1
321,18,-0.08326895535,0.005267471075,1
321,26,-0.1379338503,-0.0101383552,1
321,34,-0.1290248632,0.0668489635,1
321,42,-0.1233024076,0.2205390334,1
321,50,-0.07938685268,0.1510160118,1
321,58,0.1467618048,0.08829118311,1
321,66,0.3169927001,0.05851215124,1
321,74,0.2942656577,0.04570103064,1
321,82,0.2182778716,0.1186289042,1
321,90,0.0916281268,0.01580968499,1
321,98,-0.2116470337,-0.05794505402,1
321,106,-0.2469949573,-0.01611338183,1
321,114,-0.03668548167,0.01619295031,1
321,122,-0.1675530225,-0.02572852373,1
321,130,-0.2550715506,-0.01651982591,1
321,138,-0.1041903049,-0.01775032282,1
321,146,-0.003487909213,-0.04370526969,1
321,154,-0.0271882657,-0.06444493681,1
321,162,-0.0496346876,0.04238335043,1
321,170,-0.03631600365,0.07343815267,1
329,10,-0.05827150866,0.2322473377,1
329,18,-0.09754102677,0.01271508262,1
329,26,-0.178938508,-0.02684055828,1
329,34,-0.3079625666,-0.08811820298,1
329,42,0.00193939358,0.2251592726,1
329,50,-0.003273975104,0.1807241887,1
329,58,-0.02047945932,0.1569247395,1
329,66,0.02067671716,0.1310619116,1
329,74,0.09346619248,0.165997088,1
329,82,-0.02447778173,0.02718232572,1
329,90,-0.1913658977,-0.04078564048,1
329,98,-0.221027106,-0.07502114028,1
329,106,-0.170349434,0.03384546936,1
329,114,-0.04782630503,0.05458064005,1
329,122,0.02031707019,0.008795879781,1
329,130,-0.03427778184,0.1090945005,1
329,138,-0.1950377226,0.02338415012,1
329,146,-0.1156658903,-0.06187910587,1
329,154,-0.01210099459,-0.03124469146,1
329,162,-0.05546949059,0.05346613005,1
329,170,-0.1589146554,0.08440774679,1
337,10,0.08380129933,0.05056837201,1
337,18,-0.01625661552,-0.008125036955,1
337,26,-0.05833688378,0.02948817611,1
337,34,-0.1089743525,-0.02029661834,1
337,42,-0.0847671479,0.1984363347,1
337,50,0.005384255201,0.2043425441,1
337,58,0.07960303873,0.1177173257,1
337,66,0.1046316102,0.05838814378,1
337,74,0.08544316888,0.06408210099,1
337,82,-0.1256136298,-0.2026213408,1
337,90,-0.1915435642,-0.136031121,1
337,98,-0.160103932,-0.06586478651,1
337,106,-0.1427352875,-0.03365078568,1
337,114,-0.01832867414,0.08138924092,1
337,122,-0.03126786649,-0.02579014562,1
337,130,-0.03737035394,-0.08790615201,1
337,138,-0.05294537544,0.09225074947,1
337,146,-0.1220517457,-0.01813443005,1
337,154,-0.1028925031,-0.004695054144,1
337,162,-0.01445923746,-0.02326728776,1
337,170,-0.009573601186,0.02054920793,1
345,10,0.1167611405,0.1240695119,1
345,18,0.07910256833,0.06114429235,1
345,26,-0.08612975478,0.04785085469,1
345,34,-0.1827852577,0.1222800761,1
345,42,-0.02721792459,0.01575440913,1
345,50,0.06619998068,0.04091992974,1
345,58,0.167436868,0.06622582674,1
345,66,0.0459940657,-0.007469721138,1
345,74,-0.07345476747,0.01360165328,1
345,82,-0.09080734849,-0.09258383512,1
345,90,-0.1607185751,-0.1866598725,1
345,98,-0.1621741354,0.005544368178,1
345,106,-0.129114151,0.02903386019,1
345,114,-0.1211882606,0.004256975837,1
345,122,-0.1566760093,-0.1104951128,1
345,130,-0.08478471637,-0.0153095061,1
345,138,-0.2009640783,0.1041788906,1
345,146,-0.3813161254,0.07922893763,1
345,154,-0.2333324105,0.03158620372,1
345,162,-0.04943531007,-0.01255524904,1
345,170,0.1052353308,-0.09199329466,1
353,10,-0.08820796758,0.1381183863,1
353,18,-0.05246064812,0.07002034783,1
353,26,-0.1434687674,0.1076458246,1
353,34,-0.1549585313,0.1394167244,1
353,42,0.06990534812,-0.0580194518,1
353,50,0.349991262,-0.1026370525,1
353,58,0.2454033494,0.07195299119,1
353,66,0.06843809038,-0.01929640025,1
353,74,-0.08313878626,0.1183091253,1
353,82,-0.1300670207,0.09294263273,1
353,90,-0.002009689808,-0.07345684618,1
353,98,-0.1863252074,0.1357836574,1
353,106,-0.178111583,0.1964852959,1
353,114,-0.1266503781,0.03170038387,1
353,122,-0.08032929152,0.02029515803,1
353,130,0.004790581763,0.05654660612,1
353,138,0.009677693248,-0.05063393712,1
353,146,-0.06566116214,0.02318318188,1
353,154,-0.1308397651,0.05208031833,1
353,162,-0.05537750944,-0.01514321752,1
353,170,0.1900375783,-0.09537929296,1
361,10,-0.0599706322,-0.001585796475,1
361,18,-0.01624535024,0.1097225696,1
361,26,-0.02976870537,0.2162535042,1
361,34,-0.2675570846,0.190963313,1
361,42,-0.1744064689,0.0359768346,1
361,50,0.06457843632,-0.005358725786,1
361,58,0.08940848708,0.1599277109,1
361,66,-0.0284512192,-0.1363673508,1
361,74,-0.01215526648,0.1296078861,1
361,82,-0.08981746435,0.1148387641,1
361,90,-0.1808309257,0.04190891609,1
361,98,-0.2944453061,0.1961850226,1
361,106,-0.2794016004,-0.05808097497,1
361,114,-0.06980832666,0.02442257479,1
361,122,0.08226415515,0.06842193007,1
361,130,0.04347461835,0.07784555852,1
361,138,-0.02812296897,-0.01262327656,1
361,146,-0.00629254058,0.001875862014,1
361,154,-0.06309580803,0.01359071862,1
361,162,0.04973559827,-0.03777804226,1
361,170,0.2179479003,-0.01883181185,1
369,10,0.03511132672,0.04027388245,1
369,18,0.01540146768,0.04234805703,1
369,26,-0.1634767652,0.1179502979,1
369,34,-0.08470515907,0.2310037911,1
369,42,0.01657885686,0.1856674254,1
369,50,0.07678382844,0.1413581073,1
369,58,0.05814836919,0.1685787439,1
369,66,-0.06347994506,0.05664107203,1
369,74,0.03573127091,0.06052774191,1
369,82,0.03341050446,0.005403809249,1
369,90,-0.2679712772,-0.04392805696,1
369,98,-0.2040324062,0.04495998472,1
369,106,-0.05501469225,-0.1425939947,1
369,114,0.06508222967,-0.02539481223,1
369,122,0.04401449859,-0.01360231452,1
369,130,0.05053621531,0.08849064261,1
369,138,-0.01023599505,0.05407337844,1
369,146,-0.251649797,0.04317815974,1
369,154,-0.2036793828,-0.1153614074,1
369,162,0.0810360387,-0.1120236218,1
369,170,0.2779180408,-0.007588975132,1
377,10,-0.07736436278,0.1202636212,1
377,18,-0.001900421456,0.05640567094,1
377,26,0.0532781072,0.008915677667,1
377,34,-0.1002210826,0.09954330325,1
377,42,-0.05388078839,0.09652452171,1
377,50,0.01900523156,0.1635839939,1
377,58,-0.1003975719,0.160464257,1
377,66,-0.2352501303,0.1887619346,1
377,74,-0.02560623735,0.1427542865,1
377,82,-0.08734409511,0.02093560621,1
377,90,-0.2304724157,-0.07277224958,1
377,98,-0.1336107105,-0.1404533833,1
377,106,0.02617201954,-0.06322135031,1
377,114,-0.03319600224,0.05988479406,1
377,122,-0.06217189878,0.05367973074,1
377,130,-0.007039546501,-0.006193242967,1
377,138,-0.04321208224,-0.003283308819,1
377,146,-0.1357482821,-0.03733819723,1
377,154,-0.0730650872,-0.05353092775,1
377,162,-0.04330344871,-0.130859822,1
377,170,0.07534651458,-0.06670794636,1
385,10,-0.2635045946,0.08398278058,1
385,18,-0.04585712031,0.1471443176,1
385,26,0.06396049261,-0.003994122148,1
385,34,-0.08812405914,0.1059303582,1
385,42,-0.08183269203,0.05798685551,1
385,50,-0.09165492654,0.1747300476,1
385,58,-0.1386557519,0.2615476549,1
385,66,-0.04171548784,0.2014321089,1
385,74,-0.02887909859,0.1318521351,1
385,82,-0.1070068181,0.01783081889,1
385,90,-0.1656801701,-0.004813328385,1
385,98,-0.04888948798,-0.06925971061,1
385,106,0.09316509962,-0.07102678716,1
385,114,-0.01754922792,0.05528637394,1
385,122,-0.09234708548,0.07455322146,1
385,130,-0.05929530039,0.04837671295,1
385,138,-0.007426347584,0.02029770613,1
385,146,-0.01457126066,-0.03855944052,1
385,154,-0.03769734129,0.02287908271,1
385,162,-0.03895886242,0.04601664096,1
385,170,-0.01306478679,-0.05048433691,1
393,10,-0.1711654514,0.1955297291,1
393,18,-0.04167714342,0.2221725732,1
393,26,-0.00216108188,0.1026894748,1
393,34,0.044712767,0.1425427496,1
393,42,0.06670058519,0.05975615233,1
393,50,-0.03242915496,0.166280821,1
393,58,-0.008112885058,0.2108401358,1
393,66,0.05112160742,0.1979746222,1
393,74,-0.003181323409,0.1110188738,1
393,82,-0.1036846191,0.01272338629,1
393,90,-0.07895183563,0.06863746792,1
393,98,-0.009852115065,0.1870722473,1
393,106,0.01862600632,0.04315148667,1
393,114,-0.06325809658,-0.04840119183,1
393,122,-0.1091964692,-0.01810467057,1
393,130,-0.126005277,0.1583286822,1
393,138,-0.1399955153,0.0006975661963,1
393,146,-0.1244023666,-0.07699727267,1
393,154,-0.09163154662,0.0006909635849,1
393,162,-0.1101609915,0.03453179449,1
393,170,-0.206558466,-0.0462968275,1
401,10,-0.1169948354,0.3318943679,1
401,18,-0.2858873606,0.2225166261,1
401,26,-0.2436456084,0.06642211229,1
401,34,0.01630148292,-0.0223322548,1
401,42,-0.04828695953,-0.05483736098,1
401,50,-0.1134465709,-0.06334518641,1
401,58,-0.1116919369,0.1183940321,1
401,66,-0.09877377748,0.2959489822,1
401,74,-0.08580763638,0.2947692871,1
401,82,-0.07833471894,0.1554948688,1
401,90,0.02329578623,0.08578343689,1
401,98,0.01399108954,0.1718734205,1
401,106,0.01033618674,0.1120989174,1
401,114,-0.05192797258,-0.0627387464,1
401,122,-0.1879964173,-0.125936538,1
401,130,-0.1521053016,-0.007064800709,1
401,138,0.002211481333,-0.09563917667,1
401,146,-0.0864373073,-0.1547122449,1
401,154,-0.08784674108,-0.00778709352,1
401,162,-0.08301059157,0.005202343687,1
401,170,-0.184201166,0.004148576409,1
409,10,0.1442604214,0.1967344284,1
409,18,-0.2061582208,0.05272176862,1
409,26,-0.2289598733,-0.1551647931,1
409,34,-0.1937176883,-0.04433660954,1
409,42,-0.2106838971,-0.1120534986,1
409,50,-0.2239168882,-0.2345139384,1
409,58,-0.222791642,-0.07112836838,1
409,66,-0.2237409651,0.2545868158,1
409,74,-0.1122549027,0.3179196119,1
409,82,-0.04585424066,0.1893819869,1
409,90,-0.09604121,0.1822422892,1
409,98,-0.04238067567,0.178039819,1
409,106,-0.005020312965,0.1045110226,1
409,114,-0.02181097865,0.009232230484,1
409,122,-0.1334324777,-0.1039436013,1
409,130,-0.04433370382,-0.09272682667,1
409,138,0.3454236984,-0.01859182119,1
409,146,0.1955544949,0.07102362812,1
409,154,-0.02526655048,0.02352854609,1
409,162,-0.002330742776,-0.01762563922,1
409,170,0.1008602083,-0.05917020887,1
417,10,0.05435305089,0.02621734887,2
417,18,-0.03555431962,-0.1442997307,1
417,26,-0.282422334,-0.1290560961,1
417,34,-0.3661490679,0.03467155248,1
417,42,-0.4793049693,-0.1131913215,1
417,50,-0.2347935736,-0.2675150037,1
417,58,-0.09007528424,-0.1292970181,1
417,66,-0.2496893853,0.2081617862,1
417,74,-0.1717621684,0.1237977445,1
417,82,-0.1202890277,0.2389901131,1
417,90,-0.2235328555,0.2967084646,1
417,98,-0.2206270099,0.2412920147,1
417,106,-0.2859839797,0.2352638394,1
417,114,-0.18081595,0.157703951,1
417,122,0.0313744247,0.04042043537,1
417,130,0.08999253809,-0.02704206109,1
417,138,0.127816081,0.01873877645,1
417,146,0.2279217243,0.003172419965,1
417,154,0.1787083745,-0.116506882,1
417,162,0.2124112844,-0.0894267112,1
417,170,0.3437828124,-0.2154691219,1
