PIVlab, ASCII chart output - 02-Aug-2025
FRAME: 116, filenames: A:[116]FullStack_Pos0035_TgUtrmcherry_K4K8MO-1.avi & B:[117]FullStack_Pos0035_TgUtrmcherry_K4K8MO-1.avi, conversion factor xy (px -> m): 1, conversion factor uv (px/frame -> m/s): 1
x [px],y [px],u [px/frame],v [px/frame],Vector type [-]
9,10,-0.2593708038,0.1271644533,1
9,18,-0.165127933,0.02914663404,1
9,26,-0.1484333277,-0.1016700715,1
9,34,0.006126180291,-0.1880549788,1
9,42,0.06048892438,-0.1317775548,1
9,50,-0.002396531403,-0.06402030587,1
9,58,-0.008680874482,0.1118972898,1
9,66,0.02594000846,0.2567793131,1
9,74,0.07256957144,0.1969321966,1
9,82,0.07757076621,0.1688485742,1
9,90,-0.09741945565,0.1202966273,1
9,98,-0.127211839,-0.08199645579,1
9,106,-0.06744778156,-0.2261418104,1
9,114,-0.05640855432,-0.2457242608,1
9,122,-0.08040713519,0.01391588524,1
9,130,-0.0310099721,0.2369283736,1
9,138,0.002080589533,0.1900972128,1
9,146,-0.1126144975,0.06474648416,1
9,154,-0.1483950615,-0.0889871791,1
9,162,-0.100973323,-0.08700746298,1
9,170,-0.1321007609,0.04908210412,1
17,10,-0.03691333532,0.163166523,1
17,18,-0.03933852166,0.01283789054,1
17,26,-0.06024381891,-0.1515170038,1
17,34,0.00691773463,-0.1530999541,1
17,42,0.02826135419,-0.1541763842,1
17,50,-0.04912697896,-0.003432217985,1
17,58,-0.04130372033,0.1061174795,1
17,66,-0.001329842024,0.2242491692,1
17,74,0.1291498095,0.06255443394,1
17,82,0.1096627191,0.1271657348,1
17,90,-0.1509173065,0.1115920171,1
17,98,-0.2238595635,0.05738662928,1
17,106,-0.1847668886,-0.11098589,1
17,114,-0.1693149507,0.01007988676,1
17,122,-0.2046934962,0.2262181342,1
17,130,-0.1018012837,0.2756968141,1
17,138,-0.03744038194,0.1105882302,1
17,146,-0.1573460996,0.07213582844,1
17,154,-0.175025627,0.03422939777,1
17,162,-0.08839100599,-0.02121383697,1
17,170,-0.2072305083,-0.06115110219,1
25,10,0.001335598528,0.2565476894,1
25,18,0.1907362789,0.0338358134,1
25,26,0.02615537122,-0.2129394412,1
25,34,-0.007327602245,-0.2491481155,1
25,42,0.01348390337,-0.1318721324,1
25,50,-0.05704978481,0.0002446258441,1
25,58,0.01534462534,0.06394223869,1
25,66,0.08948875219,0.1004187241,1
25,74,-0.03653360158,0.07175341249,1
25,82,-0.04966245592,0.1254184544,1
25,90,-0.08597822487,0.08373118937,1
25,98,-0.1408401132,0.1398082823,1
25,106,-0.1337975562,0.08751358092,1
25,114,-0.1169130653,0.1693352163,1
25,122,-0.2677380741,0.1918730438,1
25,130,-0.1466698945,0.1550961435,1
25,138,-0.1130152196,-0.007243163884,1
25,146,-0.1324856728,0.09722117335,1
25,154,-0.1672596931,0.1450748146,1
25,162,-0.3905753195,0.007080152631,1
25,170,-0.3483988643,-0.07636491209,1
33,10,-0.1483165473,0.002167448401,1
33,18,0.002848595381,-0.09077805281,1
33,26,-0.0185893327,-0.1718105972,1
33,34,-0.07977180183,-0.2805684805,1
33,42,-0.02081122808,-0.1342633069,1
33,50,0.006143428385,0.01410299633,1
33,58,0.1005508751,0.02714009583,1
33,66,0.2121334076,0.05976033211,1
33,74,0.07126075029,0.03807035461,1
33,82,0.1641529053,0.01591538265,1
33,90,0.1581170112,0.03617250547,1
33,98,-0.03882024437,0.04181044549,1
33,106,-0.00289849937,0.06938359886,1
33,114,-0.106676586,0.1268779933,1
33,122,-0.1709683239,0.03754887357,1
33,130,-0.1876611412,0.01013238728,1
33,138,-0.2289234102,0.00598077476,1
33,146,-0.1639705151,0.2004399896,1
33,154,-0.1790492982,0.2252026647,1
33,162,-0.3579934239,0.119514212,1
33,170,-0.4020338953,0.07779616117,1
41,10,0.0001055933535,-0.1025316268,1
41,18,-0.05281694978,-0.006645921618,1
41,26,-0.0360975042,0.0334392786,1
41,34,-0.09606415778,-0.1739568263,1
41,42,-0.1155018955,-0.1335709989,1
41,50,-0.08326046914,0.004737474024,1
41,58,-0.02693644911,0.0864507556,1
41,66,0.1093031168,0.1934533715,1
41,74,0.1150537729,0.03819572181,1
41,82,0.05980425701,-0.01933538169,1
41,90,0.09582582861,-0.01145831123,1
41,98,0.02822460979,0.01909310743,1
41,106,-0.06051551551,0.02278652787,1
41,114,-0.05232076347,-0.06838943809,1
41,122,-0.03388654441,-0.07541055977,1
41,130,-0.1333369166,-0.04572334513,1
41,138,-0.1281643808,0.02664706856,1
41,146,-0.1499165297,0.2011446506,1
41,154,-0.1732132733,0.2493847609,1
41,162,-0.1364425719,0.1622659117,1
41,170,-0.2156107277,0.1611057222,1
49,10,0.04972768947,-0.09077902138,1
49,18,0.0293905586,0.04581577331,1
49,26,0.004490759224,0.02502694726,1
49,34,-0.05523728579,-0.07964178175,1
49,42,-0.1012818664,-0.02790715173,1
49,50,-0.01926192641,0.03126428649,1
49,58,0.007804937661,0.127527222,1
49,66,0.02719589509,0.1417838633,1
49,74,-0.009129295126,0.1428786218,1
49,82,-0.1179272607,0.01302129775,1
49,90,-0.04168041795,-0.05468846858,1
49,98,-0.03984451294,-0.01683531329,1
49,106,-0.08019468188,0.05888314545,1
49,114,-0.1145339012,0.01567694172,1
49,122,-0.1110800803,-0.04175938666,1
49,130,-0.08807229996,-0.009818799794,1
49,138,-0.04841130972,0.1126975715,1
49,146,-0.1207972765,0.2146527767,1
49,154,-0.1298587471,0.1847864836,1
49,162,-0.09300382435,0.1301143765,1
49,170,-0.001537591219,0.1145202816,1
57,10,0.1627196968,-0.00227868557,1
57,18,0.04525104165,0.01305776928,1
57,26,-0.06107964367,-0.07709995657,1
57,34,0.00788384676,-0.03809061646,1
57,42,-0.02877066284,-0.0458259955,1
57,50,-0.09017136693,-0.07313864678,1
57,58,-0.02028509974,0.06554408371,1
57,66,0.02890585363,0.2009178847,1
57,74,-0.08985304832,0.3187568188,1
57,82,-0.06786271185,0.06460183859,1
57,90,-0.1868282109,-0.04721019045,1
57,98,-0.2525391877,-0.03604439273,1
57,106,-0.1907433718,0.01835501194,1
57,114,-0.1686052084,0.1222594753,1
57,122,-0.1030399576,0.1091980636,1
57,130,-0.02570991963,0.1242595538,1
57,138,-0.001868747175,0.1063877717,1
57,146,-0.1002180427,0.1298428476,1
57,154,-0.1455284357,0.1897021532,1
57,162,-0.1222604141,0.2185840905,1
57,170,-0.1651745588,-0.005762992427,1
65,10,0.09563367814,-0.006231203675,1
65,18,-0.0005126874894,0.02500350215,1
65,26,-0.05973158032,0.03893198445,1
65,34,-0.09358003736,0.1433452964,1
65,42,-0.1597891152,0.06976135075,1
65,50,-0.2093337029,-0.01856693625,1
65,58,-0.08421873301,-0.07086867094,1
65,66,-0.03200401366,0.05114391446,1
65,74,-0.184163034,0.2020782381,1
65,82,-0.1532049626,0.2063659132,1
65,90,-0.2058292031,0.1239664033,1
65,98,-0.278404057,0.07328032702,1
65,106,-0.1726812124,0.06532286108,1
65,114,-0.109600693,0.06442361325,1
65,122,-0.1478631943,0.03928334638,1
65,130,-0.1434720159,0.02113636583,1
65,138,-0.0452863574,0.07951516658,1
65,146,-0.1486661434,0.1302390546,1
65,154,-0.1743823737,0.2992199063,1
65,162,-0.1772447228,0.2486406267,1
65,170,-0.182971105,0.008469708264,1
73,10,0.3777675629,-0.06000898033,1
73,18,0.07925805449,0.0707815066,1
73,26,-0.07323165983,0.06287254393,1
73,34,-0.1163841411,0.1769104898,1
73,42,-0.1486199647,0.160728097,1
73,50,-0.1718850583,0.2070405334,1
73,58,-0.151922375,-0.009608356282,1
73,66,-0.1858842075,0.01082083583,1
73,74,-0.2731507421,0.04734394699,1
73,82,-0.2609029412,0.2244616002,1
73,90,-0.1914299875,0.08260130882,1
73,98,-0.2160212696,0.0317067951,1
73,106,-0.2036189139,0.1230755225,1
73,114,-0.1404206306,0.2320677936,1
73,122,-0.2166341096,0.02869554795,1
73,130,-0.2110534459,0.02135137841,1
73,138,-0.0381250307,0.1553429514,1
73,146,-0.1502631903,0.1448126733,1
73,154,-0.2539176345,0.1190432236,1
73,162,-0.1995227188,0.09363459051,1
73,170,-0.1083116233,0.005921527743,1
81,10,0.1187465042,0.008786484599,1
81,18,-0.1155536249,-0.03678042069,1
81,26,-0.1762957722,-0.05394240096,1
81,34,-0.02231265604,0.09898853302,1
81,42,0.01242469251,0.1152998805,1
81,50,-0.05139183998,0.1084584892,1
81,58,-0.09056141227,0.03594320267,1
81,66,-0.2080940604,-0.01930486411,1
81,74,-0.2326032519,-0.03769988567,1
81,82,-0.1484464556,0.03342008591,1
81,90,-0.108515501,-0.05021576211,1
81,98,-0.1204199493,-0.05591064319,1
81,106,-0.1329951584,0.0328117013,1
81,114,-0.2055041194,0.1236976236,1
81,122,-0.1440186203,0.003952264786,1
81,130,0.004615023732,-0.01179535314,1
81,138,-0.03657205403,0.1099774018,1
81,146,-0.1577398181,0.09865997732,1
81,154,-0.1621452272,0.05163381994,1
81,162,0.03586216271,0.09640219808,1
81,170,0.108189784,0.05404610932,1
89,10,0.05197746307,0.0523198396,1
89,18,-0.1869446635,-0.2082268894,1
89,26,-0.2023536563,-0.2676282525,1
89,34,-0.0466119498,-0.1143510938,1
89,42,-0.02991643548,0.04259575903,1
89,50,0.002503719181,-0.01370341703,1
89,58,-0.004511781037,-0.09079773724,1
89,66,-0.1561015248,-0.07948738337,1
89,74,-0.2049765885,-0.08288663626,1
89,82,-0.1183760911,-0.130481109,1
89,90,-0.1157570481,-0.03912645951,1
89,98,-0.1374980509,0.06487089396,1
89,106,-0.07625982165,0.1015510112,1
89,114,-0.08810405433,-0.056113787,1
89,122,-0.08462735265,-0.1222893372,1
89,130,-0.1016722172,-0.187590763,1
89,138,-0.2162899822,-0.01999326982,1
89,146,-0.2789400518,0.04087507725,1
89,154,-0.2351675034,0.1269010454,1
89,162,-0.06216987967,0.2068978548,1
89,170,0.01185875759,0.1412450075,1
97,10,-0.1583510786,0.07351388037,1
97,18,-0.2110981345,-0.1671462506,1
97,26,-0.1374438107,-0.2633626461,1
97,34,-0.03308784962,-0.2143206,1
97,42,-0.008463218808,-0.009737299755,1
97,50,-0.04326281324,0.01321504638,1
97,58,-0.04908272624,-0.0874876976,1
97,66,-0.1371894777,-0.04861678928,1
97,74,-0.1480118036,0.0132442154,1
97,82,-0.165217191,-0.09649534523,1
97,90,-0.2056273222,-0.004822721705,1
97,98,-0.1505246162,0.0545536615,1
97,106,-0.09550778568,0.1296166778,1
97,114,0.03286831826,0.09126445651,1
97,122,-0.04496984184,0.008000984788,1
97,130,-0.1127344817,-0.08481321484,1
97,138,-0.09714443982,-0.05044110119,1
97,146,-0.1506479383,-0.1442276835,1
97,154,-0.07425267994,-0.001004260033,1
97,162,0.01234912127,0.07706619799,1
97,170,0.05657334626,0.001702219248,1
105,10,-0.3735720515,0.07623720914,1
105,18,-0.3306595683,-0.1294598281,1
105,26,-0.006718486547,-0.1677376032,1
105,34,-0.004053682089,-0.1253540516,1
105,42,-0.03797272593,-0.02982486784,1
105,50,-0.07541783899,-0.02607828751,1
105,58,-0.08747719228,-0.1692323983,1
105,66,-0.1167591363,-0.1170443147,1
105,74,-0.1358496249,-0.009323425591,1
105,82,-0.1279359013,-0.0420063585,1
105,90,-0.104835704,-0.0600348711,1
105,98,-0.1235953569,-0.0320661366,1
105,106,-0.1520930529,0.09563162178,1
105,114,0.04867358133,0.1859762073,1
105,122,0.009238056839,0.2082626075,1
105,130,-0.1402159929,0.1433682591,1
105,138,-0.06242281944,-0.01290067844,1
105,146,0.09875537455,-0.1623586416,1
105,154,0.05322822928,-0.1080700904,1
105,162,0.09217182547,-0.02448599786,1
105,170,0.1073462516,0.04864535481,1
113,10,-0.1592537165,-0.05595546961,1
113,18,-0.04885488749,-0.02721196413,1
113,26,0.03273291886,0.09459035844,1
113,34,-0.1577144563,-0.01130425557,1
113,42,-0.1309667975,0.05816525966,1
113,50,-0.04925462604,0.01633509621,1
113,58,-0.07847238332,-0.23990345,1
113,66,-0.03559723496,-0.1265796423,1
113,74,-0.09936986864,0.01210907102,1
113,82,-0.0824014321,0.03604780883,1
113,90,-0.0682111457,0.01676922664,1
113,98,-0.1762482375,0.02585809678,1
113,106,-0.2240283787,0.1671139598,1
113,114,-0.1091096252,0.1372756064,1
113,122,-0.08338758349,0.08063944429,1
113,130,-0.08896725625,0.1919617057,1
113,138,-0.0753531456,0.06493540108,1
113,146,0.0193946138,-0.1233543456,1
113,154,-0.0211289227,-0.106928505,1
113,162,-0.05441716313,0.0463010408,1
113,170,0.05160325021,0.08797292411,1
121,10,-0.2246738225,-0.05378060043,1
121,18,-0.1160483062,0.03652828187,1
121,26,-0.07779807597,0.1911546141,1
121,34,-0.128819257,0.01679573581,1
121,42,-0.02684711292,-0.06213823333,1
121,50,-0.01729067415,-0.05003394186,1
121,58,-0.2350247353,-0.1743721068,1
121,66,-0.1653315872,-0.08141022921,1
121,74,-0.2785387635,-0.00127935037,1
121,82,-0.1564522982,0.1026095599,1
121,90,-0.103986837,0.120916374,1
121,98,-0.1352515668,0.09418275952,1
121,106,0.0306423679,0.1287842095,1
121,114,0.09596170485,0.1329461932,1
121,122,0.0282892324,-0.07343239337,1
121,130,-0.112172842,-0.002296652645,1
121,138,-0.0002768263221,0.1174868867,1
121,146,0.04669135809,0.02072715946,1
121,154,-0.07921188325,0.01687096804,1
121,162,-0.0816065222,0.0374478437,1
121,170,0.06989620626,0.004355188459,1
129,10,-0.2074484378,0.0588722378,1
129,18,-0.006038758904,0.005959054455,1
129,26,-0.01972121373,0.04240118712,1
129,34,-0.09444868565,0.004982268438,1
129,42,0.0028302297,-0.05437371135,1
129,50,0.006643220782,-0.3401753008,1
129,58,-0.1335805058,-0.122347638,1
129,66,-0.2081680745,-0.09380277991,1
129,74,-0.3508660793,0.01665873826,1
129,82,-0.3080528975,0.05601795763,1
129,90,-0.1508709192,0.1130445749,1
129,98,-0.05856419355,0.1383812129,1
129,106,-0.04273554683,0.04401390254,1
129,114,-0.01077081263,0.06128289551,1
129,122,-0.1381204128,-0.2124013901,1
129,130,-0.2220351696,-0.102586478,1
129,138,-0.09416438639,0.02875761688,1
129,146,-0.008226692677,0.05560339242,1
129,154,-0.09956675023,0.1584296525,1
129,162,-0.08372752368,0.05415605381,1
129,170,0.0703272,-0.09614682198,1
137,10,0.03597848117,-0.06288678199,1
137,18,0.1052591354,-0.3172861338,1
137,26,0.03277248889,-0.009542904794,1
137,34,-0.02262157016,-0.01796643436,1
137,42,-0.003521736711,-0.007163837552,1
137,50,-0.04727746919,-0.1442656368,1
137,58,-0.1554005742,-0.03444110602,1
137,66,-0.1624903828,-0.1195930019,1
137,74,-0.03403095901,0.0485631898,1
137,82,-0.1909925193,0.1169609949,1
137,90,-0.2859814167,0.08371905982,1
137,98,-0.2259754539,0.1364106834,1
137,106,-0.23471573,0.08495514095,1
137,114,-0.2131117284,-0.03120126761,1
137,122,-0.3517817557,-0.2749452293,1
137,130,-0.3808783293,-0.03108208999,1
137,138,-0.04808281362,-0.002147391438,1
137,146,-0.04102594778,-0.007388986647,1
137,154,-0.1091724932,0.01809797809,1
137,162,0.05828978866,0.1303634942,1
137,170,-0.04543474317,-0.02395483479,1
145,10,0.02650782466,-0.2470826805,1
145,18,0.003819849342,-0.3971629143,1
145,26,-0.03453730792,-0.09610975534,1
145,34,-0.05685988441,-0.07109902054,1
145,42,-0.06513459235,-0.03253145143,1
145,50,-0.07466045767,0.0239806436,1
145,58,-0.09517332911,0.04417017102,1
145,66,-0.1925903559,0.113292627,1
145,74,-0.1860609055,0.1139145643,1
145,82,-0.1963183731,0.177396208,1
145,90,-0.1701496243,0.07581846416,1
145,98,-0.16799739,0.1028413475,1
145,106,-0.1772806346,0.07819140702,1
145,114,-0.1691938341,0.05117209256,1
145,122,-0.2190023959,-0.1191666722,1
145,130,-0.1667258739,-0.02104425058,1
145,138,0.05381209403,0.1273618937,1
145,146,0.06377352774,0.003310501575,1
145,154,0.02425335348,-0.01640242338,1
145,162,0.2220493704,0.1104549319,1
145,170,-0.05930030346,0.2074806988,1
153,10,-0.2091977149,-0.1152300388,1
153,18,-0.1222440377,-0.2507837713,1
153,26,-0.07111717761,-0.07425299287,1
153,34,0.07874312997,-0.05730713159,1
153,42,0.2318985462,-0.01270868257,1
153,50,0.08387301862,0.01236288622,1
153,58,-0.05730903894,-0.03640466928,1
153,66,-0.1417146474,0.1200599521,1
153,74,-0.1409071684,0.1316101849,1
153,82,0.02497740835,0.04168849438,1
153,90,0.1407730877,0.004209656268,1
153,98,0.04241527617,0.09180982411,1
153,106,-0.07986241579,0.05854128301,1
153,114,-0.1867449284,0.10963507,1
153,122,-0.1354428679,0.1001593098,1
153,130,-0.1252845526,-0.01926248521,1
153,138,-0.1595547199,-0.08306198567,1
153,146,-0.05979841948,-0.1132692173,1
153,154,0.1175368801,-0.05677521229,1
153,162,0.02696888335,0.1186530888,1
153,170,-0.1996897906,0.3028460741,1
161,10,-0.211838305,0.05698180199,1
161,18,-0.1019068211,-0.08634866774,1
161,26,-0.004585701972,-0.0210121572,1
161,34,0.1496550143,-0.09911968559,1
161,42,0.1298043877,-0.03261500597,1
161,50,-0.04050797224,-0.1250508726,1
161,58,-0.1137080938,-0.1237378567,1
161,66,-0.06476131082,0.06310394406,1
161,74,-0.0492053926,0.01766489074,1
161,82,0.08190232515,-0.1479375213,1
161,90,0.1412054151,-0.009094636887,1
161,98,0.05780485272,0.0506330207,1
161,106,0.05241546035,0.1249120235,1
161,114,0.007306657732,0.1844558567,1
161,122,-0.06365317106,0.1141850054,1
161,130,-0.04900866747,-0.07661756873,1
161,138,-0.2115494311,-0.2082806677,1
161,146,-0.01603214815,-0.03643731028,1
161,154,0.1284543872,0.007196927443,1
161,162,0.02255822532,0.08267001063,1
161,170,-0.2709256411,0.1692103595,1
169,10,-0.204574585,0.114227511,1
169,18,-0.1755053103,-0.01271592826,1
169,26,-0.07144492865,-0.002454066649,1
169,34,-0.02823407203,-0.005985797383,1
169,42,-0.09157305956,-0.02003508247,1
169,50,-0.03949346766,-0.1418202668,1
169,58,0.00822524447,-0.06882093847,1
169,66,-0.003975437954,0.05330298096,1
169,74,0.02253350988,0.09558727592,1
169,82,0.2657610178,0.2207338512,1
169,90,0.1467576772,0.07586109638,1
169,98,0.02161812782,0.1314116716,1
169,106,0.01162785664,0.04771704227,1
169,114,-0.0479535237,-0.07890751958,1
169,122,-0.07309490442,-0.05415256321,1
169,130,-0.0275317654,-0.01141118631,1
169,138,0.05010972172,-0.1244522408,1
169,146,0.1278854162,-0.05020286888,1
169,154,0.08388691396,-0.02489091083,1
169,162,-0.02472178824,-0.01758666709,1
169,170,-0.1019707471,0.06281548738,1
177,10,-0.1098073125,0.06599552929,1
177,18,-0.1280742437,0.02880715579,1
177,26,-0.02427640557,0.1040215641,1
177,34,-0.006379321218,0.1909641623,1
177,42,-0.1597307771,0.07164224982,1
177,50,0.07669231296,0.007323499769,1
177,58,0.09924066812,0.03608635068,1
177,66,-0.08157069236,0.1373146623,1
177,74,-0.06593087316,0.2185306847,1
177,82,-0.09876871854,0.1227294505,1
177,90,-0.1154933572,0.02912995219,1
177,98,-0.07078035176,0.1196998805,1
177,106,-0.07421913743,0.004739345983,1
177,114,-0.04196768627,-0.1709175855,1
177,122,-0.002540977672,-0.07550884038,1
177,130,-0.01768747717,0.02915743366,1
177,138,0.1549170911,-0.08150272071,1
177,146,0.1621164978,-0.08613178134,1
177,154,0.02974292263,-0.07742848992,1
177,162,-0.06648151577,-0.02256329544,1
177,170,-0.004010625184,0.09715519845,1
185,10,0.08831070364,-0.230450511,1
185,18,-0.09222655743,0.02382055856,1
185,26,-0.05849086493,0.07689147443,1
185,34,-0.01763889752,0.2076345831,1
185,42,-0.1869792044,0.1345145553,1
185,50,0.06715375185,0.08915394545,1
185,58,0.1433103681,0.1063524485,1
185,66,0.01317325886,0.196792528,1
185,74,-0.08812606335,0.1849493682,1
185,82,-0.1342257261,0.1150452718,1
185,90,-0.2022456229,0.01804000139,1
185,98,-0.1985372305,-0.06040978432,1
185,106,-0.07366888225,0.02282602713,1
185,114,-0.04283639044,-0.09148438275,1
185,122,-0.05477533862,-0.05367822945,1
185,130,0.04729995877,-0.05352788419,1
185,138,0.1652939022,-0.1875636876,1
185,146,0.09822963178,-0.1572934091,1
185,154,0.02625084296,-0.04699838161,1
185,162,-0.1667205244,0.072542198,1
185,170,-0.2119120061,0.125860855,1
193,10,-0.03533639014,-0.2337945551,1
193,18,-0.06920388341,0.01395332813,1
193,26,-0.05344723165,0.06558537483,1
193,34,-0.006937030703,-0.04930407926,1
193,42,-0.002494200133,-0.1220683903,1
193,50,0.1188852191,0.03529875726,1
193,58,0.03670722991,0.01296180114,1
193,66,-0.005050209351,0.0841512382,1
193,74,0.006117511541,0.1580843627,1
193,82,0.09040983021,0.1487806439,1
193,90,0.0367571339,0.04689856619,1
193,98,0.00647431612,-0.05789681897,1
193,106,0.02323668823,0.03413098305,1
193,114,-0.07441700995,-0.08584483713,1
193,122,-0.1441297978,-0.04473717138,1
193,130,-0.001787216403,-0.03003296629,1
193,138,0.08958446234,-0.1404786408,1
193,146,-0.04761599004,-0.2204525173,1
193,154,-0.1826610565,-0.1567041129,1
193,162,-0.1711965799,0.0470222272,1
193,170,-0.05580472946,0.02575986087,1
201,10,-0.1743083894,-0.004852328449,1
201,18,-0.0594144091,0.07219735533,1
201,26,-0.008405316621,0.1859961748,1
201,34,-0.02070233971,-0.106022574,1
201,42,0.001179008745,-0.1440075934,1
201,50,0.1061382741,-0.02971576154,1
201,58,0.06480138749,-0.1599702239,1
201,66,-0.100338541,-0.02893553302,1
201,74,0.1231122613,0.121663563,1
201,82,0.07255445421,0.1029624194,1
201,90,-0.04110369459,0.0837059468,1
201,98,0.07633601874,0.001102313399,1
201,106,0.1663931459,-0.01844657399,1
201,114,0.05092839524,-0.1306158751,1
201,122,-0.0298682265,0.0237204358,1
201,130,-0.06834259629,0.1987906843,1
201,138,-0.02345564589,0.04499310628,1
201,146,0.01501835138,0.01468616724,1
201,154,-0.07745816559,0.08866219223,1
201,162,-0.1424551606,0.006871607155,1
201,170,0.1157197058,-0.1881142259,1
209,10,0.00897378847,0.08452527225,1
209,18,-0.1131451949,0.03711729869,1
209,26,-0.1015052795,0.1031625867,1
209,34,0.06190382689,-0.04161418229,1
209,42,0.1231016666,-0.03181299195,1
209,50,0.03091517277,0.1348356009,1
209,58,0.09460698068,0.08021335304,1
209,66,0.06699060649,0.09248504043,1
209,74,-0.1888980865,0.04281500727,1
209,82,-0.0399986282,-0.08078143001,1
209,90,-0.006774112582,0.08389854431,1
209,98,0.06610506773,-0.025441695,1
209,106,0.104211092,-0.06346248835,1
209,114,0.07033465058,-0.1521832794,1
209,122,0.01701836288,0.0437197499,1
209,130,-0.04987696558,0.2111884207,1
209,138,-0.04517351091,0.0204789862,1
209,146,-0.03913934529,-0.06847411394,1
209,154,-0.06987652183,0.06327262521,1
209,162,-0.1368632764,0.0374083519,1
209,170,-0.2067094147,-0.178708002,1
217,10,-0.08495935798,0.1151418686,1
217,18,-0.1052897573,-0.05780294538,1
217,26,0.01484848745,-0.05575996637,1
217,34,0.1451489627,0.01053160988,1
217,42,0.04305589199,0.09694291651,1
217,50,-0.00411840342,0.2886223197,1
217,58,-0.02859058604,0.2243838906,1
217,66,-0.08378393203,0.06303265691,1
217,74,-0.2703402042,-0.02021265589,1
217,82,-0.1620787829,-0.1730459481,1
217,90,0.06505245715,-0.03753503785,1
217,98,0.0404458046,-0.1201179773,1
217,106,-0.07567644864,-0.0892296955,1
217,114,-0.02597716078,0.03521625325,1
217,122,0.1502169818,-0.04450917616,1
217,130,0.2100923508,-0.0133091379,1
217,138,0.02918421105,0.003168933094,1
217,146,-0.01009230874,-0.2383066416,1
217,154,-0.06169548258,-0.07882618904,1
217,162,-0.1403261572,-0.03163641319,1
217,170,-0.1828166991,-0.2596889138,1
225,10,-0.1420275718,0.1027734876,1
225,18,0.0211429894,-0.01910617203,1
225,26,0.06198907271,-0.09970542789,1
225,34,0.05994072556,-0.01005802304,1
225,42,0.07261363417,0.1816721261,1
225,50,0.03452132642,0.3949433267,1
225,58,-0.03317153454,0.1607636213,1
225,66,-0.04158908874,0.01458186656,1
225,74,0.002658344805,-0.03056006506,1
225,82,-0.02511113882,-0.1177785844,1
225,90,0.03689454123,-0.07970613241,1
225,98,-0.00887585897,-0.1418412626,1
225,106,-0.06464872509,-0.03047760576,1
225,114,-0.1116712317,0.1036649793,1
225,122,-0.09516238421,0.03972349316,1
225,130,0.0428424105,-0.09493935108,1
225,138,0.007220217958,0.02001204155,1
225,146,-0.01352048572,0.02076208591,1
225,154,-0.05552298203,0.06976573169,1
225,162,-0.09118504077,-0.03796134144,1
225,170,-0.09185253829,-0.2637825608,1
233,10,0.01552708074,0.01132501662,1
233,18,0.07773723453,0.08586093783,1
233,26,0.06700202823,0.000171918422,1
233,34,0.1152854189,-0.05604118109,1
233,42,0.3076687455,0.1236146912,1
233,50,0.07051336765,0.1805053204,1
233,58,-0.06013444811,-0.01030961052,1
233,66,0.0786896497,-0.07429201156,1
233,74,0.1365304142,-0.1105421111,1
233,82,-0.01226940751,-0.1343420446,1
233,90,-0.0602421388,-0.09461131692,1
233,98,0.1112911403,-0.001639805734,1
233,106,-0.01651578955,-0.03013344109,1
233,114,-0.06379208714,-0.01521879807,1
233,122,0.0103044929,0.02914313972,1
233,130,-0.0008709328249,-0.08438336849,1
233,138,-0.07750076056,0.003595457412,1
233,146,-0.0664716363,0.1171164066,1
233,154,-0.0200125929,0.0754225105,1
233,162,0.05311774835,-0.05885408819,1
233,170,0.01307344437,-0.2295042276,1
241,10,0.01262853295,0.0044157058,1
241,18,0.1251003444,0.05353273451,1
241,26,0.193785727,0.05966564268,1
241,34,0.07390961796,0.009501617402,1
241,42,0.04444403946,0.01108292863,1
241,50,0.0755841285,0.119545795,1
241,58,0.1031414568,0.04398847744,1
241,66,0.2158311307,-0.09659516811,1
241,74,0.1797305346,-0.1763810813,1
241,82,0.03298555315,-0.1141032428,1
241,90,0.02306675911,-0.1064976603,1
241,98,0.1730813384,-0.009400166571,1
241,106,0.0854293555,-0.05921072513,1
241,114,0.06226288155,-0.09577582777,1
241,122,0.09387949109,-0.04008965939,1
241,130,0.0268846862,-0.06199581921,1
241,138,-0.09762980044,0.04910439625,1
241,146,-0.06571935117,0.2039269656,1
241,154,-0.04654639959,0.2171834558,1
241,162,0.01619426906,0.03790568933,1
241,170,0.01189962775,-0.05665704608,1
249,10,0.09475056082,0.03672128171,1
249,18,0.164080739,0.1105502769,1
249,26,0.1866781712,0.09283205867,1
249,34,0.09604334831,0.1550316215,1
249,42,0.02334288508,-0.09618534893,1
249,50,-0.02641721442,-0.009113020264,1
249,58,0.05962740257,0.06305401027,1
249,66,0.0493195653,0.005846032873,1
249,74,0.04072494805,-0.006206106395,1
249,82,0.02863118798,-0.026825957,1
249,90,0.0523795858,-0.103101179,1
249,98,0.2787188888,-0.09738989174,1
249,106,0.2733482122,-0.0005134791136,1
249,114,0.09331777692,-0.01949899271,1
249,122,0.004127457738,0.08760825545,1
249,130,-0.05329598114,-0.01427876204,1
249,138,-0.06518507004,0.1241526604,1
249,146,-0.05023481324,0.2072363496,1
249,154,-0.1363696456,0.2553060949,1
249,162,-0.08916923404,0.1711115092,1
249,170,0.1115428358,0.08910592645,1
257,10,0.1142092571,0.02888438106,1
257,18,0.1882660091,0.1023036912,1
257,26,0.1920105964,0.04457655177,1
257,34,0.02084122598,0.05701933801,1
257,42,-0.07200627029,0.02445825748,1
257,50,-0.003571726382,-0.01674352959,1
257,58,-0.004508055747,-0.09558956325,1
257,66,-0.03202450275,-0.02242456004,1
257,74,-0.04649973288,-0.005315367132,1
257,82,0.04835306481,-0.0169044584,1
257,90,0.001995794475,0.0429999195,1
257,98,0.03929592296,-0.007376020774,1
257,106,0.1134731695,0.06178971753,1
257,114,0.09234184027,-0.03920438141,1
257,122,0.06431081891,0.2453521341,1
257,130,0.07541517168,0.02685621381,1
257,138,-0.1051361933,0.07149121165,1
257,146,-0.1010393649,0.1291978359,1
257,154,-0.1237835139,0.1742657125,1
257,162,-0.06178350002,0.1143455505,1
257,170,0.01326587237,0.05481326208,1
265,10,0.0706615001,0.02951078117,1
265,18,0.1090001017,0.01010612026,1
265,26,0.08931735158,-0.03025975451,1
265,34,0.07794649899,0.03073252738,1
265,42,0.08570168167,0.07506495714,1
265,50,0.1139270663,0.04206205159,1
265,58,-0.05287125334,-0.04905999079,1
265,66,-0.134652108,-0.03045777231,1
265,74,-0.1934560239,-0.04029813409,1
265,82,0.01245717704,-0.008868783712,1
265,90,-0.2637339532,0.2909465432,1
265,98,-0.05883871019,0.05937338248,1
265,106,0.1232993379,-0.08976433426,1
265,114,0.0539062582,-0.04977294803,1
265,122,-0.002716216259,0.2202756405,1
265,130,-0.07974987477,0.06766878068,1
265,138,-0.2583932281,0.09233896434,1
265,146,-0.2148084342,0.08502836525,1
265,154,-0.07830927521,0.292810142,1
265,162,-0.03409579396,0.1450998336,1
265,170,0.01565580815,-0.0365588814,1
273,10,0.04962653294,0.01130984724,1
273,18,0.137045905,0.08972412348,1
273,26,0.1406766772,-0.02935492992,1
273,34,0.1056578755,0.04524634778,1
273,42,0.08457478881,0.02198623121,1
273,50,0.0250274688,0.0955042541,1
273,58,-0.03955270723,0.09615667164,1
273,66,-0.1047684327,0.01155903935,1
273,74,-0.1977943778,0.1035669297,1
273,82,-0.1761789918,-0.05876682699,1
273,90,-0.1441216767,-0.1206102669,1
273,98,-0.02518847585,0.01301872451,1
273,106,0.1045201868,-0.04654221982,1
273,114,0.07461446524,0.03552594781,1
273,122,-0.03674227372,0.1873495877,1
273,130,-0.1613996476,0.1528567076,1
273,138,-0.2915112078,0.1512124389,1
273,146,-0.05628043786,-0.01946428418,1
273,154,0.01588763297,0.4284173846,1
273,162,0.1034104079,0.190967083,1
273,170,0.1110589355,-0.04466148466,1
281,10,0.02234786749,0.03126144782,1
281,18,0.05455126613,0.1235796884,1
281,26,0.07645706832,-0.003184959292,1
281,34,-0.0720629096,0.06715137511,1
281,42,-0.08673560619,0.1182967275,1
281,50,0.009221222252,0.1603079736,1
281,58,0.02859876677,0.131218642,1
281,66,-0.04324762523,0.1444477588,1
281,74,-0.08274021,0.2682935297,1
281,82,-0.1735784411,-0.03994169086,1
281,90,-0.002075336874,-0.1303578913,1
281,98,0.06722158939,-0.08502033353,1
281,106,0.07047723979,-0.02223986387,1
281,114,0.07367809862,0.07593487948,1
281,122,0.1954159141,0.1848799735,1
281,130,0.1377407163,0.1417028308,1
281,138,-0.09797734022,0.05029405653,1
281,146,-0.05291476846,-0.1069816947,1
281,154,0.04806050658,0.2768250704,1
281,162,-0.03622629493,0.2744088769,1
281,170,0.03795468807,0.1165919304,1
289,10,0.2248495072,0.1134997755,1
289,18,0.002022691071,0.06831262261,1
289,26,-0.141515702,-0.002087455243,1
289,34,-0.1209722385,0.1272547245,1
289,42,-0.05847887322,0.2056178004,1
289,50,0.04915190488,0.1214939356,1
289,58,0.08519855142,0.06931754947,1
289,66,0.05067063496,0.1206904054,1
289,74,0.06842487305,0.3918780386,1
289,82,0.2778379619,0.1890651584,1
289,90,0.214042753,0.1217055544,1
289,98,0.07621309161,-0.07187122107,1
289,106,0.009062450379,-0.01259388775,1
289,114,-0.06005825102,0.1110595465,1
289,122,0.1212017834,0.08644664288,1
289,130,0.1264606416,0.1470066905,1
289,138,0.004334524274,0.1341638267,1
289,146,0.009235147387,0.1382957697,1
289,154,0.1547390968,0.2526334524,1
289,162,-0.04533285648,0.2571611702,1
289,170,-0.06111636385,0.1450627297,1
297,10,0.2100227624,0.1974112988,1
297,18,0.005818732083,-0.08102372289,1
297,26,-0.02741039544,-0.09292978048,1
297,34,0.0815801844,0.1508138925,1
297,42,0.08528051525,0.2098808885,1
297,50,0.1012194976,0.1381139904,1
297,58,0.07246147841,0.006102740765,1
297,66,0.03758184612,-0.06182777509,1
297,74,0.098600775,0.033335682,1
297,82,0.1926931739,0.2136306763,1
297,90,0.2016821355,0.4308412373,1
297,98,0.1074808836,0.1431449801,1
297,106,-0.06845229864,0.1283425987,1
297,114,-0.07319022715,0.2298459411,1
297,122,0.01307814568,0.06582386792,1
297,130,0.04750446975,0.09842950851,1
297,138,0.07720848173,0.1915421784,1
297,146,0.1243627444,0.1631649286,1
297,154,0.1155637652,0.255024761,1
297,162,0.05094492435,0.2594612241,1
297,170,0.08256278932,0.1938322037,1
305,10,0.2395375818,0.1291033328,1
305,18,0.1377220899,-0.04201701283,1
305,26,0.110290058,-0.1028360501,1
305,34,-0.006233498454,0.1082050055,1
305,42,0.0460039936,0.2077316344,1
305,50,0.2017759681,0.1790685058,1
305,58,0.4040994644,0.08559507132,1
305,66,0.2080374211,-0.1758066267,1
305,74,0.1558597833,-0.1783404946,1
305,82,0.2561061084,0.1115676314,1
305,90,0.3354020119,0.2116093934,1
305,98,0.1327403486,0.07256495953,1
305,106,-0.1418572366,0.1425704658,1
305,114,-0.03223701939,0.2704473138,1
305,122,-0.02036021277,0.1724913418,1
305,130,-0.03579006344,0.06619413197,1
305,138,0.07872137427,0.1087258905,1
305,146,0.1137392223,0.0850334391,1
305,154,0.1947004497,0.1009433493,1
305,162,0.1686215699,0.1751297563,1
305,170,0.1765988767,0.1113324016,1
313,10,0.383707881,-0.02068088949,1
313,18,0.09373828024,0.06195807457,1
313,26,0.05563721061,0.02289326303,1
313,34,-0.06506834179,0.05870851874,1
313,42,-0.1004042923,0.07806198299,1
313,50,0.225777775,0.1281530112,1
313,58,0.1613218188,0.09189531952,1
313,66,0.1005823314,-0.05495635793,1
313,74,0.1380147636,-0.133061409,1
313,82,0.1754272133,-0.01775702462,1
313,90,0.1428371519,-0.1466274112,1
313,98,0.0430197157,0.03145848215,1
313,106,-0.02218885347,0.1073410809,1
313,114,-0.01538892649,0.142391324,1
313,122,0.003691352904,0.1856719553,1
313,130,-0.05870683119,0.09899732471,1
313,138,0.0006842762232,0.07381767035,1
313,146,0.1265279353,0.08114825189,1
313,154,0.2034999877,0.04718790203,1
313,162,0.2474112511,0.06195954978,1
313,170,0.2972945273,0.08032946289,1
321,10,0.1479153484,-0.04799600691,1
321,18,-0.1909624487,-0.02894245461,1
321,26,0.02729364485,0.06986875832,1
321,34,0.08606019616,0.09315600246,1
321,42,0.1812627316,0.08214125037,1
321,50,0.2048603147,0.04449529946,1
321,58,0.1333179474,0.1620681584,1
321,66,0.198363781,0.133739084,1
321,74,0.2509864569,-0.1053492725,1
321,82,0.2568810284,-0.106265083,1
321,90,0.1045902222,-0.1967203468,1
321,98,-0.0006352253258,-0.002658490092,1
321,106,-0.09388263524,0.05151420087,1
321,114,0.03529242426,0.1676505506,1
321,122,0.1102138385,0.2076648623,1
321,130,-0.05042170361,0.1158522069,1
321,138,0.02640392631,0.1248835921,1
321,146,0.205956459,0.1016893834,1
321,154,0.1153956652,0.09656820446,1
321,162,0.2386175692,0.1554641575,1
321,170,0.3247978985,0.1924806833,1
329,10,0.1075186208,0.06897034496,1
329,18,-0.1485736221,0.004746485502,1
329,26,-0.03917610645,0.01621484756,1
329,34,0.2177443355,0.168966651,1
329,42,0.3352864683,0.2955141664,1
329,50,0.1785065681,0.06584252417,1
329,58,0.09563006461,0.1059969068,1
329,66,0.2800911069,0.1243513972,1
329,74,0.2704375982,0.01632234268,1
329,82,0.2963889241,-0.07547877729,1
329,90,0.09590631723,-0.1581484824,1
329,98,0.04226366431,-0.02333274856,1
329,106,-0.04360761121,0.0005885399878,1
329,114,-0.04102172703,0.1655591726,1
329,122,0.1215032637,0.2991977334,1
329,130,0.09883470833,0.1940778345,1
329,138,0.03601233661,0.1962189674,1
329,146,0.08427968621,0.000607162714,1
329,154,0.187603265,-0.04778455198,1
329,162,0.2747842669,0.1317317188,1
329,170,0.2458677292,0.2513842285,1
337,10,-0.2363335937,0.03564796597,1
337,18,-0.07300414145,0.08044672012,1
337,26,-0.03101664782,-0.002405129373,1
337,34,0.185112834,0.08858250827,1
337,42,0.3328175843,0.1264039278,1
337,50,0.2655412257,0.08821413666,1
337,58,0.2737971842,-0.00862422213,1
337,66,0.1905681193,0.1388361752,1
337,74,0.07143170387,0.17098248,1
337,82,0.07674939185,-0.004032090306,1
337,90,-0.01472156122,0.006502866745,1
337,98,-0.02912136726,0.02657723799,1
337,106,0.09595478326,-0.06971748173,1
337,114,0.07453349978,0.03259119391,1
337,122,0.06275226176,0.2111817896,1
337,130,0.1906688362,0.2454680055,1
337,138,0.1044953242,0.2120174617,1
337,146,-0.03444257379,0.06365451217,1
337,154,0.0805350244,-0.01554743201,1
337,162,0.09337210655,0.1229177415,1
337,170,0.02213333547,0.3024066389,1
345,10,-0.2011971772,-0.0113108363,1
345,18,-0.01326091588,0.1019935757,1
345,26,0.2476722002,0.07027875632,1
345,34,0.3681803048,0.07956080139,1
345,42,0.2714315355,0.02135067619,1
345,50,0.1935948133,-7.876567543e-05,1
345,58,0.2068755031,-0.1283720434,1
345,66,0.1733308434,0.1286391914,1
345,74,0.01944135875,0.06964053214,1
345,82,0.02422568947,-0.00874812901,1
345,90,0.01436372101,0.1997803301,1
345,98,-0.104659088,-0.08320569992,1
345,106,-0.09155254811,-0.1506585181,1
345,114,0.009636454284,0.07107336819,1
345,122,-0.1087013185,0.2291429937,1
345,130,-0.152656585,0.2284734845,1
345,138,-0.06069353223,-0.05032718182,1
345,146,0.03064858913,-0.03340056166,1
345,154,0.2107836604,-0.006363580003,1
345,162,0.02678246796,0.1520519704,1
345,170,-0.1848746091,0.4442493021,1
353,10,-0.0118689388,0.04843885452,1
353,18,0.1300520301,0.1336637735,1
353,26,0.2201064527,-0.01080776379,1
353,34,0.2675645351,0.03098499775,1
353,42,0.2619011104,0.04740685225,1
353,50,0.1836274564,-0.02834858932,1
353,58,0.1386349201,-0.05957324058,1
353,66,0.1537757963,0.05649944395,1
353,74,0.0455686599,-0.0007936134934,1
353,82,0.05904462561,-0.07087611407,1
353,90,0.01027649641,0.1266263574,1
353,98,-0.05737987161,0.09470813721,1
353,106,-0.03631693125,-0.02589696646,1
353,114,-0.05754350871,0.1141498759,1
353,122,-0.2119897604,0.1784311235,1
353,130,-0.1558995545,0.02333258092,1
353,138,-0.05750930309,-0.09282016754,1
353,146,0.02560921013,-0.1824330986,1
353,154,0.1897787154,-0.07966055721,1
353,162,0.07006876916,0.08849073201,1
353,170,-0.1198006272,0.3634462357,1
361,10,0.1059624851,0.08904018253,1
361,18,0.1601379514,-0.006026726216,1
361,26,0.2698523402,-0.1148434803,1
361,34,0.1968392134,-0.06502459943,1
361,42,0.08507825434,0.09042970836,1
361,50,0.01049485803,0.1269704103,1
361,58,0.09904530644,-0.02362626046,1
361,66,0.2099360079,0.03466236964,1
361,74,0.143140316,-0.002933969721,1
361,82,0.01805251837,-0.009623549879,1
361,90,-0.03078797087,0.1485640854,1
361,98,0.09432276338,0.1727286279,1
361,106,-0.004498351365,0.05884522945,1
361,114,-0.07826723903,0.06733550876,1
361,122,-0.1237571687,0.001530073583,1
361,130,-0.008756315336,0.00953669101,1
361,138,0.08468767256,-0.004899518099,1
361,146,0.1975948811,-0.07722645253,1
361,154,0.2985513806,0.02009338513,1
361,162,0.1566325873,0.09202346206,1
361,170,-0.011006888,0.1271076202,1
369,10,0.07222859561,-0.1239020005,1
369,18,0.01282797754,-0.1466093063,1
369,26,0.09197290242,-0.1180376932,1
369,34,0.08931052685,0.2503643036,1
369,42,-0.05629701167,0.1274905652,1
369,50,-0.1072138101,0.06427696347,1
369,58,-0.005258306861,-0.07830536366,1
369,66,0.2497631013,-0.02824950963,1
369,74,0.295170784,0.04935648665,1
369,82,0.03512182832,-0.002404790372,1
369,90,-0.09190713614,0.1897560656,1
369,98,-0.08784711361,0.1899501681,1
369,106,0.01978667825,-0.01939964294,1
369,114,0.08160543442,0.02347255498,1
369,122,0.09934572875,0.1045603603,1
369,130,0.08053738624,0.0265160054,1
369,138,0.07455958426,-0.01183882076,1
369,146,0.157633692,0.07858232409,1
369,154,0.1740727723,0.04802450538,1
369,162,0.09745473415,0.1047720686,1
369,170,0.008379772305,-0.007368177176,1
377,10,0.09678457677,0.06726001203,1
377,18,0.1060618386,-0.1271018833,1
377,26,0.03646912426,-0.1236984953,1
377,34,-0.02249600366,0.2175108194,1
377,42,-0.09198793769,0.1963348538,1
377,50,-0.07960040867,0.1261550188,1
377,58,0.2024390996,-0.1034410447,1
377,66,0.2908782959,-0.1854485273,1
377,74,0.2823034227,0.04237132519,1
377,82,0.233487457,-0.070152089,1
377,90,0.1495890021,0.001455232501,1
377,98,0.1143096611,0.1603955775,1
377,106,0.1702687889,-0.05003683269,1
377,114,0.2603251338,0.04442662746,1
377,122,0.446451664,0.1682161242,1
377,130,0.1267678142,0.001690648496,1
377,138,-0.05800465867,0.0972686559,1
377,146,-0.08331986517,0.005313746631,1
377,154,0.04714020342,0.04253845662,1
377,162,0.1599595547,0.1302838922,1
377,170,0.04841893911,0.008479379117,1
385,10,0.0151223857,0.3503521681,1
385,18,0.0004405714571,0.02425876632,1
385,26,-0.1252861619,0.03771958128,1
385,34,-0.07072241604,0.2139043063,1
385,42,-0.0468836315,0.2750037611,1
385,50,-0.008050374687,0.1813287884,1
385,58,0.06040725112,-0.06350643933,1
385,66,0.145868957,-0.1650151312,1
385,74,0.1237360537,-0.2021751106,1
385,82,0.04525854439,-0.1572141647,1
385,90,0.06175436452,0.1767962277,1
385,98,-0.0477732718,0.06030634418,1
385,106,0.1032321677,0.05614062399,1
385,114,0.1362921,0.1727418602,1
385,122,0.0380409807,0.1258729994,1
385,130,0.007734518498,0.1158571839,1
385,138,-0.08157345653,0.1934951544,1
385,146,-0.05653526634,0.05334885418,1
385,154,0.0004276558757,0.1107798144,1
385,162,0.1028869674,-0.01951625943,1
385,170,0.182940945,0.000766210258,1
393,10,0.06434288621,0.2723749578,1
393,18,0.06004644185,0.009936243296,1
393,26,-0.07548768073,0.03089853935,1
393,34,-0.0827537775,0.1372341663,1
393,42,0.03287559375,0.1711090505,1
393,50,0.09492154419,0.2390342206,1
393,58,0.1170837432,0.08312617987,1
393,66,0.1033179909,-0.1378598064,1
393,74,0.0150109157,-0.1486617327,1
393,82,0.003024436533,-0.1181004196,1
393,90,0.05338334665,0.02950538322,1
393,98,-0.01505729184,0.006543284282,1
393,106,-0.07200315595,0.07859843969,1
393,114,-0.1093264297,0.1616197526,1
393,122,-0.02432759851,0.1825127602,1
393,130,-0.00305557996,0.2106757909,1
393,138,-0.02893804386,0.2595781684,1
393,146,-0.03609029949,0.246534124,1
393,154,0.01623102464,0.2344530821,1
393,162,0.1275524795,0.06836032122,1
393,170,0.2058526278,0.04735033959,1
401,10,-0.03540525585,0.1096875072,1
401,18,0.01828153431,0.08087262511,1
401,26,-0.07168076932,-0.03802228719,1
401,34,0.05970004946,-0.04677205905,1
401,42,0.1124953926,0.008795715868,1
401,50,-0.01640020311,0.293066144,1
401,58,0.1130055934,0.2312181145,1
401,66,0.0556069985,-0.1589463651,1
401,74,-0.005161575973,-0.09217701852,1
401,82,0.05449748784,-0.07473240793,1
401,90,0.007680509239,0.003116840497,1
401,98,-0.1304308176,0.0244820565,1
401,106,-0.253716886,0.1628566682,1
401,114,-0.1605356187,0.1301787794,1
401,122,-0.01977911405,0.1381035149,1
401,130,0.01229960099,0.1174601912,1
401,138,0.05933452398,0.2248570919,1
401,146,0.1547395289,0.3179692626,1
401,154,0.08672170341,0.2237628698,1
401,162,0.04760956019,0.1464166343,1
401,170,0.168735534,0.08561097085,1
409,10,0.2240353674,0.3562394381,1
409,18,0.2390353531,0.213121891,1
409,26,0.2063013464,0.06174643338,1
409,34,0.1168721691,-0.1105813086,1
409,42,-0.008912414312,-0.1555612236,1
409,50,-0.1196868792,0.122722812,1
409,58,-0.0199296847,0.3306110501,1
409,66,0.06118182093,0.2208592892,1
409,74,0.1453078091,0.1106336862,1
409,82,0.1085716411,0.03111262619,1
409,90,-0.09561298788,0.002384580672,1
409,98,-0.08575363457,0.2066627592,1
409,106,-0.05544438586,0.1824674904,1
409,114,-0.09630103409,0.008609734476,1
409,122,-0.1165996864,0.02749472857,1
409,130,0.07564593852,-0.09074530005,1
409,138,0.1306552142,0.07161839306,1
409,146,0.201916039,0.1936784536,1
409,154,0.1724930555,0.09610532224,1
409,162,0.08883438259,0.1546709239,1
409,170,0.04721385241,0.2135623097,1
417,10,0.2223231196,0.3002040386,1
417,18,0.4898936152,0.2522439957,1
417,26,0.5494238138,0.4016551077,1
417,34,0.3072142899,-0.008327826858,1
417,42,-0.001562044024,-0.02595798671,1
417,50,-0.1229541004,0.06956019998,1
417,58,-0.1046587229,0.1964316666,1
417,66,-0.06988757104,0.3970013261,1
417,74,0.04493866861,0.3920035362,1
417,82,0.1394370496,0.2262624502,1
417,90,0.1012414619,-0.02139818668,1
417,98,0.01503275335,0.1295007467,1
417,106,0.03338431194,0.1809564233,1
417,114,0.06795222312,0.006418406963,1
417,122,0.03208035231,-0.1674750149,1
417,130,0.2780251503,-0.2028823495,1
417,138,0.2346277833,-0.1774337888,1
417,146,0.2454586327,-0.07010993361,1
417,154,0.388938725,0.00608355552,1
417,162,0.2766199708,0.1606934667,1
417,170,-0.2817954123,0.2219132185,1
