PIVlab, ASCII chart output - 02-Aug-2025
FRAME: 138, filenames: A:[138]FullStack_Pos0035_TgUtrmcherry_K4K8MO-1.avi & B:[139]FullStack_Pos0035_TgUtrmcherry_K4K8MO-1.avi, conversion factor xy (px -> m): 1, conversion factor uv (px/frame -> m/s): 1
x [px],y [px],u [px/frame],v [px/frame],Vector type [-]
9,10,-0.2077422142,-0.2750687599,1
9,18,-0.2372519672,0.1374277771,1
9,26,-0.3484584689,0.2188142389,1
9,34,-0.1022973657,0.1006087512,1
9,42,-0.04476235807,-0.006246618927,1
9,50,-0.2051898837,-0.04046898335,1
9,58,-0.3734201789,-0.04754207656,1
9,66,-0.1301854551,0.260204047,1
9,74,0.06522073597,0.2141805291,1
9,82,0.09534324706,0.1395830214,1
9,90,-0.01607691497,0.05891953036,1
9,98,-0.1384866685,-0.05509150773,1
9,106,-0.05902190506,-0.1134915426,1
9,114,0.002932414412,0.008050903678,1
9,122,-0.002840489149,0.05627609789,1
9,130,-0.06740568578,-0.04489387572,1
9,138,-0.03236967325,-0.1211497337,1
9,146,-0.08438143134,-0.08079313487,1
9,154,-0.100918293,0.02942787856,1
9,162,-0.005977809429,0.04305824637,1
9,170,-0.1177310348,0.1333665252,1
17,10,-0.1379863769,-0.007705464959,1
17,18,-0.2437092513,0.1139262095,1
17,26,-0.1510609537,0.0831142664,1
17,34,-0.05859842896,0.03676280379,1
17,42,-0.1425712705,-0.06319759786,1
17,50,-0.1489254534,-0.128590852,1
17,58,-0.04135661572,-0.02006954513,1
17,66,-0.02072690055,0.1197581217,1
17,74,0.1100759804,0.1826009005,1
17,82,0.01505766436,0.2617519498,1
17,90,-0.06979517639,0.1838681251,1
17,98,-0.1096034721,0.1106801629,1
17,106,-0.08721195161,-0.003620486706,1
17,114,-0.09269952774,0.02524749376,1
17,122,-0.04293949157,-0.05175997317,1
17,130,-0.02882954478,-0.02853650041,1
17,138,-0.02758187801,-0.06624950469,1
17,146,-0.06110408157,-0.09579686821,1
17,154,-0.09187098593,-0.07620910555,1
17,162,0.01201632619,-0.09264399111,1
17,170,-0.07667544484,-0.08746369183,1
25,10,-0.01516631991,0.173013106,1
25,18,-0.07227663696,0.1001681387,1
25,26,0.01325685345,-0.02399485558,1
25,34,0.01618183404,-0.1694483161,1
25,42,-0.03323414922,-0.1672410369,1
25,50,0.007083311677,-0.267834425,1
25,58,0.03323746845,-0.08259531856,1
25,66,0.02626303211,0.02858051658,1
25,74,0.001829564571,0.1607335508,1
25,82,-0.07825032622,0.2180500627,1
25,90,-0.1172369495,0.2087860405,1
25,98,-0.09863528609,0.1598178744,1
25,106,-0.01651264727,0.05753585696,1
25,114,-0.05457918346,0.03472314775,1
25,122,-0.04028636217,-0.04181658477,1
25,130,-0.08012873679,0.01753177121,1
25,138,-0.1161291972,0.07958638668,1
25,146,-0.05083805323,-0.07885167748,1
25,154,-0.03128691763,-0.06557738781,1
25,162,0.006139203906,0.02888531238,1
25,170,0.03265380859,-0.120251894,1
33,10,0.1274037957,0.04470259324,1
33,18,0.06491694599,-0.0205963105,1
33,26,0.1019588709,-0.08041860163,1
33,34,0.07450091839,-0.08744137734,1
33,42,-0.06167158484,-0.10782516,1
33,50,-0.06792597473,-0.111806117,1
33,58,0.02655247226,-0.1326488256,1
33,66,0.06677552313,0.01943558082,1
33,74,-0.06852678955,0.1623128057,1
33,82,-0.05487467349,0.08710628003,1
33,90,-0.07803731412,0.0465862453,1
33,98,-0.0452421084,0.02764481306,1
33,106,0.1747730672,0.001443944871,1
33,114,0.002965882421,0.05339240655,1
33,122,-0.07466874272,0.1329877675,1
33,130,-0.2275680602,0.1401562691,1
33,138,-0.2469269037,0.09334716201,1
33,146,-0.1230507046,-0.04166859388,1
33,154,-0.02055637538,-0.01109421998,1
33,162,0.08485624194,0.09910912812,1
33,170,0.06935026497,0.01848534495,1
41,10,0.06858367473,-0.003758966923,1
41,18,-0.1030295417,-0.04760833085,1
41,26,-0.07975465804,-0.04526646435,1
41,34,-0.05803375691,0.02192724124,1
41,42,-0.115883559,0.007520888001,1
41,50,-0.06517314911,-0.05579541624,1
41,58,0.0480902344,-0.03655526042,1
41,66,0.08748584986,0.02107231505,1
41,74,-0.07819802314,0.07840473205,1
41,82,-0.1160714999,-0.01469076797,1
41,90,-0.03558961302,0.04671283439,1
41,98,0.01745504513,-0.002888157964,1
41,106,0.04659989476,0.003461953253,1
41,114,-0.009284496307,0.04227591679,1
41,122,-0.09655316174,0.06459665298,1
41,130,-0.1083012894,0.1431756318,1
41,138,-0.1268267632,0.1413805932,1
41,146,-0.1787247062,0.04201478511,1
41,154,-0.0666987896,-0.001524736639,1
41,162,-0.07794032246,0.0003035152331,1
41,170,-0.04714111984,-0.009944595397,1
49,10,-0.02382528037,0.03917370737,1
49,18,-0.042742569,-0.06228894368,1
49,26,-0.01425629295,-0.004977757111,1
49,34,0.03396314383,0.1102216095,1
49,42,0.0979975611,0.06727972627,1
49,50,0.09690144658,0.08556143194,1
49,58,-0.01552297361,0.09698957205,1
49,66,-0.07346263528,0.03496216238,1
49,74,-0.007604872808,0.05288105458,1
49,82,0.01206652075,0.007416337729,1
49,90,0.07841470838,0.04813947156,1
49,98,0.07255715877,-0.01749971695,1
49,106,-0.1357838362,0.03677292168,1
49,114,-0.1374920905,0.05437143892,1
49,122,-0.104075551,0.02330217697,1
49,130,-0.08691249788,0.07801473886,1
49,138,-0.1607634425,0.02670358121,1
49,146,-0.2217480093,0.06662681699,1
49,154,-0.1906582117,-0.01993739791,1
49,162,-0.2056914121,-0.0919644013,1
49,170,-0.1004279852,-0.09049414098,1
57,10,-0.02815867215,-0.01191447675,1
57,18,-0.03851743415,-0.1438607723,1
57,26,-0.07705775648,0.006074643694,1
57,34,0.0150519032,0.1677780598,1
57,42,0.1017707884,0.2026426941,1
57,50,0.06312471628,0.1066929102,1
57,58,-0.06440512836,0.01771942154,1
57,66,-0.1122531295,-0.06134699285,1
57,74,-0.0176240392,-0.03382304311,1
57,82,0.01100802608,0.01613251865,1
57,90,0.07067756355,-0.04705993086,1
57,98,0.008748589084,-0.1207361445,1
57,106,-0.1029639095,-0.1375444978,1
57,114,-0.1307512075,0.009615242481,1
57,122,-0.2413236201,0.05309095979,1
57,130,-0.152170226,0.1801661253,1
57,138,-0.1542253196,-0.03236450255,1
57,146,-0.1769972891,0.06774108857,1
57,154,-0.1917944252,0.05239027739,1
57,162,-0.1247132272,-0.0325429365,1
57,170,-0.2052044272,0.01826690137,1
65,10,-0.0111585483,0.01870775223,1
65,18,-0.04691328853,0.01813438348,1
65,26,0.02201532014,0.01611150429,1
65,34,0.04881278798,0.004404209554,1
65,42,-0.02030065656,-0.008658992127,1
65,50,0.09713886678,0.08261676878,1
65,58,0.02491180226,0.0345534496,1
65,66,-0.1590087414,-0.01373263821,1
65,74,-0.0008886344731,-0.01189868432,1
65,82,0.06395894289,-0.0008779969066,1
65,90,-0.01456888765,-0.08638896793,1
65,98,-0.1101703346,-0.1232845038,1
65,106,-0.1350004375,-0.121546939,1
65,114,-0.1307073236,-0.06903579086,1
65,122,-0.1076200008,-0.01476935297,1
65,130,-0.07692879438,0.1072787642,1
65,138,-0.1849364042,0.1604977399,1
65,146,-0.2072250396,0.1113745496,1
65,154,-0.2639427781,0.138694033,1
65,162,-0.08405388892,0.037444368,1
65,170,-0.1555005312,0.03953957558,1
73,10,0.1919762641,0.1525576562,1
73,18,0.1480104625,0.05265945569,1
73,26,0.09339012206,-0.03485122696,1
73,34,0.1310160756,-0.2452631146,1
73,42,0.1368737668,-0.1002880484,1
73,50,0.1150433272,0.00826311484,1
73,58,0.06590342522,0.04923609272,1
73,66,-0.184086144,0.0490142405,1
73,74,-0.1698533744,0.09708403051,1
73,82,0.08250843734,0.1400211155,1
73,90,-0.05365667492,0.04834243283,1
73,98,-0.1096261293,0.267362088,1
73,106,-0.2261243165,0.1861745119,1
73,114,-0.2316890061,-0.05305213854,1
73,122,-0.03515379876,0.01980340853,1
73,130,0.02976023406,0.08992181718,1
73,138,-0.09392457455,0.1011139676,1
73,146,-0.1201774329,0.1329222471,1
73,154,-0.119316861,0.02034590021,1
73,162,-0.1182577759,0.01445701346,1
73,170,0.08198651671,0.1682085097,1
81,10,0.283120364,0.1518399566,1
81,18,0.2558352649,-0.08671734482,1
81,26,-0.08848451823,-0.1978087574,1
81,34,0.03277765214,-0.1608463079,1
81,42,0.0399909988,-0.09978852421,1
81,50,-0.01773210429,-0.05101894587,1
81,58,-0.06726143509,-0.0707039535,1
81,66,-0.2227415293,0.0530372709,1
81,74,-0.1968391985,0.1283530593,1
81,82,-0.07429209352,0.2680175006,1
81,90,-0.1855890453,0.1725293696,1
81,98,-0.1081369668,0.1705224514,1
81,106,-0.1205264479,0.1333062798,1
81,114,-0.0640642941,0.01187667623,1
81,122,0.08191952109,0.1157904118,1
81,130,-0.0106010586,0.09850343317,1
81,138,-0.127390787,0.03103756905,1
81,146,-0.1039437205,-0.009989306331,1
81,154,-0.1437121928,-0.07740393281,1
81,162,-0.1350478828,0.09166839719,1
81,170,0.03835050017,0.2784587443,1
89,10,0.07617453486,0.10193941,1
89,18,-0.10074085,-0.03590481728,1
89,26,-0.2056785524,-0.1536475122,1
89,34,-0.1688487232,-0.0364613533,1
89,42,-0.09632669389,-0.007298860699,1
89,50,-0.08704952896,0.06409543753,1
89,58,-0.09824659675,0.03771514818,1
89,66,-0.1022866219,0.05019344762,1
89,74,-0.1153883636,0.04958007485,1
89,82,-0.1549605429,0.1324920803,1
89,90,-0.2259651572,0.1871648431,1
89,98,-0.1424759924,0.09763754159,1
89,106,-0.08282565325,0.04488761723,1
89,114,0.01429182664,-0.00770489499,1
89,122,-0.04734679684,0.05431864411,1
89,130,-0.2293492109,0.07322086394,1
89,138,-0.2454841286,0.1184349731,1
89,146,-0.245736897,0.02087138221,1
89,154,-0.2136889249,-0.08284142613,1
89,162,-0.1619562209,0.1138192862,1
89,170,0.004147864878,0.2272335887,1
97,10,0.0678922832,0.04792863876,1
97,18,-0.1098674238,0.1836346686,1
97,26,-0.1055342704,0.09598535299,1
97,34,0.008331537247,-0.08355971426,1
97,42,-0.07094611228,0.04268009216,1
97,50,-0.1494650841,0.09519806504,1
97,58,-0.06639531255,0.09782236814,1
97,66,-0.1083662808,-0.0118928533,1
97,74,-0.09424042702,-0.06327404082,1
97,82,-0.08035821468,0.08193181455,1
97,90,-0.2056447417,0.09619460255,1
97,98,-0.2920318246,0.07456338406,1
97,106,-0.1359964907,-0.01656267792,1
97,114,0.08202607185,-0.08494256437,1
97,122,0.02963417023,-0.03054623678,1
97,130,-0.1839020848,0.05770825967,1
97,138,-0.1991626322,0.09780304134,1
97,146,-0.1730133742,0.123955749,1
97,154,-0.06949481368,0.04153586179,1
97,162,-0.172752142,0.06184301525,1
97,170,-0.2117919028,0.05996087193,1
105,10,-0.02388969809,0.05869023129,1
105,18,-0.03296973556,0.09757894278,1
105,26,-0.07545683533,0.03200216964,1
105,34,0.07197365165,-0.05290468782,1
105,42,-0.08066769689,0.01726149023,1
105,50,-0.2414651215,-0.00250210613,1
105,58,-0.1353461146,0.02708912268,1
105,66,-0.1131477058,-0.007999749854,1
105,74,-0.08235744387,-0.0146217905,1
105,82,-0.003783468157,0.04317859188,1
105,90,-0.07719050348,0.07229094207,1
105,98,-0.2245168388,0.0682901144,1
105,106,-0.1381649524,-0.008482959121,1
105,114,0.1276006252,-0.008056856692,1
105,122,0.08699921519,0.03151146322,1
105,130,0.00199303031,-0.070803307,1
105,138,-0.1316913217,-0.01393230446,1
105,146,-0.1943098754,0.06763664633,1
105,154,-0.08056663722,0.07384806126,1
105,162,-0.1276609898,-0.04118578881,1
105,170,-0.312033534,0.006954355165,1
113,10,-0.03157208115,-0.08042156696,1
113,18,0.08692053705,-0.02377494797,1
113,26,0.01894050092,-0.07898608595,1
113,34,-0.05095818639,-0.04922368377,1
113,42,-0.02651081979,-0.05809001625,1
113,50,-0.1897294968,-0.04253043979,1
113,58,-0.1354407221,0.07853003591,1
113,66,-0.05595821887,0.1087718904,1
113,74,-0.009842313826,0.07617612183,1
113,82,0.02636002749,0.07600928098,1
113,90,-0.08965812624,0.001004401594,1
113,98,-0.1435018778,0.03464609385,1
113,106,0.1119312495,0.1401488483,1
113,114,0.03885136545,0.07028758526,1
113,122,-0.1153023839,0.05638439953,1
113,130,-0.09604281187,-0.111195609,1
113,138,-0.2482275665,-0.05608818308,1
113,146,-0.3563350141,0.001173339784,1
113,154,-0.1757831126,-0.004969570786,1
113,162,-0.1058935151,-0.03890203312,1
113,170,-0.05673295259,0.01039498299,1
121,10,-0.1314869076,-0.2058743536,1
121,18,-0.05483834073,-0.06688056886,1
121,26,-0.07030772418,-0.1249322742,1
121,34,-0.1942308992,0.03619152308,1
121,42,-0.1065331772,0.09339683503,1
121,50,-0.07439726591,-0.1238053143,1
121,58,-0.1958111227,-0.001116704196,1
121,66,-0.1113298461,0.05546181649,1
121,74,0.07447977364,0.1184882075,1
121,82,0.03218280524,0.1347863078,1
121,90,-0.06212022528,0.03434387222,1
121,98,-0.09963472188,0.06099358201,1
121,106,0.05920678005,0.0774025023,1
121,114,0.09183086455,0.05277870223,1
121,122,-0.002315729856,0.03219989687,1
121,130,-0.05950505286,-0.0548902154,1
121,138,-0.1480452716,-0.1969686151,1
121,146,-0.2413741648,-0.0795674026,1
121,154,-0.2712652087,-0.03928126767,1
121,162,-0.1028137952,-0.03344385326,1
121,170,0.08508759737,-0.04407086596,1
129,10,-0.1504104137,-0.1489151269,1
129,18,-0.0983613953,-0.02934898436,1
129,26,-0.08052356541,-0.09953543544,1
129,34,-0.1210360825,0.1469261348,1
129,42,-0.05692334473,0.1001062393,1
129,50,-0.09811650962,-0.2070718706,1
129,58,-0.1049003154,-0.1188138127,1
129,66,-0.02174699306,-0.03496276587,1
129,74,-0.08019364625,0.1273261607,1
129,82,-0.002571012825,0.1049501076,1
129,90,-0.02513441443,0.1169694662,1
129,98,-0.0870359987,0.1444584578,1
129,106,-0.01589020155,0.1007900909,1
129,114,0.07831970602,0.07992424071,1
129,122,0.07177433372,-0.0336169377,1
129,130,-0.0328214094,-0.03025091253,1
129,138,-0.0468987301,0.01581434533,1
129,146,-0.2132496834,-0.01262740046,1
129,154,-0.1436750144,0.02124903165,1
129,162,0.02577641606,0.02707691677,1
129,170,0.1219453961,-0.05038092658,1
137,10,-0.1064747125,-0.0971006006,1
137,18,0.03768723458,0.09209018201,1
137,26,-0.09844589233,-0.02243665233,1
137,34,-0.1021647006,0.05188046396,1
137,42,-0.0752241239,0.003557398915,1
137,50,-0.08821307123,-0.1940379292,1
137,58,0.01104483753,-0.05950310081,1
137,66,0.08986455947,0.1856846511,1
137,74,-0.03090588748,0.05415065587,1
137,82,-0.06717461348,0.03174870461,1
137,90,-0.0451474078,0.06712261587,1
137,98,-0.1010583192,0.2063979805,1
137,106,-0.1004518196,0.2610583603,1
137,114,0.04934091493,0.1497049928,1
137,122,0.1479161978,-0.01691966876,1
137,130,0.2370457351,0.05893992633,1
137,138,0.1898819953,0.1550860107,1
137,146,-0.09201693535,0.03361488134,1
137,154,-0.07410537452,0.03599120677,1
137,162,-0.08828794956,0.1196655333,1
137,170,0.017877087,0.1725941747,1
145,10,-0.03611025214,-0.2232468426,1
145,18,0.03200416639,-0.2227267921,1
145,26,-0.1103733853,-0.03305551782,1
145,34,-0.2743720412,0.07364169508,1
145,42,-0.2476271391,-0.0147043094,1
145,50,-0.166490823,-0.1306731701,1
145,58,-0.1942940354,-0.01779688895,1
145,66,0.09752889723,0.04198136553,1
145,74,0.02134019136,-0.02710357681,1
145,82,0.01414724067,-0.09425643086,1
145,90,0.1194354966,-0.08963341266,1
145,98,0.133295387,0.03848997504,1
145,106,0.05442902073,0.07915508002,1
145,114,0.01144183427,0.03591079265,1
145,122,0.2747091353,-0.02797443047,1
145,130,0.1641138047,-0.005653684027,1
145,138,0.02781173773,-0.08424705267,1
145,146,0.1408090889,-0.05104712024,1
145,154,0.01840694249,-0.0002685133368,1
145,162,-0.1086366773,0.04426005855,1
145,170,0.0386826694,0.1837270558,1
153,10,-0.005775872618,-0.1890255809,1
153,18,-0.04879403859,-0.1743609607,1
153,26,-0.1048235595,0.0215676073,1
153,34,-0.1829112768,0.08453733474,1
153,42,-0.1008255854,-0.04176095501,1
153,50,-0.09503892064,-0.07711721212,1
153,58,-0.07544508576,0.1063402221,1
153,66,0.115127407,-0.04694332927,1
153,74,0.1781280339,-0.1281908154,1
153,82,0.1074632183,-0.1558692753,1
153,90,0.03541781753,-0.112604849,1
153,98,0.01695097424,-0.07411514223,1
153,106,0.1206943914,-0.05789842457,1
153,114,0.1248447746,-0.01004169881,1
153,122,0.2018882334,0.05995415151,1
153,130,0.1310888827,-0.007758526132,1
153,138,0.1076720208,-0.04198084399,1
153,146,0.07132851332,-0.1338994652,1
153,154,-0.2315794528,-0.06678470224,1
153,162,-0.2169249654,0.02070258558,1
153,170,0.08241547644,0.1182527542,1
161,10,0.1164710373,0.0484629795,1
161,18,0.07672926784,-0.03075166047,1
161,26,0.03421879187,0.002457026392,1
161,34,-0.07082333416,-0.003527512774,1
161,42,-0.1031031683,-0.001406339929,1
161,50,-0.007155973464,0.1187205687,1
161,58,0.03822957352,0.2396022975,1
161,66,0.1010402665,0.06699645519,1
161,74,0.168523252,-0.04857327417,1
161,82,-0.007560007274,-0.1221857145,1
161,90,-0.04694472998,-0.1036287844,1
161,98,-0.02813463658,-0.1045890898,1
161,106,-0.02038682811,-0.1087884679,1
161,114,0.02138405293,-0.03769817576,1
161,122,0.05562250316,0.04063384235,1
161,130,0.006810799241,-0.04981775582,1
161,138,0.0604275167,0.03263007849,1
161,146,0.01896769926,-0.1643307954,1
161,154,-0.1812977642,-0.1239610016,1
161,162,-0.1933275461,0.08079910278,1
161,170,0.01480177045,0.1107518971,1
169,10,0.0153815411,0.1310883015,1
169,18,-0.008855376393,-0.1225131899,1
169,26,0.04032137617,0.01600081474,1
169,34,0.07839542627,0.1230646372,1
169,42,0.003769144416,5.482975394e-05,1
169,50,0.05462189019,0.08397758007,1
169,58,0.0701540187,0.1446794868,1
169,66,0.07789435238,0.1100451872,1
169,74,0.1877630502,0.05694252253,1
169,82,0.02595166489,-0.03466367722,1
169,90,-0.061029654,-0.08436983824,1
169,98,-0.0326278992,-0.1303572208,1
169,106,-0.02465213835,-0.1030259579,1
169,114,-0.05482910946,-0.07625052333,1
169,122,0.07213200629,-0.0750503391,1
169,130,0.05520709604,-0.05905165523,1
169,138,-0.09358424693,0.01321215741,1
169,146,0.01924005337,-0.1607015133,1
169,154,-0.0112773329,-0.1157654226,1
169,162,0.004832141101,0.04170335829,1
169,170,0.0815115869,0.1199032068,1
177,10,0.04860552028,-0.04892791063,1
177,18,-0.03973063082,-0.1618437469,1
177,26,-0.09086681902,0.01979486085,1
177,34,-0.06847663224,0.1391846687,1
177,42,0.03809059411,0.02041344158,1
177,50,0.176248312,0.02606877498,1
177,58,0.1914242208,0.06919746101,1
177,66,0.1270248294,0.08302628994,1
177,74,0.0001968443394,0.06354834139,1
177,82,-0.09303686023,0.1040198877,1
177,90,-0.1562609673,0.02669779956,1
177,98,-0.08015921712,0.06894423813,1
177,106,-0.006136669777,-0.05336428434,1
177,114,0.0217886474,-0.1556211561,1
177,122,0.05768444017,-0.1475284398,1
177,130,0.0691626966,0.02094462886,1
177,138,-0.02923012525,0.03286203742,1
177,146,-0.001846253872,-0.06894298643,1
177,154,0.01297828555,-0.1340776831,1
177,162,0.06675828993,-0.007588837296,1
177,170,0.1196388751,0.05333209038,1
185,10,0.0279969722,-0.3252711892,1
185,18,0.03167656064,-0.134755075,1
185,26,-0.01995090395,-0.02647710219,1
185,34,-0.1222923622,0.07103494555,1
185,42,-0.02005190775,0.03412867337,1
185,50,0.2185848355,0.03580450267,1
185,58,0.2023955286,-0.01232341304,1
185,66,0.1056524664,-0.06351710856,1
185,74,0.03814719617,0.04178005829,1
185,82,-0.04892074317,0.1131349653,1
185,90,-0.09364562482,0.08747556806,1
185,98,-0.09113886952,0.1324663907,1
185,106,-0.0674161613,-0.008884854615,1
185,114,-0.07815732062,-0.01787583157,1
185,122,-0.05879785493,-0.01150151156,1
185,130,-0.05334984511,0.1546649635,1
185,138,0.022866413,0.2055166215,1
185,146,0.03853417188,0.01153524593,1
185,154,-0.08395704627,-0.09521017224,1
185,162,-0.08246460557,0.02362755314,1
185,170,-0.06195417047,0.01915672794,1
193,10,0.07340341806,-0.2476718724,1
193,18,-0.05258721486,-0.1785648763,1
193,26,-0.1026332453,-0.07015602291,1
193,34,-0.04926947877,0.08311774582,1
193,42,0.06668713689,-0.01138201356,1
193,50,0.08988626301,0.02666176856,1
193,58,0.06442201138,-0.0303976126,1
193,66,-0.01643587649,0.01921930537,1
193,74,-0.04587231949,0.02701113746,1
193,82,0.001548826694,0.07441079617,1
193,90,-0.03068624437,0.06955805421,1
193,98,-0.08749993145,0.02494970337,1
193,106,-0.1136259586,-0.05406755581,1
193,114,-0.08857601881,0.06720511615,1
193,122,-0.04668308794,0.0339955315,1
193,130,-0.03793833405,0.1654132903,1
193,138,-0.05618453771,0.2121659815,1
193,146,-0.1396120042,-0.01105851121,1
193,154,-0.1549665928,-0.08540799469,1
193,162,-0.1166877449,0.006866740063,1
193,170,-0.1628540903,-0.02447137237,1
201,10,0.005992621183,-0.2612729371,1
201,18,-0.1569194794,-0.1869198233,1
201,26,-0.126961872,-0.1016437411,1
201,34,0.0431647934,0.1180518419,1
201,42,0.1604696512,0.07449188828,1
201,50,0.104115881,0.04750401527,1
201,58,0.08225021511,0.09290358424,1
201,66,0.05152883753,0.2811698914,1
201,74,-0.03676360846,0.05017265677,1
201,82,-0.1176262349,0.08888744563,1
201,90,-0.05618944392,0.03155567497,1
201,98,-0.01294577122,0.007462245412,1
201,106,-0.06414419413,-0.1750867069,1
201,114,-0.08139461279,-0.1268077642,1
201,122,-0.03589424863,-0.003639147617,1
201,130,-0.03021480516,0.05397627503,1
201,138,-0.03329527006,0.08754175901,1
201,146,-0.06393042207,-0.05014355481,1
201,154,-0.02628211677,0.002631200477,1
201,162,-0.07060024142,0.043512851,1
201,170,-0.3054219186,-0.000704228878,1
209,10,-0.07733283937,-0.2260387242,1
209,18,-0.08406192064,-0.180823043,1
209,26,-0.04188542813,-0.09549853206,1
209,34,0.05670206621,0.04441665858,1
209,42,0.3323117495,0.07756402344,1
209,50,0.3308106363,0.04113434255,1
209,58,0.2390054166,0.2492006421,1
209,66,0.261667192,0.01645527035,1
209,74,-0.1443259418,0.01280006953,1
209,82,-0.1021755189,0.06829740107,1
209,90,-0.05314633995,0.0216649808,1
209,98,-0.07160022855,0.0692416355,1
209,106,-0.1697252989,-0.04504620656,1
209,114,-0.1219569817,-0.01857532002,1
209,122,-0.02266988158,0.01867676154,1
209,130,-0.02309121192,0.09818081558,1
209,138,0.006054162979,0.05969053134,1
209,146,-0.01985982805,-0.06972973049,1
209,154,-0.09859830141,0.07587767392,1
209,162,-0.2420436144,0.1861874908,1
209,170,-0.1922903061,0.187420994,1
217,10,-0.0529891327,-0.1582427472,1
217,18,-0.08714175969,-0.07110381126,1
217,26,-0.1147966981,-0.03132579476,1
217,34,0.02478536963,-0.07951790094,1
217,42,0.07367500663,0.03791353479,1
217,50,0.04660494626,0.04928690195,1
217,58,0.04188814014,0.09635011107,1
217,66,0.05915784091,0.0008265860379,1
217,74,-0.1726420373,0.04891912639,1
217,82,-0.08414134383,0.009275915101,1
217,90,0.007492806762,-0.07174302638,1
217,98,0.002289243042,-0.1040087119,1
217,106,-0.06805728376,0.07477816939,1
217,114,-0.06299732625,0.03692534193,1
217,122,0.008598256856,-0.04521184415,1
217,130,0.00738960132,0.01810755208,1
217,138,-0.07432403415,0.1326593012,1
217,146,-0.1407514066,0.02205848694,1
217,154,-0.2083401233,0.06862225384,1
217,162,-0.263917625,0.1766108274,1
217,170,-0.1295278668,0.1362268925,1
225,10,-0.1108164787,-0.2458066791,1
225,18,-0.04327963293,-0.008305460215,1
225,26,-0.0261541456,0.08919091523,1
225,34,-0.02327388152,0.03812072799,1
225,42,-0.05577897653,0.0578266345,1
225,50,-0.06493269652,0.02574851364,1
225,58,-0.0167806074,-0.009289573878,1
225,66,-0.01250349917,0.01453901641,1
225,74,0.03911561891,-0.0006470307708,1
225,82,0.101168789,0.03850460798,1
225,90,0.04948858172,0.02989280224,1
225,98,-0.02728387341,-0.1036614776,1
225,106,-0.145709604,0.06891814619,1
225,114,-0.1803815663,0.07348253578,1
225,122,-0.08466709405,-0.03988526762,1
225,130,-0.05198869482,0.05454982072,1
225,138,-0.02834264562,0.2328895926,1
225,146,0.05224695802,0.05517411977,1
225,154,-0.07624786347,0.03716248274,1
225,162,-0.1659762859,0.1239055097,1
225,170,-0.07735908031,0.09458240867,1
233,10,-0.1691270471,-0.1919422299,1
233,18,-0.1637347639,0.004047930241,1
233,26,-0.01914986223,0.06795431674,1
233,34,-0.1160667613,0.05983194709,1
233,42,-0.2052742094,0.04545311257,1
233,50,-0.2623152733,-0.01544510946,1
233,58,-0.3360322714,-0.1001155227,1
233,66,-0.08208996058,-0.06734970212,1
233,74,0.004908427596,-0.003855355084,1
233,82,0.04318977147,0.1746801734,1
233,90,0.01553293318,0.2188268304,1
233,98,-0.1001701653,0.06040874124,1
233,106,-0.1337568164,0.02427404374,1
233,114,-0.176633954,-0.000683657825,1
233,122,-0.04591976106,-0.05451831222,1
233,130,0.08275195956,0.07379868627,1
233,138,0.06376035511,0.1955664456,1
233,146,0.1508942842,0.07077933103,1
233,154,0.07280312479,0.03134375811,1
233,162,-0.06567831337,0.08169440925,1
233,170,-0.07597308606,0.1093512028,1
241,10,-0.2016785294,-0.140911594,1
241,18,-0.2059458494,-0.06760237366,1
241,26,-0.1140608117,-0.086735107,1
241,34,-0.08955916017,0.02011971548,1
241,42,-0.003120463341,0.1022728831,1
241,50,0.004477057606,0.03454312682,1
241,58,-0.3123699427,-0.02556307241,1
241,66,-0.1867164969,-0.06798557937,1
241,74,-0.09069082886,0.1011888087,1
241,82,-0.1503845304,0.2481106967,1
241,90,-0.2006948739,0.2118880749,1
241,98,-0.04507389665,0.08918136358,1
241,106,-0.07025112957,0.02761485055,1
241,114,-0.1457193196,-0.03591117263,1
241,122,-0.02861247584,0.1352995485,1
241,130,0.1479976773,0.1958591342,1
241,138,0.09488706291,0.2657463849,1
241,146,0.1170552969,0.05907708406,1
241,154,0.09193570912,-0.04151591659,1
241,162,0.002931043506,0.02975432202,1
241,170,0.00895062089,0.1313421428,1
249,10,-0.0519002676,-0.02259679139,1
249,18,-0.0674007982,-0.1001719534,1
249,26,-0.09750269353,-0.09599542618,1
249,34,-0.0871573016,-0.002213265747,1
249,42,0.0003973068669,0.1650264114,1
249,50,0.05579727143,0.08507490158,1
249,58,-0.00265403837,0.1603900045,1
249,66,-0.181480974,0.17281124,1
249,74,-0.02267951518,0.2017439157,1
249,82,-0.1876253337,0.2070330232,1
249,90,-0.1144336611,0.01167459786,1
249,98,0.07678553462,-0.1319884807,1
249,106,0.07140822709,0.006270397455,1
249,114,0.06738656759,0.03941266239,1
249,122,0.05086623132,0.2586834133,1
249,130,-0.009639497846,0.3096285164,1
249,138,-0.04966628924,0.2506825626,1
249,146,0.003781545907,0.01352701709,1
249,154,-0.0263575688,-0.05114131048,1
249,162,0.001615647227,-0.008814825676,1
249,170,0.0439280048,0.08532425761,1
257,10,-0.08900777996,0.08774891496,1
257,18,-0.02903337777,-0.02802380174,1
257,26,0.01719008386,0.04662594199,1
257,34,-0.0670703575,0.09540423006,1
257,42,-0.04739331454,0.03475812823,1
257,50,0.05628239363,0.04610073566,1
257,58,0.02235475928,0.08752606064,1
257,66,0.02667162195,-0.08840964735,1
257,74,0.04886169732,-0.05742469057,1
257,82,-0.04136876762,0.07406923175,1
257,90,0.02049102634,-0.04875709116,1
257,98,0.02463940531,-0.2099028826,1
257,106,-0.004711873829,-0.02023161203,1
257,114,0.02709055319,0.08414947987,1
257,122,0.03671640903,0.2217790484,1
257,130,-0.07089069486,0.2171305418,1
257,138,-0.1086365953,0.0643363893,1
257,146,-0.1411658823,0.1028189659,1
257,154,-0.1578968018,0.0407948494,1
257,162,-0.08651348948,-0.04794362932,1
257,170,0.02408988774,-0.08976908028,1
265,10,-0.2079463303,0.1181208491,1
265,18,-0.05783522129,0.08041790128,1
265,26,0.03748516738,0.05262200534,1
265,34,-0.03663811833,0.01892077737,1
265,42,-0.06167089939,-0.0892239511,1
265,50,0.198130995,-0.03376980126,1
265,58,0.1446788609,0.0854075253,1
265,66,0.08217387646,0.05110166967,1
265,74,0.02466022782,0.016190961,1
265,82,0.02463503554,0.1135549918,1
265,90,0.1902078241,0.2134193182,1
265,98,0.02823798545,0.04740661383,1
265,106,0.04031771421,-0.04405393079,1
265,114,0.006971840747,0.005514368415,1
265,122,-0.1141223907,0.1452624202,1
265,130,0.09258645773,0.1309207082,1
265,138,0.1804478467,0.01713337936,1
265,146,-0.09933201969,0.0638474673,1
265,154,-0.1282741129,0.01630047709,1
265,162,-0.01866287738,-0.001249396475,1
265,170,0.01562810689,-0.07911400497,1
273,10,-0.08688528091,0.04563014954,1
273,18,-0.08040240407,0.02146401815,1
273,26,-0.07128806412,0.04731631279,1
273,34,-0.009899154305,-0.05244006217,1
273,42,0.08422312886,-0.1815510839,1
273,50,0.1173007265,0.0179321412,1
273,58,0.04587296024,0.08042487502,1
273,66,0.04095721245,0.05371238291,1
273,74,0.01593739353,0.07232896984,1
273,82,-0.1218541041,0.2143470645,1
273,90,-0.05015399307,0.310471952,1
273,98,0.01037508249,0.09387743473,1
273,106,0.002509262413,0.1034776866,1
273,114,-0.06154783815,-0.02206669003,1
273,122,-0.2094960511,-0.04280902073,1
273,130,0.05972637236,-0.1446582675,1
273,138,0.2674679458,-0.1917399764,1
273,146,-0.06459013373,-0.1237924695,1
273,154,-0.09118349105,-0.01562378556,1
273,162,0.1082105041,0.03719648346,1
273,170,0.01863811165,-0.03053241223,1
281,10,-0.01930000074,-0.05398861319,1
281,18,-0.05710469931,-0.02715518884,1
281,26,-0.07203124464,0.0594753325,1
281,34,-0.2091356814,-0.04118971527,1
281,42,-0.02124608308,-0.1076207832,1
281,50,0.1099644303,0.06200683862,1
281,58,0.01830474287,0.06054088846,1
281,66,0.09310754389,-0.0574538894,1
281,74,0.07368251681,0.03465890139,1
281,82,-0.1509927809,0.1825746,2
281,90,-0.3567602634,0.3242646456,1
281,98,-0.07368740439,0.191890344,1
281,106,0.1364060938,0.3472372293,1
281,114,0.1234912574,0.1433994621,1
281,122,-0.01075155661,-0.04981409013,1
281,130,-0.01527662575,-0.1209669784,1
281,138,0.04664003849,-0.1166714355,1
281,146,0.03090146929,-0.27053532,1
281,154,-0.06291560829,0.02994599007,1
281,162,0.02424505539,0.03425996378,1
281,170,-0.006013445556,0.01631391048,1
289,10,0.125278905,-0.03882421553,1
289,18,-0.02938751131,-0.008860846981,1
289,26,0.05355478078,0.0528572239,1
289,34,0.08263075352,0.1007377207,1
289,42,0.1509956121,0.0258596316,1
289,50,0.1341236234,-0.06745554507,1
289,58,0.08224215358,0.0115381591,1
289,66,0.1255038232,-0.006347091869,1
289,74,-0.03350739926,0.03334707022,1
289,82,-0.1990392804,0.157027781,1
289,90,-0.01504618675,0.4272574782,1
289,98,0.150523901,0.2740461528,1
289,106,0.2061862946,0.09462133795,1
289,114,0.2033273578,-0.07679050416,1
289,122,0.05788144469,-0.05517651886,1
289,130,0.009739303961,-0.09258955717,1
289,138,0.02863381058,-0.08974751085,1
289,146,0.08153884113,-0.1418069601,1
289,154,0.1599047929,-0.09698909521,1
289,162,0.1840971112,-0.06372128427,1
289,170,-0.04788377136,-0.1422703415,1
297,10,0.1170607358,-0.07598224282,1
297,18,-0.06036363915,-0.04114159197,1
297,26,-0.06092665344,0.01735836267,1
297,34,0.07627665251,0.1907042861,1
297,42,0.08026342094,0.1548158228,1
297,50,0.03539079428,-0.09954606742,1
297,58,0.05251865834,-0.09444157779,1
297,66,0.2361577749,-0.07529258728,1
297,74,0.1679250598,0.06688182056,1
297,82,-0.01051192731,0.01617641002,1
297,90,0.1162305474,0.1043019518,1
297,98,0.2098350078,-0.03190210462,1
297,106,0.2274385095,-0.04856841266,1
297,114,0.2747349143,-0.08325462043,1
297,122,0.1113489866,-0.09976176172,1
297,130,-0.07806751877,-0.08827146888,1
297,138,-0.1310598403,-0.1250353158,1
297,146,0.006973754615,-0.1253868937,1
297,154,0.07515261322,-0.1156520173,1
297,162,0.08528303355,-0.1088775545,1
297,170,0.05360399187,-0.1026875451,1
305,10,0.2067230791,-0.1458720565,1
305,18,0.1251505464,-0.08460044861,1
305,26,0.05930710584,-0.04138048738,1
305,34,0.1314725429,0.02223901451,1
305,42,0.09318861365,0.1159598082,1
305,50,0.04221233726,-0.0758022815,1
305,58,0.04300637543,-0.05262603611,1
305,66,0.09992091358,-0.06269728392,1
305,74,0.07995825261,0.03575562686,1
305,82,-0.1526222527,0.02556274086,1
305,90,-0.1084232852,0.06667674333,1
305,98,-0.01475293562,0.001845449209,1
305,106,0.2634811103,0.01119173504,1
305,114,0.2315402031,0.009906839579,1
305,122,0.1239496693,-0.06787526608,1
305,130,-0.004287545569,-0.05482577533,1
305,138,-0.1196786389,-0.07938132435,1
305,146,-0.08063216507,-0.04905966669,1
305,154,0.01507286355,0.002317365259,1
305,162,0.06225692853,-0.0280847121,1
305,170,0.06391483545,0.01602629572,1
313,10,0.1443205476,-0.1618201733,1
313,18,0.1063490361,-0.1021584794,1
313,26,0.05979382247,-0.06020754576,1
313,34,0.06239569932,-0.05518683046,1
313,42,0.1183904931,-0.08377762139,1
313,50,0.09426818043,-0.1651965082,1
313,58,-0.04751913995,-0.1260759532,1
313,66,0.05226463079,-0.1171636134,1
313,74,0.09443433583,-0.04410282522,1
313,82,-0.09631898254,0.03160180151,1
313,90,-0.1255288124,0.06895523518,1
313,98,-0.03447132185,0.07932938635,1
313,106,0.07475671917,0.08923878521,1
313,114,0.07386691123,0.05906159431,1
313,122,0.07987529039,-0.02510054968,1
313,130,0.04074525088,-0.1231880784,1
313,138,-0.1013490483,-0.01283950731,1
313,146,-0.02506678551,0.05377413332,1
313,154,-0.008999813348,0.03997229785,1
313,162,0.004752550274,0.02440038137,1
313,170,0.1205826178,-0.04759032279,1
321,10,0.04933292419,-0.08493272215,1
321,18,0.0348123163,-0.1601912081,1
321,26,0.007898285985,-0.1516935974,1
321,34,-0.040696688,-0.1618274003,1
321,42,-0.02035033703,-0.03987401724,1
321,50,0.1395190954,-0.1177875176,1
321,58,0.05899059027,-0.06941510737,1
321,66,0.07779854536,-0.1104318053,1
321,74,0.1354263276,-0.0944879353,1
321,82,0.01039996557,-0.06089683622,1
321,90,-0.0193660371,-0.01017201692,1
321,98,-0.06054355204,-0.007402159274,1
321,106,-0.001948509365,0.02224189043,1
321,114,0.06753849983,0.04318997264,1
321,122,0.08456474543,0.04449294508,1
321,130,0.08085183054,-0.0570037961,1
321,138,-0.111154601,0.07157164067,1
321,146,-0.1101621389,0.1025823802,1
321,154,-0.07840251923,0.06067374349,1
321,162,-0.0153629519,0.001850673929,1
321,170,0.2020518035,-0.02044150978,1
329,10,0.04374264926,-0.02831801027,1
329,18,-0.02787514031,-0.1508538723,1
329,26,-0.02577277273,-0.1260610223,1
329,34,-0.06085320935,-0.1123336479,1
329,42,-0.05430308729,0.04804284126,1
329,50,-0.03659915924,-0.04701430351,1
329,58,-0.05743026361,-0.03501819074,1
329,66,0.06264898181,-0.108153753,1
329,74,0.1149832457,-0.1420850605,1
329,82,0.05078362301,-0.1332129538,1
329,90,0.01964376494,-0.07931277901,1
329,98,-0.04701400921,-0.1570915878,1
329,106,0.002935769036,-0.04759652913,1
329,114,0.04671081156,-0.01230306085,1
329,122,0.09515912831,0.1164640486,1
329,130,0.02050430886,0.04080265388,1
329,138,-0.09836567938,0.03294977918,1
329,146,-0.08835756034,0.135397926,1
329,154,-0.06069142371,0.03179229051,1
329,162,-0.0124334693,-0.05181299523,1
329,170,0.1679364145,-0.01571038552,1
337,10,-0.1301433295,-0.1384172142,1
337,18,-0.0533798337,-0.115831092,1
337,26,0.006324209273,0.02328497171,1
337,34,-0.07547373325,0.04279182851,1
337,42,-0.04055152088,-0.01691846177,1
337,50,-0.1076681688,-0.01516637951,1
337,58,-0.1489396989,-0.06503640115,1
337,66,-0.009191596881,-0.1471555829,1
337,74,0.1812067628,-0.1137370765,1
337,82,0.1697615981,-0.02266132832,1
337,90,0.02753765322,-0.04328244925,1
337,98,-0.0562260896,-0.1494481713,1
337,106,-0.1420647055,0.0007078461349,1
337,114,-0.07374017686,-0.06902298331,1
337,122,0.00828083232,0.07436332107,1
337,130,-0.009890891612,0.03236443549,1
337,138,-0.04616462812,0.051885508,1
337,146,0.001938022673,0.1945144683,1
337,154,0.0982536301,0.008041160181,1
337,162,0.01975104026,-0.03125584126,1
337,170,0.05756689608,-0.1325628459,1
345,10,0.006542140618,-0.238364175,1
345,18,0.09612638503,-0.1249396279,1
345,26,0.1739466041,0.01591323689,1
345,34,0.05146849155,0.05322526395,1
345,42,-0.09473283589,-0.01531155035,1
345,50,-0.1436795592,0.03597254306,1
345,58,-0.147348091,-0.114912793,1
345,66,-0.09712377191,-0.1817777455,1
345,74,0.06313188374,-0.1759785861,1
345,82,0.2013238072,0.007052473724,1
345,90,0.07228347659,-0.1015940383,1
345,98,5.959440023e-05,-0.1119284257,1
345,106,-0.08920456469,0.007195215672,1
345,114,-0.0384305492,-0.05728953332,1
345,122,0.01175921783,-0.02626707405,1
345,130,0.1216919422,-0.0179746747,1
345,138,0.1234328151,0.1175803989,1
345,146,0.05827438086,0.0882999301,1
345,154,0.03756988049,-0.06994783878,1
345,162,-0.04259845242,-0.08256236464,1
345,170,-0.006329853088,-0.2304860651,1
353,10,0.08597543836,-0.1517407,1
353,18,0.03431100026,-0.1077762619,1
353,26,-0.009898588061,0.006886493415,1
353,34,-0.04171828926,-0.05318245664,1
353,42,-0.01367443055,-0.05419559777,1
353,50,-0.001864723861,0.1294545233,1
353,58,-0.1225873828,-0.2154138684,1
353,66,0.05076990649,-0.1978661716,1
353,74,0.2800199687,-0.06649323553,1
353,82,0.1494976431,0.03578957915,1
353,90,0.1071723923,-0.08452441543,1
353,98,0.02226221375,-0.1490174532,1
353,106,-0.07871435583,-0.1455884725,1
353,114,-0.04621259123,-0.01896825247,1
353,122,0.03731589764,0.1424205601,1
353,130,0.02460448071,0.1713445783,1
353,138,0.0472747609,0.08538517356,1
353,146,0.105711624,-0.07810416818,1
353,154,-0.05708734691,-0.02857238054,1
353,162,-0.0090309605,-0.06046558917,1
353,170,0.06933058053,-0.2109448314,1
361,10,0.1247772872,-0.05090962723,1
361,18,0.02401134372,0.01423538104,1
361,26,-0.00882797502,-0.01460378245,1
361,34,0.02737446129,-0.01284651086,1
361,42,0.04515270516,-0.1087846532,1
361,50,-0.03559014574,0.06660916656,1
361,58,-0.09984399378,0.0183185786,1
361,66,0.09219534695,-0.0520022884,1
361,74,0.1837463379,0.1000853926,1
361,82,0.1963165998,-0.076622352,1
361,90,0.3081713617,-0.064786762,1
361,98,0.3418753743,-0.04042169452,1
361,106,-0.1214158386,-0.04941930994,1
361,114,-0.1310150325,-0.01412821375,1
361,122,0.1300086677,0.1141854525,1
361,130,0.1181751043,0.2017169148,1
361,138,-0.1189550161,0.1521472931,1
361,146,-0.02870232984,-0.05530081689,1
361,154,-0.01684363559,0.08747975528,1
361,162,0.0522880666,0.0197294876,1
361,170,0.09260760248,-0.1250801384,1
369,10,-0.08829436451,-0.04966212064,1
369,18,-0.2085906267,0.02383569628,1
369,26,-0.07473691553,-0.03805434331,1
369,34,0.09666232765,-0.03423165157,1
369,42,0.1233654991,0.02064793184,1
369,50,0.09323062003,0.0874677822,1
369,58,0.09377810359,0.01937318221,1
369,66,0.06430257857,-0.08989226818,1
369,74,0.1436936706,-0.0002801269293,1
369,82,0.2720609903,-0.1726638079,1
369,90,0.2898498178,-0.08322273195,1
369,98,0.124793537,-0.03674976528,1
369,106,-0.1503214389,-0.0240261443,1
369,114,-0.1291277707,-0.03866491467,1
369,122,0.03486282751,0.007554978132,1
369,130,0.1910303235,0.1673087776,1
369,138,0.04497684166,0.1227716655,1
369,146,-0.2006763816,0.04338287562,1
369,154,-0.2539917231,0.07575845718,1
369,162,0.01130089164,0.02842354774,1
369,170,0.1564710289,-0.1261963248,1
377,10,0.2029115856,-0.008386423811,1
377,18,0.009826228023,-0.005167251453,1
377,26,0.04735963047,-0.002177596092,1
377,34,0.04617308453,-0.04501865059,1
377,42,0.02748480439,0.07935914397,1
377,50,0.1273191571,0.04228975624,1
377,58,0.03790600598,-0.1261644661,1
377,66,-0.1057949141,-0.1241602674,1
377,74,0.02509240061,0.007401414216,1
377,82,0.04430634528,-0.03726758063,1
377,90,0.1629401892,-0.1129232347,1
377,98,0.1494001895,-0.142595619,1
377,106,-0.0289891623,-0.1560613215,1
377,114,0.03387965262,-0.08583901823,1
377,122,0.11761453,0.2856654823,1
377,130,-0.06070076674,0.08873149753,1
377,138,-0.05889701843,0.002680286765,1
377,146,0.03534518182,-0.04432737827,1
377,154,-0.0004511214793,0.02023725212,1
377,162,0.05592115968,0.03305830434,1
377,170,0.1293392181,0.02758010477,1
385,10,0.5322217941,0.05040808767,1
385,18,0.3620422781,0.01705426723,1
385,26,0.2018460929,-0.04688994959,1
385,34,0.06684444845,-0.07191371918,1
385,42,0.04591994733,0.1162100732,1
385,50,0.09128697962,-0.0537147373,1
385,58,0.1145829633,-0.0582729578,1
385,66,0.04081776738,0.003844019026,1
385,74,0.0256537199,0.07999689877,1
385,82,-0.09100402892,0.05553714931,1
385,90,-0.01562903821,-0.1869433373,1
385,98,0.09485417604,-0.1474303007,1
385,106,-0.01796393842,-0.1037606746,1
385,114,0.01765006781,-0.06759711355,1
385,122,-0.2669311166,0.06973360479,1
385,130,-0.1970924735,0.03617037088,1
385,138,0.115439184,0.03190340102,1
385,146,-0.07843641937,0.001312613487,1
385,154,-0.1031460911,-0.01611723378,1
385,162,0.09334629774,0.02997999825,1
385,170,0.06747810543,-0.03233768046,1
393,10,0.3842937648,0.04160077125,1
393,18,0.3936471641,0.04448010772,1
393,26,0.2057130784,-0.01082771644,1
393,34,0.06598264724,0.01621815562,1
393,42,0.09283369035,0.004007842392,1
393,50,0.1373997033,-0.08393120766,1
393,58,0.2402428389,-0.003730280325,1
393,66,0.1814943999,0.1716119945,1
393,74,0.1690909863,0.3275544047,1
393,82,0.05149130523,0.2982544303,1
393,90,-0.1253100038,0.1043017805,1
393,98,-0.05268023908,0.008169356734,1
393,106,-0.06843411177,0.05353008956,1
393,114,0.1050562337,-0.03158789128,1
393,122,-0.05712103844,-0.1021353006,1
393,130,-0.06271351874,0.1043954343,1
393,138,0.09649286419,0.05104395002,1
393,146,0.07037355751,0.02608382143,1
393,154,0.004864610732,0.0370920673,1
393,162,0.0353076756,-0.06725643575,1
393,170,0.003832492977,-0.09692102671,1
401,10,0.2018549293,0.03222751245,1
401,18,0.2738980353,-0.01584533602,1
401,26,0.2305590212,0.06043384969,1
401,34,0.2069656104,0.09105288982,1
401,42,0.2683573961,-0.1696820706,1
401,50,0.2190277576,-0.1358151436,1
401,58,0.2708362341,-0.02370281518,1
401,66,0.3267239928,0.2562255263,1
401,74,0.3071588278,0.349475801,1
401,82,0.143140018,0.4658761322,1
401,90,-0.01665673405,0.1766407192,1
401,98,-0.04360607266,0.1398774385,1
401,106,0.02480655909,0.1956849992,1
401,114,0.1779439747,0.07489118725,1
401,122,0.1568931192,-0.146441102,1
401,130,0.1130850688,-0.02552508563,1
401,138,0.1704438627,-0.01940876618,1
401,146,0.3847716153,0.05964072794,1
401,154,0.3501116633,0.04136113077,1
401,162,0.05391697586,0.01668632962,1
401,170,-0.01961810142,0.03370255977,1
409,10,0.1163399071,-0.06009466946,1
409,18,0.1700845808,0.03952714056,1
409,26,0.2021098435,0.1386000961,1
409,34,0.2835871875,0.1206361577,1
409,42,0.2803047299,0.1122798622,1
409,50,0.243987456,0.05444772542,1
409,58,0.149390921,0.108450532,1
409,66,0.1454007626,0.1720637828,1
409,74,0.09329522401,0.1517916024,1
409,82,0.0416701436,0.2715684175,1
409,90,-0.0826779753,0.1390926093,1
409,98,-0.08651533723,0.1074697301,1
409,106,0.05298192799,0.06804229319,1
409,114,0.1335246861,0.2024461329,1
409,122,0.03759372234,-0.01885484904,1
409,130,0.1230937093,-0.09886115044,1
409,138,0.1883886456,-0.09089370817,1
409,146,0.2235152721,0.0801461041,1
409,154,0.1503212452,0.007259543985,1
409,162,0.1250979304,0.0545001477,1
409,170,0.007736623287,0.03838182241,1
417,10,0.181142956,0.05357439816,2
417,18,0.2459460199,0.1672434658,1
417,26,0.4527620673,0.1705617607,1
417,34,0.3254296184,0.1349547654,1
417,42,0.1630178094,0.188413769,1
417,50,0.0565431118,0.3663104177,1
417,58,-0.130801037,0.2272848189,1
417,66,-0.206441164,0.1303846091,1
417,74,-0.2719006538,-0.07743421197,1
417,82,0.1015710831,-0.06466579437,1
417,90,0.1356225163,-0.05145353079,1
417,98,-0.07026930898,-0.1491874754,1
417,106,0.1448869854,0.07951915264,1
417,114,0.3036373556,0.1609777957,1
417,122,0.2163094729,-0.1159732491,1
417,130,0.09732016921,-0.2376165092,1
417,138,0.06051138043,-0.1982657611,1
417,146,0.1042822301,0.01668947935,1
417,154,0.06735514104,0.01090768725,1
417,162,-0.02191461623,-0.05617939681,1
417,170,-0.1354780793,-0.0936306715,1
