PIVlab, ASCII chart output - 02-Aug-2025
FRAME: 149, filenames: A:[149]FullStack_Pos0035_TgUtrmcherry_K4K8MO-1.avi & B:[150]FullStack_Pos0035_TgUtrmcherry_K4K8MO-1.avi, conversion factor xy (px -> m): 1, conversion factor uv (px/frame -> m/s): 1
x [px],y [px],u [px/frame],v [px/frame],Vector type [-]
9,10,-0.4044328928,0.1477534622,1
9,18,-0.08700731397,0.121649839,1
9,26,-0.04813885689,-0.05414529145,1
9,34,-0.1263011694,-0.2118301988,1
9,42,-0.01771698147,-0.1856992394,1
9,50,0.05687122792,-0.09837509692,1
9,58,-0.1437750757,0.08593323082,1
9,66,0.05510166287,0.2632277608,1
9,74,0.297750473,0.1188082099,1
9,82,0.2522777617,0.002379052341,1
9,90,0.1251912415,-0.02559520304,1
9,98,0.1217942163,0.1224218458,1
9,106,0.02575407922,0.04318906739,1
9,114,-0.1446245164,-0.09079763293,1
9,122,-0.3456645012,-0.1039475724,1
9,130,-0.1529990435,0.01485070586,1
9,138,0.01345862448,0.1200881898,1
9,146,0.07118348777,0.1051075086,1
9,154,0.1915707141,0.03268670291,1
9,162,0.3538815081,-0.1605492979,1
9,170,-0.08399057388,-0.1049204469,1
17,10,-0.1646295786,-0.04700309783,1
17,18,-0.04670259356,0.08874405921,1
17,26,0.02416839823,0.06784168631,1
17,34,0.03029159829,-0.03997386247,1
17,42,-0.02034146339,-0.1322228014,1
17,50,-0.09503045678,-0.09073261917,1
17,58,-0.307688117,-0.01583009586,1
17,66,-0.2044708431,-0.01327739097,1
17,74,0.1353230029,-0.05259857699,1
17,82,0.06153175235,-0.1745233238,1
17,90,-0.1249774545,-0.03681436554,1
17,98,-0.0566207692,0.05865488201,1
17,106,-0.07913444936,-0.03377068415,1
17,114,-0.1967447251,-0.08722874522,1
17,122,-0.2299099565,-0.1083738878,1
17,130,-0.1883111596,-0.0465923287,1
17,138,-0.1490951777,0.01564262435,1
17,146,-0.1191869378,0.01607520133,1
17,154,-0.0690215826,-0.01035836712,1
17,162,-0.06860932708,0.05788603425,1
17,170,-0.195890218,-0.01517894864,1
25,10,-0.1680410504,-0.09344182909,1
25,18,0.004460610449,0.01955162734,1
25,26,0.1479783207,0.08669205755,1
25,34,0.03921226412,0.06470432878,1
25,42,-0.1022949219,-0.002151790075,1
25,50,-0.1802839786,0.0319955796,1
25,58,-0.3067518771,-0.1093378961,1
25,66,-0.1442631334,-0.09115515649,1
25,74,-0.08713157475,-0.08331339061,1
25,82,-0.1191476882,-0.07276754081,1
25,90,-0.2138219774,-0.00137941353,1
25,98,-0.1805731952,0.003389841877,1
25,106,-0.09126713872,-0.03914554417,1
25,114,-0.1160077751,-0.08339928091,1
25,122,-0.1491934806,-0.1279717088,1
25,130,-0.1677484065,-0.04247236997,1
25,138,-0.1610129476,-0.1075077057,1
25,146,-0.1909134388,-0.03187837452,1
25,154,-0.1602432132,0.07766732574,1
25,162,-0.05998283625,0.1866038144,1
25,170,0.1244623363,0.05720801651,1
33,10,-0.09962712228,-0.09513929486,1
33,18,0.0244765766,-0.02848047949,1
33,26,0.0424066633,-0.06348729879,1
33,34,-0.06925369054,0.006246704608,1
33,42,-0.2172516584,0.0996228233,1
33,50,-0.1784392148,0.04907559603,1
33,58,-0.1438944191,0.0305945389,1
33,66,-0.1242880225,0.09225776792,1
33,74,-0.1289142817,0.09157967567,1
33,82,-0.1239329576,0.1086741909,1
33,90,-0.242275849,0.06096823514,1
33,98,-0.1979713142,-0.02917831764,1
33,106,-0.04882571101,-0.03440925106,1
33,114,-0.007478259504,-0.111571908,1
33,122,0.01667744294,-0.1351638734,1
33,130,-0.01144380122,-0.03337867931,1
33,138,-0.01224640757,-0.06255239248,1
33,146,-0.02218625695,0.03914424777,1
33,154,-0.07472169399,0.04825066775,1
33,162,-0.01273172349,0.08864019066,1
33,170,0.1921824813,0.07758210599,1
41,10,-0.1850885749,-0.1044902802,1
41,18,-0.1163221747,-0.05312495306,1
41,26,-0.08523064852,-0.05427376181,1
41,34,-0.06669972837,0.01630561985,1
41,42,-0.1459772289,0.01616906747,1
41,50,-0.231780082,-0.03367920965,1
41,58,-0.07391485572,0.04035911337,1
41,66,-0.08665627986,0.1563768685,1
41,74,-0.1746353358,0.1786877215,1
41,82,-0.05885088444,0.1905173361,1
41,90,-0.2014684528,0.1352040172,1
41,98,-0.2338903248,0.05755902082,1
41,106,-0.1039187908,0.05563933402,1
41,114,-0.009730964899,0.007721653208,1
41,122,0.01359437779,-0.03427043557,1
41,130,-0.004193484783,0.004423361272,1
41,138,0.1045797393,0.1205973849,1
41,146,0.1091557667,0.1568702161,1
41,154,0.01558277756,-0.1175643876,1
41,162,0.06838950515,-0.0790347755,1
41,170,0.02870335802,0.07915225625,1
49,10,-0.4216934443,-0.0452464819,1
49,18,-0.1633534431,-0.04847997054,1
49,26,-0.04953885078,0.05646377057,1
49,34,-0.006152421236,0.01863203198,1
49,42,-0.1543464661,-0.08368518203,1
49,50,-0.2018755078,-0.008317530155,1
49,58,-0.09819531441,-0.04206285626,1
49,66,-0.01947057992,0.02128445357,1
49,74,-0.09588237107,0.007578924298,1
49,82,-0.1639014035,-0.09419200569,1
49,90,-0.1206293926,0.1873834431,1
49,98,-0.03034301847,0.1276036054,1
49,106,-0.0003498345613,0.0913471207,1
49,114,-0.002487696707,0.04928946868,1
49,122,-0.1281053424,0.07695865631,1
49,130,-0.1189907342,0.1293172538,1
49,138,0.04796250537,0.2604134679,1
49,146,0.1610200852,-0.09166489542,1
49,154,0.1900155544,-0.1547173113,1
49,162,0.05954869092,-0.1017470881,1
49,170,-0.1594431698,0.01025982201,1
57,10,-0.2985912859,0.0177574493,1
57,18,-0.230740726,-0.004186879843,1
57,26,-0.1945128292,0.006737651303,1
57,34,-0.1145796701,-0.05845202506,1
57,42,-0.02352728695,-0.1870520413,1
57,50,-0.08827724308,0.0148441717,1
57,58,-0.07309055328,0.104876183,1
57,66,0.02005394921,0.1745648235,1
57,74,-0.04697412997,0.1279458404,1
57,82,-0.1848880351,0.03086932749,1
57,90,-0.05273476243,0.1151804924,1
57,98,-0.02745853364,0.1518738866,1
57,106,-0.102181986,0.07834213972,1
57,114,-0.03060538322,-0.03699698299,1
57,122,-0.06600547582,0.06608852744,1
57,130,-0.117272988,0.3083123565,1
57,138,-0.01591794379,0.1747003794,1
57,146,0.04434713721,-0.07978090644,1
57,154,0.06247133017,-0.08964637667,1
57,162,-0.03491435945,-0.1304011643,1
57,170,-0.3471970558,-0.05839047581,1
65,10,-0.1646169573,0.08135940135,1
65,18,-0.23837547,0.05732521787,1
65,26,-0.3116523325,0.006267156452,1
65,34,-0.08914423734,-0.0675573945,1
65,42,-0.007807664573,-0.1026648507,1
65,50,0.006329078227,0.00587297231,1
65,58,-0.03093200177,0.008154757321,1
65,66,-0.02672174945,0.1668095887,1
65,74,0.02285754681,0.1398169994,1
65,82,-0.0531880185,0.01480347663,1
65,90,-0.05979005247,0.007038269192,1
65,98,-0.07633354515,0.1854164302,1
65,106,-0.1296835244,0.06677568704,1
65,114,-0.1202965453,-0.1823651493,1
65,122,-0.07788740844,-0.07539144158,1
65,130,0.001179873943,0.2136249542,1
65,138,-0.0383829549,0.3185504079,1
65,146,-0.01183182001,0.0857103169,1
65,154,-0.02988056466,0.01082242653,1
65,162,-0.1315553039,-0.05870416015,1
65,170,-0.299610585,-0.04245869815,1
73,10,-0.157625258,0.03462944552,1
73,18,-0.2565618753,0.07890339196,1
73,26,-0.2777279019,0.1008143872,1
73,34,-0.1383630633,-0.02171879448,1
73,42,-0.03331007436,-0.03127030656,1
73,50,0.01416383591,0.0007473286241,1
73,58,0.01733403653,-0.06398320943,1
73,66,-0.01962981932,-0.02450868674,1
73,74,-0.05072206631,-0.02958291396,1
73,82,-0.08104349673,-0.1067673042,1
73,90,-0.07775040716,0.01192172989,1
73,98,-0.1111373678,0.1028449237,1
73,106,-0.1109643057,-0.01946446672,1
73,114,-0.07552583516,-0.06850751489,1
73,122,-0.09312133491,-0.07859231532,1
73,130,-0.06276730448,0.03629418463,1
73,138,-0.01913721487,0.1142902374,1
73,146,-0.02043250203,0.169084534,1
73,154,-0.06532505155,0.1218495741,1
73,162,-0.1476106048,0.02242090553,1
73,170,-0.210721314,0.02899055555,1
81,10,-0.1834323257,0.05064915493,1
81,18,-0.2930765152,0.06441317499,1
81,26,-0.2841506302,0.07114648819,1
81,34,-0.1018988267,0.01175798476,1
81,42,-0.04797631875,-0.04359100014,1
81,50,0.01647339948,-0.04256235063,1
81,58,0.07249306887,-0.03029982001,1
81,66,-0.02669632807,-0.1651193053,1
81,74,-0.1124400645,-0.08854799718,1
81,82,-0.1660392582,0.0200588014,1
81,90,-0.2360493392,0.07444870472,1
81,98,-0.225834474,0.06372237206,1
81,106,-0.104209125,0.05500824749,1
81,114,-0.07963702083,0.1304089874,1
81,122,0.01186577976,0.07069805264,1
81,130,-0.007753770798,-0.014035061,1
81,138,-0.03122907132,-0.03851960599,1
81,146,0.005370669067,0.1739368141,1
81,154,0.01413819939,0.1667841673,1
81,162,-0.1006643325,0.1089616343,1
81,170,-0.1684440821,0.0720115453,1
89,10,-0.1481473148,-0.07058165967,1
89,18,-0.2587356269,-0.04065094143,1
89,26,-0.1137801111,-0.05099952221,1
89,34,-0.1138642132,-0.001483887434,1
89,42,-0.09871371835,-0.02576807886,1
89,50,-0.08904168755,-0.07281231135,1
89,58,-0.02189391293,-0.02891439199,1
89,66,0.00842968002,0.02289361879,1
89,74,-0.04144554585,-0.02769389749,1
89,82,-0.1474665999,-0.04472455382,1
89,90,-0.2255903482,0.07491665334,1
89,98,-0.2582181692,0.0355026871,1
89,106,-0.1100334898,0.04774164408,1
89,114,-0.1628321707,0.104453817,1
89,122,-0.06638939679,0.03573061526,1
89,130,0.03267679363,-0.07001718879,1
89,138,-0.00918290671,0.01247793436,1
89,146,-0.02859774232,0.2379845232,1
89,154,-0.03330710903,0.2372572422,1
89,162,-0.01763506047,0.09683742374,1
89,170,-0.08604931831,0.03254749253,1
97,10,0.02837522328,-0.09863176942,1
97,18,-0.1393730938,0.01044868864,1
97,26,-0.2724170089,0.04508940503,1
97,34,-0.3419995904,0.05121734738,1
97,42,-0.2352909446,0.02656747587,1
97,50,-0.01963305473,0.05544453114,1
97,58,0.007121630013,0.06028131768,1
97,66,-0.01319522783,0.1102084517,1
97,74,0.03457478806,0.01566630416,1
97,82,-0.0374302268,-0.1221632957,1
97,90,-0.2085062712,-0.03589328378,1
97,98,-0.1619137824,0.09733752161,1
97,106,-0.1149715558,0.09920306504,1
97,114,-0.1914865673,0.1392790377,1
97,122,-0.1544389427,0.04326695576,1
97,130,-0.01918886416,-0.08495362103,1
97,138,0.03696268052,-0.009034156799,1
97,146,-0.01450532489,0.1162355244,1
97,154,-0.03066780046,0.0830707401,1
97,162,0.1029894203,0.01892815903,1
97,170,0.02064527571,-0.0745414272,1
105,10,0.1154695004,-0.07589887083,1
105,18,-0.02008426189,0.03715701401,1
105,26,-0.023896005,0.1318728924,1
105,34,-0.002195134759,0.04555562884,1
105,42,-0.1377109885,-0.01969890669,1
105,50,-0.06040989608,0.04013121128,1
105,58,0.006088640541,0.1002228856,1
105,66,-0.1052902117,0.08125039935,1
105,74,-0.03621938452,-0.003354683518,1
105,82,0.002970326692,-0.124803938,1
105,90,-0.04036219418,-0.05952592939,1
105,98,-0.03353964537,0.02809927985,1
105,106,-0.07212391496,0.1698267758,1
105,114,-0.2005894482,0.2164977342,1
105,122,-0.2143392265,0.1126315519,1
105,130,-0.04133742303,0.05771029741,1
105,138,-0.009292916395,-0.02117480896,1
105,146,0.009816769511,-0.06812983006,1
105,154,0.07167741656,-0.0001048780978,1
105,162,0.1149971336,0.01468633115,1
105,170,0.1055426076,-0.04874902964,1
113,10,0.1579608768,-0.1511665285,1
113,18,0.0432664901,0.07431086153,1
113,26,0.004134312272,0.1865481138,1
113,34,0.01108394563,0.1032344699,1
113,42,-0.06228783727,-0.0256953761,1
113,50,-0.07207009196,0.009646005929,1
113,58,0.03457143903,0.08703265339,1
113,66,-0.0670433864,0.0666179508,1
113,74,-0.04634462297,0.0559451282,1
113,82,0.016757695,0.01725712419,1
113,90,-0.0007160380483,-0.06033572555,1
113,98,0.07687835395,-0.07116381824,1
113,106,0.1575958431,0.1045015752,1
113,114,0.05083947629,0.06952918321,1
113,122,0.0200592503,0.03152640909,1
113,130,0.1768171191,0.1346030235,1
113,138,-0.01447190344,0.1918788701,1
113,146,-0.09821875393,0.001247182488,1
113,154,0.010834869,-0.01970202476,1
113,162,-0.004257276654,-0.04214388132,1
113,170,-0.07555276155,0.01584688574,1
121,10,0.1080622524,-0.1249731332,1
121,18,0.07673481107,0.1514116228,1
121,26,0.01951640099,0.1977360249,1
121,34,-0.1617558897,0.1712327302,1
121,42,-0.07788017392,0.07470782846,1
121,50,-0.009676594287,-0.04418415949,1
121,58,-0.001901036128,0.04681458697,1
121,66,-0.2040589005,0.2012809813,1
121,74,-0.1063277423,0.2796893716,1
121,82,0.06185635179,0.3206769526,1
121,90,0.02130628377,0.2664949298,1
121,98,-0.03227448091,0.08336772025,1
121,106,0.05900981277,0.0790925622,1
121,114,0.005184829235,-0.0516904965,1
121,122,-0.0850301832,-0.1603126526,1
121,130,0.004776746035,-0.0435231179,1
121,138,-0.01623461396,0.1119010076,1
121,146,-0.1363398135,0.002758233808,1
121,154,-0.05657865107,-0.08258444071,1
121,162,-0.03361778706,-0.1034254134,1
121,170,-0.2319608033,-0.005657288712,1
129,10,-0.01995906234,-0.04513411224,1
129,18,0.06122256815,0.05728387833,1
129,26,0.03028704599,0.06420591474,1
129,34,0.07421476394,0.192486614,1
129,42,0.02112418413,0.1069471464,1
129,50,-0.05513580516,-0.0544953756,1
129,58,-0.005273450166,0.1304440796,1
129,66,-0.1061345935,0.2934436798,1
129,74,-0.09503649175,0.2023145854,1
129,82,0.004551164806,0.2425145209,1
129,90,-0.03098928183,0.210835427,1
129,98,-0.07768407464,0.03321508318,1
129,106,-0.09196644276,-0.06840601563,1
129,114,-0.08472163975,-0.03839457035,1
129,122,-0.1058304906,-0.2271232009,1
129,130,-0.1125877574,-0.1357201338,1
129,138,0.1523734182,-0.1521166861,1
129,146,0.07733154297,-0.02258372679,1
129,154,-0.03292004019,-0.1147440821,1
129,162,-0.08174458146,0.06379811466,1
129,170,-0.2539556026,0.07270047069,1
137,10,-0.1538188159,-0.05230912566,1
137,18,-0.1810601354,-0.1320955604,1
137,26,-0.1556037962,0.02582557499,1
137,34,0.1008804888,0.1291547418,1
137,42,0.1484331191,0.1644152701,1
137,50,-0.02787672728,0.1229322553,1
137,58,-0.217357859,0.0783791244,1
137,66,-0.1184203476,0.1654244959,1
137,74,0.09082659334,0.180149287,1
137,82,-0.1259526014,0.1467973739,1
137,90,-0.1575661451,0.09827235341,1
137,98,-0.1278108507,0.0244154036,1
137,106,-0.02964030951,0.0657402128,1
137,114,0.05613216758,-0.00977482833,1
137,122,-0.1732564121,-0.1236381978,1
137,130,-0.270852834,-0.1113952324,1
137,138,-0.1065788344,-0.1387470663,1
137,146,-0.04995556176,0.03675418347,1
137,154,-0.1089583859,-0.01597338542,1
137,162,-0.169120416,0.1645502448,1
137,170,-0.2316439897,0.1933933496,1
145,10,-0.04575014114,-0.06190988421,1
145,18,-0.1280052364,-0.09354697168,1
145,26,0.08296123147,-0.02571100369,1
145,34,0.1495497525,-0.04103334993,1
145,42,-0.05239399523,0.04921161383,1
145,50,-0.126429826,0.1255124211,1
145,58,-0.1915067434,0.01940605044,1
145,66,-0.07685233653,0.132835567,1
145,74,-0.1502281129,0.2595895529,1
145,82,-0.1833451241,0.02525497973,1
145,90,-0.1007389426,0.03850485384,1
145,98,-0.185284704,0.05381436273,1
145,106,-0.1540282667,0.01248816401,1
145,114,-0.1021870822,0.03890580311,1
145,122,-0.1920735687,-0.04256539047,1
145,130,-0.2108149081,-0.1182413846,1
145,138,-0.1883975863,-0.1205278933,1
145,146,0.01964773238,-0.1366607249,1
145,154,-0.004258558154,-0.0004093460739,1
145,162,-0.105594404,0.08339928091,1
145,170,-0.1674001515,0.02822810411,1
153,10,-0.08754336834,0.1034494266,1
153,18,-0.05367600173,0.07625477016,1
153,26,-0.02424070425,-0.04878363013,1
153,34,0.001774138771,0.01657765731,1
153,42,0.002758987248,0.07158268988,1
153,50,-0.04868642241,0.1523710787,1
153,58,-0.1022752151,0.07895084471,1
153,66,-0.08380871266,0.165115416,1
153,74,-0.1098067164,0.2679886222,1
153,82,-0.2096551806,0.01374269277,1
153,90,-0.1198194325,-0.01845806837,1
153,98,0.003281615674,0.01164544467,1
153,106,-0.02092342451,-0.03781444952,1
153,114,0.07950048894,0.1559561789,1
153,122,-0.0279655382,0.1332049668,1
153,130,-0.14613159,-0.03332667425,1
153,138,-0.07659014314,-0.03394845873,1
153,146,0.1067791358,-0.2181996703,1
153,154,-0.05070008337,-0.05485972017,1
153,162,-0.09997943044,0.02328170836,1
153,170,-0.1879101247,0.03931035101,1
161,10,-0.05533142388,0.04758182168,1
161,18,0.07167912275,0.2054065764,1
161,26,0.01740592718,-0.005786210299,1
161,34,-0.08441336453,0.1046672463,1
161,42,-0.004320900887,0.04030743986,1
161,50,-0.08550490439,0.05969692767,1
161,58,-0.1646749377,0.06717097759,1
161,66,-0.02126823366,0.250803113,1
161,74,0.06435077637,0.3139225245,1
161,82,-0.0706128329,0.1408567131,1
161,90,-0.05244491994,0.02458634228,1
161,98,-0.01378029585,0.02234201506,1
161,106,0.003836978227,-0.0384195745,1
161,114,0.05992531404,0.186591953,1
161,122,0.02674442902,0.1507828683,1
161,130,-0.1057870239,0.01581698656,1
161,138,-0.05254954845,-0.04099976271,1
161,146,0.01773221046,-0.07739251852,1
161,154,-0.06305514276,0.0159412846,1
161,162,-0.09313669056,-0.02969033271,1
161,170,-0.2700428367,0.1462626159,1
169,10,-0.0181876868,0.01377497613,1
169,18,0.1798081994,0.1436098516,1
169,26,0.1549510658,0.01134066284,1
169,34,0.02371863276,-0.0374292694,1
169,42,0.07006242126,-0.03854057565,1
169,50,-0.1337026209,-0.03816121817,1
169,58,-0.1676889956,0.09894777834,1
169,66,0.03122762032,0.2060998231,1
169,74,0.1015016586,0.2173167467,1
169,82,0.123874262,0.2544037402,1
169,90,-0.08476598561,0.09676548094,1
169,98,-0.08784553409,0.04385844618,1
169,106,-0.1098025367,-0.01877810247,1
169,114,-0.1188036501,0.07920540124,1
169,122,-0.1071662009,0.1194817349,1
169,130,-0.118549265,-0.04307971522,1
169,138,0.06814165413,-0.2406951338,1
169,146,2.849847078e-06,-0.03947597742,1
169,154,-0.038158793,0.0002527032048,1
169,162,-0.1168430001,-0.007578764111,1
169,170,-0.1631025672,0.1688970476,1
177,10,-0.1104267836,0.06664725393,1
177,18,0.177863434,0.0449122414,1
177,26,0.2674908042,0.0758998394,1
177,34,0.1559610516,0.006547186524,1
177,42,0.00896130316,-0.07012434304,1
177,50,-0.2001040131,-0.0613175109,1
177,58,-0.1092288569,0.1537910402,1
177,66,-0.01167465001,0.1617162675,1
177,74,0.1070799828,0.1027959585,1
177,82,0.1258953959,0.1843333691,1
177,90,-0.003417801112,0.07478386909,1
177,98,0.02697400004,-0.05959659442,1
177,106,-0.04594520852,-0.006763709709,1
177,114,-0.09637469798,0.06931462884,1
177,122,-0.1108208299,0.07040926069,1
177,130,-0.1377597451,-0.1106922179,1
177,138,0.04311374947,-0.2348607332,1
177,146,0.09669140726,0.03073668852,1
177,154,-0.01015265658,-0.02549989335,1
177,162,-0.1294005513,-0.0523805134,1
177,170,-0.1818286777,0.1632490307,1
185,10,-0.1657890379,0.1900020093,1
185,18,0.1113493666,0.07420856506,1
185,26,0.2266175151,0.1226771176,1
185,34,0.1657211483,0.07269919664,1
185,42,0.02038415335,0.03342397511,1
185,50,-0.123770304,0.0149319768,1
185,58,-0.02459046245,0.1406542063,1
185,66,-0.04252422974,0.09702551365,1
185,74,-0.03208453208,0.07630354911,1
185,82,0.03151830286,0.1302250773,1
185,90,0.01399645582,0.04116376489,1
185,98,0.09850987047,-0.1427690536,1
185,106,0.04589338228,-0.156862855,1
185,114,-0.1147811189,-0.04280663654,1
185,122,-0.1903583109,-0.003775889054,1
185,130,-0.2003774047,-0.08480018377,1
185,138,-0.1049245894,0.02582548186,1
185,146,0.03735382482,0.1216207966,1
185,154,0.07013244182,0.07260402292,1
185,162,0.03807560727,-0.09483829141,1
185,170,-0.03104193509,-0.003736555576,1
193,10,-0.01942364126,0.1537672728,1
193,18,0.08650459349,0.04629289359,1
193,26,0.102791667,0.07030066103,1
193,34,0.04009568691,-0.05876739323,1
193,42,-0.007987953722,0.1121434867,1
193,50,-0.1788104624,0.1060534194,1
193,58,-0.07450038195,0.06777327508,1
193,66,-0.01234527305,-0.06898813695,1
193,74,-0.02027438581,0.01578917354,1
193,82,-0.1266382784,0.08695140481,1
193,90,-0.1882994175,0.0965564847,1
193,98,-0.1226301417,-0.02894611284,1
193,106,-0.07822816074,-0.1518809795,1
193,114,-0.09343841672,-0.06288209558,1
193,122,-0.181467548,-0.03948715702,1
193,130,0.02935418487,0.02551919222,1
193,138,0.08522590995,0.1158853993,1
193,146,0.0693102926,0.1415116489,1
193,154,0.1266728044,0.1815110445,1
193,162,0.0713070184,-0.0608196184,1
193,170,-0.009405516088,-0.1879668534,1
201,10,-0.0771548748,0.1783488542,1
201,18,0.03081582487,0.1128553227,1
201,26,0.006084296852,0.0213130191,1
201,34,-0.01093382388,0.009826637805,1
201,42,0.01801183261,0.1771814525,1
201,50,-0.1212010756,0.103454493,1
201,58,-0.1839815378,-0.0461909771,1
201,66,-0.09231847525,-0.162838921,1
201,74,0.058728531,-0.04851606861,1
201,82,-0.01447514072,0.06262914836,1
201,90,-0.08498436958,0.02594898827,1
201,98,-0.03026241437,0.08995993435,1
201,106,-0.04821066558,-0.0263434276,1
201,114,-0.09448844194,0.083606489,1
201,122,-0.1807436794,0.03223596513,1
201,130,0.02114456519,0.07041449845,1
201,138,0.06365537643,0.03995842487,1
201,146,-0.04470732063,0.1947603822,1
201,154,-0.09160708636,0.142190367,1
201,162,-0.1586651504,-0.06555172056,1
201,170,-0.1209750548,-0.1402143985,1
209,10,-0.1356521547,0.1883257478,1
209,18,-0.1076845527,0.177573055,1
209,26,0.101885736,0.1762999445,1
209,34,0.121509932,0.1715960503,1
209,42,-0.06537268311,0.3153906763,1
209,50,-0.01491172425,0.06219119579,1
209,58,0.1585853249,-0.1059097052,1
209,66,-0.04168403149,-0.1314548552,2
209,74,-0.1680743396,-0.05894391239,1
209,82,-0.01131503284,0.04319061339,1
209,90,0.08539100736,-0.01934094727,1
209,98,0.1160624474,0.09619826823,1
209,106,0.02866360731,0.07412800193,1
209,114,-0.0757323429,0.1016890928,1
209,122,-0.02026730403,0.1167631596,1
209,130,0.02311704308,0.111551851,1
209,138,-0.04461627826,0.1223987192,1
209,146,0.01267470419,0.1911318302,1
209,154,-0.152334407,0.1006621644,1
209,162,-0.3324683607,0.03485587984,1
209,170,-0.1106653735,0.09135459363,1
217,10,-0.08166946471,-0.005638599396,1
217,18,-0.009881548584,0.02303704806,1
217,26,0.08592950553,0.1116539091,1
217,34,0.01964589581,0.09999997169,1
217,42,-0.1357826293,0.1946721077,1
217,50,-0.1053179801,0.05166711658,1
217,58,-0.05295669287,-0.02860366926,1
217,66,-0.06492864341,-0.1981269121,1
217,74,-0.1023209542,-0.02636437491,1
217,82,0.06894825399,0.1078646779,1
217,90,0.06179767475,0.1027658135,1
217,98,0.0143099241,0.03639638424,1
217,106,0.06955268979,0.03607615829,1
217,114,0.07332926244,0.06941150129,1
217,122,0.06067849323,0.05479934812,1
217,130,0.07181090117,0.1294614673,1
217,138,0.05933253467,0.1407042593,1
217,146,0.03412314504,0.08657066524,1
217,154,-0.1429274976,0.09975610673,1
217,162,-0.1509791315,0.1582433134,1
217,170,0.1662319601,0.08059599251,1
225,10,-0.07583957165,-0.1481426656,1
225,18,-0.1176167279,-0.05753322318,1
225,26,-0.06053485721,-0.01860982925,1
225,34,-0.06604808569,-0.009472973645,1
225,42,0.004783533514,0.002960592508,1
225,50,-0.03836087883,0.139493078,1
225,58,0.01584609598,0.06403748691,1
225,66,0.04219080508,0.1467090398,1
225,74,0.03222236037,0.08709681034,1
225,82,0.1160516739,0.1287606061,1
225,90,0.07884446532,0.1365309954,1
225,98,0.01579789259,0.09321593493,1
225,106,0.08343043178,0.01026477665,1
225,114,0.1036274582,-0.02665042505,1
225,122,0.1335730553,-0.009315550327,1
225,130,0.1950133145,0.1138362885,1
225,138,0.1847552806,0.1685229838,1
225,146,0.1107616276,0.1464323848,1
225,154,0.009497046471,0.1876328588,1
225,162,-0.0645140484,0.1323547065,1
225,170,0.172843188,-0.1111433208,1
233,10,0.03191953152,-0.1317282021,1
233,18,-0.1428833306,-0.1032373905,1
233,26,0.005725666881,0.01334441639,1
233,34,0.07378822565,0.07442006469,1
233,42,0.06598879397,-0.02030503005,1
233,50,-0.1975174546,0.2645022869,1
233,58,-0.2147095203,0.001742810011,1
233,66,-0.0251469519,0.06062978506,1
233,74,-0.04261229187,0.09011472017,1
233,82,-0.05281967297,0.1070177853,1
233,90,-0.09711705148,0.05995978415,1
233,98,-0.1947676688,0.08507953584,1
233,106,0.004652455449,0.09065920115,1
233,114,0.04436897114,-0.03479731828,1
233,122,0.07008171082,-0.1089608967,1
233,130,0.08400144428,-0.01758133993,1
233,138,0.05378743261,0.1041586772,1
233,146,0.04173660278,0.1616816223,1
233,154,0.02656531334,0.2314296514,1
233,162,0.1212291121,0.1245651767,1
233,170,0.2315712571,-0.03220149875,1
241,10,0.002445086837,-0.08900743723,1
241,18,-0.1162317991,-0.07609573752,1
241,26,-0.1107787564,0.03254865855,1
241,34,-0.002254527062,0.1385053545,1
241,42,-0.03776443005,0.09982825816,1
241,50,-0.06770242751,0.06805597246,1
241,58,-0.07245320082,-0.03155130148,1
241,66,-0.03258226067,-0.04268032312,1
241,74,-0.06746909022,0.03590361774,1
241,82,-0.09566022456,0.1726733893,1
241,90,-0.1611647308,0.09362563491,1
241,98,-0.2209082842,0.1226089299,1
241,106,-0.1307140291,0.1235336289,1
241,114,-0.03172327578,0.01763161086,1
241,122,0.002317290753,-0.1120523885,1
241,130,0.05957955122,-0.1810771823,1
241,138,0.1447995901,-0.08343235403,1
241,146,0.05203053728,0.1181930304,1
241,154,-0.01433442999,0.2079525739,1
241,162,0.1032295302,0.03599891812,1
241,170,0.2378559113,-0.01412624121,1
249,10,0.09463994205,-0.0152641274,1
249,18,-0.02975880541,-0.02066011913,1
249,26,-0.03177689761,0.007798250765,1
249,34,-0.09028579295,-0.06354729831,1
249,42,-0.1945150048,0.03658175096,1
249,50,-0.149592936,0.1729401946,1
249,58,0.1455235779,0.2233614624,1
249,66,0.1090194732,0.02819353342,1
249,74,-0.05453013629,-0.12342567,1
249,82,0.01173791289,0.1325972974,1
249,90,-0.04968672991,0.1711626649,1
249,98,-0.1185362637,0.1498917639,1
249,106,-0.1184925735,0.01369896159,1
249,114,-0.05131588131,-0.01603114977,1
249,122,0.0418910943,-0.1143133342,1
249,130,0.09164782614,-0.1755527556,1
249,138,0.06023566052,-0.2006601542,1
249,146,-0.09972067922,0.1043890417,1
249,154,-0.1581241339,0.1854586005,1
249,162,-0.04980609566,-0.1113362759,1
249,170,0.1159988567,-0.1363373846,1
257,10,0.1046805084,0.05739200488,1
257,18,0.04516800493,0.05323685706,1
257,26,-0.02511877194,-0.05987678096,1
257,34,-0.04975311086,-0.2435358167,1
257,42,-0.00815786235,-0.06504765898,1
257,50,0.03708659112,0.2565144002,1
257,58,0.03385284543,0.2409126312,1
257,66,0.03191654757,0.1510833502,1
257,74,0.04125793278,0.07702855766,1
257,82,-0.08868128061,0.1333578378,1
257,90,-0.02337519079,0.143491447,1
257,98,-0.004590205848,0.1274624914,1
257,106,-0.04695789516,-0.05557576939,1
257,114,-0.02897485346,-0.05617975816,1
257,122,-0.071893543,-0.0501040034,1
257,130,-0.1221931204,-0.07678102702,1
257,138,-0.108568348,-0.07310420275,1
257,146,-0.1053069904,0.05204182863,1
257,154,-0.05910618603,0.1637893766,1
257,162,0.0819035396,0.0003262124956,1
257,170,0.1042489558,0.03309354931,1
265,10,0.03344779462,0.05747039616,1
265,18,-0.02465127409,0.0546464175,1
265,26,-0.07858744264,-0.08092936873,1
265,34,-0.04970434681,-0.1541006863,1
265,42,0.1570652574,-0.07486432791,1
265,50,0.2518579662,0.1386629194,1
265,58,0.06298153847,0.1262464523,1
265,66,0.1143526733,0.1262222826,1
265,74,0.0980265066,0.2819318473,1
265,82,-0.05510451645,0.2094874978,1
265,90,0.02739723399,0.06420843303,1
265,98,-0.1047465578,0.1220445558,1
265,106,-0.08950576931,0.003250647336,1
265,114,-0.00448204577,0.006926018745,1
265,122,-0.1457768083,0.02873697504,1
265,130,-0.1524587274,0.05287664384,1
265,138,0.00489200931,-0.1014737338,1
265,146,0.2035720646,-0.03910616413,1
265,154,0.164136529,0.1019696519,1
265,162,0.07570163906,0.04756025225,1
265,170,-0.00380281359,0.1241582632,1
273,10,0.04066199064,-0.03131225705,1
273,18,0.01111328043,-0.01019137911,1
273,26,-0.006962135434,-0.02458807454,1
273,34,-0.05727722496,-0.01984602958,1
273,42,-0.05434113741,-0.01497074217,1
273,50,-0.1471610516,-0.1099775583,1
273,58,0.0004118047655,0.003993943334,1
273,66,0.1809515357,0.0445664674,1
273,74,0.1747423112,0.07286199927,1
273,82,0.1127055734,0.03996182978,1
273,90,0.08252687007,-0.002079308033,1
273,98,-0.02183291316,0.06461940706,1
273,106,-0.05395632237,0.028344661,1
273,114,-0.0516435951,0.1580765247,1
273,122,0.03005214222,0.1225522459,1
273,130,0.08908955753,0.1024829596,1
273,138,0.1510562003,0.07819576561,1
273,146,-0.009819652885,-0.05910113454,1
273,154,0.1032989249,0.1107456684,1
273,162,0.1871590465,0.1402328461,1
273,170,0.01764371246,0.08606948704,1
281,10,0.07343949378,-0.05631837249,1
281,18,0.0231738016,-0.03643415123,1
281,26,-0.07748833299,0.04206538573,1
281,34,-0.07340784371,-0.0105772391,1
281,42,-0.1058304608,0.029422272,1
281,50,-0.1291513741,-0.02767259441,1
281,58,0.01899579912,-0.05769501626,1
281,66,0.1869730353,-0.06990485638,1
281,74,0.1785595715,-0.1298199892,1
281,82,0.06397780776,-0.167316407,1
281,90,0.04211757705,-0.1138490438,2
281,98,-0.2139328271,0.0259232074,1
281,106,-0.2201913893,0.04038947821,1
281,114,-0.1960210502,0.2044275701,1
281,122,-0.07564441115,0.1332321167,1
281,130,-0.01168982685,0.121066317,1
281,138,0.0812792331,0.17355147,1
281,146,0.01069541276,0.2561267018,1
281,154,-0.02664065361,0.2320587933,1
281,162,0.06956648827,0.1440625787,1
281,170,-0.07431423664,0.06237982586,1
289,10,0.121859625,-0.08254418522,1
289,18,0.04765869677,-0.04673301429,1
289,26,-0.01486234553,-0.04769363254,1
289,34,0.00581337139,-0.01711678132,1
289,42,0.02079468593,0.05343317986,1
289,50,0.09679861367,0.1348038018,1
289,58,0.0838078633,-0.07828677446,1
289,66,0.1737185717,-0.1866846979,1
289,74,0.2619854212,-0.1101702675,1
289,82,0.1718506366,-0.08153127134,1
289,90,0.23589845,-0.3119236827,1
289,98,0.01852240786,-0.03410566971,1
289,106,0.02028056607,-0.01090949774,1
289,114,-0.003306370229,0.04510521889,1
289,122,-0.06796625257,0.06326472014,1
289,130,0.04468412325,0.1796573997,1
289,138,0.09446060658,0.02660541981,1
289,146,-0.00680061616,0.1718837768,1
289,154,-0.08452041447,0.1305570751,1
289,162,0.01377702318,0.0321899578,1
289,170,-0.1015791669,0.1109584346,1
297,10,-0.1191956699,-0.08103509247,1
297,18,-0.08955492079,0.06039134413,1
297,26,-0.1176041737,0.05181672424,1
297,34,-0.1266485155,0.01373391971,1
297,42,-0.1586615741,-0.004026722629,1
297,50,-0.1505278349,-0.02095075324,1
297,58,-0.002250727266,-0.1638592631,1
297,66,0.2295406461,-0.1979598999,1
297,74,0.2294608653,-0.05412415415,1
297,82,0.2560451627,-0.02545429207,1
297,90,0.1239674464,0.06846760213,1
297,98,0.07920860499,0.2881608605,1
297,106,0.07703328878,0.04809763283,1
297,114,-0.02460742928,-0.02528284118,1
297,122,-0.01332033053,0.06242685392,1
297,130,0.03862354532,0.1744485348,1
297,138,0.07563738525,0.1023376584,1
297,146,0.04241655767,0.08763378114,1
297,154,-0.04004655406,0.1467546225,1
297,162,-0.02020632476,0.07332714647,1
297,170,0.009536787868,0.1573172063,1
305,10,-0.02402694523,-0.07023800164,1
305,18,-0.001845585182,0.0890789032,1
305,26,-0.07828942686,0.1382183731,1
305,34,-0.1095858216,-0.02571897395,1
305,42,-0.1287170649,-0.07902922481,1
305,50,-0.2119479477,-0.05580035597,1
305,58,0.08121919632,-0.1359691024,1
305,66,0.06536839157,-0.08767181635,1
305,74,0.05357819051,0.138675794,1
305,82,0.2432404459,0.05325044692,1
305,90,-0.02989001572,0.1121941358,1
305,98,0.005007587373,0.1899598688,1
305,106,0.002629636787,0.1294738799,1
305,114,0.06208401173,-0.01442962512,1
305,122,0.1618691683,0.02334772423,1
305,130,0.1205134317,0.1499581486,1
305,138,0.06563475728,0.07460011542,1
305,146,0.1400167644,0.1254845709,1
305,154,0.1065395698,0.2194194198,1
305,162,-0.08681322634,0.08531104773,1
305,170,0.04914735258,0.1025290042,1
313,10,-0.02829146571,-0.03684189171,1
313,18,-0.02317840606,0.01794205979,1
313,26,0.004840098321,-0.022921931,1
313,34,-0.0274483636,-0.08579164743,1
313,42,-0.06563051045,-0.1232223213,1
313,50,-0.07031819224,-0.06430877745,1
313,58,-0.1203733757,-0.0248083137,1
313,66,-0.1535951346,-0.07838120311,1
313,74,-0.1313375682,0.1401390284,1
313,82,-0.05149774626,0.03786439449,1
313,90,-0.07632867992,-0.04790180922,1
313,98,-0.04248359799,0.06247295439,1
313,106,-0.05859556794,0.1223845929,1
313,114,0.05645862967,0.1149383858,1
313,122,0.1255259812,0.0649170056,1
313,130,0.07713403553,0.09773271531,1
313,138,0.01321917027,0.01540184021,1
313,146,0.1114760786,0.1203569472,1
313,154,0.1543465555,0.105989486,1
313,162,-0.01446259394,0.04943897575,1
313,170,0.04788798839,0.06915429235,1
321,10,-0.1093133539,0.02712125331,1
321,18,0.00311970152,-0.1993649006,1
321,26,0.01403188333,-0.2034850419,1
321,34,-0.01560368575,-0.1430106312,1
321,42,0.04786659777,-0.09292465448,1
321,50,0.1187741309,-0.0820665732,1
321,58,-0.02962009609,0.03039501607,1
321,66,-0.01297224686,-0.1101554185,1
321,74,0.06778773665,-0.05719616264,1
321,82,-0.03421534598,-0.01943887025,1
321,90,-0.1818909049,-0.1183906347,1
321,98,-0.1572178006,0.0006677545607,1
321,106,-0.1610249877,0.03828902543,1
321,114,-0.087204054,0.06893526018,1
321,122,0.06128419936,0.06904697418,1
321,130,0.04286763072,0.1560257673,1
321,138,-0.1007863283,0.01590635628,1
321,146,-0.2604703605,0.005137093365,1
321,154,-0.1240174398,0.03155569732,1
321,162,0.05202723667,0.01165067405,1
321,170,0.1033950299,0.03528471291,1
329,10,-0.1333101392,0.01138638705,1
329,18,-0.01534698159,-0.1132795364,1
329,26,0.004505884834,-0.0747076571,1
329,34,0.01663513854,-0.1364084184,1
329,42,0.006413601339,0.02262714319,1
329,50,0.08742607385,-0.002480298281,1
329,58,0.2610674202,0.1107228398,1
329,66,0.1214099526,0.1040962264,1
329,74,0.03333291784,-0.08392444998,1
329,82,-0.02653121948,-0.07110327482,1
329,90,-0.1765661091,-0.1326552629,1
329,98,-0.1461840272,-0.1144773439,1
329,106,-0.09315029532,-0.01377411559,1
329,114,-0.1033996418,-0.02977924794,1
329,122,0.07703468204,-0.05815046281,1
329,130,0.09336821735,0.1609623283,1
329,138,-0.01280367747,0.07543805242,1
329,146,-0.1624097079,0.004557779059,1
329,154,-0.2651757002,-0.01410151087,1
329,162,-0.1359349042,-0.05231209099,1
329,170,-0.05304263532,0.05581130087,1
337,10,0.1038990542,-0.03918993846,1
337,18,0.0273107402,-0.05400364101,1
337,26,0.02198128775,0.04305214062,1
337,34,0.06922699511,-0.008604817092,1
337,42,0.03451656923,0.09166441858,1
337,50,5.889683962e-06,0.04719822109,1
337,58,-0.02435763925,0.1220897809,1
337,66,-0.05179854482,0.08595412225,1
337,74,-0.1304628551,-0.02578939497,1
337,82,-0.1631937623,-0.09389803559,1
337,90,-0.1421253383,-0.09619317949,1
337,98,-0.09808132797,-0.02848763019,1
337,106,-0.03882825747,0.04919573665,1
337,114,0.0266215913,0.09108638763,1
337,122,0.125490129,0.006503131241,1
337,130,0.1615035832,0.02822262049,1
337,138,0.04096194357,0.07024168223,1
337,146,-0.06546407938,0.08886051178,1
337,154,-0.1412813067,-0.1537674218,1
337,162,-0.1185448542,0.02690032125,1
337,170,0.06825734675,0.04293861613,1
345,10,0.196839869,-0.02608210035,1
345,18,0.1386111677,-0.1137694567,1
345,26,0.08815145493,-0.1140813753,1
345,34,0.1507822871,0.0310864225,1
345,42,0.006195675582,0.09607144445,1
345,50,-0.0802526474,0.1441268325,1
345,58,-0.07554430515,-0.02963924967,1
345,66,-0.05855043977,-0.116247952,1
345,74,-0.009173784405,-0.1270521581,1
345,82,-0.02728140727,-0.06470742822,1
345,90,-0.04539304227,0.0666051954,1
345,98,-0.04507282376,0.1766141951,1
345,106,-0.006294291466,0.002039544284,1
345,114,0.04839332774,-0.1641146541,1
345,122,0.06452070177,-0.1611448973,1
345,130,0.1723408103,-0.1559587717,1
345,138,0.05496160313,-0.123540163,1
345,146,-0.107395336,-0.2485977858,1
345,154,-0.2182135284,-0.2296685278,1
345,162,-0.1800361276,-0.005552239716,1
345,170,0.1485142261,0.08316536248,1
353,10,0.1609533131,-0.02621765435,1
353,18,0.1242681593,-0.1283980161,1
353,26,-0.003341220319,-0.1356774718,1
353,34,0.0155008547,-0.1777870804,1
353,42,0.09876830876,-0.07618747652,1
353,50,0.1395422816,0.2153364718,1
353,58,0.1134942323,-0.01125506312,1
353,66,-2.896040678e-05,-0.08334808052,1
353,74,-0.03421712667,-0.1189575344,1
353,82,-0.07026107609,-0.01716103405,1
353,90,-0.0988656953,0.1725919098,1
353,98,-0.08347648382,0.2663636208,1
353,106,-0.009074097499,0.09416614473,1
353,114,0.0291928947,-0.09963896126,1
353,122,0.08832544833,-0.1326880306,1
353,130,0.252625227,-0.1696815491,1
353,138,0.1846017987,-0.1389245987,1
353,146,0.05070538074,-0.2102767527,1
353,154,-0.15489012,-0.1398127079,1
353,162,-0.07884937525,-0.01381025836,1
353,170,0.06857856363,0.07236144692,1
361,10,-0.03597099334,-0.0136192888,1
361,18,-0.0004751160741,-0.03685094416,1
361,26,0.01921357214,-0.07933592796,1
361,34,0.06594671309,-0.2022911608,1
361,42,0.1208474264,-0.02947651222,1
361,50,0.1447609067,0.04511597753,1
361,58,0.01932648942,0.0983305648,1
361,66,0.01304777712,0.06531910598,1
361,74,0.03541727364,-0.04413055256,1
361,82,-0.06035599858,-0.05890484527,1
361,90,-0.06873644888,0.09918145835,1
361,98,0.05682371929,0.1168320999,1
361,106,0.03468546271,0.1144154817,1
361,114,0.02312008478,0.06961148232,1
361,122,0.1134652644,-0.005363695323,1
361,130,0.2633140683,-0.1084702164,1
361,138,0.1165177077,0.01263789833,1
361,146,-0.1130712479,-0.04399061203,1
361,154,-0.1081068367,-0.04551879689,1
361,162,-0.07832173258,0.0600288175,1
361,170,0.07544077188,0.09271028638,1
369,10,-0.05724392831,0.02155381441,1
369,18,0.0372928679,-0.05752272904,1
369,26,0.2028412521,0.02476890385,1
369,34,0.3316732049,0.08467303962,1
369,42,0.1883893609,0.1150086969,1
369,50,0.03228998184,0.007346183062,1
369,58,-0.09386403859,0.01684876718,1
369,66,-0.002711348236,0.02098521031,1
369,74,0.1272099316,-0.1356542557,1
369,82,0.08957251906,-0.02638907358,1
369,90,-0.05748584867,0.135302037,1
369,98,-0.1273552775,0.09132412821,1
369,106,-0.08554065228,0.07262153178,1
369,114,0.03693438694,0.05338181555,1
369,122,0.05237440765,0.04518131539,1
369,130,-0.004778295755,-0.07804954052,1
369,138,-0.0934298858,-0.09390932322,1
369,146,-0.1728905886,-0.07842072099,1
369,154,-0.1523189694,-0.01853190735,1
369,162,-0.07569929957,0.1258770823,1
369,170,-0.1023827866,0.1296883672,1
377,10,0.191952914,-0.1487444788,1
377,18,0.1978146732,-0.1162260175,1
377,26,0.246895656,0.0691075772,1
377,34,0.2450175136,0.195983246,1
377,42,0.1631931663,0.2178713679,1
377,50,0.08207271248,-0.01700422168,1
377,58,-0.04350738227,-0.202436015,1
377,66,-0.05901139975,-0.05903974175,1
377,74,0.2052348256,-0.1366146356,1
377,82,0.2614434659,-0.006699446589,1
377,90,0.1353881806,0.2274354994,1
377,98,-0.197222814,0.1702823937,1
377,106,-0.100770846,0.1499740481,1
377,114,0.003324918449,0.0484085381,1
377,122,0.1027640849,0.1098373085,1
377,130,0.03781216219,0.01420927234,1
377,138,0.02575583383,-0.0640219897,1
377,146,0.1153916568,-0.119950965,1
377,154,0.03514580429,-0.06494690478,1
377,162,0.03798919171,0.05612846464,1
377,170,0.118619591,0.1034112498,1
385,10,0.1110031009,-0.1689057052,1
385,18,0.2176860571,-0.07193890214,1
385,26,0.1351727396,0.07801380754,1
385,34,0.1235561743,0.3190943599,1
385,42,0.07036404312,0.1963398457,1
385,50,0.01904603094,0.03898694366,1
385,58,-0.003137134016,-0.02235110477,1
385,66,0.1043792665,-0.07539013028,1
385,74,0.2963370383,-0.120399639,1
385,82,0.3490099609,-0.01448823884,1
385,90,0.3512018323,0.1256101131,1
385,98,0.1103655249,0.1770240515,1
385,106,0.000349663198,0.1798721403,1
385,114,0.04128870368,0.1184025407,1
385,122,0.08519665152,-0.02371226996,1
385,130,0.1174087673,-0.02804469876,1
385,138,0.08683602512,-0.09493820369,1
385,146,-0.02008732408,-0.1319721937,1
385,154,-0.03521875665,-0.1352455616,1
385,162,0.07472804934,-0.1078447551,1
385,170,0.1537293643,-0.07072144747,1
393,10,0.1686280072,-0.001195736229,1
393,18,0.1114573181,-0.01861008629,1
393,26,0.1241739839,0.05674333498,1
393,34,0.04008533061,0.1696436554,1
393,42,-0.03160724044,-0.09363713115,1
393,50,-0.03246060759,0.01896254346,1
393,58,-0.01119470224,0.01859242097,1
393,66,0.1619817615,-0.05209640786,1
393,74,0.2955057323,-0.03996230662,1
393,82,0.2188901603,0.02432080172,1
393,90,0.269343853,0.06629611552,1
393,98,0.2152959108,0.2220539451,1
393,106,0.1289343834,0.3290961981,1
393,114,0.102791965,0.125941664,1
393,122,0.1870059371,0.009568788111,1
393,130,0.1657813489,0.03506136686,1
393,138,0.05797889829,-0.05843992531,1
393,146,-0.08358329535,-0.08542885631,1
393,154,0.1539820135,-0.1091624573,1
393,162,0.2403761744,-0.1397418529,1
393,170,0.1777551472,-0.289678514,1
401,10,0.3665459156,0.08295430988,1
401,18,0.2818126082,-0.06583503634,1
401,26,0.1648429334,-0.0911084339,1
401,34,-0.1177038625,0.01242759451,1
401,42,-0.176321283,0.1436641812,1
401,50,-0.04651348665,-0.0343407616,1
401,58,0.0705300495,-0.01415852085,1
401,66,0.09827145934,0.03528862074,1
401,74,0.2101825476,0.04189362377,1
401,82,0.2449944317,0.1283659041,1
401,90,0.07065240294,0.1229354739,1
401,98,0.0471033603,0.2909991741,1
401,106,-0.001842826605,0.4191483855,1
401,114,-0.007839769125,0.1694325209,1
401,122,0.1983042806,0.09054493159,1
401,130,0.1662839055,0.07402986288,1
401,138,0.09118779004,0.09508956224,1
401,146,0.3189759254,-0.104005456,1
401,154,0.4012956917,-0.1142522544,1
401,162,0.3405686021,-0.04251226038,1
401,170,0.1901757419,-0.2966808677,1
409,10,0.1807831526,0.07378527522,1
409,18,0.1714513749,-0.1503299773,1
409,26,0.03269848228,-0.2667747438,1
409,34,-0.07781431824,-0.03090575337,1
409,42,-0.09730023146,0.2037605047,1
409,50,-0.05836475268,-0.01960493624,1
409,58,0.0581952557,0.1681868434,1
409,66,0.1018920615,0.2339553833,1
409,74,0.1189493611,0.02872930467,1
409,82,0.02378639579,0.07094497979,1
409,90,-0.1801250279,0.1156284735,1
409,98,-0.2144224346,0.07918746769,1
409,106,-0.1303509474,0.2045504749,1
409,114,-0.02386526018,0.1732133627,1
409,122,0.08947045356,-0.01212967932,1
409,130,0.127870813,0.02986358106,1
409,138,0.162483573,0.07884696126,1
409,146,0.234494552,-0.0968183279,1
409,154,0.3294581175,-0.04253774881,1
409,162,0.2854315042,0.1024682596,1
409,170,0.1074773818,-0.1087341756,1
417,10,-0.2548140287,0.1784321964,1
417,18,0.1439636797,-0.1555751562,1
417,26,-0.05792054534,-0.2719376385,1
417,34,-0.129270792,-0.02006381005,1
417,42,-0.02908673137,0.1227091551,1
417,50,0.0765067786,0.1086809635,1
417,58,0.005398206413,0.3057475388,1
417,66,-0.07719718665,0.3752129674,1
417,74,-0.005963802338,0.1035362631,1
417,82,-0.181161806,0.02458208799,1
417,90,-0.3449940383,-0.04409300163,1
417,98,-0.3349091113,-0.07646623999,1
417,106,-0.04056093097,0.08499068022,1
417,114,0.09864789248,0.0807415992,1
417,122,-0.1509684175,-0.2324490249,1
417,130,-0.01923979819,0.102705285,1
417,138,0.08981271088,0.08993186057,1
417,146,0.0680873394,0.1697755009,1
417,154,-0.006585866213,0.2143024802,1
417,162,-0.04593379423,0.2182346284,1
417,170,-0.2375671566,0.2794816494,1
