PIVlab, ASCII chart output - 02-Aug-2025
FRAME: 211, filenames: A:[211]FullStack_Pos0035_TgUtrmcherry_K4K8MO-1.avi & B:[212]FullStack_Pos0035_TgUtrmcherry_K4K8MO-1.avi, conversion factor xy (px -> m): 1, conversion factor uv (px/frame -> m/s): 1
x [px],y [px],u [px/frame],v [px/frame],Vector type [-]
9,10,-0.02031259239,0.2517501116,1
9,18,0.01073523238,0.02033517882,1
9,26,-0.05616553128,-0.0807761848,1
9,34,-0.09696465731,-0.1093784571,1
9,42,-0.1120960116,-0.2042047679,1
9,50,-0.04956333339,-0.09146463871,1
9,58,0.06229269505,-0.01665055752,1
9,66,0.1582847536,0.1543634683,1
9,74,-0.02434401214,0.1275151968,1
9,82,-0.2643620074,0.1147247702,1
9,90,-0.1007254273,0.09055098891,1
9,98,-0.04348000884,0.03815762699,1
9,106,-0.1012515128,-0.09511069208,1
9,114,-0.09163862467,-0.1079873294,1
9,122,-0.1794850826,-0.1874600053,1
9,130,-0.09816186875,-0.1931725442,1
9,138,-0.01912958547,0.01227293536,1
9,146,-0.08403190225,0.1380704343,1
9,154,-0.05986656249,0.1108675078,1
9,162,-0.2536790669,-0.1341538727,1
9,170,-0.2603431344,-0.08648195863,1
17,10,-0.01332331076,0.1245498061,1
17,18,0.07217095792,0.07648628205,1
17,26,0.1050892547,-0.05844571814,1
17,34,-0.05976503342,-0.1758411527,1
17,42,-0.1596705616,-0.05508772656,1
17,50,-0.08955979347,0.08030343056,1
17,58,-0.0876365602,0.1213755757,1
17,66,-0.02234636247,0.08270284534,1
17,74,0.04615388066,0.07552438974,1
17,82,-0.02257002145,0.0150946565,1
17,90,0.02145075053,-0.05327204987,1
17,98,0.03757116944,0.01487124711,1
17,106,-0.2541066408,-0.002626143396,1
17,114,-0.3492536545,0.01722884551,1
17,122,-0.1394278407,-0.03324586898,1
17,130,0.01184818149,-0.0911411196,1
17,138,-0.04557060078,-0.06289125979,1
17,146,-0.02987896651,-0.03226508573,1
17,154,-0.02445657179,-0.004437508062,1
17,162,-0.1675365269,-0.1186223924,1
17,170,-0.1053465903,-0.04545239359,1
25,10,-0.03384144604,-0.03209286928,1
25,18,-0.006021000445,0.0405507274,1
25,26,0.09192929417,-0.1036221683,1
25,34,0.08136343956,-0.07397836447,1
25,42,-0.06747028977,0.01906238124,1
25,50,-0.1462321132,0.1012112945,1
25,58,-0.1071599722,0.1371602863,1
25,66,0.02981397137,0.03328686953,1
25,74,0.182407245,-0.01217470504,1
25,82,0.191618681,-0.07256621122,1
25,90,0.1382868886,-0.07554009557,1
25,98,0.1383926719,-0.03662872314,1
25,106,0.05338436738,-0.00101289805,1
25,114,-0.1098201126,-0.0378658697,1
25,122,-0.04095901549,0.03925067931,1
25,130,-0.1187429801,0.06055154651,1
25,138,-0.1839682013,-0.03870134801,1
25,146,-0.02828953043,-0.04438778013,1
25,154,-0.03518429771,-0.01822493598,1
25,162,-0.1682461053,0.01821873337,1
25,170,-0.002700902522,0.03958678246,1
33,10,0.1030458733,-0.1920127869,1
33,18,0.1008651704,-0.06335166842,1
33,26,0.03628160432,-0.08674409986,1
33,34,0.04572324455,0.08149828017,1
33,42,-0.03804605454,0.1323033124,1
33,50,-0.1761133224,0.1038182899,1
33,58,-0.05885717273,0.1723624617,1
33,66,0.05711731687,0.1430543959,1
33,74,0.1357348859,0.06202796847,1
33,82,0.1930013448,-0.03288989142,1
33,90,0.1091050655,-0.03418853879,1
33,98,0.04796203971,-0.02721019089,1
33,106,0.01462615281,0.04160686955,1
33,114,-0.02205842733,0.001220786944,1
33,122,-0.04094356671,0.0404522866,1
33,130,-0.1289196312,0.07407800853,1
33,138,-0.2503071427,-0.03414045274,1
33,146,-0.1713785231,-0.006109530106,1
33,154,-0.1610249728,0.008848831058,1
33,162,-0.07700303197,-0.07406453788,1
33,170,0.08234485239,-0.04727707803,1
41,10,0.1285848469,0.01576562971,1
41,18,-0.03897829354,0.1139177978,1
41,26,-0.1748065203,0.05694107339,1
41,34,-0.1584741473,0.102676034,1
41,42,-0.0376387015,0.1301209331,1
41,50,-0.03106877953,0.07559363544,1
41,58,0.02899302542,0.1701041311,1
41,66,0.06697757542,0.1768052727,1
41,74,0.07451079786,0.09703224897,1
41,82,0.09762662649,0.01657374762,1
41,90,0.02053184062,-0.04609749466,1
41,98,-0.07145603001,0.02345423773,1
41,106,-0.04938358814,0.01279868651,1
41,114,-0.04155665636,-0.05511881784,1
41,122,-0.04759684205,0.006530801766,1
41,130,-0.1453579217,0.03564151376,1
41,138,-0.1661325246,0.05373306945,1
41,146,-0.03013984114,0.01084766444,1
41,154,-0.09653749317,-0.02378672361,1
41,162,-0.1419778764,-0.2184308767,1
41,170,0.05260173231,-0.1604272425,1
49,10,-0.0694937259,0.04402033985,1
49,18,-0.1141512394,0.09617947042,1
49,26,-0.09396599233,0.1615474373,1
49,34,-0.2125553042,0.1069590375,1
49,42,-0.1235573441,0.0347494334,1
49,50,-0.07092510164,0.09555451572,1
49,58,-0.1143503636,0.1154031977,1
49,66,-0.08815675974,-0.01981957257,1
49,74,-0.03335151076,-0.009598724544,1
49,82,0.1184785068,0.06266785413,1
49,90,0.07162147015,0.02985710651,1
49,98,-0.02952064201,0.06659631431,1
49,106,-0.04290504381,-0.02821434848,1
49,114,-0.01735549979,-0.1393063813,1
49,122,0.02746595442,-0.1440892369,1
49,130,-0.01523686573,-0.03022404574,1
49,138,0.001498039812,0.07360556722,1
49,146,-0.03734946996,-0.02141301706,1
49,154,-0.06757651269,0.05255637318,1
49,162,0.002978645265,-0.09012243152,1
49,170,0.01365297288,-0.1974779963,1
57,10,-0.1068620682,0.003146525472,1
57,18,-0.122056745,-0.06733363867,1
57,26,-0.08282104135,0.03498687223,1
57,34,-0.1180424392,0.1221402138,1
57,42,0.003058425616,-0.01594573259,1
57,50,0.04313935339,0.001324661076,1
57,58,-0.002844904549,-0.01199990138,1
57,66,-0.1391672194,0.0153400898,1
57,74,-0.09463024139,0.1711935401,1
57,82,0.02312196046,0.1288450509,1
57,90,0.06146848947,-0.05596266314,1
57,98,0.1173418239,-0.01560246758,1
57,106,0.0910789445,0.08744412661,1
57,114,0.03830354288,-0.06441413611,1
57,122,0.04983870685,-0.1270618439,1
57,130,-0.0537179783,-0.06450787187,1
57,138,-0.001545559615,-0.04413530231,1
57,146,0.00247560814,-0.04315755516,1
57,154,-0.172425285,0.231712237,1
57,162,-0.008781835437,0.1172045991,1
57,170,-0.04864642397,-0.06110791862,1
65,10,-0.06296661496,0.02292177826,1
65,18,-0.1273212731,-0.01641596109,1
65,26,-0.1200367287,-0.01075123996,1
65,34,-0.0170458816,-0.006358608603,1
65,42,-0.03580439463,-0.05054070428,1
65,50,-0.03161299229,-0.133244276,1
65,58,-0.01250086166,-0.01463944092,1
65,66,-0.1097488403,0.05041377246,1
65,74,-0.1378614902,0.1268670112,1
65,82,-0.06160564721,0.004611581564,1
65,90,-0.009961050935,-0.02246675827,1
65,98,0.02693001553,0.01813690364,1
65,106,0.02012045309,0.09063854069,1
65,114,-0.08636389673,0.01781381667,1
65,122,0.02437212877,-0.09316691756,1
65,130,0.1237231717,-0.04981973767,1
65,138,0.1129330695,-0.03971574083,1
65,146,0.02660915628,-0.03653993458,1
65,154,-0.04829099402,0.09694208205,1
65,162,0.005657210946,0.1093128771,1
65,170,-0.08122564852,-0.01571278274,1
73,10,-0.1134856418,-0.06812214851,1
73,18,-0.04942746088,0.001652035862,1
73,26,-0.03966799006,0.04798002541,1
73,34,0.05505768955,-0.01671238989,1
73,42,0.05967867374,-0.01185957901,1
73,50,0.0101588266,0.01818858087,1
73,58,-0.02909621038,0.1043537483,1
73,66,-0.05136052892,0.001782346517,1
73,74,-0.02669569477,-0.1459480822,1
73,82,0.03032106534,-0.1153987944,1
73,90,-0.05266240239,0.0209378507,1
73,98,-0.06952980161,0.06848920137,1
73,106,-0.05870975554,0.04638472199,1
73,114,-0.1342159659,0.005549542606,1
73,122,-0.07860960811,-0.07418139279,1
73,130,-0.01170324162,-0.1735824347,1
73,138,-0.06173308194,-0.06189004704,1
73,146,-0.05105829611,-0.005281999707,1
73,154,0.06147667766,0.05660466105,1
73,162,-0.001351028681,0.02216658741,1
73,170,-0.09413875639,-0.08854319155,1
81,10,-0.01658679172,-0.05746930838,1
81,18,-0.03238712251,-0.102502875,1
81,26,0.08650729805,-0.04735478759,1
81,34,0.1334996521,0.07533611357,1
81,42,0.1389182359,0.008696409874,1
81,50,-0.03530465066,0.06969185174,1
81,58,-0.1600302756,0.04133943096,1
81,66,-0.02114089578,0.01173792779,1
81,74,-0.01069362462,-0.03026765212,1
81,82,-0.007206100971,-0.04505013302,1
81,90,-0.09651041031,-0.03535811231,1
81,98,-0.08399733901,-0.008605550975,1
81,106,-0.1308868229,0.004020454362,1
81,114,-0.19966802,-0.03806358203,1
81,122,-0.1759924442,-0.0330722779,1
81,130,-0.1291025132,-0.2302675992,1
81,138,-0.05275992304,-0.1058557332,1
81,146,-0.06414990127,0.06668246537,1
81,154,-0.06279771775,0.1932076514,1
81,162,0.01437017694,0.1700446606,1
81,170,0.1019921899,-0.07148846984,1
89,10,0.07024648786,0.06927912682,1
89,18,0.01915815845,-0.1407190859,1
89,26,0.1290616542,-0.1553070843,1
89,34,0.03934789822,0.007827073336,1
89,42,0.003740947694,-0.03671006486,1
89,50,-0.08806501329,-0.02190140821,1
89,58,-0.07918977737,0.06160885841,1
89,66,-0.05503656715,0.09964552522,1
89,74,-0.04612096399,0.05351479352,1
89,82,0.1203475595,0.05658059567,1
89,90,0.1015739664,0.02659611031,1
89,98,-0.06720737368,-0.0372377187,1
89,106,-0.2909211516,-0.001983800903,1
89,114,-0.2763530612,0.006805106997,1
89,122,-0.1995568126,-0.01821735874,1
89,130,-0.1336704195,-0.166456759,1
89,138,0.004689589143,-0.04048808292,1
89,146,-0.08255636692,0.1623821259,1
89,154,-0.09670393914,0.1450411528,1
89,162,0.1030484587,0.04670711607,1
89,170,0.1387970746,-0.04044855386,1
97,10,-0.07308801264,0.05739162862,1
97,18,-0.01925195381,-0.0753864944,1
97,26,0.02413833141,0.009438164532,1
97,34,0.09571693093,-0.03767392039,1
97,42,0.02055875957,-0.09314538538,1
97,50,-0.08865501732,-0.0763418749,1
97,58,-0.05197336525,0.1041096598,1
97,66,0.01889371872,0.1416314542,1
97,74,0.195343107,0.1864237785,1
97,82,0.1354058981,0.1361850947,1
97,90,0.020464845,0.0392011255,1
97,98,-0.08050137758,-0.03144656867,1
97,106,-0.1746326685,0.03960529715,1
97,114,-0.2714941204,0.0987906903,1
97,122,-0.1494591534,-0.02647293359,1
97,130,-0.1087924987,-0.04813221842,1
97,138,-0.08339636773,0.03260209784,1
97,146,-0.1832937598,0.1331246793,1
97,154,-0.1867150962,-0.008207477629,1
97,162,-0.01634576172,-0.03957777098,1
97,170,0.06490935385,-0.09841122478,1
105,10,0.01230120286,0.1655314267,1
105,18,0.1086371988,-0.04622508585,1
105,26,0.0724805966,-0.005174718797,1
105,34,0.0931706205,-0.03416128457,1
105,42,-0.02566898987,-0.1153370291,1
105,50,-0.1423569769,-0.05528085306,1
105,58,-0.1636268497,-0.04234783724,1
105,66,-0.1046899632,-0.0008314028382,1
105,74,0.1623184532,0.3203858137,1
105,82,0.1587141454,0.1590004116,1
105,90,0.05077250674,0.06732273102,1
105,98,0.02354690991,-0.03719094768,1
105,106,-0.0469083488,0.01116179302,1
105,114,-0.05088275671,0.008537080139,1
105,122,-0.04116358608,0.02520478889,1
105,130,0.04111895338,0.02970431745,1
105,138,-0.007135398686,0.009714562446,1
105,146,0.01323219389,0.07236593962,1
105,154,0.009049173445,0.01744775474,1
105,162,-0.0247403793,0.08819073439,1
105,170,0.02274675108,-0.05497243255,1
113,10,0.02790390328,0.1784106493,1
113,18,0.1379128397,0.02823013812,1
113,26,0.1472618878,-0.1533506215,1
113,34,0.05947428569,-0.1057035178,1
113,42,-0.09668014944,-0.03331596777,1
113,50,-0.200646162,-0.07553181052,1
113,58,-0.1173344925,-0.07046442479,1
113,66,-0.06479007751,0.0265053045,1
113,74,0.05205718428,0.1522004157,1
113,82,0.1951709539,0.07080634683,1
113,90,0.1281455457,-0.007051967084,1
113,98,-0.0518505089,-0.02708900161,1
113,106,0.005937181413,0.05312024802,1
113,114,0.06491720676,0.04075011611,1
113,122,-0.1102314517,0.1426785886,1
113,130,-0.04492229223,0.05102263018,1
113,138,-0.2502977252,-0.070641011,1
113,146,0.05271062255,0.01702416688,1
113,154,0.103838332,0.04996718094,1
113,162,0.04692134261,0.0596816726,1
113,170,-0.03725653887,0.1265638024,1
121,10,0.09583897889,-0.01596602798,1
121,18,0.1378166974,0.01755028404,1
121,26,0.122544691,-0.0809353739,1
121,34,-0.06073793024,-0.08373735845,1
121,42,-0.06627678871,0.01558992639,1
121,50,-0.01480824873,-0.08273082972,1
121,58,-0.04579341412,-0.09797675908,1
121,66,0.03593426943,0.02985207923,1
121,74,0.1981616318,0.1050529853,1
121,82,0.258936882,0.08269174397,1
121,90,0.1119274497,-0.03701544553,1
121,98,-0.03437783197,-0.01031981409,1
121,106,0.05589755625,0.1165491939,1
121,114,0.1261946857,0.06578699499,1
121,122,0.05806792155,0.09524931014,1
121,130,-0.04445902258,0.1133047193,1
121,138,0.01256311312,-0.08250495791,1
121,146,0.01156266034,-0.04181304947,1
121,154,0.000896692276,0.005567666143,1
121,162,0.04060193896,0.03448006138,1
121,170,-0.07081194967,0.1320373714,1
129,10,0.05191802979,-0.06032434106,1
129,18,-0.08725619316,0.01888954081,1
129,26,0.04558757693,0.05488182977,1
129,34,0.1044370607,-0.04452290013,1
129,42,0.02081154287,0.008305486292,1
129,50,0.0807788372,0.03430134058,1
129,58,0.03529956937,-0.02503951825,1
129,66,0.1032871306,0.07268637419,1
129,74,0.1482897699,0.09411614388,1
129,82,0.1054905728,0.1617563069,1
129,90,0.05715835094,0.0300874263,1
129,98,0.07828253508,0.007998250425,1
129,106,0.05779080465,0.03330685198,1
129,114,0.01387807727,0.1067545265,1
129,122,0.219141528,0.06266611069,1
129,130,0.1271817684,0.1637311727,1
129,138,0.1011280715,-0.05416096747,1
129,146,0.007350143045,-0.01705802977,1
129,154,-0.05730646104,0.07696094364,1
129,162,0.0639289394,0.09754875302,1
129,170,-0.008001614362,0.08409316093,1
137,10,-0.0679461062,0.08970493078,1
137,18,-0.1647377759,0.1436940432,1
137,26,-0.03235420957,0.05713618174,1
137,34,0.03650243953,-0.0383736901,1
137,42,-0.02199004218,0.02517068014,1
137,50,-0.102697134,0.01195932738,1
137,58,-0.02366651781,0.03365810588,1
137,66,0.03511964902,0.2113811374,1
137,74,0.04767297208,0.3100365996,1
137,82,0.06466452777,0.2216331959,1
137,90,-0.01702669263,0.1615251005,1
137,98,-0.0647507906,0.1767506003,1
137,106,-0.05113334954,0.1307565123,1
137,114,-0.004088334739,0.1651567817,1
137,122,0.02532348037,-0.01992770284,1
137,130,0.1320931017,-0.04451563954,1
137,138,0.1842873544,0.09032082558,1
137,146,-0.1778553724,-0.05604594946,1
137,154,-0.2026330233,-0.06376912445,1
137,162,0.004404358566,0.02816541493,1
137,170,-0.02501283586,0.02697557956,1
145,10,0.1020052806,0.1221441478,1
145,18,0.08208703995,0.05159011111,1
145,26,0.1026258916,-0.05905002728,1
145,34,-0.006886251271,0.08192098141,1
145,42,-0.1408916116,0.05464583635,1
145,50,-0.04840475693,-0.0150908269,1
145,58,-0.03962272406,0.01299856231,1
145,66,-0.05230236053,0.1354197264,1
145,74,0.1539645791,0.2191011459,1
145,82,0.138196066,0.1742574871,1
145,90,-0.07203528285,0.1783472598,1
145,98,-0.1510298401,0.1436010003,1
145,106,-0.1033791155,0.06222236156,1
145,114,-0.1400795877,0.06007327139,1
145,122,-0.1311095804,-0.02801534534,1
145,130,0.01495821401,-0.2100138068,1
145,138,0.1039931923,-0.1368012577,1
145,146,-0.09867598861,-0.112047784,1
145,154,-0.1765098572,-0.03747281432,1
145,162,-0.08259119838,0.06497064233,1
145,170,-0.05973473936,0.05961631238,1
153,10,0.1123137325,-0.03665682301,1
153,18,0.09281904995,-0.03505211696,1
153,26,0.2033237219,0.01380996406,1
153,34,0.1157723963,0.06829931587,1
153,42,-0.07455615699,-0.085503079,1
153,50,-0.04643099755,-0.05288507044,1
153,58,0.02061719634,0.02277843654,1
153,66,0.08509224653,0.01403360069,1
153,74,0.1548371464,0.02176424116,1
153,82,-0.01095392182,0.1506728977,1
153,90,-0.01112701278,0.2000371218,1
153,98,-0.01617902517,0.09020878375,1
153,106,-0.02068106458,0.09785394371,1
153,114,-0.120703131,0.07308654487,1
153,122,-0.08737234771,0.05506721139,1
153,130,-0.05381857976,-0.1784804463,1
153,138,-0.0915883258,-0.2356954217,1
153,146,0.003899648786,-0.1067428514,1
153,154,-0.06223557889,0.04540759698,1
153,162,-0.09553319961,0.09323337674,1
153,170,0.01673581824,0.1812923849,1
161,10,0.2464062274,-0.07069888711,1
161,18,0.1472858489,0.2343046069,1
161,26,0.1484013647,0.1027167216,1
161,34,0.11184448,0.006518393755,1
161,42,-0.01087184995,-0.005049452186,1
161,50,-0.09704058617,-0.06316770613,1
161,58,-0.02534056082,-0.03555094823,1
161,66,0.001346280798,-0.03293015063,1
161,74,-0.01546736248,0.02140013874,1
161,82,-0.06535684317,0.03127528727,1
161,90,-0.07851424068,0.2128133327,1
161,98,0.03689973056,0.2002735883,1
161,106,0.06833752245,0.1867652237,1
161,114,0.08129957318,0.1762106717,1
161,122,0.07848855853,0.01066985354,1
161,130,-0.0637941882,-0.06871318072,1
161,138,-0.1050039753,-0.1320844293,1
161,146,-0.1844512522,0.01540543512,1
161,154,-0.1735736728,0.07708212733,1
161,162,0.009298928082,0.08528520167,1
161,170,0.04224652797,0.2175063193,1
169,10,0.265207231,-0.04234547168,1
169,18,0.08409268409,0.1906201839,1
169,26,-0.01969625056,0.1142037064,1
169,34,0.03360603005,0.01864338666,1
169,42,-0.1956078112,0.06658637524,1
169,50,-0.1246615872,-0.07404923439,1
169,58,-0.1064046323,-0.1393492222,1
169,66,-0.0915376544,-0.02850538492,1
169,74,-0.005397094414,-0.02965330891,1
169,82,-0.03329849243,-0.035341952,1
169,90,-0.07838853449,0.1019406319,1
169,98,0.1189055517,0.193149969,1
169,106,0.1842383593,0.1019207239,1
169,114,0.04373342544,0.1282177567,1
169,122,-0.0119446218,-0.08962073177,1
169,130,-0.09135969728,-0.1100994647,1
169,138,-0.05348613486,-0.1373059601,1
169,146,-0.2149130851,0.007357133552,1
169,154,-0.2360381037,0.06492143869,1
169,162,-0.02411541343,0.07885633409,1
169,170,0.01042119786,0.1287287325,1
177,10,0.287915796,-0.1509061158,1
177,18,-0.01391936839,0.02513097972,1
177,26,-0.2417907268,0.04843838513,1
177,34,-0.2563551068,-0.02204077691,1
177,42,-0.2412788421,0.03641493618,1
177,50,-0.1301719099,-0.06722407788,1
177,58,-0.03306027502,-0.08062714338,1
177,66,-0.02215266041,0.04875410348,1
177,74,0.03374135494,-0.05847364664,1
177,82,0.009334698319,-0.0007550269365,1
177,90,-0.01771014556,0.002756595612,1
177,98,0.1807117611,0.08713755012,1
177,106,0.1048641279,0.006028547883,1
177,114,0.1069529057,0.06652285904,1
177,122,0.1147455573,-0.001023668796,1
177,130,0.05117297918,0.02886179648,1
177,138,-0.00905097276,-0.1422755718,1
177,146,-0.002319723368,-0.09940923005,1
177,154,0.06388264894,-0.07768788934,1
177,162,0.05491010845,0.07665482163,1
177,170,-0.004534907639,0.118601568,1
185,10,0.1817819178,-0.0787410289,1
185,18,-0.0004265904427,0.02265237272,1
185,26,-0.2939860225,-0.09286510944,1
185,34,-0.4086275101,-0.1045736223,1
185,42,-0.2711109519,0.04088699818,1
185,50,-0.1658325791,0.05413969234,1
185,58,-0.06338866055,0.02315591276,1
185,66,-0.02305136994,0.08235234022,1
185,74,0.01864083484,-0.0359519273,1
185,82,0.04353427142,-0.09154991806,1
185,90,-0.03061341867,-0.03515477851,1
185,98,-0.02236565389,0.04091586918,1
185,106,0.1102003455,0.05644475669,1
185,114,0.2158523798,0.049121961,1
185,122,0.07777431607,0.0321925208,1
185,130,0.02448530495,0.054662738,1
185,138,0.1348595768,0.08191780001,1
185,146,0.1558312327,0.002741996199,1
185,154,0.2585436106,0.06471887976,1
185,162,0.08170744777,0.07756197453,1
185,170,-0.01973030344,0.1437695026,1
193,10,-0.1195531934,-0.0728770867,1
193,18,-0.2169686258,-0.04344279319,1
193,26,-0.2897076011,-0.1872344613,1
193,34,-0.1474243402,-0.159006238,1
193,42,-0.0742765367,0.03728268668,1
193,50,-0.06257465482,0.08141852915,1
193,58,-0.1369542331,0.08585582674,1
193,66,-0.02124879323,0.1261833161,1
193,74,0.07693909854,0.06067796424,1
193,82,0.08906383812,-0.1007940769,1
193,90,-0.01992124133,-0.04877728969,1
193,98,-0.02424545214,0.03020671383,1
193,106,0.1630723327,-0.0324286744,1
193,114,0.329200536,0.02067494951,1
193,122,0.3400744796,0.03010430746,1
193,130,0.1395022571,0.005447857082,1
193,138,0.1089469939,0.04826180264,1
193,146,0.1280490756,0.05622166395,1
193,154,0.05338586867,0.02301827818,1
193,162,0.05943826586,0.05771420896,1
193,170,0.03232845664,0.1972609162,1
201,10,-0.103245616,-0.1009091288,1
201,18,-0.08905550838,-0.09330239892,1
201,26,-0.1684800237,-0.08514785022,1
201,34,-0.05546090752,0.05638024956,1
201,42,0.03364446759,0.015007101,1
201,50,-0.04432201385,0.07496280223,1
201,58,-0.08597922325,0.04151034728,1
201,66,-0.04501336068,0.1852967292,1
201,74,0.0432866253,0.1379586458,1
201,82,-0.03166565299,0.04167683795,1
201,90,-0.09637363255,-0.08367302269,1
201,98,0.02362854779,-0.006787169725,1
201,106,0.2362962961,-0.03593731672,1
201,114,0.2370691597,0.05424015969,1
201,122,0.1699773222,-0.003226744011,1
201,130,0.02478510141,-0.02988446504,1
201,138,-0.043816939,-0.1465398222,1
201,146,-0.05628796667,-0.1326629221,1
201,154,-0.1402130872,-0.08702845126,1
201,162,0.06254033744,0.02373381704,1
201,170,0.00219938159,0.2438049912,1
209,10,0.05103290826,-0.1050422937,1
209,18,-0.0128056854,-0.102922596,1
209,26,0.001718342304,-0.0518643707,1
209,34,0.05453108251,0.09054014087,1
209,42,0.03035857528,0.03975625336,1
209,50,-0.03624042869,0.05656502023,1
209,58,-0.01834766194,0.05365473032,1
209,66,-0.03937464207,0.00404150039,1
209,74,0.04459768534,0.1125918925,1
209,82,-0.01528642699,0.05441325903,1
209,90,-0.1813345551,-0.01702699251,1
209,98,0.05658678338,-0.006662137806,1
209,106,0.2123790085,-0.06677798927,1
209,114,0.0483649224,0.05198236555,1
209,122,-0.009888291359,-0.06445765495,1
209,130,-0.07801008224,-0.04381357878,1
209,138,-0.1451337487,-0.09618046135,1
209,146,-0.05475110561,-0.07547124475,1
209,154,-0.03190226108,-0.1378936172,1
209,162,0.04490352422,-0.04897684976,1
209,170,0.1332671344,0.08994770795,1
217,10,0.09742181003,-0.3357325196,1
217,18,0.03490454704,-0.1525169611,1
217,26,0.1009896249,-0.1162761375,1
217,34,0.2141146362,0.04290121421,1
217,42,0.07130455971,0.07417915761,1
217,50,-0.0460402891,0.04134559631,1
217,58,-0.008720155805,0.01819581538,1
217,66,-0.04689359665,-0.01130898297,1
217,74,0.03616516292,0.02027424052,1
217,82,-0.04792830348,-0.02383032441,1
217,90,-0.04217230901,-0.09911428392,1
217,98,0.2421984076,-0.01982723922,1
217,106,0.1897107959,0.02322481573,1
217,114,0.04514728487,-0.004357764497,1
217,122,0.2691678405,-0.05814969167,1
217,130,0.156555146,-0.001839431468,1
217,138,-0.09013967216,-0.01890747435,1
217,146,-0.08277709037,-0.06343434751,1
217,154,-0.09911215305,-0.100852102,1
217,162,-0.0361187309,-0.1625660658,1
217,170,0.1689355969,-0.02539915964,1
225,10,0.07046407461,-0.2091984749,1
225,18,0.07056184858,-0.07924240828,1
225,26,0.08315938711,-0.09388955683,1
225,34,0.0839843452,0.0429475978,1
225,42,-0.02398375049,0.07073595375,1
225,50,-0.1131998897,0.04254104942,1
225,58,-0.06562007964,-0.06204482168,1
225,66,-0.03571391106,-0.04470906034,1
225,74,-0.01118895039,0.008217997849,1
225,82,-0.02969984896,-0.03831031919,1
225,90,0.01629018784,-0.05552814901,1
225,98,0.1877130717,-0.06055990234,1
225,106,0.1221539676,0.06950391829,1
225,114,0.10364604,-0.1572725922,1
225,122,0.1887892783,-0.1289143264,1
225,130,0.0475705862,-0.0112749543,1
225,138,-0.1663208306,-0.000341033563,1
225,146,-0.1309459209,0.02457332611,1
225,154,-0.08399389684,0.06377838552,1
225,162,0.05921270326,-0.1208303496,1
225,170,0.3963080049,-0.1501546204,1
233,10,-0.04425921291,-0.1207052618,1
233,18,-0.01568912901,-0.02587563545,1
233,26,-0.01911194623,-0.06628160179,1
233,34,-0.2052405775,0.01548828743,1
233,42,-0.2515003383,0.0009228773415,1
233,50,-0.1422270685,-0.00854934752,1
233,58,-0.133156091,-0.09251466393,1
233,66,-0.1140723526,0.006317649037,1
233,74,-0.1055604666,0.04732853174,1
233,82,0.0432347618,0.02753828466,1
233,90,0.1029776931,-0.09133028984,1
233,98,0.005257260054,-0.1116195321,1
233,106,0.02365404367,-0.04743499681,1
233,114,0.09342823923,-0.170145303,1
233,122,0.1034490466,-0.05754503608,1
233,130,-0.03607400134,0.04468851164,1
233,138,-0.1662131399,0.09698292613,1
233,146,-0.1750250906,0.09798938036,1
233,154,-0.1597252041,0.09521606565,1
233,162,0.04041238502,-0.01050199568,1
233,170,0.3432537615,-0.2695302963,1
241,10,-0.2067769617,-0.004695028067,1
241,18,-0.1156002432,-0.01858832315,1
241,26,0.009959600866,0.04615860432,1
241,34,-0.08885463327,0.003819573671,1
241,42,-0.1878870726,-0.04055057466,1
241,50,-0.1509487629,0.01866855472,1
241,58,-0.1942536384,-0.0912168622,1
241,66,-0.1535584629,-0.0187558271,1
241,74,-0.1175409555,-0.05017387122,1
241,82,-0.06118847802,-0.04392246157,1
241,90,0.0574948974,-0.0751837343,1
241,98,-0.006448378786,-0.1628625095,1
241,106,-0.1054781824,0.02805563249,1
241,114,0.04679318517,0.06690461934,1
241,122,0.03621055186,0.03707285225,1
241,130,-0.1087178737,0.05242139101,1
241,138,-0.1230147779,0.09309929609,1
241,146,-0.143729642,0.05362834781,1
241,154,-0.1921625286,0.03371749073,1
241,162,-0.08337565511,-0.08079916239,1
241,170,0.2446114719,-0.3196005225,1
249,10,-0.3014053702,0.06584595889,1
249,18,-0.0114068687,-0.04867621511,1
249,26,-0.006016902626,0.03465244919,1
249,34,-0.1205664575,0.08744895458,1
249,42,-0.1269261539,0.0248172842,1
249,50,-0.1859627515,-0.02466621995,1
249,58,-0.2390966564,-0.0131065622,1
249,66,-0.2032716572,-0.1124002039,1
249,74,-0.08397392929,-0.07127860188,1
249,82,-0.03063160367,0.004778981209,1
249,90,0.01197821274,-0.02538222261,1
249,98,0.0269281324,-0.09413069487,1
249,106,0.0058670789,0.05173227936,1
249,114,0.08477003127,0.1896496266,1
249,122,0.08389420062,-0.003510519862,1
249,130,-0.1037551388,-0.08479252458,1
249,138,-0.2485004216,0.01437549293,1
249,146,-0.2414965183,0.0132133849,1
249,154,-0.1786514521,0.03131492436,1
249,162,-0.09845917672,-0.0917783156,1
249,170,0.1188533604,-0.4086975455,1
257,10,-0.2905346751,0.03038545698,1
257,18,-0.009970895946,-0.08481055498,1
257,26,0.08227178454,-0.05749382451,1
257,34,-0.005688279867,-0.00753615424,1
257,42,-0.04272085428,-0.07487751544,1
257,50,-0.06349418312,-0.05431744456,1
257,58,-0.0517353639,0.006703089923,1
257,66,0.02071519941,-0.1223319471,1
257,74,-0.02277520299,-0.1583037376,1
257,82,-0.09910339117,-0.05397542566,1
257,90,-0.05157730728,0.0436305739,1
257,98,-0.0255322028,-0.08561700583,1
257,106,0.0009604915977,-0.08040364087,1
257,114,0.1065395772,0.07814995944,1
257,122,0.01932655647,0.03563252091,1
257,130,-0.068283692,-0.1027952284,1
257,138,-0.1091060936,-0.03861214966,1
257,146,-0.1667437106,0.09359943122,1
257,154,-0.2433727384,0.1422753781,1
257,162,-0.2009105384,0.003581020981,1
257,170,-0.06295379996,-0.4140149355,1
265,10,-0.2798458934,0.007497109473,1
265,18,-0.02093083411,0.020855207,1
265,26,0.08483570069,-0.07444882393,1
265,34,0.005919171497,0.04616358876,1
265,42,-0.12359225,-0.1253095716,1
265,50,0.02483997121,-0.05751409382,1
265,58,0.04426252097,-0.03418014199,1
265,66,0.0092710061,-0.1071079373,1
265,74,-0.02088493854,-0.1560990065,1
265,82,-0.03806722909,-0.1346867234,1
265,90,-0.008925266564,0.04228907079,1
265,98,-0.01768101193,-0.06665347517,1
265,106,0.08743108809,-0.09357181191,1
265,114,0.1107149422,-0.003296541981,1
265,122,0.03809549287,0.06126043946,1
265,130,-0.01154126972,0.009180394933,1
265,138,-0.08674671501,-0.03603342921,1
265,146,-0.09468325973,0.05861536041,1
265,154,-0.1010731161,0.08435018361,1
265,162,-0.07575131953,0.05228598788,1
265,170,-0.09339699149,-0.03670280427,1
273,10,-0.1536091864,0.1032161713,1
273,18,-0.02857400477,0.09888914227,1
273,26,0.1577539742,-0.06309780478,1
273,34,-0.07071393728,-0.004005495459,1
273,42,-0.1769839674,-0.166782409,1
273,50,-0.06008889526,-0.1028956324,1
273,58,0.04427538067,-0.05092772469,1
273,66,-0.009606238455,-0.09304150939,1
273,74,0.006783030927,-0.08738777041,1
273,82,0.03828462213,-0.2283134013,1
273,90,-0.03523159772,-0.1054618508,1
273,98,-0.07548933476,-0.1104667112,1
273,106,0.08729944378,-0.01331889629,1
273,114,0.1245042905,0.009217901155,1
273,122,0.01856967062,0.03460727632,1
273,130,-0.09672257304,-0.04075784236,1
273,138,-0.1104150563,0.006603745744,1
273,146,-0.1103450954,-0.01228618063,1
273,154,-0.02606904134,-0.01328522339,1
273,162,-0.04279085994,-0.04094931111,1
273,170,-0.08308598399,0.05490496755,1
281,10,-0.06269831955,-0.008031971753,1
281,18,-0.1439772844,-0.1448029429,1
281,26,-0.09320910275,-0.04894183576,1
281,34,-0.1128920242,-0.09391473234,1
281,42,-0.1685601175,-0.15258497,1
281,50,-0.02834066004,-0.0008434504271,1
281,58,0.1327694356,-0.01815674827,1
281,66,0.06294157356,-0.07387681305,1
281,74,0.01555107161,0.03485668078,1
281,82,-0.05058279634,-0.06289099157,1
281,90,-0.005340650678,-0.1736273915,1
281,98,0.0444422625,-0.1449082643,1
281,106,-0.0007618479431,-0.0497145243,1
281,114,-0.0004623644054,-0.06250349432,1
281,122,-0.07014986128,0.02389927953,1
281,130,-0.126178652,0.008852705359,1
281,138,-0.06049165875,0.03322378173,1
281,146,-0.02880160511,0.004111421295,1
281,154,0.05891259015,-0.09551295638,1
281,162,0.06114851683,-0.1179726571,1
281,170,-0.04190359265,0.01428155601,1
289,10,-0.2260081172,-0.1021768153,1
289,18,-0.2034121901,-0.1243116036,1
289,26,-0.1653459221,-0.02204120904,1
289,34,-0.1240228042,-0.07522089779,1
289,42,-0.01611102372,0.0318961069,1
289,50,0.04919487983,0.0325275138,1
289,58,0.09892004728,0.1318208426,1
289,66,0.08575427532,0.04639820755,1
289,74,0.003062296659,0.3368111253,1
289,82,-0.1713367701,0.187217325,1
289,90,-0.3131876588,0.0560583286,1
289,98,-0.01676442474,-0.0836526379,1
289,106,0.0125952363,-0.002031695098,1
289,114,-0.0712698102,0.04050216451,1
289,122,-0.09642870724,0.0744484812,1
289,130,-0.07619352639,0.1712600291,1
289,138,-0.04952004552,0.06757605076,1
289,146,-0.01211586595,0.06952404976,1
289,154,0.08150895685,0.006108433008,1
289,162,0.1137803644,-0.1046767607,1
289,170,-0.006279624999,-0.08510944247,1
297,10,-0.1121093184,-0.1131722331,1
297,18,-0.1525710523,0.07440172881,1
297,26,-0.1556791663,0.03557644039,1
297,34,0.02437848225,-0.06591074914,1
297,42,0.06439514458,0.02768879384,1
297,50,0.04318541288,0.001263018698,1
297,58,-0.08870164305,0.1226692349,1
297,66,-0.08917854726,0.03005242348,1
297,74,-0.04678782821,0.2393961549,1
297,82,-0.07532235235,0.1903271079,1
297,90,-0.103776902,0.2420824021,1
297,98,-0.07404448837,-0.01673781127,1
297,106,-0.08659496158,0.06679911166,1
297,114,-0.07453950495,0.1234854907,1
297,122,0.008056096733,0.004111453891,1
297,130,0.002460509539,0.0618545413,1
297,138,-0.03250386566,0.0729829967,1
297,146,-0.03532347828,0.0755854249,1
297,154,0.03845205158,0.1776472926,1
297,162,0.3038907945,-0.01869577542,1
297,170,0.08403998613,-0.1225022376,1
305,10,0.01965025067,-0.1138304546,1
305,18,0.02288588881,0.1480211318,1
305,26,0.01166196913,0.1526289731,1
305,34,0.005680497736,0.002762485296,1
305,42,-0.01011698693,-0.03578021377,1
305,50,-0.03678712249,-0.16557239,1
305,58,-0.04009738564,-0.01239843108,1
305,66,-0.05206756294,-0.006736971438,1
305,74,-0.03497113287,0.1817903072,1
305,82,-0.01745466143,0.214836061,1
305,90,-0.07784563303,0.07050919533,1
305,98,-0.1078152731,0.024925787,1
305,106,-0.08147871494,0.09997723997,1
305,114,-0.01022357121,0.08805076778,1
305,122,0.09806853533,0.00414532423,1
305,130,-0.0231393557,0.01114794612,1
305,138,-0.1258419752,-0.09533692896,1
305,146,-0.1476683021,0.02520567924,1
305,154,0.01198911481,0.1564899385,1
305,162,0.1297211796,0.04009192064,1
305,170,0.1317541152,-0.15885216,1
313,10,0.005232095718,0.04190677404,1
313,18,0.06059195846,0.2281435132,1
313,26,-0.09861290455,0.2473492622,1
313,34,-0.1492951959,0.05847906321,1
313,42,0.1276246756,-0.06976053864,1
313,50,0.1112280414,-0.1874925345,1
313,58,0.03462535143,-0.06649560481,1
313,66,0.07917954028,0.05311712623,1
313,74,0.1253516972,0.1612066627,1
313,82,0.2112389654,0.09058643132,1
313,90,0.004045779351,0.02256148681,1
313,98,-0.05767452344,-0.02369930223,1
313,106,0.06642473489,-0.03865025192,1
313,114,0.08359780163,-0.02080369554,1
313,122,-0.01941738278,0.02543911338,1
313,130,-0.09783300012,0.03530224785,1
313,138,-0.2979694605,-0.157376647,1
313,146,-0.1163589954,0.01512851194,1
313,154,-0.002545005642,0.1027160436,1
313,162,0.03748204559,0.03979429603,1
313,170,0.02423910052,-0.209588185,1
321,10,-0.08327752352,0.07629638165,1
321,18,-0.1806070209,0.1170369387,1
321,26,-0.1992919147,0.05473388731,1
321,34,-0.1396045536,0.01616601646,1
321,42,-0.04059368372,-0.02320359647,1
321,50,0.1034363881,0.001417864114,1
321,58,0.08948499709,0.03165125847,1
321,66,0.1424163133,0.07227305323,1
321,74,0.1781019121,0.01137437671,1
321,82,0.05900859833,-0.08581447601,1
321,90,-0.01010457054,-0.03957185522,1
321,98,-0.1017121226,-0.007054292597,1
321,106,0.04944231734,-0.07682383806,1
321,114,0.03693605214,-0.07111427188,1
321,122,-0.08576834202,-0.09083279967,1
321,130,-0.0421397984,0.01404919475,1
321,138,0.01785448939,-0.07904160768,1
321,146,-0.04534868896,-0.04388791323,1
321,154,0.01817697287,0.06692392379,1
321,162,0.07975670695,0.02713011205,1
321,170,-0.02824470401,-0.1474047601,1
329,10,-0.1470171213,0.09385539591,1
329,18,-0.208027035,0.06761832535,1
329,26,-0.208519578,-0.01982684061,1
329,34,-0.1861645281,-0.0153208524,1
329,42,-0.02837542817,0.0391708985,1
329,50,0.1307576448,0.0626386404,1
329,58,0.1144174486,-0.08691725135,1
329,66,0.07682050765,-0.03923968971,1
329,74,0.04151874781,-0.1142161861,1
329,82,-0.1188006252,-0.1222863495,1
329,90,-0.1869420111,-0.06033354253,1
329,98,-0.0986122936,0.0734365955,1
329,106,-0.04313077033,0.01989589073,1
329,114,-0.08851781487,-0.1585734934,1
329,122,-0.1828708649,-0.1645503342,1
329,130,-0.1354706734,0.04942667112,1
329,138,-0.1207934991,0.01664695516,1
329,146,-0.2129384577,0.02989321947,1
329,154,-0.01187760197,0.06497080624,1
329,162,0.07801089436,-0.07609731704,1
329,170,-0.1015030593,-0.1669555455,1
337,10,-0.04414853081,0.1117585003,1
337,18,-0.1056580395,0.1178832352,1
337,26,-0.1165883243,0.02646956965,1
337,34,-0.03463270515,0.104377076,1
337,42,0.01130139828,0.1711634099,1
337,50,0.1354324669,0.151637584,1
337,58,0.03940355033,-0.05949768797,1
337,66,0.01974357292,-0.1373304725,1
337,74,0.005158437416,-0.01217705384,1
337,82,-0.1298237443,0.009916603565,1
337,90,-0.1235359907,-0.05904643238,1
337,98,-0.1376987696,0.06197731569,1
337,106,-0.1110035107,0.0100257704,1
337,114,-0.1141112521,-0.2403848767,1
337,122,-0.2493262291,-0.08287940919,1
337,130,-0.2239647508,0.03982922062,1
337,138,-0.2282166481,0.1353048533,1
337,146,-0.135754168,0.1456135064,1
337,154,0.06451841444,0.02317555621,1
337,162,0.0285532847,-0.06916419417,1
337,170,-0.1122707278,-0.05908082426,1
345,10,0.004143504426,0.1363098025,1
345,18,0.05051353946,0.0686005801,1
345,26,0.05962779,0.06469611824,1
345,34,-0.08774857968,0.1535022259,1
345,42,-0.1544212997,0.2257830352,1
345,50,0.02898331732,0.3068833351,1
345,58,-0.05078241974,0.06972533464,1
345,66,-0.05869177356,-0.08934901655,1
345,74,-0.04958272353,0.01518758759,1
345,82,-0.1510494947,0.07669463754,1
345,90,-0.1208605394,-0.08844543993,1
345,98,-0.09262143075,0.0407730937,1
345,106,-0.1085061729,-0.05031907186,1
345,114,-0.1311965585,-0.2404191941,1
345,122,-0.1068860888,0.04335446283,1
345,130,0.04679843783,-0.1780797243,1
345,138,-0.08989802003,0.06961353868,1
345,146,-0.177292496,0.06114897132,1
345,154,-0.1377399266,0.04693683237,1
345,162,-0.1479096413,-0.0260450691,1
345,170,-0.1014882103,0.04120380431,1
353,10,-0.03310213238,0.2041652203,1
353,18,-0.005337737501,-0.01343214512,1
353,26,0.05801258236,-0.08886749297,1
353,34,-0.1387529075,0.04263444245,1
353,42,-0.2358078808,0.1010851711,1
353,50,-0.1629903018,0.03843078017,1
353,58,-0.1618544757,-0.016042687,1
353,66,-0.06156992912,-0.00871556066,1
353,74,0.01669327915,-0.0293236915,1
353,82,-0.202796191,0.1173543334,1
353,90,-0.1646834314,-0.0318396017,1
353,98,-0.09754927456,-0.03097764403,1
353,106,-0.08820083737,-0.03628262132,1
353,114,-0.1291005909,-0.007641218603,1
353,122,-0.1067398638,0.05967128277,1
353,130,-0.05466677248,-0.08608136326,1
353,138,-0.07154711336,-0.01941701956,1
353,146,-0.1064744219,-0.1490690559,1
353,154,-0.149921,-0.09500767291,1
353,162,-0.2330553234,-0.0847851485,1
353,170,-0.2456740886,-0.01728798822,1
361,10,-0.09779913723,0.196986109,1
361,18,-0.1010863334,0.001726470888,1
361,26,0.1036397815,-0.2665929496,1
361,34,-0.0814723447,-0.04155923054,1
361,42,-0.2417449206,0.05762983114,1
361,50,-0.2199817598,-0.1618491858,1
361,58,-0.106435746,0.06474006176,1
361,66,-0.06019192189,0.14333345,1
361,74,-0.02756281197,0.1161492467,1
361,82,-0.05004961044,0.1342389882,1
361,90,-0.05317622423,0.1260127276,1
361,98,0.02440673858,-0.2641096711,1
361,106,0.04683230072,0.005466268398,1
361,114,-0.1088606268,0.0663439855,1
361,122,-0.03406328708,0.09514049441,1
361,130,0.0477212742,0.04155876487,1
361,138,0.03779897094,0.05381975323,1
361,146,0.04736144841,-0.1807602346,1
361,154,-0.01375816762,-0.1047938466,1
361,162,-0.1616405845,-0.03852970153,1
361,170,-0.2205091715,-0.06834967434,1
369,10,-0.06904116273,0.3566080928,1
369,18,-0.05039273575,0.2035618722,1
369,26,-0.03528510779,0.1639174521,1
369,34,-0.2196896076,-0.2279708385,1
369,42,-0.381357044,-0.1420810223,1
369,50,-0.2603042126,-0.15965271,1
369,58,-0.3313884735,-0.06971548498,1
369,66,-0.2615504265,0.1514274776,1
369,74,-0.1300758421,0.3341251612,1
369,82,-0.1239568815,0.2351526171,1
369,90,-0.03174767271,0.2067736238,1
369,98,-0.06239933521,-0.2175012231,1
369,106,-0.2378171831,-0.2612587214,1
369,114,-0.349630326,0.05225854367,1
369,122,0.007146570832,0.1341371238,1
369,130,0.03932324797,0.1453590691,1
369,138,0.034314733,0.1047320813,1
369,146,0.03648772836,-0.1210651323,1
369,154,0.0128884539,-0.01487016678,1
369,162,-0.08396991342,-0.06367576867,1
369,170,-0.2729887962,-0.1623011082,1
377,10,0.03280259669,0.2329800576,1
377,18,-0.1263427734,0.327477932,1
377,26,-0.4061030746,0.2447415888,1
377,34,-0.2339419872,0.005466226488,1
377,42,-0.1933329105,-0.003744333517,1
377,50,-0.1896505654,0.01222204603,1
377,58,-0.2863593102,0.002204395831,1
377,66,-0.1340028346,0.05723874271,1
377,74,0.1297265142,0.238964349,1
377,82,0.05699146539,0.2684144676,1
377,90,-0.04909963533,0.2626881897,1
377,98,-0.07485247403,0.07097993791,1
377,106,-0.3044219017,0.02595070004,1
377,114,-0.242713064,0.1256558597,1
377,122,0.004493489861,0.1191968247,1
377,130,-0.01277818903,0.1287755966,1
377,138,0.01736290753,0.0444072485,1
377,146,-0.04946168885,-0.01807369478,1
377,154,-0.08845306933,-0.05293466151,1
377,162,-0.0915010348,-0.1337162852,1
377,170,-0.1948025525,-0.1586881876,1
385,10,-0.1241395324,-0.08729401231,1
385,18,-0.3043084741,0.0380358696,1
385,26,-0.3408373296,0.05679640919,1
385,34,-0.2148345709,0.0932572782,1
385,42,-0.08680155873,0.1418768615,1
385,50,-0.03046765924,0.1108775437,1
385,58,-0.0711575076,0.2864659429,1
385,66,0.06248880923,0.1244089007,1
385,74,0.1342453361,0.1401388645,1
385,82,0.002243883908,0.1077311039,1
385,90,-0.06500510126,-0.009742379189,1
385,98,-0.03967691213,0.09547012299,1
385,106,-0.07015176117,0.09047550708,1
385,114,-0.1091793627,0.02072861046,1
385,122,-0.05634682626,-0.05090080947,1
385,130,-0.02493043616,-0.0442283079,1
385,138,0.03119184822,-0.03788676858,1
385,146,0.05575293303,0.05593767017,1
385,154,0.0003700479865,0.07955119014,1
385,162,-0.04805226624,-0.107284002,1
385,170,-0.03311085701,-0.08830043674,1
393,10,-0.1123836786,-0.1798699498,1
393,18,-0.1492702961,-0.1207310334,1
393,26,-0.08148400486,-0.004438474774,1
393,34,-0.05958167464,0.07880735397,1
393,42,0.01114203036,0.05738362297,1
393,50,0.08813004196,0.03483078629,1
393,58,0.1258864254,0.1630574465,1
393,66,0.02625069395,0.1304014027,1
393,74,-0.03718228638,0.1414524317,1
393,82,-0.06782132387,0.02450528741,1
393,90,-0.1471183896,-0.07973743975,1
393,98,-0.04444886744,0.03925910592,1
393,106,-0.04989743233,-0.03959425539,1
393,114,-0.1832728535,0.0231042318,1
393,122,-0.07929220796,-0.007721751928,1
393,130,-0.04280650616,0.01117303036,1
393,138,-0.05047212169,-0.07748488337,1
393,146,0.06751228869,-0.001533865929,1
393,154,0.09572068602,0.1949367672,1
393,162,0.08471730351,0.1404965818,1
393,170,0.02450327016,0.0229126364,1
401,10,-0.03303682804,-0.2193640769,1
401,18,-0.05412144214,-0.03162185848,1
401,26,-0.08590236306,0.0474665314,1
401,34,0.03759085387,0.1340076327,1
401,42,-0.027849935,0.04531511292,1
401,50,-0.1047378033,0.05455328152,1
401,58,-0.005400560796,0.02505904436,1
401,66,0.1360981613,0.03903791308,1
401,74,0.007879449055,0.03576924652,1
401,82,-0.07240382582,0.07827536017,1
401,90,-0.06215613335,-0.03166551515,1
401,98,-0.05094035715,0.02295227721,1
401,106,-0.03247018903,-0.01304046065,1
401,114,-0.06696043164,0.1402935237,1
401,122,-0.08349844068,0.06238023564,1
401,130,-0.1242185831,0.05290947109,1
401,138,-0.09640581906,0.02046733908,1
401,146,0.06571035087,-0.02401072532,1
401,154,0.03371317685,0.07121405005,1
401,162,0.02656635083,0.1545547843,1
401,170,0.02890909836,0.08081232011,1
409,10,-0.01025338471,-0.1640479267,1
409,18,-0.1744610369,0.1661966145,1
409,26,-0.1479396522,0.1672132164,1
409,34,0.1021723449,0.003305785358,1
409,42,0.1309246123,-0.1253845841,1
409,50,-0.02634910867,0.04581458867,1
409,58,-0.1321860999,-0.01438693702,1
409,66,0.08869862556,0.09139896929,1
409,74,0.303548038,-0.0602978766,1
409,82,0.1531761587,-0.01563760638,1
409,90,0.08955539763,0.03929971159,1
409,98,0.02997132391,0.05312800407,1
409,106,0.03503640741,0.05166851729,1
409,114,0.04552587122,0.1454437226,1
409,122,-0.03506268561,0.05496916175,1
409,130,-0.1335622817,0.07077389956,1
409,138,-0.122512266,0.05707548559,1
409,146,0.02505562454,0.06201668829,1
409,154,0.007040716708,0.0405179821,1
409,162,-0.02072796971,-0.01785882562,1
409,170,0.02254730836,0.03518041596,1
417,10,0.1465342641,-0.05425192416,1
417,18,0.2113348842,0.04736661911,1
417,26,0.4382240176,0.07395726442,1
417,34,0.4402878881,-0.0961150825,1
417,42,0.2796567976,-0.1511205435,1
417,50,0.05091752112,-0.1361388266,1
417,58,-0.173508957,-0.05357250571,1
417,66,-0.1078477204,0.1455380023,1
417,74,0.07096606493,-0.02968601137,1
417,82,0.1386850178,0.0976319313,1
417,90,0.1914975047,0.3231379688,1
417,98,0.08972269297,0.1657197177,1
417,106,0.07639080286,-0.08653818071,1
417,114,0.1035373434,-0.04242201522,1
417,122,0.0517802462,0.1024883687,1
417,130,-0.03815565258,0.143963322,1
417,138,-0.08547987789,0.1375423372,1
417,146,-0.08737187088,0.08695589751,1
417,154,-0.04579876363,-0.05572390556,1
417,162,-0.04090103507,-0.1756479144,1
417,170,-0.002773918211,-0.01212453842,1
