PIVlab, ASCII chart output - 02-Aug-2025
FRAME: 186, filenames: A:[186]FullStack_Pos0035_TgUtrmcherry_K4K8MO-1.avi & B:[187]FullStack_Pos0035_TgUtrmcherry_K4K8MO-1.avi, conversion factor xy (px -> m): 1, conversion factor uv (px/frame -> m/s): 1
x [px],y [px],u [px/frame],v [px/frame],Vector type [-]
9,10,-0.1448270679,0.3921596706,1
9,18,-0.2835840583,0.2239699364,1
9,26,-0.3137283623,0.1051406562,1
9,34,-0.1755338013,-0.0230262652,1
9,42,-0.03478243947,0.04152026772,1
9,50,-0.03709772229,0.0718780905,1
9,58,0.05515100062,0.2135264874,1
9,66,0.1250225753,0.2165422142,1
9,74,0.1445630342,0.2104232907,1
9,82,0.1243486255,0.2199719846,1
9,90,0.05197983235,0.1953387856,1
9,98,0.02327203751,0.1538084745,1
9,106,0.05856712162,0.2428326011,1
9,114,0.02413927019,0.07708862424,1
9,122,0.01388771087,0.1136892289,1
9,130,-0.006281688809,0.120514825,1
9,138,-0.03934330121,-0.126186952,1
9,146,-0.02138461173,-0.245534718,1
9,154,0.0954990238,-0.09824155271,1
9,162,0.06300780177,-0.072174564,1
9,170,-0.1170837283,0.05736231804,1
17,10,-0.0009378418326,0.2287780643,1
17,18,-0.04619719088,0.1956499219,1
17,26,-0.0867042318,0.1096210182,1
17,34,-0.07518601418,-0.07229660451,1
17,42,0.05087483674,-0.04280917346,1
17,50,0.01853800938,0.04401141778,1
17,58,0.03065776825,0.06004616246,1
17,66,0.09103833884,-0.00766069442,1
17,74,0.1318326294,-0.04083354026,1
17,82,0.105607897,0.05777177587,1
17,90,-0.03879674524,0.006458364427,1
17,98,-0.07599154115,-0.006235588342,1
17,106,0.05329669639,0.08099181205,1
17,114,0.0187305212,-0.03613445535,1
17,122,0.06168600917,-0.01827248931,1
17,130,0.1516709179,0.03698912263,1
17,138,0.1264781207,3.73609364e-05,1
17,146,-0.01417989284,-0.1030842364,1
17,154,0.02271139249,0.01727744192,1
17,162,0.0769309029,0.0808692947,1
17,170,0.001033931971,0.02247840911,1
25,10,0.2046529055,0.04096904397,1
25,18,0.05881231278,0.09419900179,1
25,26,-0.04024465382,0.09844358265,1
25,34,-0.09133192152,0.1056034714,1
25,42,0.05689548701,-0.1245835274,1
25,50,0.1622831225,-0.09748867154,1
25,58,0.1472732723,-0.13761428,1
25,66,0.1287082583,-0.09715229273,1
25,74,0.09983666241,-0.1517089158,1
25,82,0.1035979614,-0.02020659298,1
25,90,0.04127699882,-0.1082297266,1
25,98,-0.06655043364,-0.1378689259,1
25,106,-0.03999648243,-0.05661501735,1
25,114,0.08122938126,-0.0472426936,1
25,122,0.03389365971,-0.07917635888,1
25,130,0.1029977351,-0.1472661197,1
25,138,0.0212726891,-0.1069495678,1
25,146,0.05084163696,-0.04268135875,1
25,154,0.07729934156,0.1328905225,1
25,162,0.04385870323,0.09879094362,1
25,170,0.1841245741,-0.01398506761,1
33,10,0.05972934514,-0.1054676324,1
33,18,-0.002665948123,0.03294178843,1
33,26,-0.002058619633,0.175467208,1
33,34,-0.06585654616,0.1726555079,1
33,42,-0.09617633373,-0.0167559199,1
33,50,0.1104867309,-0.07130821049,1
33,58,0.07154372334,-0.1771425456,1
33,66,-0.1238658726,-0.1081294119,1
33,74,-0.07989744842,-0.08422031999,1
33,82,0.01231623814,-0.06599952281,1
33,90,-0.003141000867,-0.09792277962,1
33,98,-0.04774652421,-0.03396169469,1
33,106,-0.082307823,-0.002995681018,1
33,114,0.0801846236,-0.02146978676,1
33,122,0.1249410957,-0.0809738636,1
33,130,0.0791855678,-0.2107447982,1
33,138,0.01923479512,-0.2256205678,1
33,146,0.04283244535,-0.04570312425,1
33,154,-0.01058507524,0.1831148267,1
33,162,-0.01774595678,-0.04490937293,1
33,170,0.2198570073,-0.00554933399,1
41,10,0.07096090913,-0.03678585589,1
41,18,-0.1441359967,0.0717837289,1
41,26,-0.09789651632,0.1411278546,1
41,34,-0.03756718338,0.1249560416,1
41,42,-0.1654220819,-0.01915214956,1
41,50,0.0112319719,-0.04970164597,1
41,58,-0.01075381786,-0.1093877032,1
41,66,-0.05713333935,-0.0816539973,1
41,74,-0.07760939002,-0.07832120359,1
41,82,-0.1611693352,-0.1294213831,1
41,90,-0.2598685324,-0.03570517898,1
41,98,-0.1269335449,0.03045253456,1
41,106,0.0280404482,0.02063743025,1
41,114,0.1107723713,-0.0582710728,1
41,122,0.13260746,-0.07831061631,1
41,130,0.04955333471,-0.1772630215,1
41,138,0.09391736984,-0.1898683757,1
41,146,0.0467996411,-0.1267421246,1
41,154,0.004226785153,-0.08420468867,1
41,162,-0.008041270077,-0.05660203472,1
41,170,0.1833718121,0.1080449969,1
49,10,0.07955070585,0.04742179066,1
49,18,-0.1756405532,0.04116670787,1
49,26,-0.1950229406,0.01097795181,1
49,34,-0.1170361042,0.06552472711,1
49,42,-0.1207500175,0.1514116973,1
49,50,-0.07921868563,0.07065026462,1
49,58,0.09520521015,0.03715523332,1
49,66,0.1344241947,0.01698992401,1
49,74,0.06537980586,-0.062131688,1
49,82,0.02530779317,-0.04097676277,1
49,90,-0.06755875051,-0.02741713449,1
49,98,-0.03618195653,-0.01088336483,1
49,106,0.117858097,-0.03233318403,1
49,114,0.2611001134,-0.06147086248,1
49,122,0.1453976333,-0.04465068132,1
49,130,0.01869158074,-0.09210797399,1
49,138,-0.07476580888,-0.09555052966,1
49,146,0.02335115522,-0.2008711845,1
49,154,0.07189011574,-0.09751739353,1
49,162,0.1551057696,-0.05221190304,1
49,170,0.2139021903,0.1463832706,1
57,10,-0.08554932475,0.04540587589,1
57,18,-0.2457541972,0.02785919979,1
57,26,-0.2881629765,-0.06118988246,1
57,34,-0.1525427252,-0.01369827986,1
57,42,-0.1542451233,0.1681367159,1
57,50,-0.2485992908,0.2278883159,1
57,58,-0.09350710362,0.1640883535,1
57,66,0.1415626109,0.1523195803,1
57,74,0.1615926027,0.09118506312,1
57,82,0.1090810597,-0.009033821523,1
57,90,0.08887279779,-0.005270365626,1
57,98,0.1463693231,0.01571914181,1
57,106,0.1679904163,-0.06365058571,1
57,114,0.1865648627,0.006219482515,1
57,122,0.1192509905,0.09834256768,1
57,130,0.05023396388,-0.01324325427,1
57,138,-0.04745263234,-0.07435026765,1
57,146,-0.00700962916,-0.2186714411,1
57,154,0.08740203083,-0.08242279291,1
57,162,0.06449083239,-0.00327354297,1
57,170,0.172606796,0.1466279477,1
65,10,0.0002144388855,-0.1421398222,1
65,18,-0.07611376792,-0.05413228273,1
65,26,-0.1702887863,-0.04088605195,1
65,34,-0.09651371837,-0.05161652714,1
65,42,-0.1865430772,0.02819876373,1
65,50,-0.3061899245,0.1432548165,1
65,58,-0.1292848885,0.2075798661,1
65,66,0.08162363619,0.2654961944,1
65,74,0.134163022,0.1308175176,1
65,82,0.07027040422,-0.06124485284,1
65,90,0.08245323598,0.03915185481,1
65,98,0.125416562,0.1075479239,1
65,106,0.07290873677,-0.0007385276258,1
65,114,0.04110778123,0.01952178031,1
65,122,0.09578085691,0.1169213653,1
65,130,0.2335666567,0.04287562519,1
65,138,0.09222442657,-0.04314634576,1
65,146,0.006903983653,-0.1010675132,1
65,154,0.04139664024,-0.04585836455,1
65,162,0.06855572015,0.06353726983,1
65,170,0.09677931666,0.1189812273,1
73,10,0.01262337714,-0.1802419871,1
73,18,-0.04449544847,-0.06761781871,1
73,26,-0.08663861454,0.07272882015,1
73,34,-0.04281911254,0.04615760595,1
73,42,-0.1133883819,-0.008262075484,1
73,50,-0.06701721251,0.1587133408,1
73,58,0.1624616683,0.272577703,1
73,66,0.1485754997,0.2307364345,1
73,74,-0.006755392998,0.03493003547,1
73,82,-0.01168007404,0.09311440587,1
73,90,0.02667853981,0.1726333052,1
73,98,-0.01866036654,0.2427858114,1
73,106,0.05013936758,0.06434583664,1
73,114,0.06060840935,0.004236705601,1
73,122,0.09665686637,-0.06156221032,1
73,130,0.206399411,0.08779937029,1
73,138,0.03070918843,0.03421392292,1
73,146,-0.07164946198,-0.1399079561,1
73,154,0.08022742718,-0.07588495314,1
73,162,0.1188639253,0.0417275168,1
73,170,0.02255205438,0.09435303509,1
81,10,0.02589403838,-0.01915275678,1
81,18,-0.08035638928,0.02393623255,1
81,26,-0.06664728373,0.06667836756,1
81,34,-0.00200804323,0.09464886785,1
81,42,-0.03822790831,-0.1099223271,1
81,50,0.01265508682,0.1974244416,1
81,58,0.07530442625,0.2023237497,1
81,66,-0.07840937376,0.07925593853,1
81,74,-0.1061576158,0.2080363333,1
81,82,-0.07112423331,0.2130480111,1
81,90,0.02624935657,0.1086969599,1
81,98,0.06414118409,0.08784756064,1
81,106,0.03320433944,0.02660267055,1
81,114,0.021845676,-0.02386234701,1
81,122,0.02175850421,0.02992045507,1
81,130,0.06530167162,0.0202059634,1
81,138,0.07930926979,0.04771152884,1
81,146,0.04639510065,-0.06795988977,1
81,154,0.02257564664,-0.08483058959,1
81,162,0.1042421609,0.03155760467,1
81,170,0.1051444709,0.1921267509,1
89,10,0.02748833597,0.03592880815,1
89,18,-0.1135065407,0.05342422426,1
89,26,-0.04623819143,-0.00795753859,1
89,34,-0.04945068806,-0.03525722027,1
89,42,-0.02238003351,-0.09031642228,1
89,50,0.1698993146,0.09912969172,1
89,58,0.1588142514,0.1059599295,1
89,66,0.06768617779,0.07274609804,1
89,74,-0.01267145947,0.23168841,1
89,82,-0.1672652364,0.1320051998,1
89,90,-0.1221587509,0.08157861233,1
89,98,0.2445682436,0.008746184409,1
89,106,0.2028416395,0.03903410584,1
89,114,-0.06218208373,-0.03496868908,1
89,122,-0.1248148605,0.136815995,1
89,130,-0.02998159826,0.2286159247,1
89,138,0.139870584,0.1143820286,1
89,146,0.1619564295,0.06324520707,1
89,154,0.05110174417,-0.1054934561,1
89,162,-0.06862814724,-0.01525421441,1
89,170,0.0547761023,0.1167669222,1
97,10,0.07329787314,0.04515849799,1
97,18,0.07138520479,-0.006698429585,1
97,26,0.06202622131,0.07124517113,1
97,34,-0.03358658403,0.0746955201,1
97,42,0.03475884348,0.02002000809,1
97,50,0.08444944024,0.04697908834,1
97,58,0.1117614433,0.05160589516,1
97,66,0.171825096,0.1001535729,1
97,74,0.1847350746,0.1405870765,1
97,82,-0.004655256867,0.1977861524,1
97,90,-0.1325886995,0.1911744624,1
97,98,0.2176166028,0.09073679894,1
97,106,0.1392773688,0.0961560905,1
97,114,-0.0917211175,0.1145998091,1
97,122,-0.1077213958,0.170004189,1
97,130,-0.03653790802,0.09187939763,1
97,138,0.08670389652,-0.02953548543,1
97,146,0.1602089107,0.01704393327,1
97,154,0.1204070896,-0.07768656313,1
97,162,0.06226822734,-0.07740552723,1
97,170,0.07298101485,0.03039069474,1
105,10,-0.03895431757,0.08216576278,1
105,18,-0.1185284853,-0.01736073196,1
105,26,0.004900997505,0.02669289894,1
105,34,0.02597852796,0.08525705338,1
105,42,0.006104929373,0.1334958822,1
105,50,0.08277375251,0.06970734894,1
105,58,0.04765878618,-0.03286411613,1
105,66,0.1518071741,0.05524773896,1
105,74,0.1775709838,0.100842461,1
105,82,0.07659243047,0.1823896766,1
105,90,0.1287304908,0.123139888,1
105,98,0.1083207652,0.1272408366,1
105,106,0.0764644444,0.1034896225,1
105,114,0.09394884109,0.1754896641,1
105,122,0.185571447,0.2492176443,1
105,130,0.231516391,-0.09575586021,1
105,138,0.2253376395,-0.054838866,1
105,146,0.1832542121,0.07694122195,1
105,154,0.06646879017,0.005320321769,1
105,162,0.08579590917,-0.05369556695,1
105,170,0.2143630087,-0.04860161245,1
113,10,-0.02179983258,0.09017982334,1
113,18,-0.053669855,0.02599954233,1
113,26,-0.1682376117,-0.1170167103,1
113,34,-0.05873294175,-0.03666870296,1
113,42,0.03139281273,0.1459392756,1
113,50,0.09494778514,0.1288337857,1
113,58,0.03351161256,0.1809763461,1
113,66,0.07092089951,0.07134906203,1
113,74,0.0399017632,-0.01338401437,1
113,82,0.009573221207,0.08392829448,1
113,90,0.09356620908,0.1211398989,1
113,98,0.09571896493,0.1249734685,1
113,106,-0.05609314144,0.003175109625,1
113,114,-0.04550248012,0.1016983092,1
113,122,0.1191702038,0.01954487339,1
113,130,0.2036409676,-0.09337937832,1
113,138,0.3138801455,0.04748393968,1
113,146,0.09314977378,0.1197737083,1
113,154,0.003521509469,0.0976472944,1
113,162,0.06197289377,0.01569073647,1
113,170,0.1495847702,0.001249156892,1
121,10,0.01426890492,0.0952462405,1
121,18,0.1497185528,0.08613830805,1
121,26,0.09017855674,0.0110544879,1
121,34,-0.02144293115,-0.145904392,1
121,42,0.04683924839,0.1013080478,1
121,50,0.072222054,0.1857805848,1
121,58,0.05952981859,0.1953366101,1
121,66,0.003918066621,0.039951168,1
121,74,0.05048432201,-0.09782861173,1
121,82,0.1654338539,0.09926994145,1
121,90,0.09880711883,0.09569244087,1
121,98,0.08679249883,0.03491187096,1
121,106,-0.0225385204,-0.05919888243,1
121,114,-0.103489764,0.01426927745,1
121,122,0.1124569699,-0.08436638117,1
121,130,0.2212348133,0.009699821472,1
121,138,0.1283111274,0.1836944222,1
121,146,0.05245183408,0.2675722539,1
121,154,0.132167846,0.1610278189,1
121,162,0.157111302,0.01987247169,1
121,170,0.09623076767,0.04821258783,1
129,10,-0.1572853625,0.08671353757,1
129,18,-0.02135842294,0.04352581128,1
129,26,0.07818162441,-0.005588017404,1
129,34,0.02612750977,-0.127679348,1
129,42,0.1208691001,0.1110196263,1
129,50,0.09520633519,0.1125155315,1
129,58,0.01281761378,0.04201778769,1
129,66,0.04656823725,-0.01864928752,1
129,74,0.1542254686,0.02133527771,1
129,82,0.1387414485,0.1200505719,1
129,90,-0.00153497979,0.02660920471,1
129,98,-0.02597248927,-0.1278724074,1
129,106,0.07119493932,0.03530582786,1
129,114,0.07622030377,0.1875118762,1
129,122,0.1640249342,0.1921257228,1
129,130,0.2547190785,0.1598214209,1
129,138,-0.05600301921,0.02133854479,1
129,146,0.2391638756,0.2735336423,1
129,154,0.3206890225,0.1289423853,1
129,162,0.03535202891,0.01053055376,1
129,170,-0.0912527144,0.06220261753,1
137,10,-0.003971099854,0.02683615685,1
137,18,0.01371721923,-0.1575178504,1
137,26,0.05230723321,-0.08095238358,1
137,34,0.05299796164,-0.1936111748,1
137,42,0.02421864122,-0.111890085,1
137,50,0.1282443106,0.1271788031,1
137,58,0.1182022765,0.1135605648,1
137,66,0.01864423603,0.1119558364,1
137,74,0.01788385957,0.0747724697,1
137,82,0.03103803471,0.1003756747,1
137,90,-0.01516246796,0.07502599061,1
137,98,-0.03368984908,-0.05189032853,1
137,106,0.1019689068,0.09450406581,1
137,114,0.2685998976,0.167139858,1
137,122,0.2540878057,0.1819894016,1
137,130,0.2442887723,0.1953953803,1
137,138,0.1341583431,-0.05451782048,1
137,146,0.0686583817,0.08801649511,1
137,154,0.09113124013,0.02639121562,1
137,162,0.02510206029,0.0212790221,1
137,170,-0.0838733539,-0.033808209,1
145,10,0.1289189458,-0.04012301564,1
145,18,0.05340199918,-0.1317660809,1
145,26,0.08085685968,-0.09981946647,1
145,34,0.07583267242,-0.2873271406,1
145,42,0.1009910703,-0.05623492226,1
145,50,0.309650898,0.1291992664,1
145,58,0.3888624609,-0.03512297571,1
145,66,-0.03958414495,0.01609577984,1
145,74,-0.2739926279,0.02350426465,1
145,82,-0.2968622744,0.04365103692,1
145,90,-0.1302752048,0.1353253871,1
145,98,-0.008512347937,0.1665838957,1
145,106,0.114000313,0.03805924952,1
145,114,0.2364081293,0.08051772416,1
145,122,0.2170092165,0.1426895261,1
145,130,0.2277660221,0.2077836692,1
145,138,0.1928505301,0.08530762792,1
145,146,-0.0270517543,-0.00966989249,1
145,154,-0.1252948642,-0.04897663742,1
145,162,-0.207491979,0.07187363505,1
145,170,-0.0880985111,-0.008799299598,1
153,10,0.04539968073,0.06495112181,1
153,18,0.04370271787,-0.04991801828,1
153,26,-0.08785758913,-0.2363288701,1
153,34,-0.03104860336,-0.2604542971,1
153,42,0.1221584156,-0.0279116407,1
153,50,0.2139772177,-0.07866317034,1
153,58,0.1087326258,-0.07695313543,1
153,66,0.05349013954,0.07880324125,1
153,74,-0.02344686165,-0.03935737908,1
153,82,-0.003307837062,0.09430195391,1
153,90,0.1398650706,0.235540837,1
153,98,0.001071117818,0.1785513759,1
153,106,-0.06068645045,0.005446538329,1
153,114,0.1780212075,0.04036556184,1
153,122,0.1671707034,0.06205795705,1
153,130,0.09533564746,0.0552809611,1
153,138,0.1852667779,0.05364507437,1
153,146,-0.02984243445,-0.02013476193,1
153,154,-0.1517447233,-0.1029654816,1
153,162,-0.1824937463,-0.02786552161,1
153,170,0.04474011064,0.06434355676,1
161,10,-0.1214054227,0.1081554592,1
161,18,0.02627591789,-0.006236903369,1
161,26,0.08444470167,-0.1660628617,1
161,34,0.148520112,-0.16344136,1
161,42,0.2314847559,-0.03592135385,1
161,50,0.1425219625,-0.007125090808,1
161,58,0.04957179353,-0.03916582838,1
161,66,0.03080924228,0.09295525402,1
161,74,-0.0280375462,-0.03503727913,1
161,82,-0.002534268424,0.05264290795,1
161,90,0.08782903105,0.1648190618,1
161,98,0.01750663668,0.06803510338,1
161,106,-0.09062157571,-0.002069249749,1
161,114,-0.1230694503,0.07938646525,1
161,122,-0.07358969748,0.1094470173,1
161,130,0.07777378708,0.01678982377,1
161,138,0.1621001512,0.03837158531,1
161,146,-0.1315795332,0.02786562592,1
161,154,-0.1701550782,-0.08369788527,1
161,162,-0.04672782868,-0.3209066391,1
161,170,0.1281991601,-0.07626353949,1
169,10,-0.2511874437,0.01922353357,1
169,18,0.054292202,0.0463632755,1
169,26,0.09119428694,-0.05323758721,1
169,34,-0.01960963011,0.1470507979,1
169,42,0.3640064895,0.03217990324,1
169,50,0.09377388656,0.1872487664,1
169,58,-0.0289731957,-0.061583139,1
169,66,-0.003080341034,-0.06135828793,1
169,74,-0.04823647812,0.00629004091,1
169,82,0.006855249405,-0.08331656456,1
169,90,-0.0251121819,0.04522095248,1
169,98,-0.03414161503,0.008443422616,1
169,106,0.04407047108,0.06208216399,1
169,114,-0.0001077298075,0.1961907446,1
169,122,-0.03196345642,0.1585733593,1
169,130,0.04465984553,0.1085128859,1
169,138,-0.008834706619,-0.0210505724,1
169,146,-0.1923312098,0.01565304585,1
169,154,-0.04465000704,-0.04444176704,1
169,162,0.08348457515,-0.02310107648,1
169,170,0.02440313622,-0.02769256011,1
177,10,-0.148925662,-0.10132429,1
177,18,-0.1109403074,0.004467634484,1
177,26,-0.1472672224,0.07813092321,1
177,34,-0.06397674978,0.2002576441,1
177,42,0.008782111108,0.143920958,1
177,50,-0.03558191285,0.2251102775,1
177,58,-0.04423699528,0.0348418653,1
177,66,-0.02166686766,-0.06322672218,1
177,74,-0.03408315778,0.00166689977,1
177,82,-0.04158601537,-0.04671625048,1
177,90,-0.09220185131,-0.04615192115,1
177,98,-0.0827563107,0.1001950204,1
177,106,0.1497880369,0.1367154121,1
177,114,0.1109180972,0.02456755936,1
177,122,0.02709621564,0.06939094514,1
177,130,0.03565812483,0.1753660738,1
177,138,-0.1492962092,-0.02632505819,1
177,146,-0.02771548741,0.03237811476,1
177,154,0.1163440645,0.03392617404,1
177,162,0.1392595172,0.03350280598,1
177,170,0.03206394613,0.01499786973,1
185,10,0.08136937022,-0.1051026881,1
185,18,-0.05237424746,-0.0240740478,1
185,26,-0.1765964925,0.2648246288,1
185,34,-0.1992197633,0.294057101,1
185,42,-0.1200453639,0.08906820416,1
185,50,-0.07064469159,0.0549108237,1
185,58,-0.05277894437,0.04994056374,1
185,66,-0.05785758048,-0.06284239143,1
185,74,-0.0543702282,0.003652865067,1
185,82,0.03786917776,0.01847012155,1
185,90,0.05706619471,0.03178280219,1
185,98,-0.0805125013,0.06127734482,1
185,106,-0.1150877029,-0.03006439283,1
185,114,-0.01131987665,-0.1192821488,1
185,122,-0.009927188046,0.02326137573,1
185,130,-0.03110731021,0.1368801892,1
185,138,0.03149632737,0.1509607136,1
185,146,0.07439806312,0.09080572426,1
185,154,0.1013317853,0.1076536477,1
185,162,0.05963206291,0.02797295898,1
185,170,0.01026658341,0.05444139242,1
193,10,0.05507868528,-0.08877049387,1
193,18,0.028590478,-0.08178483695,1
193,26,-0.004937602207,0.1521977484,1
193,34,-0.06036469713,0.1483550668,1
193,42,-0.005454257131,-0.02141100913,1
193,50,0.06697074324,0.0006661899388,1
193,58,0.04741685465,-0.08595591038,1
193,66,0.01000238489,-0.1072909161,1
193,74,0.01970902644,0.000944737345,1
193,82,0.1087666824,0.05333903059,1
193,90,0.09758658707,0.07611874491,1
193,98,0.04168445617,-0.07182840258,1
193,106,-0.04736556858,-0.04912588,1
193,114,-0.06858435273,-0.08293044567,1
193,122,-0.03019943647,-0.04976769909,1
193,130,0.2368306965,0.1374447495,1
193,138,0.1939402372,0.145661056,1
193,146,0.02633786574,0.1406989396,1
193,154,0.006716731936,0.1338194311,1
193,162,-0.06472033262,-0.02368860319,1
193,170,0.0005247071385,-0.06808079779,1
201,10,0.0500761047,-0.07591791451,1
201,18,-0.02828145772,-0.1151996851,1
201,26,0.03619746491,-0.2691514194,1
201,34,-0.1342374384,-0.3957135379,1
201,42,-0.09948351979,-0.07323114574,1
201,50,0.009031541646,-0.007320962381,1
201,58,-0.007544476539,-0.1280158162,1
201,66,0.088504605,-0.1677476019,1
201,74,0.1218712851,-0.03563882411,1
201,82,0.07498010248,0.06964401901,1
201,90,0.02972552553,0.01612998918,1
201,98,0.05039162934,-0.09676353633,1
201,106,0.05593305081,0.03643426672,1
201,114,-0.005993749946,0.0250582099,1
201,122,0.1457000077,-0.1135130227,1
201,130,0.2451218069,0.1048213765,1
201,138,-0.01928461716,0.1910450757,1
201,146,-0.1117992029,0.1003158242,1
201,154,-0.1786952019,0.1116951704,1
201,162,-0.2074343115,-0.04802429304,1
201,170,0.02401351184,-0.2497567832,1
209,10,0.1220779717,-0.1085958108,1
209,18,0.02651098371,-0.01321827061,1
209,26,0.02830770984,-0.04103363305,1
209,34,-0.0911436677,-0.262401998,1
209,42,-0.08351415396,-0.03517429158,1
209,50,-0.001920636743,0.05277702212,1
209,58,0.03789005429,0.04091327637,1
209,66,0.1392028928,-0.03139920533,1
209,74,-0.05167968571,0.0005872584879,1
209,82,-0.05770559609,0.08761394024,1
209,90,0.09323176742,0.1306675225,1
209,98,0.1620907336,0.04853878915,1
209,106,0.1428991109,0.06449875236,1
209,114,0.1190702766,-0.02294946089,1
209,122,0.02256594971,-0.01667218283,1
209,130,-0.09469572455,0.1006203294,1
209,138,-0.1553621739,0.2146698236,1
209,146,-0.05122936144,0.05372692645,1
209,154,-0.1281017661,-0.0243729651,1
209,162,-0.1366425008,0.02977668867,1
209,170,0.06415750831,-0.02520047128,1
217,10,0.2812049389,-0.03872545809,1
217,18,0.1987763047,0.05309430137,1
217,26,0.14076671,0.03689896688,1
217,34,0.08790457994,-0.03206650913,1
217,42,0.103232801,0.02452975325,1
217,50,0.2046702206,0.09034666419,1
217,58,0.2229533195,0.04219579697,1
217,66,0.1599993408,-0.02768373676,1
217,74,-0.01775169373,0.008877718821,1
217,82,0.03449565172,0.06042189896,1
217,90,0.2260683775,0.0395693481,1
217,98,0.335340023,0.05448327959,1
217,106,0.2674351931,-0.0007834732533,1
217,114,0.1162358299,-0.06529128551,1
217,122,0.08030760288,0.0382963568,1
217,130,0.004917319864,0.1364738643,1
217,138,-0.03971606493,0.1715479791,1
217,146,0.01014922559,0.1073838398,1
217,154,-0.04686571658,0.006271481514,1
217,162,-0.06263627857,-0.0196887143,1
217,170,0.06016658247,-0.02786713839,1
225,10,0.1670667678,0.1381153613,1
225,18,0.1257089674,0.074936755,1
225,26,0.09962128103,-0.02470203862,1
225,34,0.1216002256,0.02101064846,1
225,42,0.111430943,0.0572546944,1
225,50,0.1703122258,0.06189085916,1
225,58,0.1719274819,0.04730712622,1
225,66,0.133010447,0.003428228898,1
225,74,-0.04257690161,0.06502857804,1
225,82,0.03283029795,0.07817299664,1
225,90,0.2169771492,0.08985477686,1
225,98,0.2523164153,0.1423245072,1
225,106,0.1713266969,0.1270967424,1
225,114,0.03382787853,0.09649392962,1
225,122,-0.01760350168,0.06006226689,1
225,130,-0.09171711653,0.2314611077,1
225,138,-0.07500710338,0.1971510947,1
225,146,-0.007292725146,0.09585802257,1
225,154,-0.03095519543,0.04341587424,1
225,162,0.03551305085,-0.05547529459,1
225,170,0.1669306755,-0.0215363875,1
233,10,0.08202420175,0.1239577234,1
233,18,0.09044581652,0.01745612174,1
233,26,-0.04912741482,-0.08624890447,1
233,34,0.01107510366,0.02769119665,1
233,42,0.1190137342,0.06086032465,1
233,50,0.04699288309,0.09502369165,1
233,58,0.131511569,0.02767597698,1
233,66,0.1429158747,-0.05472580716,1
233,74,-0.01410261542,0.09643834084,1
233,82,0.02669669688,0.08271993697,1
233,90,0.2256623507,0.09990526736,1
233,98,0.1809956729,0.2189578414,1
233,106,0.02018658817,0.2057994902,1
233,114,-0.06037371606,0.2241108865,1
233,122,-0.1042080522,0.1305684596,1
233,130,-0.1046003401,0.2500826716,1
233,138,-0.01221753657,0.1136332005,1
233,146,-0.002196751535,-0.02595374361,1
233,154,-0.1497159451,0.0027182661,1
233,162,-0.04563910142,0.03063452989,1
233,170,0.1372787058,0.02210112661,1
241,10,0.08488743007,0.06243545562,1
241,18,-0.02874926105,-0.006911074743,1
241,26,-0.1761918962,0.07684259862,1
241,34,-0.1173777357,0.08389900625,1
241,42,-0.04963345081,0.2017742991,1
241,50,-0.01969482005,0.1422727406,1
241,58,0.05339194834,-0.004215668887,1
241,66,0.1383759975,-0.08053680509,1
241,74,0.1208323836,-0.07246211171,1
241,82,0.04449133575,-0.04058435559,1
241,90,0.1235690713,-0.03535140678,1
241,98,0.04816175252,0.05152846873,1
241,106,0.09065100551,0.1181627661,1
241,114,0.04285162687,0.1226812005,1
241,122,-0.09614300728,0.1135065779,1
241,130,-0.03136366978,0.08536100388,1
241,138,0.02473992854,-0.005417257547,1
241,146,0.126806438,-0.1480504572,1
241,154,0.05837816745,-0.1150255948,1
241,162,0.021283729,0.1119085103,1
241,170,0.0003994330764,0.09887361526,1
249,10,0.04119313881,-0.0425484851,1
249,18,-0.05248481035,0.02014976367,1
249,26,-0.1486343145,0.06946784258,1
249,34,-0.07975479215,0.1780305505,1
249,42,0.02021412738,0.1389359385,1
249,50,0.08845686913,0.05419628322,1
249,58,0.09731509537,0.02588764206,1
249,66,0.09947099537,0.003066855483,1
249,74,0.1635878384,-0.124354504,1
249,82,0.09316775203,-0.1328628659,1
249,90,-0.0002868771553,0.00174547825,1
249,98,0.002608172596,0.04656362906,1
249,106,0.04966367781,0.06808302552,1
249,114,-0.001755767968,-0.1172383428,1
249,122,-0.1196662337,0.07077794522,1
249,130,0.01671393402,-0.001833572052,1
249,138,0.09051643312,-0.08201177418,1
249,146,0.1885594279,-0.1265102327,1
249,154,0.230961442,-0.1658844352,1
249,162,0.1093261465,-0.02109041065,1
249,170,-0.01278921962,0.2007515728,1
257,10,0.03130596131,-0.1554400623,1
257,18,-0.03394760191,-0.05084929615,1
257,26,-0.0793491751,-0.05374277383,1
257,34,0.08288881183,-0.02145557851,1
257,42,0.2431969494,-0.005222916603,1
257,50,0.1346661448,-0.1506641805,1
257,58,-0.008686374873,-0.04497531056,1
257,66,-0.04608796164,-0.04576485604,1
257,74,0.1159966066,-0.06488061696,1
257,82,0.165528357,-0.110585615,1
257,90,-0.01619062573,-0.03714461252,1
257,98,-0.01457264274,-0.0325794518,1
257,106,0.0025116615,0.05514785647,1
257,114,-0.08084640652,-0.05353653431,1
257,122,-0.1391899139,0.04545345157,1
257,130,-0.0141680222,-0.01807911508,1
257,138,0.08353348076,-0.08961546421,1
257,146,0.05451066419,-0.06011105701,1
257,154,0.04775062203,-0.043330051,1
257,162,-0.01306510717,-0.03219746053,1
257,170,-0.05935848504,0.132562384,1
265,10,-0.0241701398,-0.2153779417,1
265,18,-0.03523817658,-0.2253531516,1
265,26,0.03853446245,-0.02067359351,1
265,34,0.1233080998,0.08272086829,1
265,42,0.1363443434,0.07556150854,1
265,50,0.0336144194,-0.06422061473,1
265,58,-0.005352366716,-0.05656025931,1
265,66,-0.08330252767,-0.1497928649,1
265,74,-0.1345318705,-0.01848663017,1
265,82,-0.02248776332,-0.03880821168,1
265,90,0.05902513862,-0.1798171699,1
265,98,0.06233868375,-0.1491343081,1
265,106,-0.04349824414,-0.003950010985,1
265,114,-0.08821324259,0.0323843658,1
265,122,-0.1056739613,0.03170176223,1
265,130,-0.007956823334,-0.1005991027,1
265,138,0.03969857842,-0.05099595338,1
265,146,-0.1212398484,0.02750091068,1
265,154,-0.06990690529,0.01288542151,1
265,162,0.08083018661,-0.0444842577,1
265,170,0.129306674,-0.02512764558,1
273,10,-0.07427734882,-0.133003071,1
273,18,-0.02851787396,-0.1561962515,1
273,26,0.09352996945,-0.008367549628,1
273,34,-0.006967339665,-0.036597386,1
273,42,0.05664540082,0.05433252081,1
273,50,-0.05487535521,0.1009975076,1
273,58,-0.1555077732,0.07881228626,1
273,66,-0.1894860566,-0.122144416,1
273,74,-0.1644629985,0.04981173575,1
273,82,-0.1255763769,-0.03885802627,1
273,90,-0.1338200569,-0.1770567596,1
273,98,0.1525865048,-0.03106472269,1
273,106,0.08398348838,0.05812881142,1
273,114,0.03123941272,0.189021647,1
273,122,0.126135841,0.01050263643,1
273,130,0.2041031122,-0.02249295637,1
273,138,0.04670188576,-0.01448804326,1
273,146,-0.2575555444,0.1577923,1
273,154,-0.1640208364,0.0900907293,1
273,162,-0.06699813902,0.005059190094,1
273,170,0.05388702452,-0.1014465392,1
281,10,-0.006581995636,-0.09593120962,1
281,18,0.1392364204,-0.07044556737,1
281,26,0.04175660759,-0.09121997654,1
281,34,0.0627836585,-0.1397840828,1
281,42,0.08192297816,0.1065450534,1
281,50,-0.09186439961,0.129970476,1
281,58,-0.05420540273,0.1364113092,1
281,66,-0.2406365573,-0.02742228657,1
281,74,-0.2755280137,-0.08286993206,1
281,82,-0.1234761477,-0.1470741183,1
281,90,0.02921850979,-0.1125784665,1
281,98,0.06533353031,0.06825178117,1
281,106,0.0987220034,0.1622909158,1
281,114,0.1796559691,0.1866412461,1
281,122,0.1561840177,0.05429019779,1
281,130,0.1259616017,0.09726275504,1
281,138,0.009952524677,0.01478540897,1
281,146,-0.1112235412,-0.002102496102,1
281,154,-0.1151315272,0.08129470795,1
281,162,-0.05853557959,0.05796965584,1
281,170,0.09396706522,-0.09119209647,1
289,10,-0.182913661,-0.02830334008,1
289,18,0.04075977206,-0.02551849931,1
289,26,0.07466221601,-0.09189432114,1
289,34,0.07622534037,0.07554784417,1
289,42,0.1113748252,0.1297526956,1
289,50,0.04315449297,0.03621359915,1
289,58,-0.1579221338,-0.002913244069,1
289,66,-0.2114285529,0.01714552194,1
289,74,-0.2543978095,-0.1551423073,1
289,82,-0.1165691763,-0.2045874894,1
289,90,0.09514399618,-0.005029566586,1
289,98,0.02614201605,-0.007821124047,1
289,106,0.0702265203,0.04207476601,1
289,114,0.1387805045,0.1635623276,1
289,122,0.09928809106,0.03995611146,1
289,130,0.003243044019,-0.03794713691,1
289,138,-0.09451200068,-0.06884544343,1
289,146,-0.1930255741,-0.1007160619,1
289,154,-0.0753814131,0.05216088891,1
289,162,0.02162045054,0.06893736124,1
289,170,0.1367833018,0.02596300468,1
297,10,-0.06800284982,0.1314145178,1
297,18,0.0636857599,0.08639749885,1
297,26,0.101644665,0.09230536222,1
297,34,-0.07637079805,0.1627325267,1
297,42,0.009265232831,-0.01268688962,1
297,50,0.05567933246,-0.04271872342,1
297,58,-0.08750286698,-0.1091740578,1
297,66,-0.01978429407,0.09263473749,1
297,74,0.00143077597,0.11580275,1
297,82,-0.004349086434,-0.05712938309,1
297,90,0.007903568447,0.01422165707,1
297,98,0.0694552362,-0.08450762928,1
297,106,0.2229840755,-0.06192339212,1
297,114,0.1376465559,-0.01258568466,1
297,122,0.04403282329,0.03376531973,1
297,130,0.06786886603,-0.1096661538,1
297,138,-0.002676349133,-0.1074008718,1
297,146,0.002501302399,-0.1005403697,1
297,154,0.05589032173,0.1016290262,1
297,162,0.06522853673,0.108755812,1
297,170,0.1770251989,0.09665727615,1
305,10,0.06316588819,0.1744521856,1
305,18,0.04877280816,0.05631972104,1
305,26,-0.125609532,-0.00622792542,1
305,34,-0.07035438716,0.007581830025,1
305,42,-0.03895770013,-0.01000225917,1
305,50,-0.03422395885,-0.08228261769,1
305,58,-0.01509868354,-0.1055413187,1
305,66,0.01167534292,0.1751005948,1
305,74,0.1053478718,0.2731613219,1
305,82,0.30821383,0.1414656043,1
305,90,0.1731441766,0.009269867092,1
305,98,0.1209918261,0.08486969024,1
305,106,0.1521696746,0.01458573714,1
305,114,-0.02462340891,-0.04028805718,1
305,122,0.06245002151,0.1353821158,1
305,130,0.1389577389,0.06524014473,1
305,138,0.01446247101,-0.05639733374,1
305,146,0.04528037459,-0.09794490784,1
305,154,0.07929323614,0.07162834704,1
305,162,-0.01173622161,0.05720357969,1
305,170,0.1218018234,0.07169421762,1
313,10,0.09435553849,0.04449191689,1
313,18,-0.03681271523,-0.03141015396,1
313,26,-0.08199320734,-0.2063045502,1
313,34,-0.06888702512,-0.04304664955,1
313,42,-0.09971062839,0.06798015535,1
313,50,-0.07237385958,-0.1095910072,1
313,58,0.01215167902,-0.1427511275,1
313,66,-0.05986589193,0.158976078,1
313,74,-0.03661350906,0.2640183866,1
313,82,-0.02843275666,0.2717981637,1
313,90,0.09830059111,0.1534565091,1
313,98,0.2862226963,0.1358997077,1
313,106,0.1684023589,0.1445420682,1
313,114,-0.01452340558,0.1478538066,1
313,122,0.07265207171,0.1411817372,1
313,130,0.08582189679,0.0885656327,1
313,138,0.0007250085473,-0.006497375667,1
313,146,0.08425942063,-0.02201668173,1
313,154,0.1122160479,0.09333015978,1
313,162,0.09882342815,0.03573443741,1
313,170,0.1321102083,0.08484825492,1
321,10,0.1128975898,-0.03596147522,1
321,18,0.004843329079,-0.02883478627,1
321,26,-0.1007379666,-0.03111066297,1
321,34,-0.2242624462,0.05464603007,1
321,42,-0.1372954547,0.0232180804,1
321,50,0.1685821265,-0.07123805583,1
321,58,0.0623620972,-0.1263295561,1
321,66,0.01107336953,0.02336486429,1
321,74,-0.008212909102,0.05904846638,1
321,82,-0.04283514991,0.112967819,1
321,90,0.05955371261,0.07279706001,1
321,98,0.229740113,0.02983155847,1
321,106,0.03100325167,-0.01852895692,1
321,114,-0.02084789053,0.07274757326,1
321,122,0.06982088089,0.08391472697,1
321,130,-0.05060522258,0.08114650846,1
321,138,0.01023102179,0.09324670583,1
321,146,0.09116978943,0.1351435333,1
321,154,0.1196062267,0.1341155171,1
321,162,0.1197057441,0.06856480986,1
321,170,0.1208389029,0.1213746518,1
329,10,0.06578981131,-0.02239501476,1
329,18,-0.03003485501,-0.02403098159,1
329,26,-0.03920004517,-0.01001259312,1
329,34,-0.1547758281,0.08866362274,1
329,42,-0.06837598979,0.03214036673,1
329,50,0.05119468272,0.05251180381,1
329,58,-0.05104032531,-0.08239008486,1
329,66,0.06498838961,-0.1210781708,1
329,74,0.04978104681,-0.06381739676,1
329,82,0.1441043019,-0.1423064917,1
329,90,0.2100749016,-0.0556765385,1
329,98,0.1113326177,-0.02197147906,1
329,106,0.06743551791,-0.07573626935,1
329,114,0.171767205,0.03319697827,1
329,122,0.06693561375,0.1173660159,1
329,130,-0.04054255038,0.01369906217,1
329,138,0.04871818423,0.1044192016,1
329,146,0.0882627666,0.1652137488,1
329,154,0.09957741201,0.08707739413,1
329,162,0.1707291454,0.02363246679,1
329,170,0.2450381815,-0.003390967846,1
337,10,0.02926510572,0.005382671952,1
337,18,-0.1192962304,-0.04347660393,1
337,26,-0.0307752192,-0.02454799041,1
337,34,0.1121922359,0.1015816033,1
337,42,0.1141556799,0.05570551753,1
337,50,-0.04762867838,0.09223891795,1
337,58,-0.1797576845,-0.1435086727,1
337,66,-0.05567915738,-0.1693899632,1
337,74,0.1148976758,-0.04900539666,1
337,82,0.2041271329,-0.000497020781,1
337,90,0.1795012653,0.07104603946,1
337,98,0.08922803402,-0.02796336263,1
337,106,0.05754232407,0.09505996853,1
337,114,0.113454625,0.1632192433,1
337,122,0.007605940104,0.1926085651,1
337,130,-0.07348382473,-0.04962757975,1
337,138,0.00345851481,0.1326464117,1
337,146,0.07409199327,0.2191588581,1
337,154,0.1283904165,0.2096877694,1
337,162,0.1428197473,0.03934920579,1
337,170,0.02900084108,-0.2393053472,1
345,10,0.2221590281,0.002521239221,1
345,18,0.1583692729,-0.0186266005,1
345,26,0.1788801104,-0.05359493196,1
345,34,0.170521751,0.1527043283,1
345,42,0.1391001046,0.07099938393,1
345,50,0.1617415994,-0.02754749544,1
345,58,-0.1479994804,-0.1985072792,1
345,66,-0.05989775062,-0.07476487756,1
345,74,0.1161312759,0.01309332997,1
345,82,0.1051769555,0.05967687443,1
345,90,0.1159996539,0.0695707798,1
345,98,0.05725084245,-0.08386490494,1
345,106,0.04069468379,0.197404027,1
345,114,0.08906960487,0.1763862371,1
345,122,0.1117292717,0.1673610955,1
345,130,0.04270387441,-0.01144623384,1
345,138,0.1010837331,0.01920078322,1
345,146,0.1423687339,0.1201839149,1
345,154,0.11074844,0.2287165225,1
345,162,0.05379556119,0.0638884753,1
345,170,0.04812309146,-0.1459529996,1
353,10,0.1566338092,0.1632728577,1
353,18,0.1324661523,0.1095939204,1
353,26,-0.02253910527,0.03064347804,1
353,34,-0.06790085137,0.1659418344,1
353,42,0.0485390164,0.1716209948,1
353,50,-0.03318603337,-0.03216993809,1
353,58,-0.05516439676,-0.07350150496,1
353,66,0.05628730729,0.06530687213,1
353,74,0.2932879627,0.02138537169,1
353,82,0.233881548,-0.01538270712,1
353,90,0.0620637089,0.080876261,1
353,98,0.03613354266,-0.004001617432,1
353,106,0.1067029834,0.2142262757,1
353,114,0.1078512594,0.1433783621,1
353,122,0.1483582258,0.05415517837,1
353,130,0.1355325133,0.03412235901,1
353,138,0.05539343506,-0.0463401489,1
353,146,0.05675216764,-0.06313315779,1
353,154,0.00499945879,-0.03336632997,1
353,162,-0.05700850487,0.0250428617,1
353,170,0.01229643077,0.0001027435064,1
361,10,0.1269988418,0.1514301747,1
361,18,0.07452203333,0.1751326621,1
361,26,-0.1415886581,-0.0007176361978,1
361,34,-0.05744733661,0.166343987,1
361,42,0.03875381127,0.1816213578,1
361,50,0.1006038412,-0.01534613967,1
361,58,0.00489294529,0.03329170495,1
361,66,0.01797133312,0.1026173159,1
361,74,0.07992042601,0.0735148713,1
361,82,0.1073731109,-0.0260848999,1
361,90,0.07188585401,0.004533924162,1
361,98,0.1575109512,0.02950600535,1
361,106,0.2149065435,0.181832388,1
361,114,0.1399725378,0.1462321281,1
361,122,0.0597769767,0.07711023837,1
361,130,0.03254161775,0.1103745848,1
361,138,0.01997408271,0.01822785102,1
361,146,-0.0006354805082,-0.06304157525,1
361,154,0.03437867761,-0.04191806167,1
361,162,0.04275011271,-0.005028503947,1
361,170,-0.03097126633,-0.003144517541,1
369,10,0.06697527319,0.02126704901,1
369,18,-0.1084820926,0.08418078721,1
369,26,-0.07950502634,-0.06990107894,1
369,34,-0.001216990873,0.1111277938,1
369,42,0.005917958915,0.03512001783,1
369,50,0.0408275798,-0.03475183249,1
369,58,0.04221909493,0.06209924445,1
369,66,-0.007696080953,0.06293074787,1
369,74,0.06508915126,0.03051464446,1
369,82,0.2865841389,0.02150114253,1
369,90,0.1992266625,-0.05960085988,1
369,98,0.220730722,0.002658568323,1
369,106,0.1234622225,0.1094262078,1
369,114,0.03491462022,0.1574863493,1
369,122,0.161549136,0.1412314326,1
369,130,0.09770878404,0.04016107693,1
369,138,0.0167214945,0.002462711185,1
369,146,0.03340153024,0.007359756157,1
369,154,-0.04298864305,-0.01336029358,1
369,162,0.05037812889,-0.00476483535,1
369,170,0.1370055377,-0.0171086695,1
377,10,0.0765927732,-0.04722520709,1
377,18,-0.06404212862,-0.02917905897,1
377,26,-0.09755153209,-0.04229289293,1
377,34,-0.05923871696,0.02589705214,1
377,42,-0.05195094645,0.1046136692,1
377,50,0.1335649192,0.03174261749,1
377,58,0.2203527987,0.02160188369,1
377,66,0.160071969,-0.06079617143,1
377,74,0.123452276,-0.08123546094,1
377,82,0.16283077,-0.08567395806,1
377,90,0.1614937037,0.05332750827,1
377,98,0.2442896366,0.02318915166,1
377,106,0.04652608559,-0.04675781727,1
377,114,-0.09325722605,-0.04669478163,1
377,122,0.2381935716,-0.02464628965,1
377,130,0.09177833796,0.03784218431,1
377,138,0.07002414018,0.03952805325,1
377,146,0.0706898272,0.007074223831,1
377,154,-0.03197596967,-0.05420831591,1
377,162,-0.005287090316,-0.05282216519,1
377,170,0.01540255919,-0.07676954567,1
385,10,-0.02295330539,-0.1870689094,1
385,18,0.05120255053,-0.1802329421,1
385,26,-0.002927787602,-0.01846123859,1
385,34,-0.009935263544,0.08567091823,1
385,42,0.08160965145,0.1401035637,1
385,50,0.1124211103,0.0553798452,1
385,58,0.1361938119,0.0523173511,1
385,66,0.06644067168,-0.004004752263,1
385,74,0.03747929633,-0.109592326,1
385,82,0.09889619797,-0.1187463477,1
385,90,0.03396827728,0.09658128768,1
385,98,-0.02774329111,0.009452596307,1
385,106,-0.03070082888,-0.08958675712,1
385,114,-0.07691110671,-0.08960432559,1
385,122,-0.0612013936,-0.01160012744,1
385,130,-0.09639344364,0.1141613573,1
385,138,-0.1129940972,0.173418805,1
385,146,-0.05667065829,0.0008426941931,1
385,154,0.02690013871,-0.09499783814,1
385,162,0.04925305396,-0.1476318538,1
385,170,-0.00911886245,-0.1721482277,1
393,10,-0.06193229184,-0.2160439789,1
393,18,-0.06748765707,-0.2218414992,1
393,26,-0.07427509129,0.001356992871,1
393,34,-0.1342769265,0.143117398,1
393,42,-0.252186656,-0.09400533885,1
393,50,-0.2348970473,0.02767902613,1
393,58,-0.1260817647,0.04834990576,1
393,66,-0.06210837513,-0.02623556182,1
393,74,-0.009665604681,-0.1104292199,1
393,82,0.1189566553,-0.1519799829,1
393,90,0.05722341686,-0.1566307843,1
393,98,-0.01974526048,-0.04048323631,1
393,106,0.0180644244,-0.06599516422,1
393,114,-0.1224230677,0.004978466779,1
393,122,-0.1619873792,0.03146864474,1
393,130,-0.1101566181,0.08925682306,1
393,138,-0.009102717042,0.07990011573,1
393,146,0.07748614252,0.02719721198,1
393,154,0.0381256789,0.07034585625,1
393,162,0.07430844754,-0.02458414808,1
393,170,-0.03666161001,-0.1189777553,1
401,10,0.00634926185,-0.08775107563,1
401,18,-0.1885096431,-0.09039615095,1
401,26,-0.203002885,0.02030776069,1
401,34,0.07700918615,-0.07267723233,1
401,42,-0.07647873461,-0.05369957909,1
401,50,-0.08483035862,0.08273929358,1
401,58,-0.005225911736,0.08075981587,1
401,66,0.05732427165,-0.04762602597,1
401,74,0.01163063943,-0.0173663795,1
401,82,0.03779264167,0.1100469381,1
401,90,0.05513885245,-0.1123942733,1
401,98,0.02278367803,0.01437270455,1
401,106,0.1393231153,-0.0139285624,1
401,114,0.08231323957,-0.1104650423,1
401,122,-0.08108646423,-0.02120149136,1
401,130,-0.04241109267,0.02489616349,1
401,138,0.0223878473,0.03152577579,1
401,146,0.1527577937,0.0207137689,1
401,154,0.1730426103,0.1275656372,1
401,162,0.1533680856,0.102579549,1
401,170,0.1119915172,-0.03404437378,1
409,10,-0.1737074405,-0.08152979612,1
409,18,-0.2078323364,0.1183546036,1
409,26,-0.2112666816,0.1053597853,1
409,34,0.02859514579,-0.05892499909,1
409,42,0.02679568902,-0.1342767179,1
409,50,-0.01679570414,0.04315828532,1
409,58,0.02729831636,0.1008601934,1
409,66,0.1137354672,0.01153194904,1
409,74,-0.03836188838,0.09279131889,1
409,82,-0.04188486189,0.3886042237,1
409,90,-0.1339641809,0.06242296845,1
409,98,-0.2944201827,0.005404882133,1
409,106,-0.06309105456,-0.07751362026,1
409,114,0.05824549124,-0.07727576792,1
409,122,0.08455929905,-0.05397705361,1
409,130,0.03502705321,-0.001086510718,1
409,138,-0.01100200228,0.0763822943,1
409,146,0.04314552248,-0.02354865894,1
409,154,0.195112139,0.01878066361,1
409,162,0.1284096092,0.08937935531,1
409,170,0.1081002727,0.06723365188,1
417,10,-0.02453951538,0.0761167109,1
417,18,-0.0254329592,0.389983058,1
417,26,-0.09190682322,0.3378230929,1
417,34,0.03945292905,0.1782604456,1
417,42,0.03409428895,-0.2283506989,1
417,50,-0.04397632927,-0.1706499159,1
417,58,-0.1845262051,-0.01795963943,1
417,66,-0.07117126137,0.09756363183,1
417,74,0.05625298247,0.3272876143,1
417,82,0.002193063498,0.3889971673,1
417,90,-0.06226453185,0.1550222635,1
417,98,-0.1151771545,0.003869749606,1
417,106,0.01744223014,-0.007112521678,1
417,114,0.2459714413,0.03805544227,1
417,122,0.2455714941,-0.01702046208,1
417,130,0.05959233642,-0.0272587426,1
417,138,-0.07652623951,0.01812756062,1
417,146,-0.222964853,-0.1010086685,1
417,154,-0.2382531464,-0.09542029351,1
417,162,-0.09809967875,0.01176004112,1
417,170,0.2043367028,0.2206627429,1
