PIVlab, ASCII chart output - 02-Aug-2025
FRAME: 294, filenames: A:[294]FullStack_Pos0035_TgUtrmcherry_K4K8MO-1.avi & B:[295]FullStack_Pos0035_TgUtrmcherry_K4K8MO-1.avi, conversion factor xy (px -> m): 1, conversion factor uv (px/frame -> m/s): 1
x [px],y [px],u [px/frame],v [px/frame],Vector type [-]
9,10,-0.2838232517,0.2272717357,1
9,18,0.330064714,0.225782752,1
9,26,0.4028588533,0.1862449646,1
9,34,0.2272302806,0.1764391959,1
9,42,-0.01216037571,0.18735829,1
9,50,-0.09649565816,0.03493571281,1
9,58,-0.1740117669,-0.2783712149,1
9,66,-0.2671589255,-0.1409014165,1
9,74,-0.144868806,0.06575788558,1
9,82,-0.1120338067,0.1286149621,1
9,90,-0.09500280768,-0.05029328912,1
9,98,0.03852586448,-0.1884430498,1
9,106,0.1921914518,-0.1711599827,1
9,114,0.1286225915,-0.03793231025,1
9,122,-0.1071975157,0.1449364126,1
9,130,-0.1615168899,-0.03334280849,1
9,138,-0.1039485037,0.1242842078,1
9,146,-0.05159860849,0.0149852708,1
9,154,-0.04897296429,0.04016421363,1
9,162,-0.08058074117,0.0265788734,1
9,170,0.07205751538,0.362498939,1
17,10,0.04484829307,0.05482850969,1
17,18,0.1354404688,-0.08963027596,1
17,26,0.139305532,0.112437658,1
17,34,0.04310652614,0.1671813428,1
17,42,-0.09235008061,0.1763843,1
17,50,-0.05453115329,0.1310616434,1
17,58,-0.07969430834,0.04545806721,1
17,66,-0.156780839,-0.02779281884,1
17,74,-0.08502636105,0.07189138234,1
17,82,-0.003733180463,0.1736543924,1
17,90,-0.02892326191,-0.009557589889,1
17,98,-0.06208448112,-0.1198390275,1
17,106,-0.05464653298,-0.1671021432,1
17,114,-0.1274589002,-0.02192384936,1
17,122,-0.07637217641,0.1139671579,1
17,130,-0.132891953,0.08286003023,1
17,138,-0.1140569225,0.09627415985,1
17,146,0.03595361114,0.05767845362,1
17,154,0.02204073034,0.02027296275,1
17,162,0.1039885059,0.04908901453,1
17,170,0.1933344454,0.2236060798,1
25,10,0.1017044932,0.03591242433,1
25,18,0.08913913369,-0.1449230611,1
25,26,0.04137773067,-0.03044593334,1
25,34,0.06027562916,0.09308961034,1
25,42,0.06627834588,0.2267618477,1
25,50,-0.1093876809,0.1925119013,1
25,58,-0.05026012287,0.2135067731,1
25,66,0.04831292853,0.1584256887,1
25,74,-0.04992826656,0.1676468849,1
25,82,0.03920353577,0.121688202,1
25,90,-0.01185462624,-0.02959092893,1
25,98,-0.04163060337,-0.0536721684,1
25,106,-0.03843106329,-0.166424647,1
25,114,-0.1651512384,-0.04957637191,1
25,122,-0.3292738199,-0.05525369942,1
25,130,-0.1764051318,0.03992332518,1
25,138,0.04852864519,0.09534781426,1
25,146,0.1601290405,0.1321812868,1
25,154,0.02966738492,0.1822393686,1
25,162,0.1137001738,0.2595497072,1
25,170,0.1701487899,0.1145758703,1
33,10,-0.005654068664,0.1178530902,1
33,18,-0.0489416495,0.05689077079,1
33,26,0.02958273143,-0.1005575806,1
33,34,0.06409975886,0.04918807,1
33,42,0.04356768355,0.09856472909,1
33,50,-0.01907036826,0.2163491249,1
33,58,-0.08927065879,0.3572095037,1
33,66,-0.1285884976,0.1634666622,1
33,74,-0.1252411157,0.1094078273,1
33,82,0.01806097478,0.009627871215,1
33,90,0.03428355232,-0.002531114966,1
33,98,-0.09370847791,0.09399155527,1
33,106,-0.07390674204,-0.09585821629,1
33,114,0.01749715209,-0.0615304783,1
33,122,-0.0442000851,-0.07571911812,1
33,130,-0.01789452136,-0.0464849025,1
33,138,0.06295803189,-0.03609701991,1
33,146,0.03850620985,0.1450086832,1
33,154,-0.05860821903,0.1063353345,1
33,162,0.05671598762,0.159621194,1
33,170,0.02583946288,0.07869033515,1
41,10,-0.06933750957,0.05493736267,1
41,18,-0.0894799754,0.09642626345,1
41,26,-0.1669498533,0.05910572037,1
41,34,0.004780884832,0.1261625588,1
41,42,0.02275424451,-0.005128726363,1
41,50,-0.02632845193,0.03719851375,1
41,58,-0.1275182217,0.08902757615,1
41,66,-0.200829491,0.02338303626,1
41,74,-0.1360905617,0.01493436098,1
41,82,-0.07003423572,-0.1277513206,1
41,90,0.002766802907,-0.07172998786,1
41,98,7.893890142e-05,0.03670387343,1
41,106,-0.1528144032,-0.07309256494,1
41,114,-0.1058843508,-0.0241035074,1
41,122,-0.05425099283,0.05246476084,1
41,130,0.02135135233,-0.05041314662,1
41,138,0.08780361712,0.1077710837,1
41,146,-0.01003327593,0.2283940464,1
41,154,-0.1503271013,0.003201004118,1
41,162,-0.02351770736,-0.02249661833,1
41,170,-0.0178723,0.08665205538,1
49,10,-0.09518581629,0.08741784096,1
49,18,0.1036911383,0.06352047622,1
49,26,0.06026791036,0.109973982,1
49,34,-0.02460052073,0.03077919036,1
49,42,0.05287139118,0.01105089486,1
49,50,-0.1383697987,0.01427284628,1
49,58,-0.2225183845,-0.006174236536,1
49,66,-0.02942687273,-0.007309272885,1
49,74,0.03103455156,0.005041286349,1
49,82,-0.1128527075,-0.0405986011,1
49,90,-0.04356986284,0.03741030395,1
49,98,0.02472472191,0.01574553922,1
49,106,-0.1771483868,-0.0745896548,1
49,114,-0.1643084884,0.03110725805,1
49,122,-0.01573249325,0.09835970402,1
49,130,-0.02063728869,0.07688158005,1
49,138,0.0583024919,0.1486086845,1
49,146,0.06245806068,0.192664668,1
49,154,-0.04852564633,0.07742450386,1
49,162,0.03053826094,-0.02263127267,1
49,170,-0.01441362128,0.1461614668,1
57,10,-0.08473090827,0.2238378972,1
57,18,0.1528269351,0.1536393613,1
57,26,0.3511186242,-0.01654832065,1
57,34,0.3984926343,-0.102645278,1
57,42,0.1784271598,0.1794630885,1
57,50,-0.1105629206,0.1700665653,1
57,58,-0.193978101,0.1097740233,1
57,66,-0.02887441963,0.07440096885,1
57,74,-0.05020752549,0.1138328016,1
57,82,-0.1605611742,0.09148514271,1
57,90,-0.07432803512,0.2302630842,1
57,98,-0.05927111581,0.2452693284,1
57,106,-0.04738074541,-0.01051151007,1
57,114,0.1289855093,-0.01876601577,1
57,122,0.1565845609,0.1410377622,1
57,130,-0.01523761824,0.2149100453,1
57,138,-0.04138301313,0.1290768683,1
57,146,0.06151853502,-0.009229309857,1
57,154,-0.006723605096,0.118375279,1
57,162,-0.003184456378,0.03794941306,1
57,170,0.02704751119,0.2365017384,1
65,10,-0.07195878029,0.2354002148,1
65,18,0.09397384524,0.04187397659,1
65,26,0.424716562,-0.1187790036,1
65,34,0.2493081093,-0.1109902859,1
65,42,0.05915208161,0.09128867835,1
65,50,-0.1142296046,0.103343606,1
65,58,-0.07045269758,0.01315535232,1
65,66,-0.007188826799,0.0145740211,1
65,74,-0.1101039052,0.134318158,1
65,82,-0.2077933699,0.06472939253,1
65,90,-0.0629825443,0.2293518782,1
65,98,-0.08809239417,0.2884185314,1
65,106,0.0168209374,0.1014791504,1
65,114,0.1861625612,0.03799004108,1
65,122,0.1304577142,0.1934745908,1
65,130,0.009314712137,0.326944232,1
65,138,-0.03676006943,0.06201676279,1
65,146,0.07641254365,-0.01263096556,1
65,154,0.09257280082,0.03654048219,1
65,162,0.04043982178,-0.0007817037404,1
65,170,0.00352511555,0.09854990244,1
73,10,0.08714693785,0.1082600653,1
73,18,0.09661821276,-0.1862479746,1
73,26,0.0891803652,-0.2315502316,1
73,34,-0.0001772120595,0.03450571001,1
73,42,-0.06582038105,0.1614828557,1
73,50,-0.09390613437,0.122544378,1
73,58,-0.0132701546,0.0246951431,1
73,66,0.1299109757,0.09168668091,1
73,74,-0.0542319268,0.1495613456,1
73,82,-0.1347732842,0.1303071082,1
73,90,-0.09089507908,0.1971593499,1
73,98,-0.07874530554,0.2375552803,1
73,106,0.07805268466,0.1720410585,1
73,114,0.1213575229,0.07924795151,1
73,122,0.1497308314,0.0554247722,1
73,130,0.1220665574,0.1329840869,1
73,138,0.01946445927,-0.07749588788,1
73,146,0.1379675865,-0.09546877444,1
73,154,0.1308205724,-0.1231554225,1
73,162,0.07754042,-0.08173552155,1
73,170,0.1203959286,-0.07624477148,1
81,10,0.2869285345,0.03556765616,1
81,18,0.2353057414,-0.07886055112,1
81,26,0.07719907165,-0.1556703746,1
81,34,-0.04946929961,0.120273307,1
81,42,-0.1223758459,0.2602888942,1
81,50,-0.1065160781,0.3087471724,1
81,58,-0.05325747281,0.03302948922,1
81,66,-0.07106715441,0.1230962351,1
81,74,-0.008728917688,0.1858065426,1
81,82,0.03826089576,0.119502537,1
81,90,0.01575862989,0.1391006559,1
81,98,0.08022792637,0.1339763105,1
81,106,0.122564733,0.08926801383,1
81,114,0.04535577446,0.05950523913,1
81,122,-0.1065883115,-0.01488252729,1
81,130,-0.02724225633,0.01648571342,1
81,138,0.1236863807,-0.07256583869,1
81,146,0.06981219351,-0.1161707342,1
81,154,0.06263054907,-0.127086401,1
81,162,0.1248513013,-0.04905286059,1
81,170,0.1628751606,-0.03766313195,1
89,10,0.1755639017,-0.0231314972,1
89,18,0.1586598009,0.08011672646,1
89,26,0.2071113437,0.1056913957,1
89,34,0.09338159114,0.08993466944,1
89,42,-0.1192824766,0.1962057501,1
89,50,-0.09824382514,0.2441681623,1
89,58,0.05178134143,0.09096549451,1
89,66,-0.00497227395,0.06644489616,1
89,74,0.009664415382,0.1148126423,1
89,82,0.04975616187,0.03534537926,1
89,90,0.1216061115,0.02634590492,1
89,98,0.2419693768,0.06456194818,1
89,106,0.1668519676,0.1694137305,1
89,114,-0.01559045166,0.04605199397,1
89,122,-0.08626937121,-0.01962681115,1
89,130,-0.03278361261,-0.02285857312,1
89,138,0.05333201215,-0.1193055958,1
89,146,-0.001249067485,-0.1185050756,1
89,154,0.01624548435,-0.04445135593,1
89,162,0.09298585355,0.003238655627,1
89,170,-0.04359000921,-0.00850263983,1
97,10,0.1433402896,-0.02593052387,1
97,18,0.09009279311,0.02576204762,1
97,26,0.02483287081,0.02298894525,1
97,34,-0.1148897409,0.1069570705,1
97,42,-0.1033640206,0.07317877561,1
97,50,-0.03031822294,0.137811169,1
97,58,0.08333435655,0.2606551647,1
97,66,0.09967566282,0.02804531157,1
97,74,0.05403186008,-0.07024377584,1
97,82,-0.0508435145,0.01301632077,1
97,90,-0.008639089763,-0.07144203037,1
97,98,0.1971345544,-0.02334349602,1
97,106,0.1734338999,0.2266789675,1
97,114,0.1662317961,0.1151505262,1
97,122,0.09644210339,0.1181212813,1
97,130,-0.03359797597,0.1402896494,1
97,138,-0.07419579476,-0.01769703627,1
97,146,0.06176094338,-0.01319551561,1
97,154,0.2183255702,-0.006645293906,1
97,162,0.1454895735,0.07899714261,1
97,170,-0.01233686507,-0.0383040756,1
105,10,0.2486646324,0.2866207957,1
105,18,0.1986407936,0.00865521282,1
105,26,0.1083839238,-0.08123257756,1
105,34,-0.008221905679,-0.01982882619,1
105,42,-0.1096389517,0.02926255018,1
105,50,-0.1643888354,0.1196579337,1
105,58,0.04541219771,0.1778086126,1
105,66,0.127624318,-0.06326708198,1
105,74,-0.02308949456,-0.1921559274,1
105,82,-0.04134384543,-0.07073486596,1
105,90,0.04003821686,-0.09662632644,1
105,98,0.1187035665,-0.1295049042,1
105,106,0.07681109011,0.07581369579,1
105,114,0.05783433467,0.1284147054,1
105,122,0.05207343772,0.1182885617,1
105,130,-0.1024456173,0.09994314611,1
105,138,-0.09247977287,-0.02080032974,1
105,146,-0.09423471987,0.09741392732,1
105,154,-0.09142369032,0.03230733797,1
105,162,-0.08970493078,0.009329257533,1
105,170,-0.03513870388,0.1128834784,1
113,10,0.1614043415,0.2373867482,1
113,18,0.1473228037,0.1080489308,1
113,26,0.08915635198,0.02610701695,1
113,34,0.03388034925,0.02979907021,1
113,42,-0.1160839945,0.1606371403,1
113,50,-0.1157280207,0.2507683933,1
113,58,0.02085415274,0.203354001,1
113,66,-0.02979863808,0.06745162606,1
113,74,-0.004363004584,-0.2256358564,1
113,82,-0.03029441833,-0.1891461611,1
113,90,-0.06141515821,-0.08521954715,1
113,98,-0.02823229134,-0.1217983514,1
113,106,-0.1301821172,-0.0145855099,1
113,114,-0.08578962088,0.07804170996,1
113,122,0.01954201981,0.1030684784,1
113,130,0.06303440034,0.04055146873,1
113,138,0.05122938752,-0.1572191268,1
113,146,-0.2017947435,0.09533910453,1
113,154,-0.134808749,0.1060132384,1
113,162,-0.02749049291,-0.01422511321,1
113,170,-0.03903826326,0.07311468571,1
121,10,0.08063535392,0.03165411949,1
121,18,0.02194137126,0.08435875177,1
121,26,-0.03524912521,0.1550536007,1
121,34,-0.01098936424,0.1399243772,1
121,42,0.07675079256,0.05638410896,1
121,50,0.02910093218,0.1825670004,1
121,58,-0.009823133238,0.1264895201,1
121,66,-0.07913357019,0.1648060679,1
121,74,-0.03905139118,0.009340539575,1
121,82,-0.1883939654,-0.019893758,1
121,90,-0.1886163354,0.0550878644,1
121,98,-0.1284358054,0.01495603286,1
121,106,-0.1141233146,0.04665607214,1
121,114,-0.09692349285,0.03222668916,1
121,122,-0.07359521091,0.1569952518,1
121,130,0.03906521201,0.1633270979,1
121,138,0.006750571541,-0.1778283268,1
121,146,-0.03401103988,0.002295801416,1
121,154,-0.05056526139,0.03737489134,1
121,162,-0.02266692743,-0.03612919897,1
121,170,0.04519175738,-0.05112507194,1
129,10,-0.002947404981,0.1060257554,1
129,18,0.02410472184,0.04889477789,1
129,26,-0.03369443864,0.1104741767,1
129,34,-0.1339093447,0.07250586897,1
129,42,0.1738812029,0.01735947281,1
129,50,0.2242251039,0.01096326113,1
129,58,0.06555871665,0.0238711834,1
129,66,-0.04051803797,0.004082806408,1
129,74,-0.1560186744,0.0619565174,1
129,82,-0.2309564799,0.09398081899,1
129,90,-0.1772293746,0.01713656448,1
129,98,-0.07550367713,-0.04272934049,1
129,106,-0.01182959974,-0.01534820534,1
129,114,0.126437664,-0.1669905931,1
129,122,0.124980852,0.05492075533,1
129,130,0.06654407084,0.1379878968,1
129,138,0.001904892735,-0.1168731749,1
129,146,-0.06919733435,-0.03335719556,1
129,154,0.02404147387,-0.1175745577,1
129,162,0.1132759377,-0.08181907982,1
129,170,0.07725122571,-0.131619215,1
137,10,-0.1550191492,0.03254523501,1
137,18,-0.04030144215,-0.01165027171,1
137,26,0.01941980049,0.116679281,1
137,34,-0.02628320456,0.2387163937,1
137,42,0.02497126162,0.193031922,1
137,50,0.04877412319,0.02842754126,1
137,58,0.02277076431,0.1065605804,1
137,66,0.03293577582,0.1907661706,1
137,74,-0.1347732544,-0.07391066849,1
137,82,-0.2330787033,-0.0194824934,1
137,90,-0.1211061329,-0.04484362155,1
137,98,0.03800595924,-0.06262601912,1
137,106,0.101751484,0.02876092121,1
137,114,0.1179569736,0.1397941709,1
137,122,0.09500475228,0.02374922112,1
137,130,-0.02091297507,0.07202821225,1
137,138,0.1439377367,0.009748477489,1
137,146,0.04967957735,0.03419022262,1
137,154,0.04390957952,-0.2162782401,1
137,162,0.1500594318,-0.2111033797,1
137,170,-0.0505720675,-0.162703082,1
145,10,-0.09549289942,-0.01369669847,1
145,18,-0.03183737397,-0.003332905471,1
145,26,-0.1222584918,0.133339256,1
145,34,-0.07124379277,0.1094295457,1
145,42,-0.01693845168,0.1447616518,1
145,50,-0.01459045336,0.08790139109,1
145,58,-0.001016694121,0.1345063746,1
145,66,-0.03492040932,0.2604296207,1
145,74,-0.1861155927,-0.06611852348,1
145,82,-0.07865344733,-0.06950316578,1
145,90,-0.009260460734,0.08808247745,1
145,98,0.1462858319,0.04819404334,1
145,106,0.2773667276,0.1646752357,1
145,114,0.1407498568,0.3441089988,1
145,122,0.004878133535,0.05193699151,1
145,130,-0.02813355625,0.03338858485,1
145,138,-0.07239250839,-0.005036260933,1
145,146,-0.01882599294,-0.06062722206,1
145,154,0.1853090823,-0.1159332693,1
145,162,0.1102337614,-0.2087382674,1
145,170,-0.01463975012,-0.1258981973,1
153,10,0.03596594557,-0.02122502029,1
153,18,-0.04669704288,-0.04376917332,1
153,26,-0.1786157638,0.04839647189,1
153,34,-0.02244487591,0.1667578518,1
153,42,0.07054135948,0.1640774608,1
153,50,0.01375143789,0.1863049269,1
153,58,0.06610506028,-0.1229352355,1
153,66,0.0108205257,-0.001301579177,1
153,74,-0.003244336694,-0.1032610014,1
153,82,0.03696537018,-0.07899544388,1
153,90,0.171541512,0.1579473615,1
153,98,0.2544139624,0.2013015747,1
153,106,0.1852440089,0.2575678825,1
153,114,0.1441514492,0.223613888,1
153,122,0.2706485391,0.1582301706,1
153,130,0.1287015826,0.04041368142,1
153,138,0.001257531345,-0.1341948509,1
153,146,0.02903895825,-0.2454143167,1
153,154,0.02120686322,-0.02398069203,1
153,162,0.02263526991,0.007222391665,1
153,170,0.02877113968,-0.0650189966,1
161,10,0.05642192066,0.0499349162,1
161,18,0.0227628313,-0.07226864994,1
161,26,-0.07420757413,-0.05256278813,1
161,34,-0.006365507841,0.2271660864,1
161,42,0.01940571889,0.2001856416,1
161,50,-0.1107071638,0.1475914419,1
161,58,-0.04940842465,-0.271037966,1
161,66,0.05908294395,-0.2636855841,1
161,74,0.03198415786,-0.1351285875,1
161,82,0.06309777498,-0.1005059406,1
161,90,0.1939382553,0.1761901677,1
161,98,0.04843751714,0.4173204899,1
161,106,0.05780725181,0.2409262806,1
161,114,0.1986443698,0.1792481989,1
161,122,0.2720743418,0.2536745369,1
161,130,0.191093713,0.1600390077,1
161,138,0.1419948637,-0.09259277582,1
161,146,0.0957237184,-0.1461960524,1
161,154,-0.04169657454,-0.05601641536,1
161,162,-0.03969603404,-0.02150458843,1
161,170,0.1844700873,-0.1274739206,1
169,10,0.1181676462,0.1190048754,1
169,18,0.08145855367,-0.05070164427,1
169,26,-0.01647447608,-0.006110697985,1
169,34,0.02371865511,0.005369599909,1
169,42,0.03830230981,0.1355134696,1
169,50,0.07060164213,0.1618561447,1
169,58,0.03730615973,-0.0444592908,1
169,66,-0.05258241668,-0.1472688019,1
169,74,0.05183466896,-0.002123082057,1
169,82,0.07597320527,0.3854441643,1
169,90,0.1007742807,0.09719118476,1
169,98,0.03636162356,0.1805946976,1
169,106,-0.02544507384,0.1054275185,1
169,114,0.1558814943,0.01136596501,1
169,122,0.1941439062,0.1078157127,1
169,130,0.150443539,0.08127251267,1
169,138,0.1423403323,0.0213255994,1
169,146,-0.05753221363,-0.07549789548,1
169,154,-0.03895986453,-0.1253623664,1
169,162,0.07191087306,-0.07659009099,1
169,170,0.2320633829,-0.1710119098,1
177,10,0.05378573015,-0.07936739177,1
177,18,0.03304779902,-0.09195435047,1
177,26,-0.04663678259,0.06705565751,1
177,34,0.06219453365,0.06380055845,1
177,42,0.1316596568,0.009895756841,1
177,50,0.04747534543,0.0163577497,1
177,58,0.01380984485,-0.0947592929,1
177,66,0.01229006331,0.1362531781,1
177,74,0.01629295386,0.2014930844,1
177,82,0.04021559656,0.2561488748,1
177,90,0.07069852203,0.1318233609,1
177,98,-0.02156072855,0.03844383359,1
177,106,-0.03391677141,0.04868118465,1
177,114,0.1086210608,0.1319769025,1
177,122,0.1794515103,0.0400971137,1
177,130,0.1564463526,0.03535764292,1
177,138,0.1204190999,-0.0538963601,1
177,146,0.01738969237,-0.148833558,1
177,154,-0.002776486799,-0.04092676938,1
177,162,0.06224295869,-0.05176393688,1
177,170,0.1313019991,-0.1835579425,1
185,10,0.08931943774,-0.0519419536,1
185,18,0.04504227638,0.01199536026,1
185,26,-0.0002982914448,0.0614233464,1
185,34,0.134732157,0.1386719942,1
185,42,0.1187830493,0.02865360305,1
185,50,-0.006816420704,-0.08525437117,1
185,58,-0.1187707707,-0.06809482723,1
185,66,0.027426254,0.0914619565,1
185,74,0.002378707752,0.1705112904,1
185,82,0.03966847807,0.0822487548,1
185,90,0.09199798107,0.1082667187,1
185,98,0.03716658056,-0.01513172872,1
185,106,0.1766109318,0.03656892851,1
185,114,0.1958828866,0.0465863049,1
185,122,0.01055072248,-0.08387160301,1
185,130,-0.004797071218,-0.05882375687,1
185,138,0.03409624472,-0.05872176215,1
185,146,0.06253159046,-0.07214912772,1
185,154,0.04093339294,0.06300027668,1
185,162,0.08432338387,0.06803479046,1
185,170,0.04942250997,-0.04710388184,1
193,10,0.103814587,0.042765975,1
193,18,0.0160876289,0.2146834433,1
193,26,0.1180942953,0.1992317587,1
193,34,0.1218191907,0.02017118037,1
193,42,0.1221881807,0.1440463364,1
193,50,0.09118799865,0.04688033462,1
193,58,0.009326271713,-0.06821596622,1
193,66,-0.04708498716,-0.01620406285,1
193,74,-0.1206195801,0.01487599313,1
193,82,-0.1391075402,-0.03786960617,1
193,90,0.02580906451,0.05711787567,1
193,98,0.1765994281,-0.01347889751,1
193,106,0.185947299,0.05550535768,1
193,114,0.08994510025,-0.04967465997,1
193,122,0.0462070033,-0.2038346976,1
193,130,0.04428569227,-0.0642356649,1
193,138,0.01129059494,-0.02056717128,1
193,146,0.0177391991,-0.05072460324,1
193,154,-0.01493411139,0.09166852385,1
193,162,0.07730834931,0.1586001515,1
193,170,0.1195855886,-0.01354926825,1
201,10,0.139967978,0.01653801277,1
201,18,0.05366183445,0.1601736248,1
201,26,0.02521577477,0.2274564505,1
201,34,0.05725761503,0.08632896096,1
201,42,0.08351031691,0.05366337299,1
201,50,0.1036891937,-0.003045127727,1
201,58,-0.01389694214,-0.03681897745,1
201,66,-0.07774938643,-0.01148591936,1
201,74,-0.06011134014,-0.06395144016,1
201,82,-0.04909238964,-0.1070194468,1
201,90,-0.01419092622,-0.03174944595,1
201,98,0.09507410973,-0.07634408772,1
201,106,0.1638439,-0.01274293102,1
201,114,0.05142020434,0.02046958357,1
201,122,-0.03087063506,-0.1301799417,1
201,130,-0.04041593149,0.03107181191,1
201,138,-0.03071540594,-0.07054926455,1
201,146,-0.009226745926,-0.1211374551,1
201,154,-0.0519092232,0.1281702965,1
201,162,0.04277709872,0.1571988761,1
201,170,0.08519686759,0.006588928401,1
209,10,0.04467268288,0.0771734938,1
209,18,-0.001346036792,0.07126808167,1
209,26,-0.08366432041,0.1793457568,1
209,34,0.02730602771,0.1197078228,1
209,42,-0.008657660335,-0.2243911475,1
209,50,-0.03766984865,-0.1532645822,1
209,58,-0.0729047358,0.01583311334,1
209,66,-0.041262649,0.0552867353,1
209,74,-0.03866899759,0.06768502295,1
209,82,-0.09026480466,-0.04207035527,1
209,90,-2.758856863e-05,-0.1070425957,1
209,98,-0.04403306916,0.0007466133684,1
209,106,-0.02070539072,0.01742144674,1
209,114,-0.01123900712,0.04598909244,1
209,122,-0.01756029017,0.02357646823,1
209,130,0.06249872968,-0.03203052282,1
209,138,0.09111370146,-0.09211856127,1
209,146,0.1441667676,-0.05672670901,1
209,154,-0.008750911802,0.02014623582,1
209,162,-0.07723707706,0.07584302127,1
209,170,-0.01893349737,0.04879549518,1
217,10,-0.2392439991,0.164041847,1
217,18,0.02460992709,0.03953180462,1
217,26,0.07228894532,0.1387348175,1
217,34,-0.008834864944,-0.1099736243,1
217,42,-0.02624775656,-0.2955491543,1
217,50,-0.0006060563028,-0.1690576524,1
217,58,0.04614707083,-0.06871140748,1
217,66,0.1054976881,-0.00571241416,1
217,74,-0.02400664613,0.1010944918,1
217,82,-0.08257983625,0.05453459918,1
217,90,0.04044107348,0.01141292229,1
217,98,0.0399337858,0.08594579995,1
217,106,0.004660066217,0.04058262333,1
217,114,-0.06358862668,0.01255045831,1
217,122,-0.1312271357,0.05129134282,1
217,130,-0.06851562858,-0.007881263271,1
217,138,0.06166363508,-0.07258422673,1
217,146,0.1157144159,-0.05179871619,1
217,154,-0.0112994574,-0.0009270012379,1
217,162,-0.1483503729,0.06657985598,1
217,170,-0.1260243058,0.04497133195,1
225,10,-0.2183441967,0.3216610551,1
225,18,-0.02710235864,0.08101215959,1
225,26,0.08636708558,0.00733204931,1
225,34,0.04097022116,-0.1372982562,1
225,42,0.01103951409,-0.2092669159,1
225,50,-0.002596439794,-0.1365210861,1
225,58,0.05480606854,-0.0642946288,1
225,66,0.08761377633,-0.05309569091,1
225,74,-0.02570841461,-0.05008907244,1
225,82,-0.02889126539,0.1261910647,1
225,90,-0.05309426785,0.157210499,1
225,98,0.006539925933,-0.04719748348,1
225,106,-0.01748342812,-0.03476905823,1
225,114,-0.127539143,-0.04085514694,1
225,122,-0.1733678877,0.09629131109,1
225,130,-0.08803381771,0.06869264692,1
225,138,0.009454522282,-0.100715667,1
225,146,0.08682484925,-0.1532454938,1
225,154,0.09327415377,-0.1241762936,1
225,162,-0.1286013275,-0.1282286048,1
225,170,-0.1778805256,-0.03831025958,1
233,10,0.0815808624,0.4205355942,1
233,18,0.04616691172,0.1243380159,1
233,26,0.1141262501,-0.1105276123,1
233,34,0.1820475459,-0.1716151536,1
233,42,-0.0863058269,-0.1829820424,1
233,50,-0.1133559197,-0.1162523553,1
233,58,-0.03458020091,-0.08250487596,1
233,66,-0.009997181594,-0.0621359162,1
233,74,-0.04858974367,0.003437999636,1
233,82,-0.1224721894,0.1811731458,1
233,90,-0.03145855665,0.08238846064,1
233,98,0.08680194616,0.007315136492,1
233,106,0.08123826236,-0.08677177131,1
233,114,-0.2196736932,0.007145993412,1
233,122,-0.2154858708,0.1200941727,1
233,130,-0.0389464125,0.1378987283,1
233,138,0.0532367602,-0.05465791374,1
233,146,0.1659495234,-0.1585449576,1
233,154,0.2379531264,-0.3147574663,1
233,162,0.04503535107,-0.2763825059,1
233,170,-0.1356054693,-0.009918436408,1
241,10,0.1359541714,0.2148827463,1
241,18,0.1968661249,-0.03223911673,1
241,26,0.1496453583,-0.09873074293,1
241,34,0.04515305907,-0.1002717167,1
241,42,-0.08108651638,-0.09866663069,1
241,50,-0.05329032615,-0.00286231935,1
241,58,-0.03406543285,-0.143741861,1
241,66,-0.0814216882,-0.07606913149,1
241,74,-0.1434126496,0.1619847864,1
241,82,-0.09809117019,0.06052624434,1
241,90,0.05683200434,0.0534806177,1
241,98,0.2038240731,0.1240057051,1
241,106,0.07357830554,-0.06887086481,1
241,114,-0.1064673811,0.07194572687,1
241,122,-0.07054053247,0.1984612048,1
241,130,0.0287391413,0.1642102003,1
241,138,0.09579710662,-0.007139589638,1
241,146,0.1632449627,-0.153601855,1
241,154,-0.01737956703,-0.1666817665,1
241,162,-0.1217304319,-0.2060071528,1
241,170,-0.1501514912,0.03595155478,1
249,10,0.2598449886,0.1007070988,1
249,18,0.2660679817,0.1150847375,1
249,26,0.1149765924,0.01054111868,1
249,34,0.0113051869,0.02240807191,1
249,42,-0.1122255474,-0.05701960623,1
249,50,-0.1322696805,0.09439715743,1
249,58,0.04767667502,-0.05177633464,1
249,66,-0.06364109367,0.004395157099,1
249,74,-0.1266981363,0.0661578998,1
249,82,-0.1940039843,0.03497085348,1
249,90,-0.1990977824,0.04101032019,1
249,98,-0.1831487417,-0.01517539006,1
249,106,-0.127024442,-0.01037257165,1
249,114,-0.07156608254,0.09998943657,1
249,122,-0.1594909579,0.1567645669,1
249,130,-0.003965813667,0.06389846653,1
249,138,0.05245839432,-0.08524888754,1
249,146,0.07586666942,-0.1530955583,1
249,154,0.07815308124,-0.1275968105,1
249,162,0.02681630105,-0.1286343634,1
249,170,-0.09138940275,0.1570164114,1
257,10,0.163429752,0.1768985838,1
257,18,0.1839621365,0.09718158841,1
257,26,0.07147584856,0.01467648149,1
257,34,-0.00855595246,0.04555574432,1
257,42,-0.005616025999,-6.789341569e-05,1
257,50,-0.02983833104,0.08344129473,1
257,58,-0.04268340394,-0.007055586204,1
257,66,-0.157230258,-0.02131225541,1
257,74,-0.1643916219,-0.0587143749,1
257,82,-0.1866786778,0.04038743675,1
257,90,-0.2436623275,0.05063315481,1
257,98,-0.2546379268,-0.0921998471,1
257,106,-0.1684881747,0.005008488894,1
257,114,-0.08890119195,0.05586466193,1
257,122,-0.10281156,0.02320996672,1
257,130,-0.04652772844,-0.06329120696,1
257,138,0.01493543386,-0.2160015702,1
257,146,-0.01846053079,-0.2826161087,1
257,154,0.000232078135,-0.148081243,1
257,162,0.01642861217,0.03221844882,1
257,170,-0.1155038029,0.1659581959,1
265,10,-0.0984262228,0.07619450986,1
265,18,-0.08449669182,0.0815179795,1
265,26,0.07846945524,0.09522582591,1
265,34,0.08898531646,0.05126202106,1
265,42,0.01185122132,0.06190576777,1
265,50,-0.08815733343,0.110415563,1
265,58,-0.1314749718,0.08864559978,1
265,66,-0.107974045,-0.03005312383,1
265,74,-0.1839004457,-0.1488842517,1
265,82,-0.1384115368,-0.06152223423,1
265,90,-0.09831544757,0.1373913437,1
265,98,0.07504059374,0.1202662662,1
265,106,-0.06165338308,0.004389964044,1
265,114,-0.1126037464,-0.08870688081,1
265,122,-0.1378656328,-0.02229118906,1
265,130,-0.1445247829,-0.0353651084,1
265,138,-0.07733821124,-0.2073103338,1
265,146,0.000509461388,-0.2444400191,1
265,154,0.02843735553,-0.1599593759,1
265,162,-0.1082678735,-0.05323328823,1
265,170,-0.1614979953,0.05437625945,1
273,10,-0.1260833442,0.01919611543,1
273,18,0.004711318761,0.04203013331,1
273,26,0.1350515634,0.08586182445,1
273,34,0.0563974604,0.032668598,1
273,42,-0.1213790923,0.1528060436,1
273,50,-0.1669004709,0.08125087619,1
273,58,-0.1445136666,-0.01537712663,1
273,66,-0.1088245958,-0.1037804931,1
273,74,-0.1325861514,-0.2326810211,1
273,82,-0.0725081563,-0.1000640243,1
273,90,0.07258066535,-0.007719606161,1
273,98,0.1574456394,0.001869658008,1
273,106,-0.1009616926,-0.03607306629,1
273,114,-0.1558854729,-0.06318943202,1
273,122,-0.1414919198,0.1139036641,1
273,130,-0.09993682802,0.06852161884,1
273,138,-0.1092757136,0.00874260813,1
273,146,-0.03839408234,-0.1154917181,1
273,154,0.05448617786,-0.1752653122,1
273,162,-0.06351845711,-0.203481555,1
273,170,-0.1972557604,0.02950650454,1
281,10,0.008510366082,0.09676298499,1
281,18,0.1328579634,-0.01942658424,1
281,26,0.1561775506,0.01377468556,1
281,34,0.1238339469,-0.0807236433,1
281,42,0.05615520477,-0.05630940944,1
281,50,0.004152836278,-0.03225711733,1
281,58,-0.05721709132,-0.123448953,1
281,66,-0.06356079131,-0.1627458632,1
281,74,0.04696707428,0.003196068108,1
281,82,0.002649789676,-0.04083872959,1
281,90,-0.07027409226,-0.08828879148,1
281,98,-0.1153953969,0.02234967798,1
281,106,-0.09329213202,-0.1123162508,1
281,114,-0.02963913977,-0.08547614515,1
281,122,-0.1497004628,0.1868206263,1
281,130,-0.07071065158,0.129322961,1
281,138,-0.01161730476,0.09090830386,1
281,146,-0.06860239059,-0.0198774226,1
281,154,-0.02452049963,-0.0728443712,1
281,162,0.0267328769,-0.06200350821,1
281,170,-0.1345893741,0.0266526863,1
289,10,0.05776265264,0.1310313493,1
289,18,0.1391276121,0.1011577249,1
289,26,0.1097435802,0.06247894466,1
289,34,0.1184768826,-0.1286089122,1
289,42,0.2634031177,-0.1757569909,1
289,50,0.1262242347,0.0002711117268,1
289,58,-0.02789697051,-0.05274172872,1
289,66,-0.04180927575,-0.1552935243,1
289,74,0.1092182845,0.1146824211,1
289,82,0.1334269494,0.05757173896,1
289,90,0.02553888224,0.06706187129,1
289,98,-0.02805300243,0.09430623055,1
289,106,-0.3047950566,-0.08478488028,1
289,114,-0.1240059659,-0.03038601577,1
289,122,-0.1614844501,0.1934207529,1
289,130,-0.06065965444,0.1411885917,1
289,138,0.1241931319,0.05572342128,1
289,146,0.03168092296,0.1493653655,1
289,154,-0.04939331487,0.05808702856,1
289,162,-0.1899592131,-0.1150913537,1
289,170,-0.0925668329,-0.05078463256,1
297,10,0.1137491316,0.02477644384,1
297,18,-0.02059863508,0.05136179551,1
297,26,-0.01084626466,-0.005377514288,1
297,34,0.1711707264,-0.1569445729,1
297,42,0.3374884725,-0.1501148939,1
297,50,0.1752537638,0.06479331851,1
297,58,-0.1299738586,0.06599089503,1
297,66,-0.1782242656,0.03908621147,1
297,74,-0.04164943844,-0.02355912328,1
297,82,0.08105421066,0.07268473506,1
297,90,0.2638568282,0.2171200514,1
297,98,0.1308449656,-0.01536914054,1
297,106,-0.065841645,-0.09889295697,1
297,114,-0.06172197312,-0.06910689175,1
297,122,-0.04170268029,0.03812756017,1
297,130,0.01916971244,0.04111937433,1
297,138,0.1345374584,-0.0185309425,1
297,146,-0.04917627946,-0.01089005545,1
297,154,-0.03923227638,-0.0673443377,1
297,162,0.01589718647,-0.1201281697,1
297,170,-0.0306465663,0.01375079155,1
305,10,0.1681666821,-0.116311118,1
305,18,0.1294942945,0.02071171999,1
305,26,-0.01721906662,0.01027584076,1
305,34,0.05555290729,-0.08395570517,1
305,42,0.09883564711,-0.1116213948,1
305,50,0.08908505738,0.03779583797,1
305,58,0.1043975949,0.1543644816,1
305,66,0.05288223922,0.2047358304,1
305,74,-0.06419834495,0.1004022956,1
305,82,-0.2089342624,0.14414832,1
305,90,-0.1013361514,0.2072146386,1
305,98,0.1308181435,0.108323127,1
305,106,0.0783560127,0.03342952579,1
305,114,-0.01038023084,0.05582581088,1
305,122,0.03397733718,0.04026837274,1
305,130,0.07172105461,-0.04009767622,1
305,138,-0.06050756574,-0.1024332419,1
305,146,-0.2191465795,-0.1167154834,1
305,154,-0.07228308916,-0.1893844604,1
305,162,0.09004953504,0.03188958764,1
305,170,0.06842169911,0.1410430819,1
313,10,0.1380164474,-0.1040306389,1
313,18,0.1193981469,0.03248535842,1
313,26,-0.04590724036,0.08175502717,1
313,34,-0.1382139325,0.04984212667,1
313,42,0.0414853245,-0.03804649413,1
313,50,0.151137352,-0.001285582781,1
313,58,0.07221703231,0.1089945138,1
313,66,0.02537115663,0.070938088,1
313,74,-0.06196004897,0.179225266,1
313,82,-0.1545139849,0.1491206288,1
313,90,-0.1143560633,0.1585361212,1
313,98,-0.04632427916,0.1894434392,1
313,106,0.001904136036,0.1785950661,1
313,114,-0.03164372966,0.0788461566,1
313,122,-0.0196637027,0.07378337532,1
313,130,-0.07854513079,-0.002502161078,1
313,138,-0.1551968753,-0.0434346199,1
313,146,0.03478860483,-0.06582593173,1
313,154,0.04615807533,-0.1371375322,1
313,162,-0.002475088462,0.05738273636,1
313,170,0.04049962014,0.2009810507,1
321,10,0.1379556954,-0.1494085789,1
321,18,0.09160633385,-0.06376737356,1
321,26,-0.01655228063,0.02835397795,1
321,34,-0.1080906689,0.02464020625,1
321,42,0.06821595132,0.1638872176,1
321,50,0.08698997647,0.1691858172,1
321,58,0.06226292253,0.1118798554,1
321,66,0.09529628605,0.03020263463,1
321,74,0.02960169315,0.2261140645,1
321,82,-0.1025675833,0.08004233986,1
321,90,-0.1498458534,-0.05248402432,1
321,98,-0.06845571101,-0.02431473508,1
321,106,-0.002679081634,0.01748882793,1
321,114,-0.1238943189,-0.1232095361,1
321,122,-0.0877995044,-0.04861105233,1
321,130,-0.1532147378,0.006919619627,1
321,138,-0.1085642502,0.02838649973,1
321,146,-0.05052127317,0.01947455853,1
321,154,-0.1076268554,0.02819112316,1
321,162,-0.09680709243,0.0511976853,1
321,170,0.05898530036,0.1436846256,1
329,10,0.1550253183,-0.1510494053,1
329,18,0.03906507045,-0.1407251954,1
329,26,-0.05885514989,-0.1345697641,1
329,34,-0.07741611451,-0.022649616,1
329,42,0.1087024808,0.2059477419,1
329,50,0.1908438504,0.2742405832,1
329,58,0.09811566025,0.1209263578,1
329,66,0.08742504567,0.01236478239,1
329,74,0.08625158668,0.06730854511,1
329,82,-0.05574278906,0.05909748748,1
329,90,-0.1000013053,-0.05627202988,1
329,98,-0.009128432721,-0.05178981647,1
329,106,0.02921526507,-0.04369704053,1
329,114,-0.06687556207,-0.2907406092,1
329,122,-0.04830300808,-0.1046810746,1
329,130,-0.062634781,0.0918912515,1
329,138,-0.02384836972,0.04860693216,1
329,146,0.02521106228,0.0802763328,1
329,154,-0.05308936536,0.004833102692,1
329,162,0.03765847906,-0.009886000305,1
329,170,0.09527035058,-0.02047335543,1
337,10,-0.06509525329,-0.03200553358,1
337,18,-0.1165639162,0.02804102004,1
337,26,-0.06387952715,-0.05759266391,1
337,34,-0.08897344768,-0.03199915588,1
337,42,-0.07725014538,0.09140618891,1
337,50,0.05527202785,0.1278451234,1
337,58,0.1143200919,0.1594453901,1
337,66,0.1145267859,-0.006237886846,1
337,74,0.2597250044,-0.01571791619,1
337,82,0.1430931389,0.02833786979,1
337,90,-0.05962869152,0.03876125813,1
337,98,-0.01868639141,0.05002128333,1
337,106,0.1032891795,0.03211410344,1
337,114,-0.00790855661,-0.1517783403,1
337,122,-0.05985150486,0.05184293166,1
337,130,0.1145029515,0.244734779,1
337,138,0.03916998208,0.06349158287,1
337,146,0.07838957012,0.03125286102,1
337,154,0.07367366552,-0.1169795468,1
337,162,0.006262714975,-0.1004789397,1
337,170,-0.09077536315,-0.02329856902,1
345,10,-0.1350398362,-0.1846186966,1
345,18,-0.1760939807,0.07564070076,1
345,26,-0.2520084381,0.1150672808,1
345,34,-0.1584904194,0.1165570468,1
345,42,-0.04564578459,0.1922509968,1
345,50,0.01350026205,0.1701943278,1
345,58,0.06021212786,0.1136548221,1
345,66,0.102029711,0.09066483378,1
345,74,0.1498479694,0.03670928627,1
345,82,0.06586490571,0.03431424871,1
345,90,-0.002533823252,0.09180931747,1
345,98,0.06192798913,0.05522748455,1
345,106,0.1948816627,0.1163454279,1
345,114,0.05391813815,0.08015289903,1
345,122,0.05830869451,0.1176733971,1
345,130,0.0613736026,0.08753664047,1
345,138,0.05006539077,0.03510189429,1
345,146,0.1471988559,-0.06223692745,1
345,154,0.1230766401,-0.125257045,1
345,162,0.06764727831,-0.1273747236,1
345,170,-0.0205770731,-0.06270283461,1
353,10,-0.201239273,-0.2033655047,1
353,18,-0.1113274917,-0.02443127334,1
353,26,-0.1624412984,0.0505258888,1
353,34,-0.16840294,0.2040385753,1
353,42,-0.04211955518,0.3607400656,1
353,50,0.07452648133,0.22979334,1
353,58,0.1397280097,0.1107771173,1
353,66,0.0412940681,0.06488892436,1
353,74,0.1442068219,-0.1324987262,1
353,82,0.2559335232,-0.1067283452,1
353,90,0.2290375829,0.1591985226,1
353,98,0.1076467708,0.1591257453,1
353,106,0.008988671005,0.1561359316,1
353,114,-0.04699065164,0.2345918715,1
353,122,-0.04657487199,0.1245203763,1
353,130,0.1003172994,0.04075118899,1
353,138,0.128385216,0.0917352289,1
353,146,0.1295924187,0.1568198204,1
353,154,0.07939785719,0.03953215852,1
353,162,0.03189576417,-0.1418889761,1
353,170,-0.06095343083,-0.09036321938,1
361,10,0.1361585706,-0.05587553605,1
361,18,-0.04792050272,0.05060424656,1
361,26,-0.08043220639,0.1194911674,1
361,34,-0.107589595,0.2195395827,1
361,42,0.02240508236,0.254552573,1
361,50,0.2922059298,0.1770535409,1
361,58,0.2707952261,0.01953799278,1
361,66,0.3160963058,-0.02066618204,1
361,74,0.3869334757,-0.3786197901,1
361,82,0.1567945182,-0.1793963015,1
361,90,0.1604928076,0.1454659998,1
361,98,-0.06102853641,0.2775834501,1
361,106,-0.1962393373,0.07261628658,1
361,114,-0.1645602286,0.09974327683,1
361,122,-0.1614786983,0.06118217856,1
361,130,0.07463044673,0.09283364564,1
361,138,0.07192063332,0.09173730016,1
361,146,0.04382900894,0.06180799752,1
361,154,-0.0345232822,0.03674091399,1
361,162,-0.08024229854,-0.07724642754,1
361,170,0.02836996317,0.02020089328,1
369,10,0.0945000872,0.1002244055,1
369,18,0.01376626641,0.1884398758,1
369,26,-0.02125683799,0.256509304,1
369,34,-0.1224696115,0.1072910875,1
369,42,-0.03276056051,-0.02996566892,1
369,50,0.2455165833,0.1231653318,1
369,58,0.1310243756,-0.05054961145,1
369,66,0.1866318136,0.04745623469,1
369,74,0.2856609821,0.03719983995,1
369,82,0.2778509557,-0.1036578268,1
369,90,0.2557133138,0.0342092216,1
369,98,0.05125005543,0.2525197268,1
369,106,-0.1262757778,0.09762097895,1
369,114,-0.04257069528,-0.1136017442,1
369,122,-0.1527978331,-0.02382858098,1
369,130,-0.01941372082,0.05348396301,1
369,138,0.09514632821,-0.08649738133,1
369,146,0.1059250385,-0.01992275193,1
369,154,-0.005694057792,-0.03625946492,1
369,162,-0.09764385968,-0.06720866263,1
369,170,0.02829222381,0.08093954623,1
377,10,-0.07368215173,0.2411297113,1
377,18,-0.07914826274,0.2462872118,1
377,26,-0.05463907868,0.1318899095,1
377,34,-0.07350565493,-0.09952808917,1
377,42,0.02750564367,-0.1582402587,1
377,50,0.1212117076,0.06657914817,1
377,58,-0.011206761,-0.01047322899,1
377,66,-0.02840158343,-0.09047365189,1
377,74,0.05463162065,-0.02481351234,1
377,82,0.2245134711,-0.07286853343,1
377,90,0.3094552159,0.04494237155,1
377,98,0.3314463496,0.2281339169,1
377,106,0.02958505414,0.1225386411,1
377,114,-0.1799216717,-0.009638104588,1
377,122,-0.253195554,0.02883724868,1
377,130,-0.1361626983,0.01542533189,1
377,138,0.004502382129,0.02888209373,1
377,146,-0.004164874554,0.0103881862,1
377,154,-0.02781167999,-0.09992099553,1
377,162,-0.06716177613,0.02097875625,1
377,170,0.09460372478,0.1797532737,1
385,10,-0.1696397066,0.1171160936,1
385,18,-0.2503180504,0.1547802091,1
385,26,-0.3471956253,0.2595834732,1
385,34,-0.1313072294,0.08071173728,1
385,42,0.01113482378,0.0202623792,1
385,50,0.0662278831,-0.0703741163,1
385,58,0.1101493612,-0.1472782195,1
385,66,-0.1331179589,-0.316285789,1
385,74,-0.01618752629,-0.02877487801,1
385,82,0.06359955668,0.03375002742,1
385,90,-0.01731953025,0.1207533106,1
385,98,0.03013047203,0.07929714769,1
385,106,0.01128638722,0.02247543819,1
385,114,-0.004111126065,0.03463672101,1
385,122,0.01972042769,-0.0004137456417,1
385,130,-0.1756616384,-0.05303741246,1
385,138,-0.2023102194,0.06618345529,1
385,146,-0.02757076174,0.07994803786,1
385,154,-0.03542240709,-0.1388476342,1
385,162,-0.09514052421,0.02557518706,1
385,170,-0.08904010803,0.1572665274,1
393,10,-0.2222425193,-0.03831795231,1
393,18,-0.3671309948,0.01484147087,1
393,26,-0.3429168463,0.1745397449,1
393,34,-0.2405956388,0.1606078744,1
393,42,-0.1501308978,0.01204685029,1
393,50,-0.08278337121,-0.2010344267,1
393,58,-0.05345495045,-0.09577647597,1
393,66,0.01858444139,-0.2922930717,1
393,74,0.01946220733,0.04573515058,1
393,82,0.01886571199,0.07999950647,1
393,90,-0.09588550776,0.01893227361,1
393,98,-0.05832895637,-0.05066241324,1
393,106,-0.04947613925,-0.01946208626,1
393,114,-0.001168385148,-0.001684494317,1
393,122,-0.07285612077,-0.04027804732,1
393,130,-0.1962339282,-0.1414602697,1
393,138,-0.2613917291,-0.01886343956,1
393,146,-0.05463522673,0.07102148235,1
393,154,0.001474158838,0.1339356899,1
393,162,-0.07233900577,0.08544664085,1
393,170,-0.1874037385,-0.02734457329,1
401,10,-0.2422644496,-0.1414985955,1
401,18,-0.2457028776,-0.06098240614,1
401,26,-0.1591410488,-0.04915837198,1
401,34,-0.1419567913,-0.003235762939,1
401,42,-0.08565606177,-0.04952984303,1
401,50,0.02210858837,-0.2237300724,1
401,58,0.02182435989,-0.03800243139,1
401,66,-0.002083428204,-0.2170451432,1
401,74,0.1875242293,-0.04681051522,1
401,82,0.1086202413,0.01814136468,1
401,90,-0.1432643235,-0.0849712044,1
401,98,0.01384738833,0.01065341197,1
401,106,0.03367751837,0.104972288,1
401,114,-0.001266628504,-0.006967078894,1
401,122,-0.01690313965,-0.001866140403,1
401,130,-0.08806885779,0.04678367823,1
401,138,-0.1056884825,-0.0710093528,1
401,146,-0.005285859108,-0.08620385826,1
401,154,0.006541373208,0.06021856889,1
401,162,-0.1797594428,0.05234209076,1
401,170,-0.3619924784,-0.01711682975,1
409,10,-0.09245480597,0.07334152609,1
409,18,-0.1788235903,0.2003871053,1
409,26,-0.1530526578,-0.05078776926,1
409,34,-0.09830881655,-0.1815079153,1
409,42,0.07811690867,-0.2880325019,1
409,50,0.03903795034,0.02221642435,1
409,58,0.02999256924,0.0193567872,1
409,66,-0.04371514171,-0.1845661253,1
409,74,0.1106034741,-0.02588078007,1
409,82,-0.003999724984,-0.004597581923,1
409,90,-0.04264007509,0.03806016594,1
409,98,0.06024252623,0.01183374226,1
409,106,0.1364441514,0.1090290919,1
409,114,0.2543835044,0.03191862255,1
409,122,0.202101171,0.001950256526,1
409,130,0.04980870336,0.1207984984,1
409,138,-0.01130080968,-0.03300941363,1
409,146,0.04236473888,-0.1297828108,1
409,154,0.009984239936,-0.04603856429,1
409,162,-0.3410111666,0.01018540934,1
409,170,-0.3414054215,-0.003643378615,1
417,10,-0.1224412695,0.2622190714,1
417,18,-0.2087136805,0.5153440833,1
417,26,-0.005591459572,0.1424600184,1
417,34,0.01407266408,-0.1185596734,1
417,42,-0.02341459133,-0.2244668305,1
417,50,0.0250370577,-0.01757583022,1
417,58,0.2405659854,0.1196514443,1
417,66,0.4323437512,0.03372788429,1
417,74,0.3771252632,-0.1201417819,1
417,82,0.167994529,-0.07933089882,1
417,90,0.1614023149,0.0196162872,1
417,98,0.2654751241,-0.04606705904,1
417,106,0.1649542004,-0.1228775904,1
417,114,0.2005386502,-0.08816724271,1
417,122,0.269118309,-0.02270587161,1
417,130,0.1788768768,0.111562252,1
417,138,0.1068579406,0.03291163221,1
417,146,0.05255568773,-0.1345078349,1
417,154,-0.03908890486,-0.03887075186,1
417,162,-0.09913310409,0.01122418046,1
417,170,0.0704742521,0.02401258051,1
