PIVlab, ASCII chart output - 02-Aug-2025
FRAME: 105, filenames: A:[105]FullStack_Pos0035_TgUtrmcherry_K4K8MO-1.avi & B:[106]FullStack_Pos0035_TgUtrmcherry_K4K8MO-1.avi, conversion factor xy (px -> m): 1, conversion factor uv (px/frame -> m/s): 1
x [px],y [px],u [px/frame],v [px/frame],Vector type [-]
9,10,-0.2285801768,-0.06422236562,1
9,18,-0.2083869576,0.04845532775,1
9,26,-0.02036762238,0.07491606474,1
9,34,-0.07611960173,0.1109040976,1
9,42,-0.06917317212,0.226611197,1
9,50,-0.06387386471,0.2029146552,1
9,58,-0.04368215799,0.1665575802,1
9,66,-0.009035736322,0.3135742545,1
9,74,0.1398735046,0.2721878886,1
9,82,0.1719067246,0.2949866652,1
9,90,-0.2164873481,0.1681436598,1
9,98,-0.5385943651,0.005468547344,1
9,106,-0.4835065603,0.008348181844,1
9,114,-0.1634439826,0.1125212312,1
9,122,0.05328321457,0.005311876535,1
9,130,0.01991008967,-0.04149792343,1
9,138,-0.004401646554,0.03664617985,1
9,146,0.0935529992,0.02838152647,1
9,154,0.04683656245,-0.03447315097,1
9,162,0.04156576842,0.05748798698,1
9,170,0.1136473715,0.16649656,1
17,10,-0.1982325763,-0.08512809873,1
17,18,-0.06499056518,-0.03599499911,1
17,26,-0.1301477402,0.04556118324,1
17,34,-0.2001911551,0.08336125314,1
17,42,-0.2042303532,0.1471582502,1
17,50,-0.2782840729,0.06902189553,1
17,58,-0.2646092176,0.0639282465,1
17,66,-0.1790501773,0.21121943,1
17,74,-0.02420463413,0.06200003624,1
17,82,-0.08043026179,0.08569817245,1
17,90,-0.2183128446,0.125710994,1
17,98,-0.2105852067,-0.02923759818,1
17,106,-0.2769497931,0.03579255939,1
17,114,-0.2893556356,0.03052019328,1
17,122,-0.1867595017,-0.03175057843,1
17,130,-0.1782904267,-0.004930198193,1
17,138,-0.1390909255,0.06967640668,1
17,146,-0.02443998307,0.1499522179,1
17,154,0.01127617061,0.06637795269,1
17,162,0.01065474004,0.1464044601,1
17,170,-0.03305137902,0.09151753038,1
25,10,0.01422253251,0.1107379794,1
25,18,-0.003648132086,0.1069058701,1
25,26,-0.1302764416,0.0367100127,1
25,34,-0.2108640671,0.09762330353,1
25,42,-0.2160532475,0.05827032402,1
25,50,-0.2294355929,-0.0008708834648,1
25,58,-0.1899071634,-0.02419860661,1
25,66,0.02132599056,0.02701853216,1
25,74,-0.02761633694,-0.06035797298,1
25,82,-0.1804078519,-0.01514809206,1
25,90,-0.09305377305,0.0518948026,1
25,98,-0.09071463346,0.113909632,1
25,106,-0.1738465726,0.1039389819,1
25,114,-0.1850194484,0.007153648883,1
25,122,-0.212287873,0.08122316003,1
25,130,-0.1453617364,0.08133464307,1
25,138,-0.07917769253,0.1767725796,1
25,146,-0.05659943074,0.2696467638,1
25,154,-0.06636838615,0.1503469795,1
25,162,-0.2258357108,0.208306849,1
25,170,-0.1392623037,-0.01243888587,1
33,10,0.1040924191,-0.02732621506,1
33,18,-0.04596851021,0.1508547068,1
33,26,-0.1480658054,0.07041440159,1
33,34,-0.09222688526,-0.01077019796,1
33,42,-0.1610267609,0.00133657828,1
33,50,-0.2541516721,0.01559448242,1
33,58,-0.2243371606,0.1118233874,1
33,66,-0.1169910431,0.0284730345,1
33,74,-0.1347476244,0.02406288683,1
33,82,-0.212148279,-0.0958095789,1
33,90,-0.08843630552,-0.03512006253,1
33,98,-0.02980132401,0.1182124838,1
33,106,-0.1468208134,0.01699498296,1
33,114,-0.1140915453,-0.1357335299,1
33,122,-0.1230553687,-0.1099675596,1
33,130,-0.176230818,-0.03922959045,1
33,138,-0.124263972,0.1454683691,1
33,146,-0.1557689905,0.111017108,1
33,154,-0.1373460144,0.09906482697,1
33,162,-0.1799437106,0.1037250459,1
33,170,-0.1119751632,-0.03883058578,1
41,10,0.01892738603,-0.04815832525,1
41,18,-0.07154703885,0.07226072252,1
41,26,-0.1511141509,0.03499817848,1
41,34,-0.02277559042,-0.007331006229,1
41,42,-0.1749826074,-0.01971133053,1
41,50,-0.2403095216,0.05821467191,1
41,58,-0.211641416,0.2669849396,1
41,66,-0.162880674,0.121712409,1
41,74,-0.1670085639,0.04710285738,1
41,82,-0.1875529736,-0.1993700713,1
41,90,-0.1660194844,-0.05922355503,1
41,98,-0.1959322393,7.763504982e-06,1
41,106,-0.3539087176,-0.1912624538,1
41,114,-0.1724271923,-0.3418308496,1
41,122,-0.08451408148,-0.1164129078,1
41,130,-0.1680623144,-0.04153270274,1
41,138,-0.2447500974,-0.0158429984,1
41,146,-0.2934148908,-0.003444960341,1
41,154,-0.2035094649,-0.01713404804,1
41,162,-0.2509363294,0.001226654276,1
41,170,-0.171894744,0.01195570454,1
49,10,0.007990699261,0.1069632024,1
49,18,-0.1143302843,0.03939048946,1
49,26,-0.07173672318,0.01785800606,1
49,34,0.008487939835,0.07791608572,1
49,42,-0.05614893138,0.1149335504,1
49,50,-0.1181829274,0.1427722722,1
49,58,-0.1295390427,0.2562400401,1
49,66,0.009133681655,-0.05027648434,1
49,74,-0.02271825075,-0.09106955677,1
49,82,-0.09285615385,-0.06763620675,1
49,90,-0.1030600071,-0.007554274052,1
49,98,-0.1947115809,-0.02733577788,1
49,106,-0.3029142618,-0.3650918901,1
49,114,-0.2032533288,-0.2560207248,1
49,122,-0.162001282,0.05417574942,1
49,130,-0.2196610123,0.1584008932,1
49,138,-0.2935742438,-0.04583482817,1
49,146,-0.2992139459,-0.03992483392,1
49,154,-0.2786611021,-0.01539593562,1
49,162,-0.305724442,-0.02710582316,1
49,170,-0.2201781422,-0.0185640119,1
57,10,-0.06719295681,0.06806457788,1
57,18,-0.2408828884,-0.08709901571,1
57,26,-0.2066227645,0.04997185618,1
57,34,-0.05862236023,0.05972301587,1
57,42,-0.08673295379,0.2313777208,1
57,50,-0.1068706736,0.1974819601,1
57,58,-0.06016586721,0.2455927432,1
57,66,-0.05250962824,-0.00708261691,1
57,74,-0.008506022394,-0.112025097,1
57,82,-0.05064456165,-0.01084561832,1
57,90,-0.1921772063,0.03292335197,1
57,98,-0.2334861308,0.07421849668,1
57,106,-0.2604688704,0.06652646512,1
57,114,-0.1482941359,-0.07506910712,1
57,122,-0.1591994613,0.08207606524,1
57,130,-0.2522031069,0.1481651664,1
57,138,-0.1843725443,-0.02805778384,1
57,146,-0.2492898405,-0.02112595737,1
57,154,-0.3606961668,0.05123499036,1
57,162,-0.1920372099,0.01451192796,1
57,170,-0.04978388548,-0.05389901996,1
65,10,-0.2375790477,-0.2607628107,1
65,18,-0.2584553361,-0.221305564,1
65,26,-0.2639409602,-0.05929513276,1
65,34,-0.140995279,-0.09979008138,1
65,42,-0.1484543681,-0.04170077667,1
65,50,-0.09372212738,0.02859120816,1
65,58,0.03366599977,0.02904498577,1
65,66,-0.174501121,-0.04490085319,1
65,74,-0.184151873,-0.007060239092,1
65,82,-0.1829768419,0.08378256112,1
65,90,-0.2514286935,0.01766544022,1
65,98,-0.315703392,0.07106618583,1
65,106,-0.3065474331,0.1648499072,1
65,114,-0.1858336627,-0.09594760835,1
65,122,-0.246042341,-0.07832767814,1
65,130,-0.2033288181,0.02134057134,1
65,138,-0.1211875677,-0.02130216174,1
65,146,-0.181765601,-0.003441553563,1
65,154,-0.1966275573,0.07343129069,1
65,162,-0.1021559983,0.008872609586,1
65,170,-0.1332783401,0.02920696139,1
73,10,-0.6522762775,-0.1941935718,1
73,18,-0.3326434493,-0.192983225,1
73,26,-0.1493945122,-0.128158927,1
73,34,0.03325426579,-0.06558379531,1
73,42,-0.1627636403,-0.03151203692,1
73,50,-0.1701736301,-0.003893276677,1
73,58,-0.1412669718,-0.03635312617,1
73,66,-0.2837892175,-0.04914394021,1
73,74,-0.08412221074,0.06254220754,1
73,82,-0.08331336081,0.2031362653,1
73,90,-0.1883397549,0.05788168684,1
73,98,-0.1527885199,-0.1630592942,1
73,106,-0.09276135266,-0.1923752576,1
73,114,-0.1270427853,-0.05675214529,1
73,122,-0.2196110338,-0.04632044584,1
73,130,-0.1761133373,-0.007937049493,1
73,138,-0.07724297047,-0.06071235612,1
73,146,-0.154789269,-0.03330940008,1
73,154,-0.1526166499,0.09137367457,1
73,162,-0.1258993447,0.0819016844,1
73,170,-0.2260669321,0.1924751848,1
81,10,-0.6480976343,-0.01270923018,1
81,18,-0.2696017027,-0.05816602707,1
81,26,-0.09072515368,-0.0666089505,1
81,34,-0.01737262309,0.02108494937,1
81,42,-0.1210581213,0.08204700798,1
81,50,-0.2422756553,0.04328097403,1
81,58,-0.2693800628,0.03145073354,1
81,66,-0.2464713454,0.0437790975,1
81,74,-0.137297675,0.0302919019,1
81,82,-0.09878239036,0.07838442177,1
81,90,-0.07991865277,-0.06474962831,1
81,98,-0.01476853341,-0.1926280707,1
81,106,-0.0739242956,-0.1426822394,1
81,114,-0.1656145304,0.01980880648,1
81,122,-0.1476329118,-0.01212576404,1
81,130,-0.07386851311,-0.03217890114,1
81,138,-0.07125753164,-0.04682727903,1
81,146,-0.1362354606,-0.03013376519,1
81,154,-0.1589661241,-0.06800782681,1
81,162,-0.2972857952,0.02961059473,1
81,170,-0.3578984141,0.1585815698,1
89,10,-0.3325587511,-0.1438333988,1
89,18,-0.2452142239,0.01381713152,1
89,26,-0.2504718602,-0.01555084065,1
89,34,-0.1915791035,-0.0942119211,1
89,42,-0.1118395329,0.01471759379,1
89,50,-0.1194437742,-0.03931053728,1
89,58,-0.1355963945,-0.02054842561,1
89,66,-0.214864701,-0.09800471365,1
89,74,-0.2854321003,-0.110697329,1
89,82,-0.08355840296,-0.02299677581,1
89,90,0.07234334201,-0.08824153244,1
89,98,-0.05836331099,-0.176238358,1
89,106,-0.09705951065,-0.1876341701,1
89,114,-0.1037303656,-0.00870513916,1
89,122,-0.200255841,-0.03877899423,1
89,130,-0.2587485611,-0.01235416345,1
89,138,-0.1523872763,0.01699882001,1
89,146,-0.1974262148,-0.02643625624,1
89,154,-0.2757049799,-0.1509678662,1
89,162,-0.2531576455,-0.04415993392,1
89,170,-0.2093395889,-0.003011532128,1
97,10,-0.190964967,-0.2764948905,1
97,18,-0.1494842619,-0.04757712036,1
97,26,-0.1041181087,0.06767618656,1
97,34,-0.09724833071,0.0006034113467,1
97,42,-0.1062276214,-0.1215131953,1
97,50,-0.1537930667,-0.1935881972,1
97,58,-0.2296298593,-0.139709115,1
97,66,-0.2201195061,-0.09646169841,1
97,74,-0.133007288,0.04305861518,1
97,82,-0.124261789,-0.01359272376,1
97,90,-0.06049727648,0.00173766911,1
97,98,-0.05343245715,-0.05138219148,1
97,106,-0.05203191936,-0.1078595445,1
97,114,-0.02633827925,-0.0199867636,1
97,122,-0.07642634213,-0.04698098078,1
97,130,-0.1635907739,0.02248876169,1
97,138,-0.1972384602,0.06513787806,1
97,146,-0.2105757743,0.01136896852,1
97,154,-0.2167424411,-0.08497390151,1
97,162,-0.1802589297,0.03254903853,1
97,170,-0.03331232071,0.1324835122,1
105,10,-0.05618066341,-0.2225633413,1
105,18,-0.0744535774,-0.1100597233,1
105,26,0.1826661229,0.08742567897,1
105,34,0.01557892561,0.1389137506,1
105,42,-0.1382745951,-0.09821095318,1
105,50,-0.1201022193,-0.2202191204,1
105,58,-0.1383847296,-0.2415547669,1
105,66,-0.223162517,-0.05533834547,1
105,74,-0.2335611284,0.1929582357,1
105,82,-0.2117755413,-0.03458384424,1
105,90,-0.1478643715,0.08588885516,1
105,98,-0.0588234514,0.08237738162,1
105,106,-0.1267137975,0.08666210622,1
105,114,-0.1587097645,0.1012706906,1
105,122,-0.08031058311,0.01180125773,1
105,130,-0.1330506802,0.07865492254,1
105,138,-0.3556368947,0.0352563113,1
105,146,-0.3219312131,-0.03642293066,1
105,154,-0.2902225852,0.05076221004,1
105,162,-0.1674319953,0.06731073558,1
105,170,0.0686186254,0.0533988215,1
113,10,0.0514792949,-0.2271209657,1
113,18,-0.05180497468,-0.07993365079,1
113,26,-0.1059130132,0.01580118015,1
113,34,-0.06452664733,0.05720138177,1
113,42,-0.116437003,-0.004573725164,1
113,50,-0.04306080937,-0.1182900667,1
113,58,-0.02985784411,-0.1348105222,1
113,66,-0.2149771452,-0.1267616898,1
113,74,-0.2682866454,0.1224995703,1
113,82,-0.3413700461,0.007865980268,1
113,90,-0.3446555734,0.05358868465,1
113,98,-0.1526157707,-0.02207949013,1
113,106,-0.05431637913,0.146933794,1
113,114,-0.04740699381,0.2153993994,1
113,122,-0.1044763327,0.09740179777,1
113,130,-0.1929755956,0.1126798093,1
113,138,-0.3898977041,0.1040211022,1
113,146,-0.3112031221,0.08208240569,1
113,154,-0.1908666492,0.1106313914,1
113,162,-0.1281623393,0.1599899381,1
113,170,0.0170175638,0.05913586915,1
121,10,0.1520421207,-0.1306367218,1
121,18,0.01210159715,-0.03781758994,1
121,26,0.079117015,0.01953940094,1
121,34,0.01757130772,0.0773851499,1
121,42,-0.1361253411,0.09838734567,1
121,50,-0.2514340878,-0.1199913248,1
121,58,-0.1615278721,-0.1529577374,1
121,66,-0.2173899263,-0.1885865778,1
121,74,-0.3885360062,0.08769391477,1
121,82,-0.3113846481,0.08445487916,1
121,90,-0.2238001525,0.04383761436,1
121,98,-0.1099787354,-0.03929357231,1
121,106,-0.01412604749,-0.03402684629,1
121,114,0.02856769413,0.127384454,1
121,122,-0.09502702951,0.1262762845,1
121,130,-0.2531824708,0.1124242097,1
121,138,-0.3227463961,0.4115279317,1
121,146,-0.247697264,0.2302675247,1
121,154,-0.1261340529,0.1299103796,1
121,162,-0.1217712834,0.1819654107,1
121,170,-0.08072800934,0.1531233341,1
129,10,0.04199676216,-0.01546645164,1
129,18,-0.03080495447,-0.04335869849,1
129,26,0.03151634336,0.01491716504,1
129,34,0.003327894956,0.1109056249,1
129,42,-0.163299188,0.04956381023,1
129,50,-0.2458212823,-0.1465389132,1
129,58,-0.2336499542,-0.1779527068,1
129,66,-0.1995007545,-0.200321123,1
129,74,-0.2309301198,0.0586598888,1
129,82,-0.1434554756,0.0558738783,1
129,90,0.02436828613,0.06949859858,1
129,98,-0.008893027902,0.05662014335,1
129,106,-0.1854431033,-0.03176686168,1
129,114,-0.1636033654,-0.003932960331,1
129,122,-0.1264996231,0.0003342404962,1
129,130,-0.2365763336,0.1187580228,1
129,138,-0.3254596889,0.3366219997,1
129,146,-0.1194447577,0.149705857,1
129,154,-0.02130375057,0.09025382996,1
129,162,-0.008410938084,0.142811209,1
129,170,0.03285992891,0.1765716374,1
137,10,-0.275852561,-0.06599866599,1
137,18,-0.233233586,-0.001952458173,1
137,26,-0.1354454607,-0.01751458459,1
137,34,-0.07942116261,-0.0211599078,1
137,42,-0.06490280479,-0.007359925658,1
137,50,-0.0984569937,-0.1403735429,1
137,58,-0.3114475012,-0.03921269998,1
137,66,-0.3265122175,-0.1073307917,1
137,74,-0.02192348987,-0.0330328159,1
137,82,0.04648663104,0.0189753063,1
137,90,-0.02878248692,0.05952008069,1
137,98,-0.1168572158,0.0746878013,1
137,106,-0.1379956305,0.03925639763,1
137,114,-0.2045087814,-0.0972205922,1
137,122,-0.142572239,-0.1515651494,1
137,130,-0.1666196436,0.1168013215,1
137,138,-0.1581920385,0.1788616627,1
137,146,0.06189996749,0.1662791073,1
137,154,0.05179433525,0.1090182364,1
137,162,0.01007280871,-0.02128029615,1
137,170,0.05264692381,0.07015573978,1
145,10,-0.1476771086,-0.139123112,1
145,18,-0.1892677248,0.09000427276,1
145,26,-0.1369012296,0.01188544556,1
145,34,-0.1020937711,0.02018920332,1
145,42,-0.06747137755,0.0638230294,1
145,50,-0.03727611899,0.04510173574,1
145,58,-0.08320136368,0.08775158226,1
145,66,-0.1496243477,-0.03605501354,1
145,74,-0.06205357611,-0.0136946179,1
145,82,0.02693714201,0.08657082915,1
145,90,0.01875375956,0.03531464562,1
145,98,-0.02426398546,-0.01332366467,1
145,106,-0.07566589117,0.11555475,1
145,114,-0.1050211117,0.1943628192,1
145,122,-0.1462955624,0.2135003209,1
145,130,-0.1468753815,0.07785712928,1
145,138,-0.1479830891,0.08143812418,1
145,146,-0.09665603936,0.1099832505,1
145,154,-0.1325591654,0.1244682074,1
145,162,-0.3066523671,0.1444347203,1
145,170,-0.02901014872,0.05838871002,1
153,10,-0.1226068437,-0.1749596596,1
153,18,-0.1103606746,-0.1434970498,1
153,26,-0.03426437825,-0.09911218286,1
153,34,-0.05657055974,0.04895627499,1
153,42,-0.2238015831,0.1001364291,1
153,50,-0.1960995793,0.02402908914,1
153,58,-0.1709949672,0.02939768508,1
153,66,-0.3002539873,0.03994065151,1
153,74,-0.2896988094,0.06276503205,1
153,82,-0.1242735609,0.0515410006,1
153,90,0.09194902331,0.05548729002,1
153,98,0.06647181511,0.09794209898,1
153,106,-0.04733591899,0.1358713359,1
153,114,-0.05285898596,0.07014492154,1
153,122,-0.07869075239,0.08006674796,1
153,130,-0.09433750063,-0.00579546392,1
153,138,-0.08677083999,0.01952894777,1
153,146,-0.1528530866,0.02931560948,1
153,154,-0.1855671406,0.06683911383,1
153,162,-0.09988760203,0.08420088887,1
153,170,0.03376100957,0.046079427,1
161,10,-0.1347810179,-0.1152602881,1
161,18,-0.06295983493,-0.2332695425,1
161,26,-0.03174895048,-0.2186840028,1
161,34,-0.03958534449,-0.1099241674,1
161,42,-0.209763974,-0.03552411869,1
161,50,-0.1815328002,-0.1672089398,1
161,58,-0.108376205,-0.05314594135,1
161,66,-0.2076124102,0.03497034311,1
161,74,-0.181001246,0.01751695946,1
161,82,-0.07527595758,0.03567964584,1
161,90,0.02165124193,0.09334494174,1
161,98,0.04788888991,0.1502752602,1
161,106,-0.03189092129,0.04301249236,1
161,114,-0.05654300377,-0.05538956076,1
161,122,0.06214883924,0.002619788051,1
161,130,0.08541127294,-0.01688417047,1
161,138,-0.1284348667,0.06079181284,1
161,146,-0.1321330369,0.07699548453,1
161,154,-0.1822865605,-0.05669827759,1
161,162,-0.1352302134,-0.04480823129,1
161,170,0.1135175973,0.01738357544,1
169,10,-0.2213156372,-0.1448778212,1
169,18,-0.2007679492,-0.2236316502,1
169,26,0.02751320601,-0.239230305,1
169,34,0.06929072738,-0.2513474226,1
169,42,-0.1074069068,-0.08999279886,1
169,50,-0.1216264516,-0.1547905952,1
169,58,0.005872093141,-0.1143666655,1
169,66,0.1211905852,-0.1410860121,1
169,74,0.05163054168,-0.11923787,1
169,82,0.0600271374,-0.1529219449,1
169,90,-0.04010500386,-0.01965411007,1
169,98,-0.1514444649,-0.06037530303,1
169,106,-0.1285101473,-0.07354634255,1
169,114,-0.02259134501,-0.03674748912,1
169,122,0.1636316776,0.0839690268,1
169,130,0.2579738796,0.08939606696,1
169,138,0.1083897874,0.07665169239,1
169,146,-0.08367732167,0.1094416827,1
169,154,-0.1854232252,-0.03568030149,1
169,162,-0.1464630961,-0.007393520325,1
169,170,0.05727501214,0.02677723765,1
177,10,-0.0711819455,-0.20917961,1
177,18,-0.00809352845,-0.1666159928,1
177,26,0.06518998742,-0.2101786286,1
177,34,0.08237102628,-0.2169870436,1
177,42,-0.006737522781,-0.07144786417,1
177,50,-0.06429350376,-0.07250034064,1
177,58,-0.03605358303,-0.06235067546,1
177,66,-0.02963107824,-0.06932014972,1
177,74,-0.1507161409,-0.03412438929,1
177,82,-0.04572069645,-0.2491725087,1
177,90,0.04734736681,0.06730663776,1
177,98,-0.06491979212,0.003994515166,1
177,106,-0.1209853515,-0.07610435784,1
177,114,-0.02393978089,-0.03814035654,1
177,122,-0.02066066116,0.07830123603,1
177,130,-0.07314902544,0.07940100878,1
177,138,0.03770773113,-0.02406323142,1
177,146,-0.2553339005,0.04016887397,1
177,154,-0.1886801124,0.02484915033,1
177,162,-0.1105479151,0.01804798841,1
177,170,-0.1947805882,-0.03547096997,1
185,10,0.02310039103,0.1034394056,1
185,18,0.09246673435,-0.05354631692,1
185,26,0.1471859068,-0.08610269427,1
185,34,0.08002081513,-0.1310345531,1
185,42,-0.0359830521,-0.1961718202,1
185,50,-0.02260421589,-0.1394058168,1
185,58,-0.1028397083,-0.03676654398,1
185,66,-0.206303373,-0.07453259081,1
185,74,-0.274107635,-0.008160538971,1
185,82,-0.0779542923,-0.06068729609,1
185,90,-0.03629077598,0.09066180885,1
185,98,-0.1436139941,0.07480543852,1
185,106,-0.1220502555,-0.01864839345,1
185,114,-0.0501017347,-0.00660392642,1
185,122,-0.09818267822,-0.002559451386,1
185,130,-0.1269013882,0.01557960548,1
185,138,0.003611460328,0.007202574052,1
185,146,-0.1308843046,-0.06363038719,1
185,154,-0.2205506414,-0.04765683785,1
185,162,-0.1935723126,0.03568735719,1
185,170,-0.1214837283,-0.05858813971,1
193,10,-0.01411554217,0.2233826667,1
193,18,0.00762461219,0.04054498672,1
193,26,0.09677776694,-0.01698506624,1
193,34,0.0708860755,-0.01278091222,1
193,42,0.009999126196,-0.2439860553,1
193,50,0.004691280425,-0.1290656924,1
193,58,-0.05189742893,-0.02138585225,1
193,66,-0.09543723613,-0.05566779524,1
193,74,-0.1055142209,-0.06510825455,1
193,82,-0.07338346541,-0.04079817981,1
193,90,-0.08897490054,0.02710906789,1
193,98,-0.1426293254,0.007207332645,1
193,106,-0.06885076314,-0.06394229084,1
193,114,-0.09366840869,-0.07657946646,1
193,122,-0.1481498778,-0.06823233515,1
193,130,-0.1210756823,-0.0185254626,1
193,138,-0.1318891197,0.06041207165,1
193,146,-0.03850257397,-0.05024935305,1
193,154,-0.08059616387,-0.0623575747,1
193,162,-0.1129747257,0.03735823184,1
193,170,0.05847279727,-0.05631545186,1
201,10,0.133536458,0.009063750505,1
201,18,-0.04992751777,-0.00978615135,1
201,26,-0.1355806738,0.1129776314,1
201,34,-0.07290241122,0.06365402043,1
201,42,-0.1056445464,-0.1369662583,1
201,50,-0.1220567524,-0.0432402119,1
201,58,-0.1112592071,0.100786075,1
201,66,-0.04549919814,0.05054964498,1
201,74,-0.07347863168,-0.04203678668,1
201,82,-0.01028677076,-0.134454146,1
201,90,-0.09717193246,-0.02884169295,1
201,98,-0.171712786,-0.0791958645,1
201,106,-0.08632068336,-0.06564937532,1
201,114,-0.06388193369,-0.044695355,1
201,122,-0.1610147953,-0.09524670988,1
201,130,-0.1830331981,0.04488756508,1
201,138,-0.190310061,0.1148117334,1
201,146,-0.1021494642,0.05663844198,1
201,154,-0.02414064854,-0.05713121593,1
201,162,-0.07986202091,0.03598910943,1
201,170,-0.009517759085,-0.09176842868,1
209,10,-0.1016742513,-0.1469921619,1
209,18,0.01119058952,-0.02497921139,1
209,26,-0.06985159218,0.1753775924,1
209,34,-0.214813143,0.06408756971,1
209,42,-0.2452263534,0.09214052558,1
209,50,-0.2343153358,-0.1715156436,1
209,58,-0.1092888191,-0.1487680972,1
209,66,-0.02872251719,0.03989576548,1
209,74,-0.002870634198,0.00294806622,1
209,82,-0.1236700863,-0.148571685,1
209,90,-0.09019768238,0.06095740199,1
209,98,-0.1018931344,-0.06224103272,1
209,106,-0.03460130841,-0.17267102,1
209,114,-0.01974898577,0.04083391279,1
209,122,-0.142996192,-0.01413538121,1
209,130,-0.1767248213,0.1202295721,1
209,138,-0.03855994344,0.2348800898,1
209,146,0.006496768445,0.2427988946,1
209,154,-0.01813015342,0.09775684774,1
209,162,-0.1488496661,0.002164751291,1
209,170,-0.1128075421,0.06136278063,1
217,10,-0.01700448617,-0.09754322469,1
217,18,-0.02212584391,0.01970112696,1
217,26,-0.007404752076,0.1711387336,1
217,34,-0.136343345,0.09244205058,1
217,42,-0.2324455082,0.3137972951,1
217,50,-0.1023198292,-0.09688204527,1
217,58,-0.04102697223,0.0164885968,1
217,66,0.005944274366,-0.1345186532,1
217,74,-0.04189217836,-0.03547393903,1
217,82,-0.1708854735,0.1099315435,1
217,90,-0.06255171448,0.04429451749,1
217,98,-0.09496703744,-0.07463122159,1
217,106,-0.1521910429,-0.2568661869,1
217,114,-0.05060973018,-0.183765322,1
217,122,-0.1065434366,0.1118461117,1
217,130,-0.07532991469,0.1678656042,1
217,138,0.02615457773,0.08050338924,1
217,146,0.04127964377,0.0706563592,1
217,154,-0.04533302039,0.09775067121,1
217,162,-0.04218687862,-0.01658199728,1
217,170,-0.02219446003,0.1120484695,1
225,10,-0.03315616772,-0.01407846063,1
225,18,-0.08483803272,0.03137829155,1
225,26,-0.07643587142,0.07436216623,1
225,34,-0.1260163039,0.04593975842,1
225,42,-0.1199298054,0.2374510318,1
225,50,-0.09316363186,0.08669643104,1
225,58,-0.08784069121,0.1460451782,1
225,66,-0.05873199552,0.01482254267,1
225,74,-0.04431171715,-0.1038645804,1
225,82,-0.1280175745,-0.02674408257,1
225,90,-0.1350436807,-0.03185234219,1
225,98,-0.1931842715,-0.1623715907,1
225,106,-0.2484807521,-0.1997703463,1
225,114,-0.05570308864,-0.1116280258,1
225,122,0.02869351953,0.1269409508,1
225,130,0.008987426758,0.0855088532,1
225,138,-0.01730425656,0.004573080689,1
225,146,-0.06140314043,-0.02421592548,1
225,154,-0.0495753549,0.08881019801,1
225,162,0.1210458279,-0.06936382502,1
225,170,0.2285905182,-0.02038249746,1
233,10,0.03276898339,0.1142940372,1
233,18,0.0006352625787,-0.004978314042,1
233,26,0.04224082083,0.01863915473,1
233,34,0.1211840436,0.05570340902,1
233,42,0.04523675889,0.04807382077,1
233,50,0.1205361933,-0.08958044648,1
233,58,-0.05125872791,0.1210577041,1
233,66,-0.1175430566,0.04721727595,1
233,74,-0.1044845954,-0.0808577016,1
233,82,-0.09430502355,-0.0684594959,1
233,90,-0.2800647914,-0.005489138886,1
233,98,-0.2977036834,-0.09175314754,1
233,106,-0.09777614474,-0.1258761883,1
233,114,-0.09535886347,-0.05248111486,1
233,122,-0.1056250036,0.002641037107,1
233,130,-0.1094967127,-0.2115768343,1
233,138,-0.1489210278,-0.09243229032,1
233,146,-0.08000677824,0.0239251256,1
233,154,-0.02007812262,0.1141239926,1
233,162,0.09625330567,-0.0632609427,1
233,170,0.2459254414,-0.08100049198,1
241,10,-0.02700140886,0.1751674116,1
241,18,-0.01186173037,-0.03992551565,1
241,26,-0.03931074589,0.03139255941,1
241,34,-0.07257060707,0.06866896898,1
241,42,-0.1058759913,0.03218416125,1
241,50,-0.06644401699,0.06587146968,1
241,58,-0.05209493265,0.05248856172,1
241,66,-0.08304302394,0.0008706320077,1
241,74,0.0450495407,-0.003790006042,1
241,82,0.0003125220537,-0.02031064406,1
241,90,-0.204254359,0.08582933247,1
241,98,-0.07452407479,0.05594198033,1
241,106,-0.09887501597,-0.08754613996,1
241,114,-0.1370958686,-0.1403181553,1
241,122,-0.09075346589,-0.128260538,1
241,130,-0.1429071575,-0.2340053022,1
241,138,-0.06077689677,-0.1818918139,1
241,146,-0.02632369101,0.06607314944,1
241,154,-0.01150080934,0.1516088545,1
241,162,0.08277387917,0.006957193837,1
241,170,0.1582377106,8.427351713e-05,1
249,10,-0.06219689548,0.2578543127,1
249,18,-0.0736771822,0.1154536307,1
249,26,-0.0455317907,-0.03229130432,1
249,34,-0.002442978323,-0.05530165881,1
249,42,-0.0190989282,-0.01292024553,1
249,50,-0.00428567268,0.02988154069,1
249,58,0.01786398143,-0.058526963,1
249,66,0.04438562691,-0.04636189714,1
249,74,0.1220696718,-0.08334551007,1
249,82,-0.1163157076,-0.04556736723,1
249,90,-0.2338582575,0.1652804017,1
249,98,-0.07367068529,0.1697514206,1
249,106,0.007620155811,-0.03849674761,1
249,114,0.02560385317,-0.1007487327,1
249,122,0.05512338877,-0.09564043581,1
249,130,0.001442955807,-0.03345216438,1
249,138,-0.04242863879,0.1244687811,1
249,146,-0.05602373183,0.1500631869,1
249,154,-0.06601140648,0.2808282375,1
249,162,0.01080061495,0.1009036973,1
249,170,0.1597090065,-0.0233451128,1
257,10,-0.04260104895,0.2415188998,1
257,18,-0.008087294176,0.100614585,1
257,26,-0.008669693023,-0.0783951655,1
257,34,0.1009990275,-0.03581853956,1
257,42,0.1248106509,-0.09530910105,1
257,50,0.1575534344,-0.09138658643,1
257,58,0.1783936024,-0.1170906723,1
257,66,0.09168884158,-0.03598246723,1
257,74,-0.04797453061,-0.07484586537,1
257,82,-0.1065965369,-0.03747149929,1
257,90,-0.07650987804,0.1707834303,1
257,98,-0.07137447596,0.05749818683,1
257,106,-0.02541508526,-0.1168679893,1
257,114,0.02455393225,-0.03247731924,1
257,122,0.04812164605,-0.08193542063,1
257,130,0.1558197588,0.01725530624,1
257,138,0.06812167913,0.1452113092,1
257,146,-0.007508572191,0.1106336266,1
257,154,-0.01461160183,0.07856100798,1
257,162,-0.02340458333,-0.02562714741,1
257,170,-0.06821790338,-0.2519504428,1
265,10,-0.1102647334,0.08855640888,1
265,18,-0.002632070333,0.03549419343,1
265,26,0.04720684886,0.02615091205,1
265,34,0.06666277349,0.04046715051,1
265,42,0.1820243299,-0.07298323512,1
265,50,0.1868136525,-0.01639047265,1
265,58,0.1657358408,-0.1147938073,1
265,66,0.136779055,-0.01037894189,1
265,74,-0.04261764139,0.02626518346,1
265,82,0.02137929201,0.01367495023,1
265,90,0.1053590029,-0.1052174792,1
265,98,-0.05066182464,-0.03352843225,1
265,106,0.05202851444,-0.03139989078,1
265,114,0.08834992349,0.007203841582,1
265,122,0.02842872217,-0.01088691503,1
265,130,0.05883417651,0.007663451135,1
265,138,0.1772006303,0.06344810873,1
265,146,0.08752862364,0.04150345922,1
265,154,-0.03257936984,0.01875994354,1
265,162,-0.0148220323,-0.08525881171,1
265,170,-0.002359505743,-0.1957109272,1
273,10,-0.00390480645,-0.120051682,1
273,18,0.05252745748,0.05602208525,1
273,26,0.02038960159,0.05828225613,1
273,34,-0.1167185307,0.0331219323,1
273,42,0.1041368097,-0.04990753531,1
273,50,0.09676846862,-0.07954453677,1
273,58,0.1309339702,-0.09323969483,1
273,66,0.1530125439,0.01428571343,1
273,74,0.1539310962,0.05572075397,1
273,82,0.4292400479,0.1458447427,1
273,90,0.1206223816,0.06771235168,1
273,98,0.1442550868,0.06214918196,1
273,106,0.09586653113,0.06302595139,1
273,114,0.0556547977,0.08555260301,1
273,122,0.0459077768,0.07723231614,1
273,130,0.005580546334,0.0656260848,1
273,138,-0.04351637885,0.06689709425,1
273,146,-0.08935833722,0.04779887199,1
273,154,-0.07563877106,0.04710815847,1
273,162,-0.002007002011,0.005001334473,1
273,170,-0.01322725043,-0.05850744247,1
281,10,0.09244567156,-0.336122334,1
281,18,0.08996441215,-0.04491853714,1
281,26,0.07932663709,-0.06822920591,1
281,34,0.07292938232,-0.08513222635,1
281,42,0.04150937498,-0.06557419896,1
281,50,-0.00314669311,-0.2620468736,1
281,58,0.1185865402,-0.09445840865,1
281,66,0.2104374766,-0.04983920604,1
281,74,0.2049077749,-0.02968737297,1
281,82,0.07418684661,0.1633033156,1
281,90,0.08260664344,0.1035184264,1
281,98,0.1756848097,0.05342686921,1
281,106,0.1015358493,-0.03112948686,1
281,114,0.08645446599,0.09292594343,1
281,122,0.02916855365,0.0603197068,1
281,130,0.02477801591,0.05588587373,1
281,138,-0.01325208414,0.1367964745,1
281,146,-0.05328087881,0.03475842997,1
281,154,-0.0240682587,0.0104329288,1
281,162,-0.001759704202,0.02598589659,1
281,170,-0.08712743223,0.08158048987,1
289,10,0.02316264808,-0.3432580829,1
289,18,0.1394692063,-0.156456396,1
289,26,0.1324270219,-0.006157249212,1
289,34,0.06376440823,-0.0573968254,1
289,42,-0.03500850499,0.007995471358,1
289,50,-0.0202762261,-0.02992908657,1
289,58,0.1422508657,-0.09155350924,1
289,66,0.1940870881,-0.1922995448,1
289,74,0.09041558206,-0.07953874767,1
289,82,-0.04485440254,0.08586451411,1
289,90,0.2175284475,0.09216146916,1
289,98,0.1436190307,0.06846868992,1
289,106,0.0732601285,-0.02065266669,1
289,114,0.1043296158,0.03628816456,1
289,122,0.09406699985,0.006060671061,1
289,130,0.04624033719,0.05371586233,1
289,138,0.02776365727,0.08278193325,1
289,146,0.04479816556,-0.005345880985,1
289,154,0.04681989178,0.03932741284,1
289,162,0.0184019804,0.1338719875,1
289,170,0.01013949513,0.07439775765,1
297,10,0.143266201,-0.1871814132,1
297,18,0.1583808661,-0.06745205075,1
297,26,0.0488893874,0.0662239641,1
297,34,0.01889891922,0.01928002387,1
297,42,-0.05673369765,0.03109995462,1
297,50,0.05321643502,0.05515982211,1
297,58,0.04032697529,0.02561604232,1
297,66,0.1085051373,-0.06279246509,1
297,74,0.1973302513,-0.08409515023,1
297,82,0.1771811992,-0.07024040818,1
297,90,0.217448771,0.02078385465,1
297,98,0.1722299457,0.102570653,1
297,106,0.06923174858,0.08503571153,1
297,114,0.02631284297,0.02796798572,1
297,122,0.1007675827,-0.003960326314,1
297,130,0.08099725842,0.02679712325,1
297,138,0.06635525823,0.09412053972,1
297,146,0.08731724322,0.03904078901,1
297,154,0.168487221,0.08410431445,1
297,162,0.1477731615,0.09355640411,1
297,170,0.1187106296,0.03684120998,1
305,10,0.1194623187,-0.03845524788,1
305,18,0.1374227703,0.07131901383,1
305,26,0.09479269385,0.05501512438,1
305,34,0.1159660369,-0.01251249015,1
305,42,0.1369717121,0.01425593719,1
305,50,0.1365013123,0.02463461086,1
305,58,0.1083213985,0.05570356548,1
305,66,0.2079562843,0.05633821338,1
305,74,0.2078857869,-0.113049984,1
305,82,0.1407454312,-0.1875451356,1
305,90,0.2079681903,-0.09219925106,1
305,98,0.2556999028,0.05911323428,1
305,106,0.2500381172,0.08480876684,1
305,114,0.1459570229,0.1226387247,1
305,122,0.09829026461,0.0318557024,1
305,130,0.0976793021,0.02498119697,1
305,138,0.1805282086,0.1764427871,1
305,146,0.1828945577,0.1123463959,1
305,154,0.1649377793,0.06706283987,1
305,162,0.1751005054,0.0751805231,1
305,170,0.2072103471,0.09514842927,1
313,10,-0.01847200096,-0.04402858019,1
313,18,0.02304708958,-0.06397522986,1
313,26,0.04414284229,0.1416591704,1
313,34,0.1665122658,0.02975879982,1
313,42,0.3369675577,-0.02211594954,1
313,50,0.1973558962,0.003889393993,1
313,58,0.07092963904,-0.02778470889,1
313,66,0.1406387389,-0.05940805376,1
313,74,0.1198969334,0.03823284432,1
313,82,0.1604713649,-0.1285304129,1
313,90,0.2177389711,-0.08619375527,1
313,98,0.1676333845,0.07687678188,1
313,106,0.2200082093,0.1090069786,1
313,114,0.1346595287,0.09661397338,1
313,122,0.07582407445,0.02807708643,1
313,130,0.08813984692,0.0699076876,1
313,138,0.02554397285,0.1105556637,1
313,146,0.1065118909,0.09651482105,1
313,154,0.1455073059,0.07445118576,1
313,162,0.1954287589,0.1318680197,1
313,170,0.2096569389,0.08703299612,1
321,10,0.2442590296,-0.02887567133,1
321,18,-0.2552494407,-0.04686640203,1
321,26,-0.02353176475,0.07856090367,1
321,34,0.08071696013,-0.03082382306,1
321,42,0.1588826627,-0.08164077252,1
321,50,0.2202778459,0.07336691767,1
321,58,0.03383411467,-0.1176625043,1
321,66,-0.01846219599,-0.250744015,1
321,74,0.05528536439,0.1018149704,1
321,82,0.1466038376,-0.02428840473,1
321,90,0.2662131786,-0.08268597722,1
321,98,0.1822979301,0.01625260524,1
321,106,0.1028977185,0.03121515363,1
321,114,0.1517244577,-0.1211909279,1
321,122,0.0845362395,-0.004547171295,1
321,130,0.003112509847,0.03378959373,1
321,138,-0.004398263991,-0.03479513153,1
321,146,-0.1781415492,-0.02709886432,1
321,154,-0.1475975513,0.01404723711,1
321,162,0.02645245194,0.04682769626,1
321,170,0.1328489035,0.03948065639,1
329,10,0.1815749258,0.05195326358,1
329,18,0.0940733403,0.105415374,1
329,26,0.02584635466,0.03707687557,1
329,34,0.05721244216,-0.1214157492,1
329,42,0.03731563687,-0.04406064376,1
329,50,0.08008189499,0.06263139844,1
329,58,0.09012486786,-0.09568062425,1
329,66,0.02527938783,-0.2067174613,1
329,74,0.1226690263,-0.05149240792,1
329,82,0.1077887565,-0.04210490733,1
329,90,0.2435916215,-0.1361011863,1
329,98,0.2311686575,-0.03705246747,1
329,106,0.1044739336,-0.002118764445,1
329,114,0.1554833055,0.0488204211,1
329,122,0.1623930037,0.1289661825,1
329,130,0.1269588172,0.03624628112,1
329,138,0.08801278472,-0.150169,1
329,146,-0.008043676615,-0.2005238533,1
329,154,-0.09965284169,-0.1470863074,1
329,162,0.03891139477,-0.1879750788,1
329,170,0.1677168906,0.05576427281,1
337,10,0.1197913885,0.09748799354,1
337,18,0.2050427496,0.1850851774,1
337,26,0.08277558535,0.1218423396,1
337,34,-0.02543447912,0.06244189292,1
337,42,-0.04656090587,0.05557111651,1
337,50,-0.003346074373,0.09772647172,1
337,58,0.1103322655,-0.01341376081,1
337,66,0.2007124275,-0.07452696562,1
337,74,0.2994650304,0.05237465724,1
337,82,0.1930743754,-0.004396475852,1
337,90,0.1916442215,-0.01129198261,1
337,98,0.2703146338,0.1573548168,1
337,106,0.1120611131,0.09916061908,1
337,114,0.1108264551,0.1407688558,1
337,122,0.1093256027,0.04532909766,1
337,130,0.1330832243,-0.0172838103,1
337,138,0.1794730723,-0.1095881239,1
337,146,0.1462582648,-0.07179740816,1
337,154,0.2304829806,-0.08230543882,1
337,162,0.32474038,0.01505438983,1
337,170,0.2719171941,0.1521731168,1
345,10,0.2260938287,0.04529488087,1
345,18,0.05753432959,0.1265903264,1
345,26,-0.231709823,0.08084290475,1
345,34,-0.1569453925,0.1230386943,1
345,42,-0.03400667384,-0.01847144961,1
345,50,0.04702198133,0.009534602985,1
345,58,0.06812284887,0.08308376372,1
345,66,0.09526567906,0.1409588605,1
345,74,0.1922212839,0.1626851261,1
345,82,0.165674448,0.09007562697,1
345,90,0.1229219437,0.09126618505,1
345,98,0.1117790788,0.1081301272,1
345,106,0.07972045243,0.01976216584,1
345,114,0.1145131886,0.1213467121,1
345,122,0.1499293149,-0.02798622847,1
345,130,0.1187018007,-0.03833389282,1
345,138,0.1432099938,0.03014025465,1
345,146,0.1524689645,0.08386170864,1
345,154,0.1698282212,0.03296054155,1
345,162,0.2107369751,0.06744255126,1
345,170,0.2424314469,0.09469504654,1
353,10,0.0739781484,-0.06649793684,1
353,18,-0.01900752634,-0.005227677524,1
353,26,0.003113325685,0.02425669134,1
353,34,-0.04772924632,0.03189647198,1
353,42,-0.004406347871,-0.2189157009,1
353,50,0.0688123256,-0.2863137126,1
353,58,0.09353528917,-0.01721023768,1
353,66,0.0907637924,0.06311665475,1
353,74,-0.005411490798,0.1231217161,1
353,82,0.136550352,0.1963171959,1
353,90,0.1160764098,0.06099392474,1
353,98,0.1101900414,0.04524075985,1
353,106,0.1150327697,-0.002774976194,1
353,114,0.1010850519,0.1014817208,1
353,122,0.0937525034,0.1526191533,1
353,130,-0.06942865998,0.09557671845,1
353,138,-0.0169557035,0.09431819618,1
353,146,0.02909494191,0.1460437179,1
353,154,0.01217926294,0.2174763381,1
353,162,0.07503394783,0.1806564033,1
353,170,0.1804116517,0.09939676523,1
361,10,-0.01310465485,-0.1445062459,1
361,18,-0.008841112256,-0.0547012575,1
361,26,0.02135324106,-0.04984132946,1
361,34,-0.05374728143,-0.1297474205,1
361,42,0.05075024813,-0.1660027802,1
361,50,0.09756964445,-0.2617961168,1
361,58,0.1240706891,-0.08966214955,1
361,66,0.1522655487,-0.05988064408,1
361,74,0.1912877858,0.02024767548,1
361,82,0.3229794204,0.135846585,1
361,90,0.2047780454,0.1174196973,1
361,98,0.01842037588,0.1609965861,1
361,106,0.08479610085,0.04989244044,1
361,114,0.07804325223,0.06522394717,1
361,122,0.07693172246,0.2717033923,1
361,130,0.07856696099,0.1653874218,1
361,138,0.1376977563,0.1327457279,1
361,146,0.158730045,0.2489584535,1
361,154,0.2132870108,0.2605987787,1
361,162,0.2081864476,0.2056150883,1
361,170,0.03590191901,0.1862333417,1
369,10,0.07769980282,-0.0943871811,1
369,18,0.04519166797,-0.06690402329,1
369,26,-0.01843907312,-0.09980963916,1
369,34,-0.01692639291,-0.2508503795,1
369,42,0.09789717942,-0.198089987,1
369,50,0.09957523644,-0.009876824915,1
369,58,0.1307918727,-0.06133872271,1
369,66,0.01427488402,-0.004839081317,1
369,74,-0.01037858799,-0.02888361365,1
369,82,0.1389246136,0.03695706278,1
369,90,0.08322434872,0.2293094695,1
369,98,0.05515090376,0.3133229017,1
369,106,-0.05309513211,0.02578233182,1
369,114,0.04963023961,-0.000704832375,1
369,122,0.1477981806,0.2572865784,1
369,130,0.1060419381,0.115646705,1
369,138,0.1104543358,0.03227549791,1
369,146,0.1820884794,0.2384379059,1
369,154,0.1606801599,0.1807900071,1
369,162,0.0348604694,0.1284976453,1
369,170,-0.05862436444,0.06945951283,1
377,10,0.08336179703,-0.06460829079,1
377,18,0.02526533604,0.01685584709,1
377,26,-0.009410507977,-0.1008927226,1
377,34,0.02989850193,-0.2079651058,1
377,42,0.1244292259,-0.2081418037,1
377,50,0.140184164,-0.04416569695,1
377,58,0.1077270061,-0.04892126471,1
377,66,-0.04892227426,-0.0188812688,1
377,74,-0.1023653522,-0.09088403732,1
377,82,-0.05080080777,-0.07984384149,1
377,90,0.0412215516,0.2704457045,1
377,98,0.1071056873,0.2479482293,1
377,106,0.221473664,0.08177695423,1
377,114,0.2577196956,0.01132152975,1
377,122,0.1615856439,0.1895386577,1
377,130,0.07069069147,-0.04151058197,1
377,138,0.05078044534,-0.04092602432,1
377,146,0.1390957832,0.135521844,1
377,154,0.1572647393,0.1003673747,1
377,162,0.04643365741,0.1616500914,1
377,170,-0.009237706661,-0.01397942007,1
385,10,0.136595428,-0.06285582483,1
385,18,0.01688785665,0.007016088814,1
385,26,-0.1616580039,0.1037874818,1
385,34,-0.01255776361,-0.1038859636,1
385,42,0.1059428975,-0.01309581101,1
385,50,0.07814825326,-0.02417613193,1
385,58,0.1196843162,0.002233050764,1
385,66,-0.0007458627224,-0.03089847043,1
385,74,-0.01655026153,0.01181005873,1
385,82,0.1015054882,-0.03346967697,1
385,90,0.1076619476,0.1382531077,1
385,98,0.09010674059,0.1753943413,1
385,106,0.1547653377,0.1250349581,1
385,114,0.1316204369,0.03307694942,1
385,122,0.06824891269,0.04747419059,1
385,130,0.06268657744,-0.02438518405,1
385,138,-0.001934684813,0.01046002656,1
385,146,0.06705154479,0.05795217305,1
385,154,0.05278825015,0.01222416013,1
385,162,-0.02525340766,0.1523528993,1
385,170,-0.105550997,0.05067490041,1
393,10,0.008983120322,0.02976908907,1
393,18,-0.08333890885,-0.03158753365,1
393,26,-0.04076711833,0.03308925033,1
393,34,0.08020955324,0.04876053333,1
393,42,0.1784854829,0.05433474481,1
393,50,0.1105652004,0.03363317251,1
393,58,0.06352556497,0.07611842453,1
393,66,-0.04577800259,0.0717535466,1
393,74,-0.1195300668,0.07242909819,1
393,82,0.02924103662,0.05514490232,1
393,90,0.0901479125,0.1041972414,1
393,98,0.1781158745,0.09090051055,1
393,106,0.1446938366,0.04438352585,1
393,114,-0.1623242795,-0.04251004383,1
393,122,-0.1089949682,-0.003187227063,1
393,130,0.009547874331,0.05172439665,1
393,138,-0.04067072645,0.001640017144,1
393,146,-0.1185109913,-0.02679455653,1
393,154,-0.1134614497,0.04389029369,1
393,162,-0.07841515541,0.06199815869,1
393,170,-0.04273796082,0.01259049028,1
401,10,0.03324769437,0.193026036,1
401,18,0.06313942373,0.1750221252,1
401,26,0.3045773506,0.06075123325,1
401,34,0.1383865774,0.1624260098,1
401,42,0.1169009358,0.04347123206,1
401,50,0.1672044694,0.06798322499,1
401,58,0.1763786525,0.08981817961,1
401,66,0.03042855114,0.1088394076,1
401,74,-0.004362024367,0.1556872129,1
401,82,-0.01756221801,0.2216222882,1
401,90,-0.01180101931,0.06982472539,1
401,98,0.08936312795,-0.09704002738,1
401,106,0.002301394939,-0.01779001951,1
401,114,0.03950954974,0.001217156649,1
401,122,0.05275086686,0.002784107812,1
401,130,-0.0224846527,0.04113859311,1
401,138,-0.09096586704,0.02824716456,1
401,146,-0.04713441432,0.09737927467,1
401,154,-0.1585417241,0.01648967154,1
401,162,-0.1486251503,-0.02673482895,1
401,170,0.06074216962,-0.06280042976,1
409,10,0.01437246799,0.1784213036,1
409,18,0.0391894877,0.1482711285,1
409,26,0.1830057204,0.05795143545,1
409,34,0.1367459595,0.1867706329,1
409,42,0.1024147719,0.066471681,1
409,50,0.2171488702,0.1703660488,1
409,58,0.2100570798,0.04355222732,1
409,66,0.174713403,0.03162676841,1
409,74,0.246979326,0.2296207249,1
409,82,0.2375816703,0.4620712996,1
409,90,0.2364142835,0.1459087431,1
409,98,0.2368789017,-0.06221703067,1
409,106,0.1672494113,-0.01958225109,1
409,114,0.1439701021,0.09610795975,1
409,122,0.1455031037,0.06135864556,1
409,130,0.0004591830075,0.1412154585,1
409,138,-0.006248679012,0.1624209434,1
409,146,0.1181913987,0.1689549387,1
409,154,0.05589343607,0.01683597267,1
409,162,-0.07638674974,-0.05241275579,1
409,170,-0.02404917032,-0.1226998866,1
417,10,0.2333787084,0.1069412529,1
417,18,0.4576605856,0.1349387467,1
417,26,0.4109016061,0.1757827699,1
417,34,0.3819790483,0.2650409341,1
417,42,0.334081471,0.1419634521,1
417,50,0.2868208885,0.1041485816,1
417,58,0.5059940219,-0.0855126977,1
417,66,0.507329464,-0.1887983531,1
417,74,0.3329472542,0.1278236359,1
417,82,0.3052760959,0.2893844843,1
417,90,0.3292398155,0.2273640931,1
417,98,0.3025782704,0.05562683195,1
417,106,0.1660037041,-0.04525799304,1
417,114,0.08253611624,0.00750887394,1
417,122,0.0138142705,0.1540911198,1
417,130,0.006260156631,0.3473992348,1
417,138,0.1734983027,0.394163698,1
417,146,0.2771988213,0.2682650387,1
417,154,0.3023633957,0.1674151421,1
417,162,0.2135157585,-0.01421397924,1
417,170,-0.1067705303,-0.1179176942,1
