PIVlab, ASCII chart output - 02-Aug-2025
FRAME: 150, filenames: A:[150]FullStack_Pos0035_TgUtrmcherry_K4K8MO-1.avi & B:[151]FullStack_Pos0035_TgUtrmcherry_K4K8MO-1.avi, conversion factor xy (px -> m): 1, conversion factor uv (px/frame -> m/s): 1
x [px],y [px],u [px/frame],v [px/frame],Vector type [-]
9,10,0.02146911621,-0.07468755543,1
9,18,0.1251344234,-0.01560756564,1
9,26,0.1811122298,0.07018244267,1
9,34,0.131775558,0.1664859653,1
9,42,0.01125176996,0.005109153688,1
9,50,-0.01332744956,-0.08703428507,1
9,58,-0.1099813581,-0.1666129529,1
9,66,-0.1869915128,-0.2776169181,1
9,74,-0.3198255301,-0.0942350775,1
9,82,-0.189157784,0.1781213433,1
9,90,-0.08909201622,0.2469493747,1
9,98,-0.1762505472,0.1575715989,1
9,106,-0.00619110465,0.138287276,1
9,114,-0.0339320004,0.1070325226,1
9,122,-0.07912886143,-0.004770316184,1
9,130,0.154724434,-0.06192988157,1
9,138,0.244093895,-0.0122769922,1
9,146,0.2488268018,-0.0248696655,1
9,154,0.1530945301,-0.009762778878,1
9,162,0.01794722676,0.03365705535,1
9,170,0.1786928177,-0.1066385508,1
17,10,0.04830556363,0.1337313056,1
17,18,-0.06770090759,-0.01838354208,1
17,26,-0.07794866711,-0.126737982,1
17,34,-0.111968264,-0.008287841454,1
17,42,-0.09365431219,0.008899696171,1
17,50,0.00436963886,0.02198471129,1
17,58,0.125227958,0.04590911418,1
17,66,0.0382424891,0.03075176477,1
17,74,-0.1886204481,0.03312494978,1
17,82,-0.1468468606,0.2451895326,1
17,90,-0.05686229467,0.1466631889,1
17,98,-0.04480805248,0.04029029608,1
17,106,-0.07539130747,0.06831882894,1
17,114,-0.07777099311,0.1073171869,1
17,122,-0.05440001562,0.1346800029,1
17,130,0.05582311749,0.1123081818,1
17,138,0.1549859792,0.09883612394,1
17,146,0.1784055978,0.1003941745,1
17,154,0.10296496,0.08719153702,1
17,162,-0.03532509506,-0.02701633796,1
17,170,-0.05568023026,-0.09004396945,1
25,10,0.0634329766,0.1770560741,1
25,18,-0.1789678186,0.06243389845,1
25,26,-0.3284000456,-0.1885301322,1
25,34,-0.2182851732,-0.1903977096,1
25,42,-0.09586688876,-0.03609829396,1
25,50,0.05818127468,0.059093602,1
25,58,0.2451772094,0.2829225659,1
25,66,-0.003320392221,0.1866244078,1
25,74,-0.1554001868,0.1019432694,1
25,82,-0.1088533551,0.1664150357,1
25,90,0.06312570721,0.07204848528,1
25,98,0.04214884341,-0.02255685255,1
25,106,-0.06195419282,-0.07167367637,1
25,114,-0.02038789168,0.01011384279,1
25,122,-0.0493886508,0.1386831254,1
25,130,-0.04942065477,0.1104677618,1
25,138,0.01356415078,0.1630379558,1
25,146,0.07991816103,0.1675329655,1
25,154,0.06501852721,0.04939360917,1
25,162,-0.01490369067,-0.08420045674,1
25,170,-0.1487224698,-0.06361630559,1
33,10,-0.01360803843,0.05793457851,1
33,18,-0.2196172327,0.04684672132,1
33,26,-0.3188509941,-0.1271700859,1
33,34,-0.1884245872,-0.114373073,1
33,42,0.0165848583,-0.1305512488,1
33,50,0.1210426614,0.1175939739,1
33,58,0.09824884683,0.1129665077,1
33,66,-0.01045193523,-0.004028171301,1
33,74,-0.1161361337,0.01078894734,1
33,82,-0.04040750861,0.03344509006,1
33,90,0.1183180809,-0.03409738094,1
33,98,0.09734154493,-0.0375011377,1
33,106,-0.04158537835,-0.07141664624,1
33,114,-0.001094862819,-0.03663919121,1
33,122,-0.01477026939,0.04256071895,1
33,130,-0.0842826739,0.03783729672,1
33,138,-0.11763037,0.1679267436,1
33,146,-0.02748152614,0.1057157665,1
33,154,0.02537500858,0.07722344995,1
33,162,0.04028562456,0.07948023081,1
33,170,-0.09338481724,0.02389754541,1
41,10,0.1469460875,-0.1732196212,1
41,18,-0.1249536797,-0.01025882736,1
41,26,-0.1641100645,-0.07756916434,1
41,34,-0.1359367669,-0.04175338149,1
41,42,0.006975417957,0.03552331403,1
41,50,0.1322585791,0.1895081401,1
41,58,0.004299070686,-0.07413846254,1
41,66,-0.05655865744,-0.1441496909,1
41,74,-0.1165628061,-0.01721925288,1
41,82,-0.2221558988,-0.02377736941,1
41,90,-0.0137258172,-0.02093684301,1
41,98,0.1003016979,-0.01522038318,1
41,106,-0.001113781705,-0.0187723022,1
41,114,-0.06079728901,-0.02801945619,1
41,122,-0.03346640244,-0.006022751331,1
41,130,-0.1074242592,-0.03608714044,1
41,138,-0.08905929327,0.1087291539,1
41,146,-0.00345890969,0.1958190799,1
41,154,-0.03666268662,0.1351802051,1
41,162,-0.04423250258,0.1041936725,1
41,170,-0.04513756931,0.01831680909,1
49,10,0.2299968004,-0.2355127335,1
49,18,-0.03117312491,0.03455024213,1
49,26,-0.06317340583,0.1020679474,1
49,34,-0.0420887731,0.1380876601,1
49,42,0.02834978327,0.2817409635,1
49,50,0.04965611175,0.09133845568,1
49,58,-0.03597835079,0.01917450875,1
49,66,-0.05676573515,-0.08795130998,1
49,74,-0.003952220082,0.04270939529,1
49,82,-0.02177642286,0.1825385988,1
49,90,-0.06785149872,0.02633710951,1
49,98,-0.1078506261,0.001711905003,1
49,106,-0.101451993,-0.05633800104,1
49,114,-0.1307098716,-0.1054944545,1
49,122,-0.08737299591,-0.06923212856,1
49,130,-0.02055291831,-0.1339048445,1
49,138,-0.03098669648,-0.1332082599,1
49,146,-0.126832664,0.1852893382,1
49,154,-0.1584103703,0.08276634663,1
49,162,-0.1127675921,0.01734729111,1
49,170,0.00617351383,0.02197052538,1
57,10,0.05541326106,-0.1329765469,1
57,18,0.08260092139,0.02133638412,1
57,26,0.08973394334,0.1619467288,1
57,34,-0.03235916793,0.3119054735,1
57,42,-0.1130008698,0.1454582065,1
57,50,-0.1493269205,0.01354058087,1
57,58,-0.1888258457,-0.05148703232,1
57,66,-0.1642790735,-0.1727081835,1
57,74,-0.07506850362,-0.02382696979,1
57,82,-0.02621793002,0.0530170761,1
57,90,-0.07033133507,0.02576489002,1
57,98,-0.09293898195,-0.002931334078,1
57,106,-0.1020022631,0.08657931536,1
57,114,-0.1306919605,-0.05824041739,1
57,122,-0.1691274643,-0.1708303839,1
57,130,-0.002805523574,-0.197145611,1
57,138,-0.02448452264,-0.2395511717,1
57,146,-0.1753460467,0.06580360234,1
57,154,-0.07153956592,0.05912300199,1
57,162,0.01849226654,0.1365414262,1
57,170,0.08087963611,0.09436935186,1
65,10,-0.09127032757,-0.06816729903,1
65,18,0.07448019087,0.02071337029,1
65,26,0.1460960209,0.1148629338,1
65,34,-0.01001635939,0.2290137708,1
65,42,-0.1364916861,0.1136322767,1
65,50,-0.20681113,0.08523248136,1
65,58,-0.2190129161,0.04525227845,1
65,66,-0.07375388592,-0.09066503495,1
65,74,-0.03957484663,0.0003724619746,1
65,82,-0.1375108063,0.07618238032,1
65,90,-0.1456630081,0.05286340415,1
65,98,-0.1037669554,-0.06209145486,1
65,106,-0.06375029683,0.03241660446,1
65,114,-0.08776395023,0.01475517824,1
65,122,-0.1056879684,-0.02735737711,1
65,130,-0.07833474874,-0.1140283719,1
65,138,-0.03560040891,-0.1732367277,1
65,146,-0.1165303141,0.005366163328,1
65,154,-0.02367012203,0.1223828569,1
65,162,0.1775443256,0.1612861753,1
65,170,0.0588231571,0.008194018155,1
73,10,-0.006825625896,0.03434116393,1
73,18,0.06433454901,0.06150423363,1
73,26,0.05426335707,0.0268010553,1
73,34,-0.03590200096,0.01219416037,1
73,42,-0.1157098711,0.07099579275,1
73,50,-0.1139928475,0.1528747827,1
73,58,-0.09548076242,0.1371731907,1
73,66,-0.01179415733,0.1157862991,1
73,74,0.02702406049,0.07160361111,1
73,82,-0.02340118214,0.1289143115,1
73,90,-0.06829966605,0.04559445754,1
73,98,-0.02003864944,0.02033376321,1
73,106,0.1015878841,-0.02377328649,1
73,114,-0.008879803121,0.0004514632747,1
73,122,0.02431998774,-0.009217511863,1
73,130,0.01632466912,-0.05047046021,1
73,138,-0.07359902561,0.02250286378,1
73,146,-0.06883130223,0.04964412004,1
73,154,-0.05336744711,0.114690274,1
73,162,0.03200196102,0.1431141049,1
73,170,0.02999082208,-0.06638445705,1
81,10,0.009323827922,0.1460113823,1
81,18,0.06272087991,-0.07345439494,1
81,26,0.07670888305,-0.08280174434,1
81,34,0.03001577035,0.03530618548,1
81,42,-0.03518165648,0.02437909693,1
81,50,-0.08650362492,0.1794136316,1
81,58,-0.06935273111,0.2203343511,1
81,66,-0.01394753903,0.286904335,1
81,74,0.01571455225,0.2275865823,1
81,82,0.04882395267,0.06645919383,1
81,90,0.07790598273,0.02083665505,1
81,98,-0.003266181797,0.05460951105,1
81,106,-0.03482344374,0.0143779926,1
81,114,-0.01292898133,-0.02703749016,1
81,122,-0.0267040804,-0.04812077433,1
81,130,-0.06968985498,0.06994903088,1
81,138,-0.1295552105,0.1691313237,1
81,146,-0.1628996581,0.1103803068,1
81,154,-0.1836286187,0.05509648472,1
81,162,-0.1014547795,0.09561437368,1
81,170,-0.04992485791,-0.06463608891,1
89,10,0.03960007429,0.1283012033,1
89,18,0.162708804,-0.08371543139,1
89,26,-0.1385553181,-0.1417536139,1
89,34,0.02499617264,-0.005521465093,1
89,42,0.1520374417,0.08920607716,1
89,50,-0.04953080788,0.1831605136,1
89,58,-0.1346635967,0.1412173808,1
89,66,-0.1658032686,0.1193416789,1
89,74,-0.07129856944,0.1574003845,1
89,82,0.09762021899,0.1027944535,1
89,90,0.1423362494,-0.01914631948,1
89,98,0.06486821175,0.04156093299,1
89,106,0.1312254071,0.1136759147,1
89,114,0.07537881285,0.04866187274,1
89,122,-0.1128714532,0.1187468022,1
89,130,-0.1455412209,0.194624573,1
89,138,-0.1285820305,0.1405533403,1
89,146,-0.1357826591,0.04568166286,1
89,154,-0.0615991056,0.04412017763,1
89,162,0.01193726063,0.05424979329,1
89,170,-0.004150517285,-0.02180773765,1
97,10,0.1365409046,0.1064562574,1
97,18,0.2015288174,0.04011752084,1
97,26,0.08845037967,-0.07872074097,1
97,34,0.07902472466,0.01192165911,1
97,42,0.08718840778,0.08090373129,1
97,50,-0.05074157566,0.01298453659,1
97,58,-0.06833190471,-0.06722271442,1
97,66,-0.09950488806,0.002618797123,1
97,74,-0.04899742454,0.0577686578,1
97,82,0.1090810746,0.1194722801,1
97,90,0.147878617,0.03599900007,1
97,98,-0.07897416502,0.02750848979,1
97,106,0.1027450562,0.1307634264,1
97,114,0.2304407507,0.08412175626,1
97,122,0.008586660028,0.08895710111,1
97,130,-0.04767612368,0.04623229057,1
97,138,-0.07471801341,0.09377846122,1
97,146,-0.1139060706,0.0821499452,1
97,154,-0.02802610397,0.09952963144,1
97,162,-0.06734556705,0.08285431564,1
97,170,-0.1075582206,0.02780143172,1
105,10,0.05123316497,0.09835359454,1
105,18,-0.01276267692,0.03552342951,1
105,26,-0.08923348784,-0.05482494086,1
105,34,-0.09115406871,0.08868311346,1
105,42,-0.04578087851,0.09421109408,1
105,50,-0.06651863456,-0.01726096123,1
105,58,-0.09947261214,-0.04871103913,1
105,66,-0.08682782203,0.04521198198,1
105,74,-0.05376674235,-0.03442158177,1
105,82,0.05044700578,0.03037537262,1
105,90,0.09175702929,0.009337194264,1
105,98,0.009907241911,0.1130086109,1
105,106,0.02710776031,0.1403290927,1
105,114,0.1277727485,0.09977409989,1
105,122,0.02655042335,-0.06178136915,1
105,130,-0.04346632957,-0.0361944586,1
105,138,-0.03181644529,0.09187367558,1
105,146,-0.03254061565,0.09256200492,1
105,154,0.008327834308,0.09822092205,1
105,162,-0.04370190576,0.06311456114,1
105,170,-0.1891904324,-0.01826507039,1
113,10,-0.0709008947,0.026780352,1
113,18,-0.059952382,-0.04093570262,1
113,26,-0.1098140255,-0.04117378592,1
113,34,-0.08755133301,0.01612647623,1
113,42,-0.04974681884,-0.001471133903,1
113,50,-0.0690209493,0.07865277678,1
113,58,-0.152408123,0.04661739245,1
113,66,-0.1037176624,0.1178098619,1
113,74,0.0507944636,0.05524472892,1
113,82,0.003869730979,-0.1564860195,1
113,90,0.007302954793,-0.198715508,1
113,98,0.03494747728,0.06618218124,1
113,106,-0.001128382981,0.1128416359,1
113,114,-0.02741672844,0.1792649925,1
113,122,-0.0576448366,0.03915946186,1
113,130,-0.1319884658,0.0489281863,1
113,138,0.1370792538,0.09553998709,1
113,146,0.1344400644,-0.0100236088,1
113,154,0.06413618475,0.02364153787,1
113,162,-0.00173856318,0.08482145518,1
113,170,-0.1186920181,-0.05210375413,1
121,10,-0.1217065752,-0.06569147855,1
121,18,-0.1104000136,-0.120550938,1
121,26,-0.1481485367,0.006344165653,1
121,34,-0.060022071,-0.07091854513,1
121,42,-0.02825202048,-0.08215784281,1
121,50,-0.04342226312,0.08467016369,1
121,58,-0.02100107074,0.1101388186,1
121,66,0.0008710036054,-0.0385581553,1
121,74,0.085559614,0.05287994444,1
121,82,-0.04603196681,-0.07117721438,1
121,90,-0.08396651596,-0.2500464618,1
121,98,0.03890714049,-0.13804169,1
121,106,-0.002144206315,0.02072115242,1
121,114,-0.08640827984,0.1609847844,1
121,122,-0.06587908417,0.1842920631,1
121,130,-0.07524389029,0.1408521235,1
121,138,-0.04429276288,0.1444661021,1
121,146,0.1662346572,-0.03616405651,1
121,154,0.07343678176,-0.04394026846,1
121,162,-0.03261874616,0.1182454377,1
121,170,-0.04207059741,0.05469212681,1
129,10,-0.1012740284,-0.03083753213,1
129,18,-0.1007995903,-0.04402408749,1
129,26,-0.03024290502,0.05362036079,1
129,34,-0.1406685263,0.01301199198,1
129,42,-0.07080104947,-0.1125648469,1
129,50,-0.02059094235,-0.0757330358,1
129,58,-0.02957200259,-0.1107487231,1
129,66,0.01408456825,-0.2508642077,1
129,74,-0.01462877449,-0.04256693274,1
129,82,-0.08747170866,-0.09015630186,1
129,90,-0.03411137313,-0.05890659988,1
129,98,0.05587188527,-0.05206450075,1
129,106,0.06999050081,0.2327252924,1
129,114,-0.01255600154,0.177643612,1
129,122,0.01073607802,0.322465986,1
129,130,0.06962902844,0.1908309162,1
129,138,-0.1528744847,0.2339424193,1
129,146,-0.1217074916,-0.01193778589,1
129,154,-0.1304710805,0.05901987478,1
129,162,-0.04565472901,0.06393647194,1
129,170,0.000165514648,0.1540288329,1
137,10,-0.0561036095,-0.02757110447,1
137,18,0.02145288698,0.07429043949,1
137,26,0.0671357289,-0.01270730048,1
137,34,-0.0230057016,0.0218032524,1
137,42,-0.1198783517,-0.07331563532,1
137,50,-0.3471786678,0.02015997842,1
137,58,-0.1259475052,-0.09731353074,1
137,66,0.004478512332,-0.140631631,1
137,74,-0.2188505232,-0.1052269042,1
137,82,0.004221651703,-0.0787910372,1
137,90,0.0221719034,0.01496687531,1
137,98,0.02616446465,0.04832607508,1
137,106,0.008228540421,0.2057777941,1
137,114,-0.002091564238,0.1387975812,1
137,122,0.1456252038,0.1673837453,1
137,130,0.0878174603,0.1756499112,1
137,138,0.004046689719,0.1156279445,1
137,146,-0.03527072072,-0.02802722156,1
137,154,-0.01853552833,0.1255316287,1
137,162,0.03975803405,0.01958018169,1
137,170,0.005768153816,0.1239758879,1
145,10,-0.08937448263,-0.1864799261,1
145,18,0.01830270514,-0.1126710773,1
145,26,-0.06872262806,0.04096583277,1
145,34,-0.1333694905,0.06230384856,1
145,42,-0.07318662107,0.05357093364,1
145,50,-0.1578570008,0.05490987375,1
145,58,-0.2684368193,0.1165406033,1
145,66,0.02599372342,0.006686877459,1
145,74,0.1718576252,-0.07987950742,1
145,82,0.1742873937,0.03238083795,1
145,90,-0.03722223267,0.02851724997,1
145,98,-0.05640164018,-0.06573116034,1
145,106,0.01272004098,-0.06208457053,1
145,114,-0.03981072828,0.04544962198,1
145,122,0.02085975558,0.06204673648,1
145,130,0.07294979692,0.08716420829,1
145,138,0.01941952109,-0.1002992615,1
145,146,-0.1493914425,-0.1675347537,1
145,154,-0.05958420038,0.04057493061,1
145,162,0.05585991964,-0.01246427372,1
145,170,-0.01755914837,0.1254266202,1
153,10,-0.006949394941,-0.04609774798,1
153,18,0.05262533948,-0.07581822574,1
153,26,0.1743874997,0.05627736077,1
153,34,0.04327291995,0.008840640076,1
153,42,-0.09843625128,0.01004992425,1
153,50,-0.09649439156,0.07533784956,1
153,58,-0.0388103351,0.18381612,1
153,66,-0.0383702144,0.1407282352,1
153,74,0.08071362227,0.01430218294,1
153,82,0.1489297897,0.1087160707,1
153,90,0.04938849062,0.05631375313,1
153,98,0.04135016352,-0.1817215383,1
153,106,0.08164727688,-0.1628795415,1
153,114,-0.07097814977,-0.1253989637,1
153,122,-0.06239894032,-0.01523170248,1
153,130,-0.009558994323,0.0981759727,1
153,138,-0.1415515095,0.05377212912,1
153,146,-0.2158590257,0.07033913583,1
153,154,0.01043106616,0.08788821846,1
153,162,0.07519430667,0.08397009224,1
153,170,0.08463317156,0.1554181874,1
161,10,-0.0486318022,0.04750831798,1
161,18,-0.1619339734,-0.0613358058,1
161,26,-0.1023182571,-0.02821995504,1
161,34,-0.1077183485,-0.1352123618,1
161,42,-0.2598026991,0.003350995481,1
161,50,-0.1680231392,0.1362522691,1
161,58,-0.03579077125,0.1707734615,1
161,66,-0.02823588252,0.129930079,1
161,74,-0.05890192464,0.006446398795,1
161,82,-0.1064603329,0.004131779075,1
161,90,0.07657852024,0.03239656985,1
161,98,0.04089919478,-0.09244166315,1
161,106,-0.04968201369,-0.1463356763,1
161,114,-0.05928595364,-0.1975394636,1
161,122,-0.004186540842,-0.04938709736,1
161,130,0.02529225498,0.04439137876,1
161,138,-0.07072272152,0.1160902902,1
161,146,-0.1499666721,0.1087082699,1
161,154,-0.01433287002,0.05733375251,1
161,162,0.04632554203,0.153603673,1
161,170,0.1031173468,0.1520097256,1
169,10,0.09006008506,-0.0431406945,1
169,18,-0.1162736788,-0.04087690637,1
169,26,-0.06724279374,-0.04712248966,1
169,34,-0.07259754837,0.01715527475,1
169,42,-0.3096848726,0.06430876255,1
169,50,-0.1024027914,0.1162742004,1
169,58,0.05614244565,0.1002731621,1
169,66,0.01514842361,0.04462040588,1
169,74,-0.01530436799,0.01129070297,1
169,82,-0.09736364335,0.01399542112,2
169,90,-0.07183378935,0.02990230173,1
169,98,0.0006707999855,-0.05171268433,1
169,106,-0.02999606729,-0.06954362988,1
169,114,0.0226056166,-0.001401394606,1
169,122,0.05756612122,-0.08808047324,1
169,130,0.03865916282,-0.03704735637,1
169,138,-0.1092663482,0.1840655208,1
169,146,-0.07184355706,0.09978288412,1
169,154,-0.07545895875,0.04432945698,1
169,162,-0.0496602878,0.1293128431,1
169,170,0.06157849729,0.148944512,1
177,10,0.04023474455,-0.1834212542,1
177,18,-0.2187901437,-0.08662800491,1
177,26,-0.2475200295,-0.06517250091,1
177,34,-0.1608691216,0.1366330981,1
177,42,-0.04774203151,0.1470333338,1
177,50,0.0725357011,0.1111699045,1
177,58,0.09548766166,0.05840397999,1
177,66,0.08323317766,-0.02055381238,1
177,74,-0.06520234048,0.01367011666,1
177,82,-0.1958560944,0.0106569007,1
177,90,-0.02390827239,0.1726065576,1
177,98,-0.05595435575,0.006224729121,1
177,106,-0.0630793348,-0.03181246668,1
177,114,0.01668040641,0.06784377247,1
177,122,-0.003974154592,-0.03009685874,1
177,130,-0.007099617273,0.07592303306,1
177,138,-0.1565941274,0.3115698099,1
177,146,-0.05068484321,0.1626517028,1
177,154,-0.01517280191,0.2124960423,1
177,162,-0.05774003267,0.3109018803,1
177,170,0.0888357237,0.1562507153,1
185,10,-0.01748558879,-0.2154211253,1
185,18,-0.2164353728,-0.1111926585,1
185,26,-0.2641747296,-0.04630949348,1
185,34,-0.2732442021,0.1269184053,1
185,42,-0.1896127164,0.06041541696,1
185,50,0.1048558354,-0.009897343814,1
185,58,0.02914567664,0.002687128261,1
185,66,-0.006803106517,-0.08580313623,1
185,74,-0.02639655583,0.005142834038,1
185,82,-0.1105081961,0.03122549504,1
185,90,0.03044399619,0.2695683837,1
185,98,0.02816814184,0.2349998057,1
185,106,-0.2216268778,0.1074048877,1
185,114,0.02568117902,0.1147350967,1
185,122,0.1317187995,0.07246515155,1
185,130,0.1561858952,0.2023968846,1
185,138,0.09624756128,0.1690132171,1
185,146,-0.08472944796,0.1302734017,1
185,154,-0.1010162234,0.2370116413,1
185,162,-0.108594358,0.4197661877,1
185,170,-0.07031016797,0.226276204,1
193,10,0.03403927386,-0.1052570492,1
193,18,-0.05003745854,-0.04593199492,1
193,26,-0.01685436815,0.03623406589,1
193,34,-0.01829318702,0.05957688391,1
193,42,-0.04665260762,-0.06167908013,1
193,50,0.09513121843,-0.05895452574,1
193,58,-0.02934774011,-0.02047378756,1
193,66,-0.044742506,-0.1091586947,1
193,74,-0.03427635878,-0.1069102585,1
193,82,-0.04450850189,0.03138753772,1
193,90,-0.002579525113,0.1297595203,1
193,98,0.07714205235,0.1962517053,1
193,106,0.02534112334,0.1442465633,1
193,114,0.03073667549,0.08968701959,1
193,122,0.1907551438,0.1318119764,1
193,130,0.1621950567,0.1533794701,1
193,138,0.03659410775,0.07273454964,1
193,146,-0.11199224,0.02219565213,1
193,154,-0.1609760821,0.03068773448,1
193,162,-0.08431290835,0.2735209465,1
193,170,-0.05524459481,0.2687006891,1
201,10,-0.08343920857,-0.04728528857,1
201,18,0.05893453956,-0.1128530875,1
201,26,0.146324873,0.04488150775,1
201,34,0.006425602362,0.03136654571,1
201,42,-0.05770956725,-0.02570737712,1
201,50,0.008316814899,0.03783598915,1
201,58,-0.07395122945,-0.04821641743,1
201,66,0.04391913116,-0.1835579276,1
201,74,-0.00491854921,-0.2191585749,1
201,82,-0.1715452969,0.0411042273,1
201,90,-0.05468871072,0.07947714627,1
201,98,-0.01557654887,0.01380975544,1
201,106,-0.00195165351,0.08806040138,1
201,114,0.01741247438,0.01058035344,1
201,122,0.09624084085,0.07489596307,1
201,130,0.133777231,-0.0168639794,1
201,138,0.1329385787,-0.007883690298,1
201,146,0.09036247432,-0.07922410965,1
201,154,-0.02776222304,-0.1099623442,1
201,162,-0.0812535584,0.1980915666,1
201,170,-0.1240042001,0.231499806,1
209,10,-0.139421463,-0.1065113768,1
209,18,-0.04451544955,-0.04947651923,1
209,26,0.0398803018,-0.01714136079,1
209,34,-0.03327770531,0.0275446251,1
209,42,-0.03453858569,0.01800759137,1
209,50,-0.01600087434,-0.008645689115,1
209,58,-0.2309108675,0.04488987103,1
209,66,-0.114532873,0.2831014693,1
209,74,0.2209203541,0.0493298471,1
209,82,0.08483657986,0.0765593648,1
209,90,0.05828558654,0.1154747158,1
209,98,0.09691041708,0.03015471995,1
209,106,0.01216858253,0.1163595468,1
209,114,-0.03998115286,0.05312290788,1
209,122,-0.02013074607,0.02272185683,1
209,130,0.1286916882,0.03449612856,1
209,138,0.237571016,-0.001688923687,1
209,146,0.07592158765,-0.009803511202,1
209,154,0.05940727517,-0.006562873721,1
209,162,0.007961135358,0.1281356514,1
209,170,-0.1671436876,0.2003469765,1
217,10,0.01043332368,-0.04058867693,1
217,18,0.09113225341,0.0699666515,1
217,26,0.125449419,0.009868376888,1
217,34,0.1170032546,-0.04927478731,1
217,42,0.1317834854,-0.139945209,1
217,50,0.1119375527,-0.002606358379,1
217,58,0.09144425392,0.07918757945,1
217,66,-0.03209548816,0.2508350611,1
217,74,0.1865267456,0.05607057735,1
217,82,0.2357036173,0.02204142138,1
217,90,0.1017690599,0.1001337916,1
217,98,0.01026565209,0.07239666581,1
217,106,-0.003837168217,0.02240711823,1
217,114,-0.0186698325,-0.03829796612,1
217,122,-0.03053655848,0.06620574743,1
217,130,-0.01160986349,0.1118529588,1
217,138,-0.01323740557,0.1190324053,1
217,146,-0.06489771605,0.1539167315,1
217,154,0.0317216143,-0.01417185366,1
217,162,-0.002927444875,-0.03503572941,1
217,170,-0.3362132013,0.2054969072,1
225,10,0.07817904651,0.03820803761,1
225,18,0.2526861727,0.04018884525,1
225,26,0.09504120052,0.0003277854994,1
225,34,0.04197446257,-0.02901957557,1
225,42,0.05220514163,-0.1363801509,1
225,50,0.08924178779,0.02659542486,1
225,58,0.02453423664,0.04161807522,1
225,66,0.0135076791,0.05654773116,1
225,74,0.08603006601,-0.02957046777,1
225,82,0.08898413181,-0.001936495304,1
225,90,0.1080393344,0.04188147932,1
225,98,0.02743311226,-0.1008598059,1
225,106,0.01752214879,-0.1399367452,1
225,114,-0.01718496531,-0.05928237736,1
225,122,-0.09555997699,-0.03145494685,1
225,130,-0.1471714079,0.1813167334,1
225,138,-0.1455862224,0.1652543545,1
225,146,-0.1544928551,0.05935379118,1
225,154,-0.125750199,-0.01658536866,1
225,162,-0.07308395207,-0.05298733339,1
225,170,-0.1912720203,0.1368038654,1
233,10,-0.005702538416,0.06565970182,1
233,18,0.106412828,-0.002165917307,1
233,26,-0.02099657059,-0.02530616894,1
233,34,-0.04803366214,-0.05974952132,1
233,42,-0.02745865099,-0.06652043015,1
233,50,0.1104639024,0.008570618927,1
233,58,0.1096805632,0.111763224,1
233,66,0.02184981853,0.0736566186,1
233,74,0.04461817443,0.02718003839,1
233,82,0.05605553836,0.04027264565,1
233,90,0.1435355544,0.05096597597,1
233,98,0.3212010264,-0.08266825229,1
233,106,0.1276583821,-0.1484476924,1
233,114,-0.03310290724,-0.03526658565,1
233,122,-0.02772388607,0.02491350472,1
233,130,-0.04237760976,0.09900660068,1
233,138,-0.0260222815,0.04187567532,1
233,146,-0.06255927682,0.03126413003,1
233,154,-0.1429415792,0.06541779637,1
233,162,-0.1093432456,0.02452812344,1
233,170,-0.07779924572,0.03304831684,1
241,10,-0.05202543363,0.07168446481,1
241,18,-0.02794740349,-0.04874359071,1
241,26,-0.0838919282,-0.03159148991,1
241,34,-0.07046578825,-0.07773278654,1
241,42,-0.01314629987,-0.04376845062,1
241,50,0.06560000032,0.06215408444,1
241,58,0.1244496405,0.2207226753,1
241,66,0.09079615772,0.176732704,1
241,74,0.1377858967,0.1745081097,1
241,82,0.04814097285,0.01780563593,1
241,90,0.02945164219,0.01128055528,1
241,98,0.1658480018,0.05447466299,1
241,106,0.1216512322,-0.128461495,1
241,114,0.1423825026,-0.02756408975,1
241,122,0.1183518767,0.0620126985,1
241,130,0.03436581045,0.1230576858,1
241,138,-0.07165231556,0.1079574227,1
241,146,-0.05710273981,0.0308845751,1
241,154,-0.02372634411,-0.03366940469,1
241,162,-0.06130301207,0.05857111886,1
241,170,-0.04170374572,0.1334718615,1
249,10,-0.1112965122,0.01178178936,1
249,18,-0.02711476386,-0.06525592506,1
249,26,-0.02091067657,-0.05687754601,1
249,34,0.03125987574,0.07024412602,1
249,42,0.06238870695,0.1040244102,1
249,50,0.1079428047,0.08326745778,1
249,58,0.0889441222,0.1492529213,1
249,66,-0.1769915521,0.3300722241,1
249,74,0.07489737123,0.2469237596,1
249,82,0.02706342936,-0.04646211118,1
249,90,-0.04144866019,-0.01451334171,1
249,98,0.07375341654,0.06077875197,1
249,106,0.1759696752,-0.05808502436,1
249,114,0.1539995372,-0.0045915558,1
249,122,0.03579634428,0.04953019693,1
249,130,-0.03999058902,0.21660541,1
249,138,-0.08008803427,0.2613876164,1
249,146,0.03588517755,0.00177333504,1
249,154,0.1338302195,-0.0447134003,1
249,162,0.08395788074,0.1729683131,1
249,170,0.03643865138,0.2882807255,1
257,10,-0.1413577944,0.0292462334,1
257,18,-0.05123934895,-0.05363640934,1
257,26,-0.0187519528,-0.1033021063,1
257,34,-0.01380088553,0.05285022035,1
257,42,0.005373878404,0.1240866259,1
257,50,0.05437025428,0.02603778243,1
257,58,0.09213792533,-0.02817818522,1
257,66,0.08435592055,-0.09782701731,1
257,74,0.2389832288,0.09237630665,1
257,82,0.1058717966,0.1196670383,1
257,90,-0.01044993848,0.1416950822,1
257,98,-0.008894987404,-0.1132953465,1
257,106,-0.001215938479,-0.01082308218,1
257,114,0.05690630898,-0.02430811897,1
257,122,0.009621437639,0.03370705992,1
257,130,-0.1267563254,0.2049495876,1
257,138,0.003943646327,0.1647375226,1
257,146,0.1298082173,0.06107209995,1
257,154,0.1603549421,0.08761462569,1
257,162,0.07044236362,0.2459821403,1
257,170,-0.0237230882,0.2712139785,1
265,10,-0.01297128946,0.07563140243,1
265,18,0.05101789534,0.0001741740853,1
265,26,0.02971366048,-0.05443036556,1
265,34,0.04986260086,-0.06501455605,1
265,42,-0.01588185504,-0.002536121756,1
265,50,-0.0578295812,-0.05282322317,1
265,58,-0.03750598058,0.02520313486,1
265,66,-0.02032367885,-0.06086686999,1
265,74,0.1479844749,-0.1534908861,1
265,82,0.09959417582,-0.064077124,1
265,90,-0.05859005451,0.003995865583,1
265,98,0.1749131382,-0.1620197445,1
265,106,0.01090580225,0.006409675349,1
265,114,-0.03936915845,-0.0008686333895,1
265,122,0.0682964325,-0.04202902317,1
265,130,0.1181642413,0.04658104479,1
265,138,0.002557361498,0.1404309422,1
265,146,-0.2200929821,0.04008281231,1
265,154,-0.1106218174,0.1706022024,1
265,162,-0.06748682261,0.3514904976,1
265,170,-0.0805791989,0.2760217488,1
273,10,0.05296333134,0.03951796144,1
273,18,0.08110547066,0.08695664257,1
273,26,0.140699029,0.03254399449,1
273,34,0.1539469957,0.04742632434,1
273,42,0.1188990623,-0.04784749821,1
273,50,0.2828858197,-0.1151588261,1
273,58,0.07136870921,0.09457278997,1
273,66,-0.1289989203,-0.01069316268,1
273,74,-0.1111133844,-0.1048579141,1
273,82,-0.02308693528,-0.1119948998,1
273,90,0.02606548369,-0.2357314527,1
273,98,0.09514218569,-0.08702039719,1
273,106,0.0580393225,0.1373308301,1
273,114,0.05757614225,0.1641564071,1
273,122,0.1299098134,0.1101542562,1
273,130,0.2847021222,-0.009682558477,1
273,138,0.01164277084,0.01332124323,1
273,146,-0.1970081925,0.02462683991,1
273,154,-0.1576871127,0.06426604092,1
273,162,-0.2450932115,0.2154721022,1
273,170,-0.2069067359,0.2589203119,1
281,10,0.02501725405,-0.06660248339,1
281,18,0.1321431398,0.08863787353,1
281,26,0.1243752167,0.1070006043,1
281,34,-0.1184986904,0.07983089983,1
281,42,0.01868464798,-0.1187854856,1
281,50,0.1602885723,-0.3088231087,1
281,58,0.02454387024,-0.04120867699,1
281,66,-0.1387495399,0.04536971077,1
281,74,-0.09344169497,0.1698110104,1
281,82,0.1330067962,0.05080361292,1
281,90,0.3205345273,-0.06060838699,1
281,98,0.1463240683,-0.007141180336,1
281,106,0.1263495833,0.1690880358,1
281,114,0.03539869562,0.2806071341,1
281,122,0.06080190837,0.2023826241,1
281,130,0.1504038423,0.1132252291,1
281,138,0.06115707755,0.1493360549,1
281,146,-0.01692240126,0.05234227329,1
281,154,-0.0635414198,-0.003168936819,1
281,162,-0.08053492755,0.1122322083,1
281,170,0.01952509768,0.1589111388,1
289,10,0.1357383579,0.04085858166,1
289,18,0.05589865893,0.09158073366,1
289,26,0.07627046108,0.1494873762,1
289,34,0.004719436169,-0.01654825732,1
289,42,-0.03564120829,-0.2165027708,1
289,50,-0.03407543898,-0.523098588,1
289,58,-0.04405426979,-0.1146776378,1
289,66,-0.1502137631,0.1825676709,1
289,74,-0.1487041116,0.2549866438,1
289,82,0.1593192369,0.0423335433,1
289,90,0.2041537613,0.1462934315,1
289,98,0.14156124,0.1203132048,1
289,106,0.05714186281,0.1768281311,1
289,114,0.1015273854,0.07750925422,1
289,122,0.1344616413,0.1352641732,1
289,130,0.01995153911,0.170367673,1
289,138,-0.007276155055,0.1897783875,1
289,146,-0.007219356485,0.03651239723,1
289,154,-0.01538880169,0.01359594986,1
289,162,-0.0465098843,0.1258022636,1
289,170,0.02027777769,0.1119695902,1
297,10,0.1146631092,0.2164546847,1
297,18,0.08304485679,0.09680707008,1
297,26,0.1677027643,0.04904163629,1
297,34,0.1739674062,-0.07120501995,1
297,42,0.08646206558,-0.2114274204,1
297,50,0.05013030767,-0.238773942,1
297,58,0.05277203396,-0.06141432002,1
297,66,-0.03141949698,0.1184614599,1
297,74,-0.03308763355,0.04415249079,1
297,82,0.0110546099,-0.03959017992,1
297,90,0.07917794585,-0.01529819518,1
297,98,0.08327445388,-0.05141942576,1
297,106,-0.01073788851,0.156553328,1
297,114,0.1171153039,0.1584277153,1
297,122,0.06203944981,0.1587658077,1
297,130,-0.05358929187,0.1331565678,1
297,138,-0.02844348177,0.09220811725,1
297,146,-0.07177434862,0.0476699695,1
297,154,-0.09739455581,-0.08441007882,1
297,162,0.006475068629,0.01086905226,1
297,170,0.024288835,0.001094400883,1
305,10,0.05506251007,0.1607282758,1
305,18,0.06693235785,0.01493567228,1
305,26,0.1038047671,-0.04503119737,1
305,34,0.1042530686,0.1144531518,1
305,42,0.0906194672,0.03967580199,1
305,50,0.1218529344,-0.0599263832,1
305,58,-0.08418791741,-0.04169580713,1
305,66,0.008313758299,-0.04730113223,1
305,74,0.1236758679,-0.186697349,1
305,82,0.0778734833,0.01249555871,1
305,90,0.2985939682,-0.05129710585,1
305,98,0.181250304,-0.1411808133,1
305,106,0.03721812367,0.009145274758,1
305,114,0.08072386682,0.1708237082,1
305,122,0.009016441181,0.1102960706,1
305,130,-0.03858704865,0.08611012995,1
305,138,-0.01622460596,0.1023194045,1
305,146,-0.05190563574,0.0136519745,1
305,154,-0.108995378,-0.1549065113,1
305,162,0.0167224817,-0.0798522383,1
305,170,0.04274322838,-0.07094305754,1
313,10,0.0188628193,0.06763250381,1
313,18,0.0379171595,-0.03313742951,1
313,26,0.06799713522,-0.01372386888,1
313,34,0.09803626686,0.2098729014,1
313,42,0.1698435992,0.2077585012,1
313,50,0.1742319912,-0.04201195389,1
313,58,-0.01879132539,-0.07501860708,1
313,66,0.004833213985,-0.1328088343,1
313,74,0.05408657342,-0.1500070393,1
313,82,-0.006809240207,0.03200258315,1
313,90,0.02470739558,-0.0180111751,1
313,98,0.08032771945,-0.1625647694,1
313,106,0.09497389942,-0.04073068127,1
313,114,0.01822208986,0.06993469596,1
313,122,-0.02990710922,0.02663207799,1
313,130,-0.04626482353,0.1151083186,1
313,138,0.008771233261,0.1534307301,1
313,146,0.002424342558,0.03798219934,1
313,154,-0.01479971968,-0.08876117319,1
313,162,0.004203075543,-0.01308763772,1
313,170,-0.03894913942,-0.1005786657,1
321,10,0.1156140491,-0.03241750598,1
321,18,0.054291673,0.2108216733,1
321,26,0.1314793229,0.1732853353,1
321,34,0.154487282,0.2063805461,1
321,42,-0.02056792751,0.1532727182,1
321,50,0.00492878817,0.04613405839,1
321,58,-0.01443484984,-0.06469643861,1
321,66,-0.08047734201,-0.1375965178,1
321,74,-0.1356452107,-0.1499095261,1
321,82,0.02523306757,-0.01013085619,1
321,90,0.0729381144,-0.02337296307,1
321,98,0.06580151618,-0.1608899683,1
321,106,0.06854064763,-0.01678426564,1
321,114,0.003570843488,0.03962951899,1
321,122,-0.0229670573,-0.003680936992,1
321,130,-0.05789858475,0.04316084832,1
321,138,0.0008839443326,0.2958005667,1
321,146,0.1472453326,0.1611388326,1
321,154,0.1768022478,-0.07370993495,1
321,162,-0.01263671741,-0.03571582213,1
321,170,-0.1000528187,-0.09977558255,1
329,10,0.1903115213,-0.03718388081,1
329,18,0.177508831,0.08140292764,1
329,26,0.1266730428,0.03791482747,1
329,34,0.01434521005,0.1277420074,1
329,42,-0.1509302109,-0.03137680516,1
329,50,-0.1273009181,-0.01025377959,1
329,58,-0.08293814957,-0.04178148136,1
329,66,-0.01656660251,-0.1715111136,1
329,74,-0.002742476761,-0.1385483146,1
329,82,0.03863819689,0.07477227598,1
329,90,0.08739466965,0.1775396168,1
329,98,0.0961355418,0.08410032094,1
329,106,0.0703574568,0.07724809647,1
329,114,-0.0552655682,0.1117250323,1
329,122,-0.1406912655,0.1161483452,1
329,130,-0.02515418455,0.03315200657,1
329,138,-0.02740702778,0.1764291078,1
329,146,0.01447322965,0.140903011,1
329,154,0.2233848274,-0.08611139655,1
329,162,0.1737297177,-0.03496604413,1
329,170,0.1351804435,-0.04157296568,1
337,10,-0.06343472004,0.0105330497,1
337,18,0.1155686751,-0.1158362851,1
337,26,0.1558037996,-0.1113569885,1
337,34,0.02731953375,-0.002228073776,1
337,42,-0.08631518483,-0.1747607142,1
337,50,-0.1073902249,-0.160612762,1
337,58,0.06767227501,-0.1108848602,1
337,66,0.1386922896,-0.1117768809,1
337,74,0.1046249121,-0.002800166607,1
337,82,0.1098781899,0.1186574623,1
337,90,0.1123628169,0.2164454311,1
337,98,0.08323792368,0.1816588789,1
337,106,0.02031635493,0.1671476364,1
337,114,0.05983240902,0.1032665893,1
337,122,0.1175540835,0.1927458048,1
337,130,0.2145003676,0.1058590785,1
337,138,0.1727785319,-0.01748863608,1
337,146,0.1349844933,0.07288275659,1
337,154,0.3176737428,0.1577025801,1
337,162,0.1967344135,-0.0006074905396,1
337,170,0.02876773477,0.1442620456,1
345,10,0.01596199721,-0.07124623656,1
345,18,0.02284094319,-0.1638919711,1
345,26,0.1999527812,-0.1120747104,1
345,34,0.09060349315,-0.1095917895,1
345,42,-0.03357125819,-0.2347668707,1
345,50,0.05205086619,-0.2291144282,1
345,58,0.1684098989,0.0232565403,1
345,66,0.1427892447,0.02383257076,1
345,74,0.0529679805,0.07550892234,1
345,82,0.03166104853,0.01178191975,1
345,90,0.09099428356,-0.1107283682,1
345,98,0.08947393298,0.0344222635,1
345,106,0.08764338493,0.1796539426,1
345,114,0.1364960968,0.001641985029,1
345,122,0.153580904,0.01808775216,1
345,130,0.1116179153,0.06375662237,1
345,138,0.2122276723,0.05992821604,1
345,146,0.2829495072,0.2834952474,1
345,154,0.2931291461,0.271735549,1
345,162,0.2045240104,0.171857968,1
345,170,0.01300636679,0.2234594673,1
353,10,0.05995935947,-0.09297947586,1
353,18,-0.02066117525,-0.01948628947,1
353,26,-0.01171677932,-0.06054177135,1
353,34,0.1183257848,0.02301666886,1
353,42,0.05999731272,-0.2029510289,1
353,50,0.1461291611,-0.1536554694,1
353,58,0.1488170475,0.1736653894,1
353,66,0.04450332746,-0.004542250186,1
353,74,0.2128486782,0.04450970888,1
353,82,0.287471801,-0.04217889532,1
353,90,0.2549467683,-0.0919655636,1
353,98,0.1772794425,-0.05727118254,1
353,106,0.2023374289,-0.0367147848,1
353,114,0.1146167517,0.03706790134,1
353,122,0.01329443604,-0.03649175167,1
353,130,-0.02433150262,0.06246526539,1
353,138,-0.02200045437,0.1461686492,1
353,146,0.04285404086,0.1826242954,1
353,154,0.1512447745,0.1351077557,1
353,162,0.1413031071,0.2822651267,1
353,170,0.05320684612,0.3283577561,1
361,10,0.007768414915,-0.04755983502,1
361,18,-0.05323126912,0.04525625706,1
361,26,-0.08103373647,0.08929057419,1
361,34,-0.07651554793,0.1257901788,1
361,42,-0.05925675109,-0.01809589937,1
361,50,0.02701122314,-0.005135377869,1
361,58,0.09874640405,0.01727234945,1
361,66,-0.05885585397,-0.01201741677,1
361,74,-0.1363268346,3.083050251e-05,1
361,82,0.0747038424,-0.07104516774,1
361,90,0.2245611846,0.01718671992,1
361,98,0.1420772225,0.01181402802,1
361,106,0.1473944038,-0.09788236022,1
361,114,-0.0728289485,0.003940314054,1
361,122,-0.154672876,-0.02876460552,1
361,130,-0.04223413393,0.1677747071,1
361,138,0.1131988317,0.1070603803,1
361,146,0.1033706442,0.1059559286,1
361,154,0.09102737904,0.0954464674,1
361,162,0.09578958154,0.2109410167,1
361,170,0.02056233212,0.2518290877,1
369,10,0.1946369112,-0.07904694974,1
369,18,0.004551433027,0.07154622674,1
369,26,-0.1672818959,0.09468205273,1
369,34,-0.1707774252,-0.03354172409,1
369,42,0.02833335102,0.03421034291,1
369,50,0.2248628438,0.006046816707,1
369,58,0.3224358857,0.0452859737,1
369,66,-0.00032761693,0.04616119713,1
369,74,-0.2866204381,-0.1489928067,1
369,82,-0.1876434088,-0.1517415196,1
369,90,0.05374239385,-0.1049220413,1
369,98,0.2088573873,-0.00616215542,1
369,106,0.2977063656,0.04193139076,1
369,114,0.06538438797,0.0688225925,1
369,122,-0.02381171659,0.02422641218,1
369,130,0.019946713,0.1307136267,1
369,138,0.1428707838,0.1809233427,1
369,146,0.138670966,0.1861253977,1
369,154,0.04197745025,0.1196538657,1
369,162,-0.01485749334,0.08549618721,1
369,170,0.01152621955,0.1731067598,1
377,10,0.09249837697,-0.09480594844,1
377,18,-0.03740402684,0.1183502004,1
377,26,-0.1455837935,0.08048646152,1
377,34,-0.1287966222,-0.1032110155,1
377,42,0.0446761623,-0.1229853258,1
377,50,0.1538267434,-0.06646993756,1
377,58,0.2102398574,0.1571338624,1
377,66,0.1917934567,0.09070720524,1
377,74,-0.4750466347,-0.03005567193,1
377,82,-0.2954515219,-0.0757093206,1
377,90,0.1207228005,-0.1318627894,1
377,98,0.4240800738,-0.08618339896,1
377,106,0.3533546329,-0.03367830068,1
377,114,0.1297553778,0.10293708,1
377,122,-0.315361172,-0.0743432641,1
377,130,0.03984872252,-0.01569616795,1
377,138,0.03338555247,0.09452405572,1
377,146,-0.05920372158,0.1457063258,1
377,154,-0.05413593352,0.1204291284,1
377,162,-0.1631137729,0.06958077103,1
377,170,-0.2948948741,0.156543985,1
385,10,0.1793841422,-0.1174824536,1
385,18,-0.09963795543,0.1301981062,1
385,26,-0.1595272422,0.1235571727,1
385,34,-0.184755832,-0.1823143363,1
385,42,-0.01488325745,-0.1622891873,1
385,50,0.007521137595,-0.07700333744,1
385,58,0.08432269096,-0.06791650504,1
385,66,0.02203401551,0.01292718388,1
385,74,-0.1825577319,0.03077644669,1
385,82,-0.005757592618,-0.02527394891,1
385,90,0.114735119,0.009154804051,1
385,98,0.2148467898,-0.08953654766,1
385,106,0.0422155261,-0.1450371742,1
385,114,-0.1530019939,-0.04140954837,1
385,122,-0.02982116863,0.04345364496,1
385,130,0.08685290813,-0.03331749886,1
385,138,0.06782378256,0.01538090408,1
385,146,0.03809721023,0.1417154819,1
385,154,0.0322881639,0.06978043914,1
385,162,-0.0523728095,0.005753278732,1
385,170,-0.1392824054,0.1799680889,1
393,10,0.3011455536,-0.1285859495,1
393,18,0.08238268644,0.1640996337,1
393,26,0.06268747151,0.1422988325,1
393,34,-0.03180963174,-0.1322230399,1
393,42,0.01053549349,-0.04230362922,1
393,50,0.06253028661,-0.04230710864,1
393,58,0.126110658,-0.07819419354,1
393,66,-0.0276377555,-0.01936111785,1
393,74,-0.1996997297,-0.06629753113,1
393,82,-0.07497621328,-0.1418813169,1
393,90,-0.06542079896,-0.01112475991,1
393,98,-0.1238743141,-0.187620908,1
393,106,-0.09156656265,-0.2773525417,1
393,114,-0.03434608504,-0.05456394702,1
393,122,0.1922409087,0.02533397824,1
393,130,0.1584235877,-0.01861689985,1
393,138,0.08646643162,-0.06633500755,1
393,146,0.1502030343,0.1382201016,1
393,154,-0.02836818248,0.02014086768,1
393,162,-0.053452719,-0.111630179,1
393,170,0.03799990192,0.1984969229,1
401,10,0.04286748171,-0.07844902575,1
401,18,0.0290351361,0.2729727924,1
401,26,0.1501296759,0.2020016313,1
401,34,0.182643041,-0.1219647452,1
401,42,0.1484923661,-0.2208547294,1
401,50,0.1426471472,0.01358461007,1
401,58,0.04140867293,0.05525555462,1
401,66,0.04752062261,-0.02120728791,1
401,74,-0.08570926636,-0.049876187,1
401,82,-0.1749135405,-0.1042483896,1
401,90,-0.04233463481,-0.04144954681,1
401,98,0.01691262051,-0.2709471285,1
401,106,0.05458733067,-0.3294378519,1
401,114,0.06592008471,-0.05711714923,1
401,122,0.1658807248,-0.001584656537,1
401,130,0.1754166931,0.001774305478,1
401,138,0.1591443419,0.008401229978,1
401,146,0.1349397302,0.2098669112,1
401,154,-0.0376316011,0.1141100228,1
401,162,-0.03337268904,0.01269003004,1
401,170,0.183856681,0.193292588,1
409,10,0.008351519704,0.08195674419,1
409,18,-0.04301905632,0.3114304543,1
409,26,0.04187197983,0.1779161245,1
409,34,0.1105549634,-0.02851098776,1
409,42,0.1137954965,-0.1749975234,1
409,50,0.1293343008,-0.04619342461,1
409,58,0.05493303761,-0.04151377082,1
409,66,-0.08290290833,-0.0428696163,1
409,74,-0.1295716614,0.05972151086,1
409,82,-0.07306835055,0.09463971853,1
409,90,0.1080605611,-0.02286235243,1
409,98,0.1734867692,-0.09833876789,1
409,106,0.12472184,-0.1680448949,1
409,114,0.06893393397,-0.09263004363,1
409,122,0.2272635102,0.007108934224,1
409,130,0.001409552991,0.1024487168,1
409,138,-0.07663132995,0.133714363,1
409,146,-0.03566039726,0.2312494516,1
409,154,0.004014767706,0.3499984741,1
409,162,0.06252373755,0.2676148415,1
409,170,0.2197599858,0.0981310457,1
417,10,0.1950388998,0.1764953732,1
417,18,0.1227204353,0.2252290845,1
417,26,0.2822773457,0.1366409361,1
417,34,0.2968384922,0.1193188727,1
417,42,-0.07248776406,0.004819199443,1
417,50,-0.04725108296,-0.05317237601,1
417,58,0.1795145869,-0.02991187945,1
417,66,0.1429124922,0.1227082834,1
417,74,0.04879799485,0.06495720148,1
417,82,0.05544877052,-0.07699756324,1
417,90,0.109987393,0.01672291756,1
417,98,0.190255627,0.04586419463,1
417,106,0.1304668337,0.06420700252,1
417,114,0.1186980009,0.06351451576,1
417,122,0.03871304542,0.03534859419,1
417,130,-0.2999186218,0.1273175478,1
417,138,-0.2960038185,0.2897486091,1
417,146,-0.1151653826,0.275554359,1
417,154,-0.04593814909,0.396691978,1
417,162,0.06941442937,0.2368741035,1
417,170,0.07971313596,-0.2330828905,1
