PIVlab, ASCII chart output - 02-Aug-2025
FRAME: 127, filenames: A:[127]FullStack_Pos0035_TgUtrmcherry_K4K8MO-1.avi & B:[128]FullStack_Pos0035_TgUtrmcherry_K4K8MO-1.avi, conversion factor xy (px -> m): 1, conversion factor uv (px/frame -> m/s): 1
x [px],y [px],u [px/frame],v [px/frame],Vector type [-]
9,10,0.211086154,-0.2987998426,1
9,18,0.06917560101,-0.1151415706,1
9,26,-0.009323872626,0.1072583944,1
9,34,-0.06490820646,0.06011249125,1
9,42,-0.01360561699,-0.1279932261,1
9,50,-0.03647515178,-0.0263755843,1
9,58,-0.3159003258,0.1305723786,1
9,66,-0.3310545385,0.348648876,1
9,74,-0.3408846855,0.4533498287,1
9,82,-0.2952376008,0.3174142241,1
9,90,-0.1236305386,0.1991293579,1
9,98,-0.09171724319,0.08235220611,1
9,106,-0.006583675742,-0.07100883871,1
9,114,0.05239346623,-0.0480049476,1
9,122,-0.04006070271,0.005355224013,1
9,130,-0.02744881809,-0.07702769339,1
9,138,-0.03279554099,0.04495102167,1
9,146,-0.2293223888,-0.06111469865,1
9,154,-0.4010217488,-0.03663354367,1
9,162,-0.07267296314,-0.006935447454,1
9,170,0.02040344477,-0.006866514683,1
17,10,0.02812808752,-0.0213307403,1
17,18,-0.04040686414,0.0005410965532,1
17,26,-0.0839220956,-0.00449941121,1
17,34,-0.1396996379,-0.0002384372056,1
17,42,-0.01817860827,-0.06544853747,1
17,50,-0.01049103588,-0.0250532832,1
17,58,-0.1795804054,-0.006770912558,1
17,66,-0.1190851033,0.110711433,1
17,74,-0.07514454424,0.136476025,1
17,82,-0.07779718935,0.1188822389,1
17,90,-0.1113085374,0.1038124114,1
17,98,-0.1149432734,0.2228966802,1
17,106,-0.1123920381,0.05527608097,1
17,114,-0.1320230067,0.02372752875,1
17,122,-0.1257078648,0.08273515105,1
17,130,-0.01474998891,0.05634114891,1
17,138,0.03507800773,0.09088625759,1
17,146,-0.0868434459,0.1403946579,1
17,154,-0.1612107009,0.1904835105,1
17,162,-0.06424683332,0.09580278397,1
17,170,-0.1108364463,0.06718175113,1
25,10,-0.1247731,0.1319088042,1
25,18,-0.09398113191,0.09458826482,1
25,26,-0.07886628807,0.01820729673,1
25,34,-0.09933426231,-0.04147672653,1
25,42,-0.01830165461,-0.03979003429,1
25,50,0.04924928397,-0.09039644897,1
25,58,0.02345375344,-0.07029219717,1
25,66,0.01677659526,-0.04381353408,1
25,74,-0.01145093888,0.04200402647,1
25,82,-0.03564216197,0.09285962582,1
25,90,-0.01116202213,0.06132464856,1
25,98,-0.01168754511,0.1602171063,1
25,106,-0.002989754081,0.1520941854,1
25,114,-0.1456660032,0.0555171892,1
25,122,-0.2955169976,0.1182264164,1
25,130,-0.1052605137,0.07556542754,1
25,138,0.01658592373,0.09103664756,1
25,146,0.1375201494,0.1810655296,1
25,154,0.1452261508,0.1457015723,1
25,162,0.006786085665,0.06139773875,1
25,170,-0.04580910504,0.1011245176,1
33,10,-0.1515163183,-0.1186813265,1
33,18,-0.0003566890955,-0.04013376683,1
33,26,-0.0233521983,0.06424149126,1
33,34,-0.08759227395,-0.1301499307,1
33,42,-0.0967483446,-0.109195441,1
33,50,-0.0346186012,-0.09772178531,1
33,58,-0.01872173697,0.005187742412,1
33,66,0.06730604172,0.0271284543,1
33,74,-0.01630147919,0.01144828647,1
33,82,-0.08438900858,0.04786777496,1
33,90,0.1368447691,-0.0414891839,1
33,98,0.1686221212,0.07217427343,1
33,106,0.06930639595,0.1163698882,1
33,114,-0.0249312669,-0.01971893758,1
33,122,-0.07781396806,0.08049558103,1
33,130,-0.109293744,0.04061292112,1
33,138,0.02886155248,0.1348788738,1
33,146,0.07733592391,0.03596441448,1
33,154,0.0512907207,-0.04761940241,1
33,162,-0.03200688958,0.09590287507,1
33,170,-0.1219503582,0.1794043779,1
41,10,-0.1922074109,-0.1974851787,1
41,18,-0.2504142821,-0.1088284925,1
41,26,-0.2027019709,0.04622979835,1
41,34,-0.1149701998,-0.1266259551,1
41,42,-0.06580351293,-0.1736880094,1
41,50,-0.08216121793,-0.08761014789,1
41,58,-0.07159734517,0.08246697485,1
41,66,-0.007547803223,0.08457611501,1
41,74,-0.1311042905,-0.001270940993,1
41,82,-0.08283051848,-0.009416538291,1
41,90,0.06704437733,-0.06780819595,1
41,98,0.03454167768,-0.05344304815,1
41,106,-0.03978144377,-0.01775013842,1
41,114,-0.04232999682,-0.1131857708,1
41,122,-0.08863320202,0.05969207734,1
41,130,-0.2572174668,0.1152645797,1
41,138,-0.1409340203,0.1408738643,1
41,146,-0.09846544266,0.1195241958,1
41,154,-0.2049673945,-0.04458949715,1
41,162,-0.1307560354,0.09223464131,1
41,170,-0.1726543456,0.274248898,1
49,10,-0.08292667568,-0.08225446939,1
49,18,-0.133761704,-0.1686156988,1
49,26,-0.1030701324,0.0599472262,1
49,34,-0.0533718802,0.08315350115,1
49,42,0.002453744411,-0.04590006918,1
49,50,-0.04291111231,-0.03428190947,1
49,58,-0.1125413179,-0.03779400885,1
49,66,-0.04570285976,0.006974056363,1
49,74,-0.0473100245,0.01056867465,1
49,82,-0.1133216843,-0.03766096011,1
49,90,-0.03445894271,-0.1110379845,1
49,98,-0.02747701108,-0.1236501187,1
49,106,-0.03998085111,-0.1971935332,1
49,114,0.01194357872,-0.08074650168,1
49,122,-0.08060862869,0.0662343204,1
49,130,-0.1323104203,0.1881358027,1
49,138,-0.05210487545,0.07270869613,1
49,146,-0.1482413113,0.06035390496,1
49,154,-0.1686798185,0.04665252939,1
49,162,-0.07020948827,0.07560029626,1
49,170,-0.1159738302,0.2110074162,1
57,10,-0.05223483592,0.04562267289,1
57,18,0.0611647889,-0.1735888869,1
57,26,0.05253520235,-0.02448437735,1
57,34,0.04790175334,0.02866329439,1
57,42,0.07780982554,0.04234842956,1
57,50,-0.05157281458,0.02390915714,1
57,58,-0.1320873499,-0.06113032997,1
57,66,-0.1252625436,-0.09158638865,1
57,74,-0.1193154305,-0.06450794637,1
57,82,-0.2321921587,-0.04848010466,1
57,90,-0.2079066336,-0.07761456072,1
57,98,-0.06844912469,-0.1185038537,1
57,106,-0.05350536481,-0.1388626695,1
57,114,-0.05902709812,-0.06204974651,1
57,122,-0.09386895597,0.04744882137,1
57,130,-0.07128386199,0.1200194359,1
57,138,-0.08224221319,0.006077811122,1
57,146,-0.135186106,-0.01239596866,1
57,154,-0.1513614208,0.04294830933,1
57,162,-0.2370688468,0.06603686512,1
57,170,-0.3020911515,0.14210774,1
65,10,-0.02567575872,-0.1481634378,1
65,18,0.1548229456,-0.09765145928,1
65,26,0.1874909103,-0.01815703884,1
65,34,-0.03114464879,-0.0702611357,1
65,42,-0.07338380814,0.0009864605963,1
65,50,-0.1324267685,0.1089002565,1
65,58,-0.2283811867,0.03496526554,1
65,66,-0.2706152201,-0.05419012159,1
65,74,-0.2941807806,-0.06915675849,1
65,82,-0.195573926,-0.06169406697,1
65,90,-0.09615208954,0.04355036467,1
65,98,-0.0121396482,-0.05173524097,1
65,106,-0.03516064957,-0.1272129118,1
65,114,-0.06314869225,-0.07311465591,1
65,122,-0.1112221554,0.05114049464,1
65,130,-0.1272812486,0.1006996706,1
65,138,-0.1666968465,0.01477092505,1
65,146,-0.1124659479,0.01180200279,1
65,154,-0.06102709472,-0.005355995148,1
65,162,-0.163452968,0.002450063825,1
65,170,-0.2873212993,0.0886335969,1
73,10,0.03645658493,-0.1315801591,1
73,18,0.1279848218,0.01733261161,1
73,26,0.02952056937,-0.0629722774,1
73,34,-0.09618461132,0.05583560467,1
73,42,-0.06622709334,0.1001804769,1
73,50,-0.1266334802,0.07379025221,1
73,58,-0.2160416543,0.1073847935,1
73,66,-0.2424516976,0.107989952,1
73,74,-0.2318480909,0.05304105207,1
73,82,-0.1508407146,0.02865131386,1
73,90,-0.1091808677,0.01596481167,1
73,98,0.04690000415,-0.05135927349,1
73,106,0.1092273295,0.01062701829,1
73,114,-0.04434526339,0.005148336291,1
73,122,-0.08404359221,0.1147387028,1
73,130,-0.16898489,0.2616698146,1
73,138,-0.2661576271,0.1777328849,1
73,146,-0.10492412,0.0132612288,1
73,154,0.05199594051,0.09564915299,1
73,162,-0.05173037201,0.04337434471,1
73,170,-0.2253382057,0.02537529171,1
81,10,-0.008063092828,-0.08574818075,1
81,18,-0.1179170907,0.1147844419,1
81,26,-0.1625699699,-0.02549586073,1
81,34,-0.1275779307,0.07535046339,1
81,42,-0.06941047311,0.1065389514,1
81,50,-0.06352855265,-0.02462005988,1
81,58,-0.04427888989,0.08129165322,1
81,66,-0.08163313568,0.1621541679,1
81,74,-0.130750075,0.1081558838,1
81,82,-0.09964255244,0.183115989,1
81,90,-0.141367957,0.04377098382,1
81,98,-0.1589668244,0.05327936262,1
81,106,-0.0820607394,0.1542771161,1
81,114,-0.136796698,0.06078960001,1
81,122,-0.03167799115,0.1273308247,1
81,130,0.001781567931,0.2713968754,1
81,138,-0.08126103878,0.209205851,1
81,146,0.03663612902,0.1702325046,1
81,154,0.1902006269,0.1507015824,1
81,162,0.0199890621,0.04405647516,1
81,170,-0.2738945484,-0.0406002216,1
89,10,-0.08179793507,-0.09117827564,1
89,18,-0.0001416951418,0.07551773638,1
89,26,0.01619183645,0.1581868231,1
89,34,0.05671095476,0.01403690875,1
89,42,0.04468325898,0.01276814193,1
89,50,-0.08730052412,-0.02911434509,1
89,58,-0.02035391331,-0.08698301762,1
89,66,-0.06476003677,0.07527892292,1
89,74,-0.1039502993,0.1393492073,1
89,82,-0.0807929635,0.1795003414,1
89,90,-0.1167001575,0.06153875589,1
89,98,-0.1125324592,0.125272572,1
89,106,-0.1593284011,0.1638669074,1
89,114,-0.2454767078,0.1834621131,1
89,122,-0.1642050743,0.09776180238,1
89,130,-0.07117767632,0.0530788675,1
89,138,-0.03778095543,0.04388207197,1
89,146,0.05357468501,0.1280347109,1
89,154,0.05071029812,0.1733308583,1
89,162,-0.06438063085,0.07411202788,1
89,170,-0.1345213205,-0.03916288912,1
97,10,-0.1033377796,-0.0479061231,1
97,18,-0.07710271329,0.0507248342,1
97,26,-0.0645923242,0.1561451107,1
97,34,-0.02342969552,0.04407332093,1
97,42,-0.05816385895,-0.02302035689,1
97,50,-0.1935270131,-0.01240493357,1
97,58,-0.1573738307,-0.07540005445,1
97,66,-0.2100864649,0.03508704156,1
97,74,-0.1574395299,0.2035563141,1
97,82,-0.1006850377,0.1106799021,1
97,90,-0.04481570423,-0.04257719964,1
97,98,0.00143564865,0.1080442518,1
97,106,-0.09226966649,0.1654717177,1
97,114,-0.2113421559,0.1717174053,1
97,122,-0.2423698306,0.05370280892,1
97,130,-0.1550818086,-0.007721655071,1
97,138,-0.02283895761,-0.01813200116,1
97,146,-0.04147227108,0.05227039754,1
97,154,-0.0545896329,0.130013898,1
97,162,-0.1054411232,0.1496014893,1
97,170,-0.1734216362,0.1346026361,1
105,10,-0.2019142807,0.1571896821,1
105,18,-0.1104147434,0.1620657742,1
105,26,-0.1062158197,0.06209085509,1
105,34,-0.01940846443,-0.004747303203,1
105,42,-0.1066201627,-0.08632349223,1
105,50,-0.1515789926,-0.04076754674,1
105,58,-0.07904795557,-0.009976446629,1
105,66,-0.07365328819,0.02189178765,1
105,74,-0.1105328575,0.1275118887,1
105,82,-0.1072679684,0.06105478853,1
105,90,-0.0162711665,-0.0584987551,1
105,98,0.0359592475,0.1446687877,1
105,106,-0.05307388306,0.1443130374,1
105,114,-0.250087142,0.0417419672,1
105,122,-0.3534295559,0.02442203462,1
105,130,-0.1197947264,0.0617714189,1
105,138,-0.01297709346,0.00663870573,1
105,146,-0.1262279302,0.1112101153,1
105,154,-0.1278770417,0.1909336001,1
105,162,-0.1598479301,0.1913478374,1
105,170,-0.2361325473,0.1361813247,1
113,10,-0.1618909538,0.1828272492,1
113,18,-0.07507875562,0.1260808855,1
113,26,-0.1431132108,-0.0846901834,1
113,34,-0.1181215867,-0.1223833859,1
113,42,-0.1312471032,-0.1351673305,1
113,50,-0.02908035368,0.03528592363,1
113,58,-0.03006388247,0.1731717587,1
113,66,-0.1684377044,0.1001105309,1
113,74,-0.08232663572,0.006832376122,1
113,82,-0.06771293283,0.06900532544,1
113,90,-0.04274512827,0.09704661369,1
113,98,0.125535503,0.1469052434,1
113,106,0.2423771024,0.05567397922,1
113,114,-0.1101199687,0.05948616564,1
113,122,-0.2171718776,0.08681543171,1
113,130,-0.1037021354,0.2079898715,1
113,138,-0.04920631647,0.08147709817,1
113,146,-0.1348711699,0.1148774326,1
113,154,-0.1187116057,0.2075900435,1
113,162,-0.04365465045,0.076413095,1
113,170,-0.1599628031,0.03869257867,1
121,10,-0.3581063449,-0.03069610149,1
121,18,-0.2656146884,0.03344473988,1
121,26,-0.04082658887,-0.09835889935,1
121,34,-0.04117486626,-0.1311997473,1
121,42,-0.1527206898,-0.02846370637,1
121,50,-0.1095695943,0.1037221551,1
121,58,-0.1387706995,0.0958879143,1
121,66,-0.2404576838,0.05625550449,1
121,74,-0.1459948719,0.1761134416,1
121,82,-0.1752374023,0.1368126273,1
121,90,-0.08880718797,0.2476313263,1
121,98,0.05815000087,0.203719601,1
121,106,0.0100713037,0.09022438526,1
121,114,-0.08238170296,0.01551722363,1
121,122,-0.1862434447,0.03620612621,1
121,130,-0.07067338377,0.1100682318,1
121,138,-0.02971606702,0.1447332352,1
121,146,-0.1565501988,0.08832192421,1
121,154,-0.2291879356,0.136846289,1
121,162,-0.1032829583,-0.008698731661,1
121,170,-0.08426937461,0.01994863898,1
129,10,-0.2829231918,-0.1365806311,1
129,18,-0.1858977228,-0.03966492414,1
129,26,-0.09275048971,0.07280661166,1
129,34,-0.02878597379,0.116799444,1
129,42,-0.1183286607,0.09707088023,1
129,50,-0.2178741395,0.005335776135,1
129,58,-0.209933579,-0.07793260366,1
129,66,-0.1973232329,-0.07202765346,1
129,74,-0.2230824083,0.1092344671,1
129,82,-0.207750991,0.06061631441,1
129,90,-0.1748638004,0.1358066201,1
129,98,-0.1492881924,0.1927730143,1
129,106,-0.1490594447,0.1635437906,1
129,114,-0.1266885698,-0.06130965427,1
129,122,-0.09430313855,0.07064538449,1
129,130,-0.03321923316,0.07602073252,1
129,138,0.03756442666,0.05548354611,1
129,146,-0.1574459374,0.0203659907,1
129,154,-0.1821386218,0.09860344231,1
129,162,-0.1272946596,0.02014392614,1
129,170,0.04453124106,0.06485840678,1
137,10,-0.2391964197,-0.135071829,1
137,18,-0.1586781591,-0.1083447784,1
137,26,-0.07141187787,0.1526958048,1
137,34,-0.04334082454,0.2441380769,1
137,42,-0.1124751046,0.1423478127,1
137,50,-0.1418609023,0.02599754557,1
137,58,-0.1545107067,-0.07233715802,1
137,66,-0.1899902821,-0.05216889083,1
137,74,-0.2509360909,0.1078935415,1
137,82,-0.230055362,0.07342598587,1
137,90,-0.173134312,0.07868254185,1
137,98,-0.06121346354,0.1159880608,1
137,106,-0.1332561374,0.1057629436,1
137,114,-0.2088393867,0.06571185589,1
137,122,-0.07613623142,0.1445649117,1
137,130,0.06058101729,0.1336126328,1
137,138,0.0621962063,0.04543910548,1
137,146,-0.05681933835,0.06216108799,1
137,154,-0.05636538565,0.04676038027,1
137,162,-0.03796693683,0.03846255317,1
137,170,0.08687731624,0.1191996783,1
145,10,-0.2909466922,-0.0507710278,1
145,18,-0.04233241081,0.1596307009,1
145,26,0.01428367943,0.1525786221,1
145,34,-0.08108851314,0.2179924399,1
145,42,-0.1350167245,0.2416266501,1
145,50,-0.04614500701,0.0472535789,1
145,58,0.09934335202,-0.05749057978,1
145,66,-0.1232899949,0.08171878755,1
145,74,-0.1523172259,0.1624560654,1
145,82,-0.1912394464,0.04574352503,1
145,90,-0.1768655479,0.09037232399,1
145,98,-0.1389985681,0.1908804178,1
145,106,-0.1112607718,0.2530720234,1
145,114,-0.06296596676,0.2561026216,1
145,122,-0.04342325777,0.1127136052,1
145,130,-0.07665209472,0.04729345441,1
145,138,-0.07398690283,0.1393360198,1
145,146,0.0560416542,0.3388242722,1
145,154,0.02186823264,0.01157929935,1
145,162,-0.03980218247,0.04502472281,1
145,170,0.04927267134,0.2129091322,1
153,10,-0.08153897524,-0.003479547799,1
153,18,0.02652587742,0.2499988973,1
153,26,-0.07412150502,0.1027452052,1
153,34,-0.08707390726,0.1010082811,1
153,42,-0.1059893295,0.194001615,1
153,50,-0.1029246375,0.0212482661,1
153,58,-0.0763328746,-0.1014118344,1
153,66,-0.1924836487,0.0979654938,1
153,74,-0.1747267842,0.1567828953,1
153,82,-0.2428828031,-0.1322337091,1
153,90,-0.2880177498,0.06875123084,1
153,98,-0.09591522813,0.1938104481,1
153,106,-0.1068477929,0.2969997227,1
153,114,-0.1534652412,0.3127836585,1
153,122,-0.03405171633,0.1752713174,1
153,130,0.01996455528,0.1216018945,1
153,138,0.1016111895,0.2307274193,1
153,146,0.04462627694,0.04505939782,1
153,154,0.001104921103,-0.01655280776,1
153,162,0.04375839606,0.06965573877,1
153,170,0.07507757843,0.3086378276,1
161,10,0.01200860739,-0.0945160538,1
161,18,-0.05276658386,0.1253619194,1
161,26,-0.06184739619,0.007320314646,1
161,34,-0.1198851913,-0.1198758483,1
161,42,-0.1226938367,0.08266450465,1
161,50,-0.03789794445,0.1067245901,1
161,58,-0.03221401945,0.06706085056,1
161,66,-0.09002175927,0.1397797167,1
161,74,-0.1317022294,0.2028337866,1
161,82,-0.08628837764,-0.1255442947,1
161,90,-0.07672297955,0.2461474389,1
161,98,-0.1194220334,0.2128515393,1
161,106,-0.131664902,0.1473157406,1
161,114,-0.04234349728,0.1953169107,1
161,122,0.1340025514,0.2523913682,1
161,130,0.1485080123,0.2753417492,1
161,138,0.04941157997,0.150506258,1
161,146,0.06569652259,-0.04497442394,1
161,154,0.04294624925,-0.06347857416,1
161,162,0.02262599766,0.0897058621,1
161,170,0.05881719664,0.2520281672,1
169,10,0.01647512615,-0.1817567647,1
169,18,-0.1159083247,0.1347920001,1
169,26,-0.1015865132,0.1628892124,1
169,34,-0.1454916596,0.0389052406,1
169,42,-0.03162517399,0.07678078115,1
169,50,0.07088644058,0.09682896733,1
169,58,0.08490413427,0.178373158,1
169,66,0.03460297734,0.2086280435,1
169,74,-0.2455946505,0.04884738475,1
169,82,0.113411352,-0.01508429274,1
169,90,-0.004254356027,0.2046915889,1
169,98,-0.1898624301,0.3734619319,1
169,106,-0.04417948052,0.159252733,1
169,114,0.09644179791,0.04287955165,1
169,122,0.0278307423,0.2251130641,1
169,130,0.09571331739,0.2378242314,1
169,138,0.01211090013,0.01520191878,1
169,146,-0.003888390958,0.018001616,1
169,154,0.02251510695,-0.1210545972,1
169,162,0.05669016764,0.02782586962,1
169,170,0.09842081368,0.2420327216,1
177,10,0.1332287937,-0.05663820356,1
177,18,0.01180697605,0.1209731251,1
177,26,-0.1181391776,0.2806318998,1
177,34,-0.1063373163,0.1533027887,1
177,42,-0.0267954655,-0.07790400833,1
177,50,-0.03197279572,-0.09186826646,1
177,58,-0.02839468792,0.07497037202,1
177,66,-0.08895487338,0.1537532657,1
177,74,-0.1398596466,0.04715231061,1
177,82,-0.06577076018,-0.0218994543,1
177,90,-0.04430511594,0.05108997598,1
177,98,-0.1105114967,0.2055145204,1
177,106,-0.06805208325,0.05495680869,1
177,114,-0.02589260787,0.06109657884,1
177,122,-0.03023525886,0.1505698264,1
177,130,-0.03251542151,0.1118466705,1
177,138,-0.1203996241,-0.1538937986,1
177,146,-0.1484785229,-0.02270458639,1
177,154,0.01614095271,-0.006225395948,1
177,162,0.08003750443,0.08660560846,1
177,170,-0.004554197192,0.180654943,1
185,10,0.0607855916,0.07603978366,1
185,18,0.05010838807,0.04362827539,1
185,26,-0.01020971313,0.1080854908,1
185,34,-0.149230659,0.1678313613,1
185,42,-0.1239064336,0.02726112306,1
185,50,-0.1127120554,-0.004826821387,1
185,58,-0.1101112962,0.06855774671,1
185,66,-0.02616457269,0.07732112706,1
185,74,0.00279790163,0.08220236003,1
185,82,-0.0703785792,0.09746192396,1
185,90,-0.1052981764,0.01722650975,1
185,98,-0.2037251741,-0.01720998809,1
185,106,-0.1721888483,-0.07301053405,1
185,114,-0.03321839869,0.0477507934,1
185,122,0.03690823168,0.0822866559,1
185,130,0.04964528233,0.07198872417,1
185,138,-0.03541914001,-0.03707352281,1
185,146,-0.1846295595,-0.01687494479,1
185,154,-0.02066533267,0.08523327857,1
185,162,0.03699739277,0.1100806966,1
185,170,0.08992910385,0.07891391218,1
193,10,0.02074605227,0.2054971159,1
193,18,0.06665874273,0.04000852257,1
193,26,0.002278774977,0.02969809622,1
193,34,-0.0419562757,0.03623741865,1
193,42,-0.1386718303,0.1355544031,1
193,50,-0.152563706,0.07769402117,1
193,58,-0.1491222084,0.1148656383,1
193,66,-0.1152473614,0.1441637576,1
193,74,-0.08896778524,-0.04862371832,1
193,82,-0.07850192487,0.101127252,1
193,90,-0.0978782624,0.02145851217,1
193,98,-0.1837983131,-0.05553320795,1
193,106,-0.1809248328,0.02555721253,1
193,114,0.004904476926,0.1096045896,1
193,122,0.1481126845,0.07145118713,1
193,130,0.03540275618,0.04489734024,1
193,138,-0.04044469446,-0.01930413023,1
193,146,-0.03891691566,0.03360187262,1
193,154,-0.03298347443,0.0142317852,1
193,162,0.01072463766,-0.00694170408,1
193,170,0.1011690497,0.1288099587,1
201,10,-0.03151337802,0.3128731847,1
201,18,-0.07258675247,0.1370253563,1
201,26,-0.03305646777,-0.05354866385,1
201,34,0.01518340502,-0.03922214359,1
201,42,-0.03855761886,0.08722794801,1
201,50,-0.1147425473,-0.001928277314,1
201,58,-0.1126013026,0.05593001097,1
201,66,-0.08149330318,0.1586178839,1
201,74,-0.2724997699,-0.03177186102,1
201,82,-0.03852917999,-0.02436885051,1
201,90,0.004331044853,0.004230742343,1
201,98,-0.1329226941,-0.03631777316,1
201,106,-0.1117627323,0.05750910565,1
201,114,0.02104799449,0.1397631764,1
201,122,0.08237528056,-0.03724078462,1
201,130,0.05757701397,0.04352778941,1
201,138,-0.009639311582,0.009587443434,1
201,146,0.00744375214,-0.0957627967,1
201,154,0.1458697021,-0.04985243827,1
201,162,0.2046363205,-0.003118885681,1
201,170,0.1432286203,0.1375602782,1
209,10,-0.1240438446,0.09011505544,1
209,18,-0.01681997068,0.1495053172,1
209,26,0.08222540468,0.07740414888,1
209,34,0.1573826969,0.1173178107,1
209,42,0.1155125499,0.1466893852,1
209,50,-0.2312652767,0.09870524704,1
209,58,0.003864377737,-0.01990202069,1
209,66,0.09264746308,0.373382479,1
209,74,-0.1263025999,0.02279190905,1
209,82,-0.1637459546,-0.1009809673,1
209,90,-0.1414137483,0.09035310149,1
209,98,-0.03789272904,0.05771756917,1
209,106,0.0609273091,-0.08066970855,1
209,114,0.1063143462,-0.007243189961,1
209,122,0.1322986484,-0.1761986017,1
209,130,0.01492230222,-0.008754246868,1
209,138,-0.06913885474,0.0575245209,1
209,146,-0.07474466413,-0.2749233842,1
209,154,0.02226106077,-0.1400347352,1
209,162,0.1045387909,-0.01534275338,1
209,170,0.1014666781,0.01834402978,1
217,10,-0.1151541919,0.03209026158,1
217,18,-0.00371165527,-0.06349334121,1
217,26,0.1537887305,0.03014292009,1
217,34,0.2123677135,0.2771471739,1
217,42,0.05950536579,0.1623766422,1
217,50,-0.05636404082,0.1564405859,1
217,58,-0.09395872802,0.1417265832,1
217,66,-0.05275006592,0.2239310443,1
217,74,-0.09268327802,0.01354484633,1
217,82,-0.1621780694,-0.1005864143,1
217,90,-0.1482285261,0.01741917618,1
217,98,-0.1463702321,-0.004157043993,1
217,106,-0.05706754327,0.01023030654,1
217,114,0.05077920482,0.01780238375,1
217,122,0.05289208516,0.04507387057,1
217,130,-0.1061356664,0.004201966338,1
217,138,-0.1150297076,0.04955717921,1
217,146,0.07936876267,-0.1313787401,1
217,154,-0.01308271848,-0.1102624536,1
217,162,-0.07097360492,0.03104502708,1
217,170,0.03525311127,0.03050790168,1
225,10,0.027734451,0.1861150563,1
225,18,0.0533701852,-0.02555308118,1
225,26,0.008338488638,-0.1110058576,1
225,34,0.0482391566,0.1144210547,1
225,42,0.01883084513,0.1210107803,1
225,50,-0.03014926985,0.239335984,1
225,58,-0.03738734871,0.1829670966,1
225,66,-0.06499692053,0.1721338928,1
225,74,-0.0324197486,0.02015484124,1
225,82,0.002667162567,-0.06397848576,1
225,90,-0.1144584566,-0.03791877627,1
225,98,-0.2685674131,-0.05832633376,1
225,106,-0.2031349242,0.1315242201,1
225,114,0.0391356796,0.07356314361,1
225,122,-0.04709626734,0.03620608896,1
225,130,-0.1114364639,-0.004705552012,1
225,138,-0.08736498654,0.03039064817,1
225,146,0.007245600224,0.006629904732,1
225,154,-0.04491322488,-0.06769369543,1
225,162,-0.01093935966,0.04153924435,1
225,170,-0.115446493,0.04176335782,1
233,10,0.0746120736,0.1670329869,1
233,18,-0.06623321772,0.06003722176,1
233,26,-0.09109792113,-0.06452259421,1
233,34,0.1241725534,0.07576391846,1
233,42,0.1379264444,0.07206779718,1
233,50,0.2757534087,0.1750029624,1
233,58,0.1756788939,0.1436584592,1
233,66,-0.08607622236,0.1231994033,1
233,74,-0.06583956629,0.113923192,1
233,82,0.00311139971,0.03978697956,1
233,90,-0.04953660071,0.004710249603,1
233,98,-0.1968260854,-0.05198670179,1
233,106,-0.1948058009,0.07786221802,1
233,114,-0.07811620831,0.0949555859,1
233,122,0.04943056777,0.09990418702,1
233,130,0.06749275327,0.03435234353,1
233,138,-0.06028431654,-0.1171875596,1
233,146,-0.1582668722,0.008932007477,1
233,154,-0.1676114798,-0.01897955313,1
233,162,-0.06269589067,0.08419356495,1
233,170,0.006622172892,0.004679709673,1
241,10,0.0927708894,0.09053984284,1
241,18,-0.01580153219,0.04501469806,1
241,26,0.02922748029,0.1081783026,1
241,34,0.1653106809,0.09654013067,1
241,42,0.07707509398,0.1375666261,1
241,50,-0.02500862628,0.1143670976,1
241,58,-0.1223286837,0.1649996787,1
241,66,-0.1656463444,0.1697250307,1
241,74,-0.135981068,0.1714978665,1
241,82,-0.04382169619,0.1815925688,1
241,90,-0.01446885988,0.07812272012,1
241,98,-0.04950543493,0.03918734938,1
241,106,-0.02369367331,0.08420034498,1
241,114,-0.03085668571,0.1818771362,1
241,122,0.0613136068,0.1692702323,1
241,130,0.07597275078,0.1027707383,1
241,138,-0.1155128554,-0.05359078944,1
241,146,-0.1404186487,0.01521405578,1
241,154,-0.1825266927,0.06294029951,1
241,162,-0.1053551733,0.2221910357,1
241,170,-0.03316642344,0.1390743554,1
249,10,-0.01336116157,-0.06346073002,1
249,18,0.01078430004,-0.0312810652,1
249,26,0.05375338346,0.09649399668,1
249,34,0.06766409427,-0.05188608915,1
249,42,0.05298478156,-0.01948896423,1
249,50,-0.07711842656,0.05126490444,1
249,58,-0.3236725926,0.2006138265,1
249,66,-0.1779852062,0.3305748105,1
249,74,-0.08211495727,0.2001226097,1
249,82,0.005497600883,0.2090901136,1
249,90,0.02528318949,0.05829270929,1
249,98,-0.003862000071,0.06005808711,1
249,106,0.07831074297,0.1201981232,1
249,114,0.008324496448,0.2155952901,1
249,122,-0.04395448416,0.0588471666,1
249,130,-0.1173624098,0.07699052989,1
249,138,-0.1701108217,0.105037719,1
249,146,-0.0466370061,0.04460733384,1
249,154,-0.05391326547,0.03722922504,1
249,162,-0.08900165558,0.1633389741,1
249,170,-0.1096588895,0.1389503181,1
257,10,-0.007550291717,-0.1622392833,1
257,18,0.1072742939,-0.0517527163,1
257,26,0.1624622345,-0.01491241902,1
257,34,0.06583996117,-0.05383983254,1
257,42,-0.04955492169,0.04334051162,1
257,50,-0.1322239935,0.04704346508,1
257,58,-0.1696600914,0.1293729246,1
257,66,-0.06659824401,0.2688654065,1
257,74,-0.01020988822,0.3209980726,1
257,82,-0.1520085335,0.09054774046,1
257,90,-0.06379586458,-0.1175608262,1
257,98,-0.04011439532,0.01046542823,1
257,106,0.007983216085,0.1426706761,1
257,114,-0.02044532076,0.1581528038,1
257,122,0.0136414133,0.08291840553,1
257,130,0.0408850424,0.1075688228,1
257,138,-0.03816302121,0.1358116567,1
257,146,0.0006602630019,0.1543324888,1
257,154,-0.04835211486,0.1132526249,1
257,162,-0.1607492864,0.1417152435,1
257,170,-0.1190757677,0.04355567694,1
265,10,-0.03396141529,-0.1027537286,1
265,18,0.1134187877,0.05793835968,1
265,26,0.1102097034,0.01231699437,1
265,34,0.03424538672,0.04995082691,1
265,42,0.0002899989486,0.05755262822,1
265,50,0.04124235734,0.0520260185,1
265,58,-0.03387386352,0.1288921833,1
265,66,-0.0759017244,0.253852427,1
265,74,-0.1041483879,0.1875073761,1
265,82,-0.2881697118,0.0415160954,1
265,90,-0.1288994849,-0.1446730345,1
265,98,0.09853896499,0.05214388669,1
265,106,-0.03753628582,0.239091754,1
265,114,0.0241871383,0.2836664617,1
265,122,0.1002835631,0.1251080781,1
265,130,0.09571795911,0.07147022337,1
265,138,0.1049956977,0.1078302637,1
265,146,0.0734654367,0.224661544,1
265,154,0.04866869748,0.1323461086,1
265,162,-0.09145446867,0.1478200555,1
265,170,-0.1363347769,0.06303609163,1
273,10,-0.1665480286,0.0222415626,1
273,18,-0.006275109947,0.0287465062,1
273,26,0.126916647,0.001081116498,1
273,34,0.05749818683,-0.1086826399,1
273,42,-0.001513510942,-0.02760717086,1
273,50,0.1513781101,-0.1428959072,1
273,58,0.07522175461,-0.110441789,1
273,66,0.01240862161,0.2080578506,1
273,74,-0.01159132272,0.1534629166,1
273,82,-0.04065646231,-0.00520567596,1
273,90,-0.03825199604,-0.08701957017,1
273,98,-0.01207413338,0.0420865193,1
273,106,-0.05085768551,0.158256188,1
273,114,-0.03741708025,0.2545824647,1
273,122,0.1745629311,0.03648752719,1
273,130,0.15792045,0.0697286725,1
273,138,0.1910452992,0.1735673845,1
273,146,0.01325973123,0.2424963713,1
273,154,0.02016696893,0.1117240041,1
273,162,-0.01615348458,0.1870573163,1
273,170,-0.02921906859,0.1026691869,1
281,10,-0.2687514424,-0.02747319639,1
281,18,-0.1926522404,0.02445778437,1
281,26,-0.01575991511,0.04048222303,1
281,34,0.02912172675,-0.03482219204,1
281,42,0.05303049833,0.07360657305,1
281,50,0.1204705983,-0.09476226568,1
281,58,0.03475617617,-0.1370866448,1
281,66,-0.03931728005,0.07826416194,1
281,74,-0.01676460728,0.3092186451,1
281,82,0.01816862822,-0.1147080287,1
281,90,-0.06321614981,-0.1129492894,1
281,98,-0.08776731044,0.07770078629,1
281,106,-0.04957810417,0.1108818054,1
281,114,-0.06397063285,0.07258590311,1
281,122,-0.06889365613,0.04224291444,1
281,130,-0.06652639806,0.1130271927,1
281,138,-0.09999636561,0.07776890695,1
281,146,-0.07036119699,0.03038366884,1
281,154,-0.01882284507,0.1311637461,1
281,162,-0.04754405469,0.2022209316,1
281,170,0.04170840234,0.1193101555,1
289,10,-0.06858241558,-0.03485953808,1
289,18,0.03893089294,0.04496862739,1
289,26,0.1980939358,0.006578467786,1
289,34,0.1450780034,0.2195521295,1
289,42,0.1358278692,0.1889927089,1
289,50,0.16267851,0.008819904178,1
289,58,0.03869889677,-0.05531106144,1
289,66,0.01119787991,-0.02142304182,1
289,74,0.1949344873,0.1004858911,1
289,82,0.07471305877,-0.00813075155,1
289,90,-0.06698612124,-0.1010264829,1
289,98,-0.04174094647,0.08976133913,1
289,106,0.05070415884,0.0957807973,1
289,114,0.0897449851,0.03810479492,1
289,122,-0.007013801485,0.01324258745,1
289,130,-0.0726031214,0.08969688416,1
289,138,-0.0960432291,0.06941881031,1
289,146,-0.08151231706,0.0833786428,1
289,154,-0.001936294138,0.05053453147,1
289,162,0.0628682971,0.1422164142,1
289,170,0.01449872553,-0.07332749665,1
297,10,0.2459906936,0.01321132481,1
297,18,0.2234077007,-0.08793184161,1
297,26,0.2433917373,-0.03886637092,1
297,34,0.05611988902,0.2133125961,1
297,42,0.04883601889,0.2565736771,1
297,50,0.0376733318,0.1433935314,1
297,58,-0.01102931425,0.05538640171,1
297,66,0.07111747563,-0.0207015872,1
297,74,-0.03979680315,-0.07165171951,1
297,82,-0.06384536624,0.1372856647,1
297,90,-0.03706333786,0.133376196,1
297,98,0.01960276999,0.1443907022,1
297,106,0.09718354791,0.1028231457,1
297,114,0.1526129842,0.0830341354,1
297,122,0.1273788363,0.09806261957,1
297,130,-0.1029083729,0.0942639634,1
297,138,-0.1994148046,0.1798359752,1
297,146,-0.06676955521,0.1377954334,1
297,154,-0.0162137039,0.1222835034,1
297,162,0.06811182946,0.1703624725,1
297,170,0.1309302449,-0.05495065823,1
305,10,0.4080938399,-0.06866330653,1
305,18,0.3354607522,-0.1394020021,1
305,26,0.2437748462,0.02770122886,1
305,34,0.01834145933,0.2512053847,1
305,42,-0.007077366114,0.2310599685,1
305,50,-0.04072888941,0.171070233,1
305,58,-0.03314726055,0.1407529712,1
305,66,-0.0593867451,0.0791913718,1
305,74,-0.1958602369,-0.05653021485,1
305,82,-0.2304644585,0.07494679093,1
305,90,-0.219340086,0.0844944641,1
305,98,-0.1387754083,0.06758389622,1
305,106,0.1560842842,0.1376263946,1
305,114,0.05524350703,0.1657837927,1
305,122,-0.08362910151,0.2175927311,1
305,130,-0.1727040112,0.0802879408,1
305,138,-0.1314711571,0.1439967453,1
305,146,0.01220259629,0.1571014971,1
305,154,0.0462243259,0.2454978377,1
305,162,-0.04493713751,0.2709975839,1
305,170,0.01450881362,0.09310555458,1
313,10,0.3029390574,-0.06100380421,1
313,18,0.2739212513,-0.1711391509,1
313,26,0.1089522988,0.005364991724,1
313,34,0.01425303519,0.05823132396,1
313,42,-0.07072995603,-0.02617286146,1
313,50,-0.001135270111,0.06741052866,1
313,58,-0.05922304094,0.0987226963,1
313,66,-0.0574939996,0.1667382866,1
313,74,-0.1306462288,0.1708713025,1
313,82,-0.1127071083,0.06112132967,1
313,90,0.02622101642,0.08120474964,1
313,98,0.04412949458,0.08479441702,1
313,106,0.1436859071,0.12395107,1
313,114,0.178322196,0.1649881154,1
313,122,0.08849406987,0.3016248941,1
313,130,-0.1183332354,0.1530790627,1
313,138,-0.05252023041,0.09103240073,1
313,146,0.08101724833,0.1673823446,1
313,154,0.07161024958,0.2109947801,1
313,162,0.07142567635,0.1792461276,1
313,170,0.1514403522,0.1126044989,1
321,10,0.07007361948,-0.006021443754,1
321,18,0.1209243387,-0.1084332466,1
321,26,0.02972631902,-0.08485294878,1
321,34,-0.05937070772,-0.1466707587,1
321,42,-0.07053352892,-0.1336987019,1
321,50,-0.06612583995,0.09860334545,1
321,58,-0.1492795944,0.05142202973,1
321,66,-0.1394700706,0.1017402485,1
321,74,-0.1101562232,0.2658787966,1
321,82,-0.01145936176,0.1058312431,1
321,90,0.1305352151,0.150732547,1
321,98,0.1352386773,0.1004662514,1
321,106,0.1020430028,0.07477505505,1
321,114,0.05982626975,0.09380374849,1
321,122,0.01342761144,0.2825668454,1
321,130,-0.03488594294,0.2017253935,1
321,138,-0.03796391562,0.06305998564,1
321,146,-0.01357447356,0.1259709448,1
321,154,0.02892846428,0.1819189936,1
321,162,0.1100877151,0.08017466962,1
321,170,0.2282064259,-0.03080958873,1
329,10,0.07113198936,-0.01588866115,1
329,18,0.3157592416,-0.08235726506,1
329,26,0.06251804531,-0.01115489379,1
329,34,-0.03660241514,-0.03875010088,1
329,42,0.0161835812,-0.06140815467,1
329,50,0.07013940066,0.008890103549,1
329,58,-0.1089395806,0.001936003566,1
329,66,-0.07269902527,0.02852685004,1
329,74,0.03411782533,0.1534743011,1
329,82,0.04197842628,0.1351308078,1
329,90,0.1085674465,0.1581508219,1
329,98,0.1180727556,0.02877741307,1
329,106,0.03604521975,0.05860269815,1
329,114,-0.05243224651,0.134103626,1
329,122,0.0451650992,0.136344716,1
329,130,-0.003997763619,-0.09130538255,1
329,138,-0.01841781288,-0.04680351168,1
329,146,-0.01507470012,0.1386243254,1
329,154,-0.016793672,0.2776365578,1
329,162,0.155012235,0.09041570127,1
329,170,0.1923491359,-0.1314369589,1
337,10,0.1797862351,-0.02516489476,1
337,18,0.08639483154,-0.08827643096,1
337,26,-0.1647525132,0.03667151183,1
337,34,-0.248551175,0.1143867373,1
337,42,0.2403036505,0.04281779751,1
337,50,0.3136211932,0.003704769537,1
337,58,0.2045999765,-0.03285170719,1
337,66,0.01742797345,0.129385218,1
337,74,-0.01144255325,0.2330355048,1
337,82,-0.05800873041,0.2296596766,1
337,90,-0.1617058665,0.199562043,1
337,98,0.04232404754,0.111995995,1
337,106,0.2600513399,0.132067889,1
337,114,0.01995273679,0.06265696883,1
337,122,-0.03178243339,-0.09379345179,1
337,130,-0.09007258713,-0.1976497769,1
337,138,-0.1363749206,-0.05092936009,1
337,146,-0.2262532711,0.1531202048,1
337,154,-0.2191758603,0.2163358629,1
337,162,0.01478329673,0.1740826964,1
337,170,0.08667692542,0.09216040373,1
345,10,0.1692926884,-0.09599219263,1
345,18,-0.0358619839,-0.05037438124,1
345,26,-0.1816301644,0.1187838688,1
345,34,-0.08471487463,0.1462526917,1
345,42,0.108359322,0.06057202443,1
345,50,0.1442191005,0.1024991795,1
345,58,0.2076665163,-0.02295298874,1
345,66,0.2663516402,0.3318705559,1
345,74,0.0954362303,0.4704108834,1
345,82,0.1177036464,0.324210465,1
345,90,0.008876817301,0.2289308757,1
345,98,-0.07098290324,0.1748413742,1
345,106,0.03264299408,0.08605615795,1
345,114,0.01941323094,-0.01354530454,1
345,122,-0.07695246488,-0.03626281396,1
345,130,-0.07414294034,-0.06773510575,1
345,138,-0.09342871606,0.003817606717,1
345,146,-0.1545914412,0.07068357617,1
345,154,-0.1199564561,0.1188052893,1
345,162,-0.08018824458,0.1818652004,1
345,170,-0.06353145093,0.1291924119,1
353,10,0.1919851601,-0.1488989145,1
353,18,0.06919706613,0.1455681473,1
353,26,-0.06931464374,0.1312214583,1
353,34,-0.1834888458,0.1479912251,1
353,42,-0.03732823581,0.1287222803,1
353,50,0.08729833364,0.01603550091,1
353,58,0.08564591408,0.03943230212,1
353,66,0.1524616778,0.3673817217,1
353,74,0.08412523568,0.5191873908,1
353,82,0.02841914445,0.3540129364,1
353,90,0.02457569912,0.2770036459,1
353,98,0.005097005516,0.230663985,1
353,106,-0.008809536695,0.03225577623,1
353,114,0.0378699936,0.08416392654,1
353,122,0.09435483813,0.08207923174,1
353,130,0.05201937258,0.1249583364,1
353,138,-0.0512470901,0.0744176358,1
353,146,-0.1062994823,0.06496702135,1
353,154,0.02113252506,0.07961992919,1
353,162,0.02803574502,0.1404379308,1
353,170,-0.03907755762,0.2138357759,1
361,10,0.0709117353,-0.01935534179,1
361,18,0.02465878241,0.001032233238,1
361,26,0.05887565017,-0.04199572653,1
361,34,0.011701365,0.09419439733,1
361,42,0.0294681415,0.1366712898,1
361,50,0.1415400505,0.02431473881,1
361,58,0.1146082059,0.06059864163,1
361,66,-0.02412981912,0.1443888247,1
361,74,-0.07511530817,0.2843360901,1
361,82,-0.02462522499,0.1487762779,1
361,90,0.07388274372,0.1873892844,1
361,98,0.03484550118,0.2115012258,1
361,106,-0.02394280583,0.1269197762,1
361,114,0.04511544853,0.1421539783,1
361,122,0.093857795,0.1132492125,1
361,130,0.03780350089,0.1641221344,1
361,138,-0.07924988866,0.2229086757,1
361,146,-0.07053927332,0.09709063172,1
361,154,0.02703797817,0.1498289257,1
361,162,0.03642112017,0.1365182847,1
361,170,0.02569613233,0.2559338212,1
369,10,0.1859899759,0.07391618192,1
369,18,-0.03034657985,-0.04539546371,1
369,26,-0.1155505329,-0.1211166382,1
369,34,-0.06165343523,-0.03225625306,1
369,42,-0.0008894503117,0.07730709016,1
369,50,0.1603793651,-0.02824417502,1
369,58,0.1358436644,-0.04470357299,1
369,66,-0.05516771972,-0.03748877347,1
369,74,-0.119778797,-0.06640411913,1
369,82,0.04973366112,0.02727390826,1
369,90,0.1196926236,0.08780910075,1
369,98,0.0111101456,0.09513552487,1
369,106,0.1327682436,0.1382241249,1
369,114,0.1020639241,0.1207242608,1
369,122,0.03119403869,0.1111035645,1
369,130,0.01547942217,0.1894572377,1
369,138,-0.07961459458,0.09387458861,1
369,146,0.09905764461,0.07332874089,1
369,154,0.1468330622,0.1875603795,1
369,162,-0.01341577619,0.1506890804,1
369,170,-0.03465247899,0.2589486837,1
377,10,0.1621519923,0.008224555291,1
377,18,0.04093633592,-0.1473321617,1
377,26,0.000789411366,-0.1103560179,1
377,34,0.04555277154,0.045165658,1
377,42,0.06931813806,0.05308110639,1
377,50,0.05980327725,-0.002241281793,1
377,58,0.06822644919,-0.07317134738,1
377,66,-0.02686885372,-0.03621721268,1
377,74,-0.08865124732,-0.09878113121,1
377,82,-0.007689813152,0.02193244174,1
377,90,-0.0006492435932,0.1751480997,1
377,98,0.003134004772,-0.06135390699,1
377,106,0.02010714263,0.0700699836,1
377,114,0.01497191563,0.1310271323,1
377,122,0.1395188272,0.251213491,1
377,130,0.09305158257,0.2035347521,1
377,138,0.06880159676,0.09907047451,1
377,146,0.08841510117,0.03310164064,1
377,154,0.02668435685,0.104393512,1
377,162,-0.002391097136,0.1412836313,1
377,170,0.01512876526,0.1886927783,1
385,10,0.1049182191,-0.07637690753,1
385,18,0.1485442072,-0.1288554817,1
385,26,0.2642357647,-0.05328625813,1
385,34,0.1353656203,0.0311135482,1
385,42,0.186614722,-0.0305569265,1
385,50,0.3499977589,-0.008486324921,1
385,58,0.04676626995,-0.02477601543,1
385,66,-0.02224625647,0.07220583409,1
385,74,0.03713590652,0.09266744554,1
385,82,0.1527941674,-0.008455701172,1
385,90,0.1468182951,0.1645770967,1
385,98,0.1369855404,0.03676796705,1
385,106,-0.07803402841,0.130515933,1
385,114,-0.1995238215,0.2358071357,1
385,122,0.02173425257,0.2699607909,1
385,130,0.02858125418,0.1685267389,1
385,138,0.04699533433,0.0975650847,1
385,146,-0.02070855722,-0.03477849811,1
385,154,-0.008010356687,0.06392380595,1
385,162,0.1153871492,0.3441436887,1
385,170,0.09073011577,0.1219695657,1
393,10,-0.03194592893,-0.02160770074,1
393,18,-0.0274984315,-0.08771200478,1
393,26,0.06388023496,-0.117404744,1
393,34,0.2317311168,-0.1536256373,1
393,42,0.138756752,-0.06382024288,1
393,50,0.05535525829,-0.004639624152,1
393,58,-0.03158792853,0.00214991346,1
393,66,0.005443926901,0.06558784842,1
393,74,0.1350061297,0.07356887311,1
393,82,0.1458394676,0.02279782295,1
393,90,0.1029116809,0.1466106176,1
393,98,0.02063224465,0.1722995043,1
393,106,0.003004347906,0.1860748231,1
393,114,-0.06950585544,0.1878572404,1
393,122,0.03735746443,0.2426372021,1
393,130,-0.008232599124,0.2326846719,1
393,138,-0.08750167489,0.08589226007,1
393,146,0.02460275218,-0.08181168139,1
393,154,-0.05807222426,0.1337497234,1
393,162,-0.03329926729,0.2487089336,1
393,170,0.09215560555,0.09888634086,1
401,10,-0.08990252018,0.07665008307,1
401,18,0.2638982534,-0.1734943092,1
401,26,0.1860171854,-0.1053493023,1
401,34,0.2326244116,-0.09620916098,1
401,42,0.04602589086,0.1072623134,1
401,50,-0.06978933513,-0.07957892865,1
401,58,-0.08202181011,-0.06373244524,1
401,66,0.05591742694,0.08572049439,1
401,74,0.1076445058,0.08792325854,1
401,82,0.03496101499,0.1465933323,1
401,90,0.0668104291,0.214095965,1
401,98,0.02619377524,0.1831624359,1
401,106,-0.02414736152,0.1551083624,1
401,114,-0.03950897977,0.1455101967,1
401,122,0.0524982363,0.2264651656,1
401,130,0.000547118485,0.2276697159,1
401,138,-0.10991887,0.1944035888,1
401,146,-0.005724575371,0.04356152564,1
401,154,-0.05467035621,0.1540413052,1
401,162,-0.132719025,0.07901614159,1
401,170,0.005257420242,0.01117038354,1
409,10,-0.05690558255,-0.1458410472,1
409,18,0.1681989282,-0.1781442612,1
409,26,0.1089366004,-0.07947856933,1
409,34,0.06145516783,0.1931148171,1
409,42,-0.006390430033,-0.03528653085,1
409,50,-0.02943332493,-0.2448323071,1
409,58,-0.1192216948,-0.03629851341,1
409,66,-0.06321723759,0.1444010288,1
409,74,0.02467489243,0.07039307058,1
409,82,0.0782089904,0.198345989,1
409,90,0.1553747952,0.2664752901,1
409,98,0.09671169519,0.1498855501,1
409,106,0.1679292619,0.1334904283,1
409,114,0.1489587873,0.1071351841,1
409,122,-0.1029980928,0.1418520063,1
409,130,-0.02351415157,0.1668007523,1
409,138,-0.0372678861,0.1482296884,1
409,146,0.02923328057,0.04819647223,1
409,154,0.1593678743,0.05566972494,1
409,162,0.07891364396,0.04696840048,1
409,170,-0.1797568351,-0.07229076326,1
417,10,0.4885938168,-0.3622736931,1
417,18,0.1875910908,-0.2907480001,1
417,26,-0.0606097281,-0.2308914959,1
417,34,0.09059906006,0.1831106246,1
417,42,0.160243988,0.03157251328,1
417,50,0.03181049973,-0.1622774899,1
417,58,-0.2253520936,-0.03414555639,1
417,66,-0.2580022216,0.02546229213,1
417,74,-0.09542153776,0.05937868729,1
417,82,0.08667220175,0.1660054475,1
417,90,0.3618259132,0.2270554602,1
417,98,0.3931430876,0.1746956706,1
417,106,0.3349229991,0.03960751742,1
417,114,0.2582279742,-0.02029596269,1
417,122,0.1180600226,-0.0112394467,1
417,130,-0.02849989384,0.1001399085,1
417,138,0.04581459612,0.1361785829,1
417,146,0.1937275827,0.05758007616,1
417,154,0.2572253942,0.002910323441,1
417,162,0.09461809695,0.0168755129,1
417,170,-0.3255085349,-0.04289951175,1
