PIVlab, ASCII chart output - 02-Aug-2025
FRAME: 100, filenames: A:[100]FullStack_Pos0035_TgUtrmcherry_K4K8MO-1.avi & B:[101]FullStack_Pos0035_TgUtrmcherry_K4K8MO-1.avi, conversion factor xy (px -> m): 1, conversion factor uv (px/frame -> m/s): 1
x [px],y [px],u [px/frame],v [px/frame],Vector type [-]
9,10,-0.09548524022,-0.01388157159,1
9,18,-0.1000470519,0.03798466921,1
9,26,-0.1297517568,0.009485267103,1
9,34,-0.08301627636,0.03117083758,1
9,42,-0.04478770494,0.08317637444,1
9,50,-0.1416600347,0.06423346698,1
9,58,-0.3929441869,-0.06610120833,1
9,66,-0.3543460965,-0.1709295958,1
9,74,-0.1022087932,-0.08352729678,1
9,82,0.04930438101,0.01873844862,1
9,90,-0.02909810841,-0.05427487567,1
9,98,-0.1697787344,-0.07159693539,1
9,106,-0.2528088987,0.04051794112,1
9,114,-0.03026074171,0.1750535965,1
9,122,-0.03722006083,0.1932756603,1
9,130,-0.1667134315,0.0679924041,1
9,138,-0.02058488131,0.1521323323,1
9,146,0.05144755542,0.2338889837,1
9,154,0.03927649558,0.3033414483,1
9,162,-0.04087827355,0.3569449186,1
9,170,-0.3725459576,0.01151913404,1
17,10,-0.1845993102,-0.1329265237,1
17,18,-0.09886226058,0.05850750953,1
17,26,-0.1265212148,0.0154967308,1
17,34,-0.1038736999,0.05878600478,1
17,42,-0.03714774549,0.03632371128,1
17,50,-0.1159104556,0.10527955,1
17,58,-0.169533357,0.07354563475,1
17,66,-0.1680836976,0.1254262775,1
17,74,-0.1788560897,0.05684255809,1
17,82,-0.1049285978,0.02639982477,1
17,90,-0.020527035,0.07109950483,1
17,98,-0.06153462827,-0.0485990718,1
17,106,-0.1207011491,0.04776604101,1
17,114,-0.002155005932,0.1216849685,1
17,122,-0.003867715597,0.0281583406,1
17,130,-0.08723957837,-0.08544377983,1
17,138,-0.10789451,0.004349038005,1
17,146,-0.1231901571,0.1430996805,1
17,154,-0.152118668,0.2078924179,1
17,162,-0.08786730468,0.2129498571,1
17,170,-0.1139989793,0.1371553242,1
25,10,-0.07314865291,-0.07951501757,1
25,18,-0.02738051116,0.04469864443,1
25,26,-0.185259968,0.1056759357,1
25,34,-0.1195232421,0.10829328,1
25,42,-0.04196558893,0.05494565517,1
25,50,-0.1320727468,0.1591161788,1
25,58,-0.2178767622,0.2360057235,1
25,66,-0.1198747456,0.2809345424,1
25,74,-0.2072581798,0.1380494088,1
25,82,-0.3418319821,0.04562331736,1
25,90,-0.1547557116,0.1270938218,1
25,98,-0.03057806194,0.03919194266,1
25,106,0.02444919944,0.06453585625,1
25,114,0.0008691325784,0.1207612678,1
25,122,0.02857740223,-0.1479510516,1
25,130,-0.04969868064,-0.1229437292,1
25,138,-0.1620597243,0.007343757898,1
25,146,-0.2006049752,0.04975604266,1
25,154,-0.1811645478,0.1158369333,1
25,162,-0.1112286597,0.0757772103,1
25,170,-0.01250298321,0.04612745717,1
33,10,0.01412162185,-0.2170319259,1
33,18,-0.1065775901,0.06656061858,1
33,26,-0.1298675835,0.1945120394,1
33,34,-0.03678327799,0.1088030189,1
33,42,-0.07162234187,0.09199813008,1
33,50,-0.1146468073,0.1405910254,1
33,58,-0.09745762497,0.2916052341,1
33,66,-0.04910665751,0.3979317546,1
33,74,-0.2143638283,0.2210638076,1
33,82,-0.2196560055,0.0506182462,1
33,90,-0.08642181754,0.07536235452,1
33,98,-0.1155067831,0.08873960376,1
33,106,-0.08414230496,0.009336268529,1
33,114,-0.06062456965,-0.1002733409,1
33,122,-0.1562467515,-0.107314311,1
33,130,-0.2757157981,-0.09293013066,1
33,138,-0.2602529526,-0.0272532329,1
33,146,-0.2470304817,-0.03372012079,1
33,154,-0.2594575882,0.08407700062,1
33,162,-0.2092463076,0.07399757206,1
33,170,-0.05288358778,-0.1064956635,1
41,10,0.1504486501,-0.1795301288,1
41,18,-0.1427745223,0.0421070084,1
41,26,-0.1954011917,0.02459532768,1
41,34,-0.008610785007,0.044735834,1
41,42,-0.0621765554,0.04339300096,1
41,50,-0.09641462564,0.09856776893,1
41,58,-0.1012244076,0.1773016304,1
41,66,-0.1310061365,0.2400780767,1
41,74,-0.1620526314,0.1163050756,1
41,82,-0.1762056649,-0.05105366185,1
41,90,-0.2384783477,0.03113150597,1
41,98,-0.2490969896,-0.06538386643,1
41,106,-0.06456038356,-0.09279652685,1
41,114,0.0138339363,-0.1188329011,1
41,122,-0.06329267472,-0.06042279303,1
41,130,-0.1681141108,-0.02433066629,1
41,138,-0.1341275424,-0.05131188408,1
41,146,-0.06227986515,0.004911239259,1
41,154,-0.03022630513,-0.002570203971,1
41,162,-0.05185753107,0.02430043928,1
41,170,0.000706218183,-0.1567674577,1
49,10,-0.02072758973,-0.01139046252,1
49,18,-0.1941043735,-0.02674627677,1
49,26,-0.2162183672,-0.131566152,1
49,34,-0.2158252597,-0.05733526498,1
49,42,-0.2061421871,-0.01474295557,1
49,50,-0.240078181,0.06703560054,1
49,58,-0.260176003,0.06877426803,1
49,66,-0.1600387841,0.03166492283,1
49,74,-0.1529207379,-0.04829111695,1
49,82,-0.1988808215,-0.01955615729,1
49,90,-0.2553396225,-0.06595811248,1
49,98,-0.1056561917,-0.04474105686,1
49,106,-0.003822848201,-0.0541170761,1
49,114,-0.1649192423,-0.04282615706,1
49,122,-0.183713153,0.06877978146,1
49,130,-0.1361932158,0.1098332554,1
49,138,-0.05878815055,-0.01295894757,1
49,146,-0.1699917614,-0.01052956283,1
49,154,-0.1972946972,-0.0682836771,1
49,162,-0.1665359735,-0.06943746656,1
49,170,-0.1275061369,-0.1755741537,1
57,10,-0.1256214678,0.1352466941,1
57,18,-0.1127202883,0.0312137492,1
57,26,-0.2223525345,-0.03613599762,1
57,34,-0.2251142561,-0.1619139016,1
57,42,-0.2261580974,0.03419632465,1
57,50,-0.2193982154,0.09506949782,1
57,58,-0.2396004796,0.005076393485,1
57,66,-0.2208270431,-0.0678717792,1
57,74,-0.1853970289,-0.06415916979,1
57,82,-0.2266814113,-0.01500635408,1
57,90,-0.1032380611,-0.03324067965,1
57,98,-0.07854013145,-0.00811457634,1
57,106,-0.2628331482,0.1024637371,1
57,114,-0.2902596593,0.09909136593,1
57,122,-0.1978588253,0.178054601,1
57,130,-0.1735300124,0.1815122813,1
57,138,-0.1184379011,0.07041561604,1
57,146,-0.1546682566,0.02244236693,1
57,154,-0.2687148154,0.01436049491,1
57,162,-0.1537086666,0.0344459489,1
57,170,0.01845078729,0.01512750983,1
65,10,-0.1249866635,0.1633801758,1
65,18,0.02892655879,-0.03003300354,1
65,26,-0.02614673972,-0.09430975467,1
65,34,-0.1470753849,-0.336882472,1
65,42,-0.2279958576,-0.1920689344,1
65,50,-0.3232371509,-0.02320594341,1
65,58,-0.3465211987,0.01271044463,1
65,66,-0.278190881,-0.08528536558,1
65,74,-0.2136937231,-0.03602270409,1
65,82,-0.167729944,-0.006810098886,1
65,90,-0.1052917093,0.01913647912,1
65,98,-0.1955374032,0.05929686874,1
65,106,-0.3258059025,0.1962426007,1
65,114,-0.2191387862,0.1018288732,1
65,122,-0.07224491239,0.06936524808,1
65,130,-0.147429496,0.1090055108,1
65,138,-0.1849208176,0.1449605674,1
65,146,-0.1567185521,0.2031283677,1
65,154,-0.1796694994,0.1925771236,1
65,162,-0.1514756382,0.281170845,1
65,170,0.008032947779,0.01300563663,1
73,10,-0.0007154718041,0.1388041824,1
73,18,0.0845842883,-0.0003202073276,1
73,26,-0.08885792643,-0.1203324571,1
73,34,-0.1022484899,-0.2952720225,1
73,42,-0.04137334228,-0.2332516313,1
73,50,-0.212199837,-0.1617131084,1
73,58,-0.2612788081,-0.01312445477,1
73,66,-0.2923223078,0.02973810397,1
73,74,-0.2227476239,0.08761511743,1
73,82,-0.1617328674,0.0623081252,1
73,90,-0.2286794782,0.0785266608,1
73,98,-0.2041151524,0.2261265069,1
73,106,-0.08674742281,0.3482286036,1
73,114,-0.1587919295,0.1148724109,1
73,122,-0.1411025375,0.05744238198,1
73,130,-0.15778777,0.05999111384,1
73,138,-0.2213573754,0.06605194509,1
73,146,-0.1941590756,0.08969833702,1
73,154,-0.2415717095,0.1124798581,1
73,162,-0.1946225464,0.1303188801,1
73,170,-0.03873972967,-0.06231543422,1
81,10,0.03097335249,0.1524015218,1
81,18,-0.1430188715,0.004481408745,1
81,26,-0.2290831506,-0.09314750135,1
81,34,-0.1233585402,-0.2373256683,1
81,42,-0.01044863462,-0.1409242451,1
81,50,-0.1161805391,-0.1173250005,1
81,58,-0.1975036114,-0.03666329011,1
81,66,-0.1646713912,0.03465358913,1
81,74,-0.2547179461,0.1204185933,1
81,82,-0.3395459056,0.05051909387,1
81,90,-0.3055044711,0.07128959894,1
81,98,-0.1217816323,0.1527868509,1
81,106,0.06049624085,0.1804130822,1
81,114,-0.1223920882,0.09327469021,1
81,122,-0.1897332221,0.04073055834,1
81,130,-0.2276872098,-0.03403586149,1
81,138,-0.07943913341,-0.04319304973,1
81,146,-0.1579022855,-0.04699429497,1
81,154,-0.2696002722,-0.08615595102,1
81,162,-0.1225678623,-0.06117281318,1
81,170,0.08213054389,-0.06490241736,1
89,10,-0.05487290025,0.1231125742,1
89,18,-0.2020155787,-0.05360677466,1
89,26,-0.3042342663,-0.03674339503,1
89,34,-0.1570456922,-0.1010007486,1
89,42,-0.06427697092,-0.03085175902,1
89,50,-0.1110576168,0.04492562264,1
89,58,-0.1426879466,0.04484527186,1
89,66,-0.1506345272,-0.01176683605,1
89,74,-0.2178921998,-0.01494564861,1
89,82,-0.3260115087,0.04124863818,1
89,90,-0.3188273311,0.1764615476,1
89,98,-0.1421333849,0.1466423422,1
89,106,-0.02557215095,0.03934944421,1
89,114,-0.05862555653,-0.08185747266,1
89,122,-0.1097673699,-0.1050580069,1
89,130,-0.1217315793,-0.04347092658,1
89,138,-0.1209940016,-0.0001921700314,1
89,146,-0.274916172,-0.06217894331,1
89,154,-0.2614323497,-0.09874098748,1
89,162,-0.06743961573,-0.02684124,1
89,170,-0.01758555323,0.00714432355,1
97,10,-0.1908141077,0.0118579492,1
97,18,-0.186462,-0.07081348449,1
97,26,-0.2204336375,0.04614271969,1
97,34,-0.2763726413,0.06928047538,1
97,42,-0.1597657949,0.02502847463,1
97,50,-0.1879836023,-0.02091228962,1
97,58,-0.1843837202,0.1201631427,1
97,66,-0.2341313362,0.08267568052,1
97,74,-0.3111310005,0.01445557177,1
97,82,-0.1741720289,0.04994031787,1
97,90,-0.1941963583,0.182732895,1
97,98,-0.1956010759,0.06146606058,1
97,106,-0.1375257969,0.01850380749,1
97,114,-0.1007761955,-0.005794733763,1
97,122,-0.07019811869,-0.03353453428,1
97,130,-0.05341098458,0.02122384869,1
97,138,-0.1277132481,0.06152712926,1
97,146,-0.1343394518,-0.01069706306,1
97,154,-0.1569167078,0.02496355027,1
97,162,-0.1343835294,0.1221251562,1
97,170,0.04946303368,0.07366975397,1
105,10,-0.2148495317,-0.1260208488,1
105,18,-0.2147891819,-0.06143765897,1
105,26,-0.2489199936,0.02616620809,1
105,34,-0.3320413828,-0.01164134406,1
105,42,-0.4093936682,0.05224259198,1
105,50,-0.3342733979,-0.1020685211,1
105,58,-0.2355689555,0.06649452448,1
105,66,-0.1482252479,0.0999033004,1
105,74,-0.1608497798,0.03447814658,1
105,82,-0.1294036806,-0.01180804148,1
105,90,-0.1154583693,0.01041370258,1
105,98,-0.2069262564,0.03311448544,1
105,106,-0.2311616838,0.1520401239,1
105,114,-0.1705046594,0.1985811889,1
105,122,-0.05318824947,0.09205950797,1
105,130,-0.01584377885,0.09552137554,1
105,138,-0.1015693545,0.07526995987,1
105,146,-0.1493904442,0.1315845847,1
105,154,-0.2025784403,0.1685732305,1
105,162,-0.2352537811,0.2070773989,1
105,170,0.03919003159,0.1337528229,1
113,10,-0.1315303445,-0.04877872765,1
113,18,-0.1180583239,-0.07892144471,1
113,26,-0.1598504335,-0.07849434763,1
113,34,-0.1755882502,-0.05180901289,1
113,42,-0.1594261229,0.002105385065,1
113,50,-0.1643219739,-0.08024813235,1
113,58,-0.1078778207,-0.03520366549,1
113,66,-0.1213255823,-0.008223452605,1
113,74,-0.1786741465,-0.02893459238,1
113,82,-0.08804058284,-0.05193980038,1
113,90,0.04715149105,-0.04439355433,1
113,98,0.03567205369,0.077895917,1
113,106,0.07542173564,0.3340636492,1
113,114,-0.04109913111,0.2658228874,1
113,122,-0.06717467308,0.07368955016,1
113,130,-0.03159850836,0.0989638865,1
113,138,-0.1617422998,-0.02774293721,1
113,146,-0.214948684,0.1663528085,1
113,154,-0.1160559356,0.1903636605,1
113,162,-0.06677785516,0.2357856631,1
113,170,-0.1503542066,0.1794938743,1
121,10,-0.05188187212,0.1408624202,1
121,18,0.02418378741,-0.0734956786,1
121,26,-0.07265745103,-0.2335243076,1
121,34,-0.1502980888,0.005930507556,1
121,42,-0.2758336067,0.06034857407,1
121,50,-0.2326813936,0.01190434583,1
121,58,-0.1084703952,0.0008700639009,1
121,66,-0.1600693315,-0.0270184353,1
121,74,-0.2208769619,0.05199401081,1
121,82,-0.03853166103,-0.02771651745,1
121,90,-0.01318631321,-0.1108097881,1
121,98,-0.06161348522,0.01428340375,1
121,106,-0.02833254635,0.1196291521,1
121,114,-0.1158597022,0.1953807473,1
121,122,-0.1322877705,0.2139153332,1
121,130,-0.04478178918,0.2137195319,1
121,138,-0.06486100703,-0.08957045525,1
121,146,-0.1278949976,0.1818642318,1
121,154,-0.06143529713,0.1252046376,1
121,162,-0.05064886808,0.2244201899,1
121,170,-0.2260133028,0.2261708379,1
129,10,-0.07024970651,0.04955523461,1
129,18,-0.1547760069,-0.06997779012,1
129,26,-0.1220598519,-0.1859552115,1
129,34,-0.05403387547,0.03984765708,1
129,42,-0.1991375536,0.1163784415,1
129,50,-0.2109054029,0.1523095518,1
129,58,-0.04614329338,0.1032593548,1
129,66,-0.08755493164,-0.01087237895,1
129,74,-0.1593825668,-0.0246348884,1
129,82,-0.08799186349,-0.004564166069,1
129,90,-0.1739951968,-0.1086429358,1
129,98,-0.2124985605,-0.04264798015,1
129,106,-0.242876932,0.1147124693,1
129,114,-0.150272578,0.1406412721,1
129,122,-0.08402185142,0.2026230842,1
129,130,-0.1907146275,0.2316852063,1
129,138,-0.1753388345,0.1155659258,1
129,146,-0.1351259351,0.07658784837,1
129,154,-0.1489212662,0.117235437,1
129,162,-3.030896187e-05,0.1244230941,1
129,170,0.02542049438,0.2753779888,1
137,10,-0.1888144612,0.05046141893,1
137,18,-0.1106278077,-0.08002741635,1
137,26,-0.1230197847,-0.05176345259,1
137,34,-0.06339491904,0.1158479974,1
137,42,-0.05999026448,0.09651494771,1
137,50,-0.04833011329,0.172247529,1
137,58,-0.07447759062,0.02107524499,1
137,66,-0.1134162247,-0.06453457475,1
137,74,0.03812401742,-0.05096225068,1
137,82,-0.06147649884,-0.0006940737367,1
137,90,-0.1529806554,0.01032249443,1
137,98,-0.1180880666,-0.04828581959,1
137,106,-0.1995486021,0.09308965504,1
137,114,-0.08439970762,0.05320482701,1
137,122,-0.02825962752,0.08664016426,1
137,130,-0.1365021765,0.09157937765,1
137,138,-0.1450994313,0.2065942138,1
137,146,-0.08301723748,0.1489753872,1
137,154,-0.2079691738,0.2252516448,1
137,162,-0.08705121279,0.01148766279,1
137,170,-0.005498059094,0.2087157965,1
145,10,-0.07444495708,0.2519695461,1
145,18,-0.04837293178,0.1934525967,1
145,26,-0.117515564,0.02536125854,1
145,34,-0.109517768,0.04646819457,1
145,42,0.03582539409,-0.04249455035,1
145,50,0.05946585909,0.01970616914,1
145,58,-0.1233594716,-0.01063955948,1
145,66,-0.08555562794,0.07453706861,1
145,74,-0.003545936197,-0.02943587862,1
145,82,0.1103608459,-0.05443137884,1
145,90,0.00524225831,-0.04077862203,1
145,98,-0.07745188475,-0.02072276548,1
145,106,-0.1061438695,-0.03607499599,1
145,114,-0.0001266375184,0.02389894426,1
145,122,0.007202055305,0.2232498676,1
145,130,-0.09710712731,0.1031032205,1
145,138,-0.181086421,0.1543833613,1
145,146,-0.1340640187,0.1332669407,1
145,154,-0.1259474009,0.1330411732,1
145,162,-0.2181587219,0.1016380414,1
145,170,-0.254981935,0.1074233651,1
153,10,-0.05908171088,0.2467023283,1
153,18,-0.04059514403,0.01791521907,1
153,26,-0.006990358233,-0.02256352082,1
153,34,-0.03401145712,-0.009498309344,1
153,42,-0.01467089728,-0.09796588123,1
153,50,0.03359774873,-0.02805444226,1
153,58,-0.02263577282,0.06375222653,1
153,66,-0.2276467681,-0.0231484361,1
153,74,-0.1357199848,-0.07408652455,1
153,82,-0.0315843299,-0.04566197097,1
153,90,0.02512364089,0.02160911635,1
153,98,-0.05849781632,0.1284138411,1
153,106,-0.08396931738,-0.007587458938,1
153,114,0.2114404738,0.09709373116,1
153,122,0.03940736502,0.2521551847,1
153,130,-0.09292975068,0.1056274027,1
153,138,-0.1667764187,0.1295051426,1
153,146,-0.1521626711,0.1483440548,1
153,154,-0.1691145003,0.1124492586,1
153,162,-0.1297358274,0.1084183902,1
153,170,-0.1436290145,0.02442282438,1
161,10,-0.01127243042,0.128371954,1
161,18,-0.01616859809,-0.01559305191,1
161,26,-0.03828891739,-0.03393172473,1
161,34,-0.1101338789,0.05244839936,1
161,42,-0.1040667892,0.08905670047,1
161,50,-0.04583707079,0.0134864999,1
161,58,-0.09029749036,0.03772885725,1
161,66,-0.09044528008,-0.123237744,1
161,74,-0.02231160179,-0.07658953965,1
161,82,0.02238017321,0.2659830153,1
161,90,0.03257728368,0.2276135683,1
161,98,-0.03918821365,0.2291828692,1
161,106,-0.09091632068,0.01111284643,1
161,114,0.07373701781,-0.06659329683,1
161,122,0.05718291551,0.03766004741,1
161,130,-0.1013239622,0.149794966,1
161,138,-0.08162634075,0.1727683693,1
161,146,-0.008063681424,0.2480535507,1
161,154,-0.08663854003,0.1441190839,1
161,162,-0.1037205458,0.04829582572,1
161,170,-0.09801007807,-0.006429888308,1
169,10,-0.04727201909,0.1400359869,1
169,18,-0.04505316913,0.1362593621,1
169,26,-0.01954854093,0.02931016311,1
169,34,-0.08564451337,0.1302774698,1
169,42,-0.09106895328,0.1128811613,1
169,50,-0.05706505477,0.04167025164,1
169,58,-0.06371004879,-0.1048237681,1
169,66,-0.06831457466,-0.1583269536,1
169,74,-0.02371722274,-0.05483852327,1
169,82,-0.03027558699,0.1310689002,1
169,90,-0.01185591146,0.1827371418,2
169,98,0.02697408572,0.1839020997,1
169,106,-0.05210125446,-0.008125312626,1
169,114,-0.06298795342,-0.1558595002,1
169,122,-0.006328526884,-0.03222043812,1
169,130,0.08234147727,0.1654212773,1
169,138,-0.01529426873,0.03793598711,1
169,146,-0.05716408044,0.08726583421,1
169,154,-0.04603482038,0.1426514238,1
169,162,-0.05778678134,0.008038081229,1
169,170,0.009106051177,0.03272406757,1
177,10,-0.1006207913,0.1856702566,1
177,18,-0.08134206384,0.08270461857,1
177,26,0.07719603181,0.05723821744,1
177,34,0.09867365658,0.06600496173,1
177,42,0.01313882321,0.01367765665,1
177,50,0.09534476697,-0.02428209409,1
177,58,0.08587445319,-0.07202532142,1
177,66,-0.05726602674,-0.1362971663,1
177,74,-0.08533770591,-0.08944100142,1
177,82,-0.1153027266,0.006602132693,1
177,90,-0.07669942826,0.188364014,1
177,98,0.003903023899,0.0802693367,1
177,106,-0.0228035599,0.034981668,1
177,114,-0.07100833952,-0.1184554175,1
177,122,-0.05121394619,0.04929269105,1
177,130,-0.03799023479,0.1147548929,1
177,138,-0.2202306688,0.002494227141,1
177,146,-0.1041477546,0.02893152088,1
177,154,-0.01281732321,0.007053341717,1
177,162,0.09290842712,0.1470391899,1
177,170,0.1833458245,0.1811632961,1
185,10,-0.08288937807,0.2006368935,1
185,18,-0.1259893477,-0.02325516567,1
185,26,-0.1367448717,-0.009618364275,1
185,34,0.1093112901,-0.09216775745,1
185,42,0.2091201246,-0.03301843628,1
185,50,0.1797524095,0.05978345498,1
185,58,0.04245685041,0.05918255448,1
185,66,-0.0131489113,0.04372188449,1
185,74,-0.05857823417,-0.09720145166,1
185,82,-0.1250150055,0.05653223395,1
185,90,-0.12183173,0.09191797674,1
185,98,-0.06854978949,0.00814306736,1
185,106,-0.04591554776,-0.02132097073,1
185,114,-0.05106075481,-0.08407457173,1
185,122,-0.0343619585,0.03972520679,1
185,130,-0.06410114467,-0.02072274312,1
185,138,-0.05071091652,-0.04981058836,1
185,146,0.06612307578,-0.02654245123,1
185,154,-0.04146984965,-0.01069378108,1
185,162,-0.0626693964,0.17458947,1
185,170,-0.04489064962,0.2125452161,1
193,10,0.003123171628,0.05938822031,1
193,18,0.02286761813,0.01849967241,1
193,26,0.1405066997,0.01340916753,1
193,34,0.2592462301,0.02925420366,1
193,42,0.1626670063,0.08189300448,1
193,50,0.006708014756,0.1222891137,1
193,58,0.01592066884,0.06132806838,1
193,66,0.02336344868,0.02662802115,1
193,74,0.01305966638,-0.05431567132,1
193,82,-0.1314947009,0.04825141653,1
193,90,-0.148085326,0.09380358458,1
193,98,-0.114503324,0.04196347296,1
193,106,-0.118041724,-0.01159732789,1
193,114,-0.08973421901,0.1040367335,1
193,122,-0.07854695618,0.003954326734,1
193,130,0.01101500168,-0.07909350097,1
193,138,0.05352851003,-0.04253550246,1
193,146,-0.01655241847,-0.02150533162,1
193,154,-0.09860917926,0.04030711204,1
193,162,-0.1390106976,0.03282437101,1
193,170,-0.2876809835,0.1841419041,1
201,10,0.005292501301,-0.05293607712,1
201,18,0.1805172116,0.09010916948,1
201,26,0.1096722931,0.01901254803,1
201,34,0.1234282404,0.2131775022,1
201,42,0.06391869485,0.221252799,1
201,50,-0.01294323802,0.1328628212,1
201,58,0.05972066522,0.01565878093,1
201,66,-0.06043098867,0.02477265894,1
201,74,-0.1033835188,0.05132610351,1
201,82,-0.1257461905,-0.007907420397,1
201,90,-0.1436356157,0.1481954753,1
201,98,-0.1693781018,0.105115436,1
201,106,-0.1482806057,-0.0002291556448,1
201,114,-0.09698601812,-0.009298793972,1
201,122,-0.001658849418,0.04398233443,1
201,130,0.07798787951,0.07707303762,1
201,138,0.129332453,-0.006028022617,1
201,146,0.1132740155,0.0004821978509,1
201,154,0.02740777656,-0.03268659115,1
201,162,-0.09425973892,-0.07585002482,1
201,170,-0.328882277,0.1061206162,1
209,10,-0.006063841283,-0.2532775998,1
209,18,-0.009450502694,0.003382250667,1
209,26,-0.04406772554,0.07382056862,1
209,34,0.1126002818,0.1968691349,1
209,42,0.1614456922,0.1950579584,1
209,50,0.06186647713,0.1291869283,1
209,58,0.03792314976,0.1907916665,1
209,66,-0.008155299351,0.04274600744,1
209,74,-0.2447273731,0.09337802231,1
209,82,-0.1563054621,-0.0516583696,1
209,90,-0.005174547434,0.05246977508,1
209,98,0.0009133219719,0.1021860167,1
209,106,0.02248988673,0.01053940319,1
209,114,0.02412810177,-0.1215669513,1
209,122,0.01324731857,-0.02611368895,1
209,130,-0.03952821717,0.01206783578,1
209,138,-0.01737508923,-0.06078613549,1
209,146,0.1136693209,-0.0460219644,1
209,154,0.08851858974,-0.143648386,1
209,162,-0.1032636315,-0.1354469955,1
209,170,-0.27369982,-0.04341458529,1
217,10,0.02694944292,-0.2430283129,1
217,18,0.02195629478,0.05345468968,1
217,26,0.007767885923,0.1371661127,1
217,34,0.05237551033,0.06977617741,1
217,42,0.1999314129,0.1168391854,1
217,50,0.16409868,-0.003037054092,1
217,58,0.1392028928,-0.01254821569,1
217,66,0.2277481258,0.09132012725,1
217,74,-0.07152258605,0.05060854554,1
217,82,-0.1208738387,0.01098043472,1
217,90,-0.06918689609,0.01362669468,1
217,98,-0.1046249866,-0.09154748917,1
217,106,-0.02559012547,0.06654005498,1
217,114,-0.06309442222,0.01935900003,1
217,122,-0.06306450069,-0.2174117118,1
217,130,-0.009038235992,-0.1160362586,1
217,138,-0.08097425103,-0.02362586558,1
217,146,-0.106306985,-0.05338019133,1
217,154,0.01346737053,-0.1689918339,1
217,162,-0.09000530839,-0.1627313793,1
217,170,-0.2412148714,-0.03481908143,1
225,10,0.001770813018,0.0215305984,1
225,18,0.05616815016,0.1183958128,1
225,26,0.04891959578,0.05648902804,1
225,34,0.05428808928,0.03930684179,1
225,42,0.09046813846,0.09695550054,1
225,50,0.08596976101,0.04172201827,1
225,58,0.05510870367,-0.02252845094,1
225,66,-0.01429403946,0.1834960878,1
225,74,-0.06625916064,0.004203312099,1
225,82,0.05284654349,-0.07687767595,1
225,90,0.08538849652,0.01351689175,1
225,98,-0.08645027876,-0.08453021944,1
225,106,-0.1945561767,0.0633411333,1
225,114,-0.1862919033,-0.0191107057,1
225,122,-0.1295869052,-0.1890201271,1
225,130,-0.05946262926,-0.09930354357,1
225,138,-0.1754450649,-0.04032446072,1
225,146,-0.1757068932,-0.1037515998,1
225,154,0.04949999601,-0.1727158874,1
225,162,0.01831463724,-0.1802616715,1
225,170,-0.1224560738,-0.03846583515,1
233,10,0.1253786534,0.1150007844,1
233,18,0.1307543218,0.07520068437,1
233,26,0.02831412107,-0.02807835676,1
233,34,-0.0833055526,0.04201578349,1
233,42,-0.2524485886,0.01265450194,1
233,50,-0.2077843547,0.04945808277,1
233,58,-0.1622608304,0.06279855967,1
233,66,-0.1248356402,0.0847389549,1
233,74,-0.08287576586,-0.08623182029,1
233,82,0.08815547824,-0.1370736361,1
233,90,0.1067786366,-0.02196062542,1
233,98,-0.02054147422,-0.1500573456,1
233,106,-0.1017327681,-0.006631260738,1
233,114,-0.1741888523,-0.04276819155,1
233,122,-0.1691725552,-0.04082179815,1
233,130,-0.1597250849,-0.0360211432,1
233,138,-0.1787409484,0.0610960871,1
233,146,-0.1270705163,-0.02269992977,1
233,154,-0.06842297316,-0.06398484111,1
233,162,-0.02366945148,-0.0442760326,1
233,170,-0.006167054176,-0.007112139836,1
241,10,0.196565181,0.1267899424,1
241,18,0.1332173795,0.03915373236,1
241,26,0.01011653244,-0.02483285591,1
241,34,0.02889119834,0.06146290153,1
241,42,0.02660316974,-0.03176148236,1
241,50,0.006151504815,-0.07305017114,1
241,58,-0.05727752671,0.08316143602,1
241,66,-0.1113635525,0.07721752673,1
241,74,0.05495923758,-0.1112076193,1
241,82,0.03009660542,-0.02130296081,1
241,90,-0.1872300357,0.1209129691,1
241,98,-0.170543015,-0.0464486964,1
241,106,-0.07200094312,-0.008338840678,1
241,114,-0.1121829972,0.1428600252,1
241,122,-0.1808335483,0.08298790455,1
241,130,-0.1188773513,-0.05327283219,1
241,138,-0.02559299767,0.01884074509,1
241,146,-0.01785226539,-0.003978818655,1
241,154,0.01259775646,0.03050366044,1
241,162,-0.0427983664,0.06132950634,1
241,170,-0.05368823558,0.0773742944,1
249,10,0.1088327467,0.1228925139,1
249,18,0.0557096079,0.01985871047,1
249,26,0.01560179144,-0.02507410757,1
249,34,0.08232228458,-0.01711683534,1
249,42,0.0710824579,-0.006674025208,1
249,50,-0.02228329331,-0.01823987067,1
249,58,-0.07118558139,0.04471302405,1
249,66,0.0346685946,0.06975468248,1
249,74,0.1383058727,0.0444230698,1
249,82,0.03512592614,0.04837592319,1
249,90,-0.01106137782,0.1472144574,1
249,98,-0.07323405892,0.09481245279,1
249,106,-0.06642838567,0.06346903741,1
249,114,-0.04051736742,0.3190255761,1
249,122,-0.007896551862,0.0454826355,1
249,130,0.03056587279,0.06840500981,1
249,138,0.01758655906,0.04339272529,1
249,146,0.01973121427,-0.02482885867,1
249,154,0.01694720984,-0.0358521454,1
249,162,-0.0562091805,-0.02202099189,1
249,170,-0.09403528273,0.05941974372,1
257,10,0.08945786208,0.09210444987,1
257,18,0.0090303123,-0.07421048731,1
257,26,-0.04698961228,-0.05872889981,1
257,34,0.115425244,-0.04201075435,1
257,42,0.1112567261,0.1289964318,1
257,50,0.01536656171,0.1379371136,1
257,58,0.009751610458,-0.008449921384,1
257,66,0.05368692428,-0.08526326716,1
257,74,0.09426043928,0.1660589576,1
257,82,-0.0529647246,0.06099716574,1
257,90,-0.06284637004,-0.1255106926,1
257,98,-0.006725311279,0.04300766438,1
257,106,0.04733287543,0.1430974603,1
257,114,0.0670652464,0.1526287049,1
257,122,0.1508590579,-0.01768218726,1
257,130,0.1677282751,0.01673422381,1
257,138,0.07056379318,0.1054990292,1
257,146,0.09486662596,0.02682035416,1
257,154,0.1216552928,-0.1270380169,1
257,162,0.1223422736,-0.05688498169,1
257,170,0.08572459966,0.03450600058,1
265,10,-0.004390105605,0.04875036329,1
265,18,0.007064867765,-0.2103328109,1
265,26,0.004804808646,-0.08869379759,1
265,34,0.09744948149,-0.01930263825,1
265,42,0.1951866746,0.1454026699,1
265,50,0.2552956641,0.2379997969,1
265,58,0.1150267422,-0.1012097448,1
265,66,-0.0003092139959,-0.1268608421,1
265,74,-0.01585584134,0.03907556832,1
265,82,-0.05634823442,-0.05807139724,1
265,90,-0.07981655002,-0.03498565406,2
265,98,-0.1308662593,0.05443673581,1
265,106,-0.06613952667,0.1831975281,1
265,114,-0.002176200971,0.2372146845,1
265,122,0.08101596683,-0.01730864495,1
265,130,0.09944397211,-0.2796974182,1
265,138,0.2043420672,-0.06590425968,1
265,146,0.1917550862,-0.04219415784,1
265,154,0.06111511588,-0.1273278594,1
265,162,0.0444868654,-0.1323638558,1
265,170,0.04602557421,-0.02133380249,1
273,10,-0.09869908541,-0.1365268826,1
273,18,0.04935854301,-0.1643052101,1
273,26,0.1118827984,-0.1283952743,1
273,34,0.009326636791,-0.0938718766,1
273,42,0.2183983028,-0.0100948941,1
273,50,0.2341243029,0.1178211942,1
273,58,0.1347170025,-0.08161146939,1
273,66,0.09526093304,-0.1753384918,1
273,74,0.1060132831,-0.08592663705,1
273,82,0.2478558123,-0.1203622296,1
273,90,-0.06920534372,-0.01079726964,1
273,98,0.02838824131,0.07470995933,1
273,106,-0.03165365383,0.0848846212,1
273,114,-0.06889560074,0.1950096786,1
273,122,0.04750832543,-0.07119265199,1
273,130,0.09880633652,-0.09620819986,1
273,138,0.243923068,-0.09683451056,1
273,146,0.08375895768,-0.03242019936,1
273,154,0.05895651877,-0.02047412097,1
273,162,0.147874102,0.01406368241,1
273,170,0.09567387402,-0.05202529952,1
281,10,-0.09805887938,-0.118853122,1
281,18,0.01961135864,-0.1140960455,1
281,26,0.1279663891,-0.1106260195,1
281,34,0.1082474589,-0.05229282752,1
281,42,0.1437416226,-0.0003722012043,1
281,50,0.09105101228,0.03323377669,1
281,58,0.03468620777,-0.01239676401,1
281,66,0.1728875041,-0.1878916174,1
281,74,0.2396565229,-0.1194378436,1
281,82,0.2109379321,-0.1994403303,1
281,90,0.1221028268,-0.06043801829,1
281,98,0.05258979648,0.09469686449,1
281,106,0.03240228817,0.06864576042,1
281,114,0.03624105826,0.08454626054,1
281,122,0.05287015438,-0.0868800804,1
281,130,0.06222230941,-0.02664064616,1
281,138,0.1201886535,0.01422044076,1
281,146,0.05304030329,0.1403956264,1
281,154,0.07515303791,0.1739108711,1
281,162,0.2106121778,0.1733815968,1
281,170,0.08919784427,0.04138873145,1
289,10,-0.1520278752,-0.122785762,1
289,18,-0.05176868662,-0.02507956326,1
289,26,0.1656649262,-0.04003598168,1
289,34,0.2544843554,0.1640738994,1
289,42,0.2000077963,-0.03482504189,1
289,50,0.141120702,-0.0708720535,1
289,58,0.1016080752,0.002000708133,1
289,66,0.09747617692,-0.08143465221,1
289,74,0.08106066287,-0.01395517588,1
289,82,0.2210110277,-0.07885994762,1
289,90,0.299659282,-0.04225576669,1
289,98,0.2368494421,0.0976395756,1
289,106,0.09137614816,0.1499816477,1
289,114,0.07881004363,-0.007853716612,1
289,122,-0.03485287353,0.02905038372,1
289,130,-0.001511022449,0.009105920792,1
289,138,0.08506067097,0.07669235021,1
289,146,0.100213483,0.1343215853,1
289,154,-0.00179490447,0.1046768203,1
289,162,0.09081615508,0.1549137533,1
289,170,0.04283366352,0.09729535133,1
297,10,0.06907909364,-0.2469995171,1
297,18,0.1424943805,0.03353727236,1
297,26,0.2325034589,-0.02962561138,1
297,34,0.2571415901,0.04030003399,1
297,42,0.2287328988,-0.1396836191,1
297,50,0.1206105053,-0.05580106005,1
297,58,0.1645722985,-0.01735611074,1
297,66,0.1661140472,0.02671425417,1
297,74,0.1390638351,0.1692274958,1
297,82,0.3424666524,0.21148552,1
297,90,0.4105973244,0.08205768466,1
297,98,0.3105971813,0.03627794981,1
297,106,0.1979072094,-0.02965847775,1
297,114,0.1043331921,-0.01444089226,1
297,122,-0.1671143621,-0.02039274946,1
297,130,-0.1081975847,0.02507513762,1
297,138,0.1462447196,0.117759034,1
297,146,0.09672228247,0.1310779154,1
297,154,0.09353281558,0.1034733281,1
297,162,0.03312139958,0.11136695,1
297,170,-0.01096577011,0.1085465103,1
305,10,0.1208061725,-0.1448281407,1
305,18,0.1839005947,-0.07616367936,1
305,26,0.1039048284,-0.05262196064,1
305,34,0.0834274292,-0.02114762738,1
305,42,0.01922219992,-0.09218040109,1
305,50,0.03373659402,-0.05057936907,1
305,58,0.1361157894,-0.08787925541,1
305,66,0.2600384355,-0.02031161636,1
305,74,0.4748600125,0.141042158,1
305,82,0.4139591455,0.2646837234,1
305,90,0.417388618,0.1796897352,1
305,98,0.4111842811,-0.05319288,1
305,106,0.2699284554,-0.1253733188,1
305,114,0.05140269548,-0.005568535998,1
305,122,-0.008369632065,0.0528075844,1
305,130,0.1145849526,0.1016052961,1
305,138,0.1460320204,0.1292185485,1
305,146,0.120448038,0.1451168656,1
305,154,0.07081932575,0.1023249775,1
305,162,0.0418805033,-0.006724663079,1
305,170,0.05998414755,0.03821890801,1
313,10,0.04011934251,0.07904663682,1
313,18,0.0002791136503,0.03579251096,1
313,26,0.0771362111,-0.01402003318,1
313,34,0.1654642522,-0.03877428919,1
313,42,0.01482185721,-0.01386306435,1
313,50,0.001726433635,-0.03550491109,1
313,58,0.2531110942,-0.1253649294,1
313,66,0.3443669081,-0.1745035499,1
313,74,0.3529885709,-0.02828381397,1
313,82,0.3110923171,-0.04430951178,1
313,90,0.337156713,-0.01596347988,1
313,98,0.222974658,-0.09153136611,1
313,106,0.1343872994,-0.07748191059,1
313,114,0.09534831345,0.02274286374,1
313,122,0.1609310061,0.1056438982,1
313,130,0.1673728228,0.1316332519,1
313,138,0.07792716473,0.1235240176,1
313,146,0.1197967753,0.1324974746,1
313,154,0.07463650405,0.0719807297,1
313,162,0.1631852537,-0.0004445761442,1
313,170,0.2782429159,-0.05440701544,1
321,10,-0.09310330451,0.06708808243,1
321,18,-0.009843125939,0.07539269328,1
321,26,0.1492588818,-0.1255539954,1
321,34,0.1425370574,-0.214512527,1
321,42,0.005752533674,-0.09614501894,1
321,50,0.07478577644,0.06625565886,1
321,58,0.2976130843,0.02784889564,1
321,66,0.2979070544,-0.2187190354,1
321,74,0.2688060105,-0.113499701,1
321,82,0.184188962,-0.2019573301,1
321,90,0.1554439366,-0.1168997064,1
321,98,0.1883579344,-0.0721456483,1
321,106,0.1196822971,-0.06544686854,1
321,114,0.1506049335,0.04037588462,1
321,122,0.2194713056,0.05766276643,1
321,130,0.2123372108,0.1412650049,1
321,138,0.08702260256,0.09858503938,1
321,146,0.0759485513,0.09366124868,1
321,154,0.1634170562,0.07595010102,1
321,162,0.2004159689,0.004681289196,1
321,170,0.2615335584,-0.05947124586,1
329,10,0.06645330787,-0.1156276837,1
329,18,0.2281847894,-0.01460457407,1
329,26,0.07546842843,-0.1238285676,1
329,34,0.01953762397,-0.1279405653,1
329,42,0.006960418075,-0.1459571868,1
329,50,0.04553357512,-0.02635964006,1
329,58,0.1520830989,0.04992455244,1
329,66,0.1591605842,0.04589049146,1
329,74,0.2128175795,-0.0242972225,1
329,82,0.1069763899,0.02243565023,1
329,90,0.09786131978,0.04881847277,1
329,98,0.2358194739,0.01922952384,1
329,106,0.226072982,-0.2055731416,1
329,114,0.2251638323,-0.1372757256,1
329,122,0.2074650526,-0.1594022661,1
329,130,0.1535355747,0.141613543,1
329,138,0.01523136348,0.06588047743,1
329,146,0.007940068841,-0.06219995022,1
329,154,0.05069006979,0.08543682843,1
329,162,0.03663562238,-0.03765923157,1
329,170,0.1843589693,-0.04467627406,1
337,10,0.03891809285,-0.06227878481,1
337,18,0.01292715967,-0.01811139658,1
337,26,-0.01900401711,0.05450424924,1
337,34,-0.02438666672,0.1809068024,1
337,42,0.0182063356,-0.09410056472,1
337,50,0.08985691518,-0.1530638039,1
337,58,0.1469743252,-0.08741085231,1
337,66,0.1613451391,-0.04413708672,1
337,74,0.2805556059,0.03103991598,1
337,82,0.2306942642,0.1156271696,1
337,90,0.2094111145,0.05763817579,1
337,98,0.2563433051,-0.1120418906,1
337,106,0.4153133035,-0.2078894973,1
337,114,0.3216075301,-0.1773856431,1
337,122,0.08377163112,-0.1010431126,1
337,130,-0.006358250976,0.1256684214,1
337,138,0.001765400171,0.1340774596,1
337,146,0.004699289799,0.06207467616,1
337,154,-0.01661797613,0.2266045213,1
337,162,0.0829539597,0.1586054862,1
337,170,0.1061186716,0.008629709482,1
345,10,0.002748347819,-0.06034326553,1
345,18,0.075466685,0.07348959893,1
345,26,0.06234990433,0.007097547874,1
345,34,-0.1191124991,-0.004349693656,1
345,42,-0.1103728712,-0.1524549425,1
345,50,0.09880499542,-0.1963726729,1
345,58,0.2309359014,-0.1354689896,1
345,66,0.281488359,-0.1766627431,1
345,74,0.2528248429,0.08459350467,1
345,82,0.1446448863,0.07654245198,1
345,90,0.2120682299,-0.0732665509,1
345,98,0.2729263306,-0.2321379334,1
345,106,0.1646067649,-0.1521098465,1
345,114,0.1595250666,-0.1021781638,1
345,122,0.1743342727,0.0607354641,1
345,130,0.1236771196,0.1568191648,1
345,138,0.1497115046,0.1965919286,1
345,146,0.08739647269,0.1369023025,1
345,154,-0.03695206717,0.1780924201,1
345,162,0.00817721989,0.1435437649,1
345,170,-0.03888843954,0.0563428849,1
353,10,0.2612022758,-0.09403808415,1
353,18,0.2468268871,0.08277912438,1
353,26,0.1307919025,0.03320545703,1
353,34,0.02207639441,0.02926842496,1
353,42,0.0927869603,-0.1165534332,1
353,50,0.08812645078,-0.02431485057,1
353,58,0.166072458,-0.1377523541,1
353,66,0.2488424629,-0.08665753901,1
353,74,0.08131690323,0.1500382125,1
353,82,0.1414728612,0.1182204783,1
353,90,0.1339951456,-0.09822681546,1
353,98,0.05161963403,-0.2071553767,1
353,106,0.1153261662,-0.1774206012,1
353,114,0.1757231504,-0.05954064429,1
353,122,0.15998438,0.1285325289,1
353,130,0.1748151183,0.1850786805,1
353,138,0.192199409,0.1822000146,1
353,146,0.1381084472,0.07783861458,1
353,154,0.05936280638,-0.02114477009,1
353,162,-0.0320203267,-0.04855594411,1
353,170,-0.08756860346,-0.01412748918,1
361,10,0.2642167211,-0.234315902,1
361,18,0.2729680538,-0.04789584875,1
361,26,0.04863942415,0.006246278994,1
361,34,-0.05062266812,0.2142486572,1
361,42,-0.02497006953,0.02057272941,1
361,50,-0.04029558599,0.07323506474,1
361,58,0.1067914069,-0.1678974479,1
361,66,0.102473326,-0.1144111678,1
361,74,0.1259806454,-0.06007364392,1
361,82,0.2634218931,-0.04341017455,1
361,90,0.1888722032,-0.109678492,1
361,98,0.1159385741,-0.1681906879,1
361,106,0.1727724671,-0.1105674803,1
361,114,0.211686492,0.01045846287,1
361,122,0.2452873886,0.1314017177,1
361,130,0.2086152136,0.1732431948,1
361,138,0.1399363279,0.2080830634,1
361,146,0.1748180538,0.1302847564,1
361,154,0.1145728454,0.04433144629,1
361,162,0.01365644485,-0.0336792171,1
361,170,-0.07870917022,-0.06234100461,1
369,10,0.05961240828,-0.1607660204,1
369,18,-0.05001306534,-0.09138139337,1
369,26,0.09137425572,-0.06736886501,1
369,34,0.08264629543,0.07395452261,1
369,42,-0.003516688943,-0.03833760321,1
369,50,0.05179910362,0.03190860897,1
369,58,0.07385571301,-0.04118153453,1
369,66,0.08037798107,-0.0861171186,1
369,74,0.1704399586,-0.1577468365,1
369,82,0.2479485571,-0.1302451789,1
369,90,0.184161827,-0.0552124083,1
369,98,0.1920592785,-0.06850921363,1
369,106,0.1949533373,-0.01029060036,1
369,114,0.1979404837,0.04221112281,1
369,122,0.2478366643,0.08179076016,1
369,130,0.2864672244,0.1158307791,1
369,138,0.2121603042,0.1744624376,1
369,146,0.1955100596,0.1499518156,1
369,154,0.1206128523,0.1654810309,1
369,162,-0.06145167351,0.01241456158,1
369,170,-0.1261568964,-0.05310516059,1
377,10,-0.04626068845,-0.07784187794,1
377,18,-0.09607224166,-0.04951059073,1
377,26,0.1909925044,-0.09421536326,1
377,34,0.1629665047,-0.1849074066,1
377,42,0.02719191462,-0.139923498,1
377,50,0.200684756,0.02543819323,1
377,58,0.3461462259,-0.02196015045,1
377,66,0.2558630109,-0.1169129238,1
377,74,0.1956563145,-0.2032516897,1
377,82,0.0658999756,0.1013009846,1
377,90,0.1215313673,0.2273477316,1
377,98,0.23531124,-0.1791515797,1
377,106,0.3959157467,-0.02537764981,1
377,114,0.3148564696,-0.04968052357,1
377,122,0.1614538133,0.001189079136,1
377,130,0.2155596614,0.07075000554,1
377,138,0.1349775046,0.1426514089,1
377,146,0.01681701839,0.2101580203,1
377,154,0.004073157907,0.1773661524,1
377,162,-0.06025265902,-0.09131883085,1
377,170,-0.005710110068,-0.06053686887,1
385,10,-0.3394392133,0.01832845062,1
385,18,-0.2059116811,-0.03622657433,1
385,26,0.06223507226,-0.1447854638,1
385,34,0.3383328617,-0.2291025817,1
385,42,0.1285918057,-0.1308560371,1
385,50,0.1449428797,0.005126805976,1
385,58,0.217076242,-0.02733886614,1
385,66,0.1568498909,-0.1614695489,1
385,74,0.1056721061,-0.007533624768,1
385,82,0.007637776434,0.3211130798,1
385,90,0.09666988254,0.204556644,1
385,98,0.1644806266,-0.1219274402,1
385,106,0.2742884159,-0.08346776664,1
385,114,0.3230890036,0.02995563485,1
385,122,0.1995062232,-0.04652900994,1
385,130,0.163834542,0.00888704136,1
385,138,0.1165558696,0.07741295546,1
385,146,0.09988212585,0.09068574011,1
385,154,0.08833236992,0.08438474685,1
385,162,0.2023607343,0.1396634281,1
385,170,0.06978660077,0.1260968447,1
393,10,-0.2737000883,0.04572499543,1
393,18,-0.07294557244,-0.09786461294,1
393,26,0.09574966133,-0.1590524167,1
393,34,0.2070193142,-0.0620374158,1
393,42,0.1981474012,-0.06023272127,1
393,50,0.124815613,-0.06973394006,1
393,58,0.08617383242,-0.03034202754,1
393,66,-0.03306286037,-0.1964209527,1
393,74,-0.01546314359,0.01185371913,1
393,82,-0.05109356344,0.1382212937,1
393,90,-0.01005408913,0.06603965163,1
393,98,0.1485379338,0.06027812883,1
393,106,0.2243945599,-0.05641589314,1
393,114,0.2884916067,0.0231171567,1
393,122,0.39194417,-0.1228095144,1
393,130,0.3635987043,-0.05135489628,1
393,138,0.1870123148,-0.0435744375,1
393,146,0.1368246824,-0.07126103342,1
393,154,0.1380221993,0.01528009772,1
393,162,0.1206028089,0.1386738718,1
393,170,0.05201717466,0.1888484508,1
401,10,-0.01564663649,0.06594544649,1
401,18,0.07250775397,-0.08194863796,1
401,26,0.0867176652,-0.08234666288,1
401,34,0.1324747652,0.002400025725,1
401,42,0.1726926863,0.05772926658,1
401,50,0.1534230113,0.01969135553,1
401,58,0.1008686349,-0.02810431644,1
401,66,0.1295212358,-0.07809267938,1
401,74,0.1400686055,0.001502754167,1
401,82,0.07080493867,-0.03498702869,1
401,90,0.1434123367,0.04981870949,1
401,98,0.2392085642,0.1567602158,1
401,106,0.2234581858,0.1048337966,1
401,114,0.1916305721,-0.01136663556,1
401,122,0.242316559,-0.03926707059,1
401,130,0.1842827946,-0.0972834453,1
401,138,0.1122249067,-0.03430750966,1
401,146,0.2831584811,0.05995945632,1
401,154,0.2571074665,0.06134972721,1
401,162,0.09322689474,0.1193037033,1
401,170,-0.01146589965,0.1299573183,1
409,10,-0.2187062204,0.1675840616,1
409,18,-0.06732625514,0.01413700916,1
409,26,0.0229607895,-0.1420802772,1
409,34,0.04071392119,-0.1201041117,1
409,42,0.1299135536,0.2050895691,1
409,50,0.04773627222,0.2223816514,1
409,58,-0.04692648351,-0.07102313638,1
409,66,0.09201268852,-0.04452610016,1
409,74,0.1655649841,0.004270918667,1
409,82,0.1450866163,0.006950065494,1
409,90,0.3172843754,0.01283511147,1
409,98,0.3785301149,0.01729398593,1
409,106,0.1730884612,0.1764279604,1
409,114,0.07145884633,0.1374589354,1
409,122,-0.09790506959,0.0358857736,1
409,130,-0.2094975561,-0.1746035218,1
409,138,-0.1112763956,-0.03159797192,1
409,146,0.1750492901,0.07996630669,1
409,154,0.2436572015,0.1100137085,1
409,162,0.1803632826,0.1061354652,1
409,170,0.059545964,0.1034410894,1
417,10,0.04886256158,0.01313062012,1
417,18,-0.01480387151,-0.02615779638,1
417,26,-0.1635435522,-0.2223235071,1
417,34,-0.3534758091,-0.02058136463,1
417,42,-0.2823155522,0.2786636651,1
417,50,-0.1387374103,0.2144963741,1
417,58,-0.1531097144,-0.05015980825,1
417,66,-0.04075880349,-0.1663727164,1
417,74,0.2728281617,-0.1177676246,1
417,82,0.1298737526,0.04594390094,1
417,90,0.2803717256,0.0889333263,1
417,98,0.3979778886,-0.05632089823,1
417,106,0.3435325325,0.02957551926,1
417,114,0.2417936921,0.1829107851,1
417,122,0.1004074737,0.06509748101,1
417,130,-0.08506578207,-0.0343795307,1
417,138,-0.1784804314,0.0530776009,1
417,146,-0.01253706217,0.2728790343,1
417,154,0.07239808142,0.1598295122,1
417,162,0.07910895348,0.01662734896,1
417,170,0.2766574919,-0.08875527978,1
