PIVlab, ASCII chart output - 02-Aug-2025
FRAME: 48, filenames: A:[48]FullStack_Pos0035_TgUtrmcherry_K4K8MO-1.avi & B:[49]FullStack_Pos0035_TgUtrmcherry_K4K8MO-1.avi, conversion factor xy (px -> m): 1, conversion factor uv (px/frame -> m/s): 1
x [px],y [px],u [px/frame],v [px/frame],Vector type [-]
9,10,-0.08096712828,0.2619049847,1
9,18,-0.01708479971,-0.1173123419,1
9,26,0.1179332137,-0.06438927352,1
9,34,0.2624391913,0.1264074445,1
9,42,0.2563588023,0.06369645149,1
9,50,0.1153870821,-0.004229448736,1
9,58,0.0992359817,0.08368403465,1
9,66,0.08254773915,0.0203550607,1
9,74,0.1164704487,-0.00161639601,1
9,82,0.05312297493,-0.06721360981,1
9,90,-0.06724105775,-0.03206286579,1
9,98,-0.07435723394,0.01696416363,1
9,106,-0.2065656036,-0.0492718108,1
9,114,-0.01076607406,-0.05417376384,1
9,122,0.05842544883,-0.09614165872,1
9,130,-0.04186914116,-0.03067038208,1
9,138,-0.02495962381,0.04051419348,1
9,146,-0.0172996819,0.1659128368,1
9,154,-0.0717728734,0.2672131956,1
9,162,0.08608140051,-0.1955965459,1
9,170,0.2331735343,-0.2933214009,1
17,10,-0.1041313708,0.2071322054,1
17,18,-0.02839688212,0.05600082874,1
17,26,-0.0129371658,-0.05249732733,1
17,34,-0.004738412797,0.06017298996,1
17,42,-0.09058206528,0.2528916001,1
17,50,-0.08788622916,0.1850449145,1
17,58,0.1486909688,-0.01065452024,1
17,66,0.05414582416,0.05564092845,1
17,74,0.01464752294,0.07592241466,1
17,82,0.001026017591,0.03064944968,1
17,90,-0.02447045222,-0.0207292363,1
17,98,0.01780210808,0.05803143233,1
17,106,-0.09273228049,0.04915451258,1
17,114,-0.07001513243,-0.02777758799,1
17,122,-0.02586436458,-0.1498578042,1
17,130,-0.02566499263,-0.09972450137,1
17,138,-0.05007191002,0.01379261538,1
17,146,-0.1317398697,0.04464673996,1
17,154,-0.1768551469,0.1607828289,1
17,162,-0.0182550475,-0.03626995534,1
17,170,0.09743054956,0.005403574556,1
25,10,0.1044703871,-0.0286096558,1
25,18,0.257648468,-0.05923679471,1
25,26,0.234588623,-0.06850549579,1
25,34,-0.1809858382,0.1252197623,1
25,42,-0.2275645435,0.244084686,1
25,50,-0.02348652482,0.0465022102,1
25,58,-0.02069221437,-0.05060200393,1
25,66,-0.02389311977,0.01975294575,1
25,74,0.06439330429,0.04471151531,1
25,82,-0.0009992718697,-0.003072611988,1
25,90,0.01269815862,-0.01291854307,1
25,98,0.03446314111,0.04250980169,1
25,106,0.00204589963,-0.01637301221,1
25,114,-0.009256146848,-0.06609328091,1
25,122,-0.0355319865,-0.1779531687,1
25,130,0.01855221018,-0.06220995635,1
25,138,-0.01008233801,0.007450282574,1
25,146,-0.05643542856,-0.009245678782,1
25,154,-0.1127086654,0.1274048686,1
25,162,-0.03751681373,0.1261178553,1
25,170,0.01924561337,0.09300908446,1
33,10,0.1338030398,-0.1379421502,1
33,18,0.2787082195,-0.06873165816,1
33,26,0.1778809726,0.06053491682,1
33,34,-0.2364994437,0.2946653962,1
33,42,-0.1530594379,0.146587193,1
33,50,-0.06712614,0.04677399993,1
33,58,-0.07037099451,-0.001013536006,1
33,66,-0.1186518222,0.00865586102,1
33,74,-0.1003873572,-0.004300639033,1
33,82,-0.07243774086,0.02937386185,1
33,90,0.01157670841,0.01992955059,1
33,98,-0.02520819567,0.001832209527,1
33,106,-0.08962031454,-0.034965951,1
33,114,-0.04607997835,-0.05060404539,1
33,122,-0.02073153853,-0.04437351227,1
33,130,-0.008974079043,-0.06128578261,1
33,138,0.01859749854,-0.04586217552,1
33,146,0.08150055259,-0.0005588494241,1
33,154,0.08586416394,0.1092635766,1
33,162,0.0365350768,0.09930184484,1
33,170,-0.001939933747,0.09383308887,1
41,10,0.1963542104,-0.09799264371,1
41,18,0.1018596292,0.09325849265,1
41,26,-0.01495977491,0.2085413337,1
41,34,-0.03202049434,0.483228296,1
41,42,-0.07527061552,0.2695874572,1
41,50,-0.1176240146,0.1283667684,1
41,58,0.02374498546,0.02697642148,1
41,66,0.03864970803,0.02095668018,1
41,74,-0.1718384922,0.05504595116,1
41,82,-0.1487236619,0.03137283772,1
41,90,-0.09826452285,0.04281014204,1
41,98,-0.2253928334,0.0391869992,1
41,106,-0.08424394578,0.05828044564,1
41,114,-0.0009474586695,0.05985626951,1
41,122,-0.04350278527,-0.0280025471,1
41,130,-0.04555246979,-0.05809369683,1
41,138,0.07522237301,-0.09819968045,1
41,146,0.1393957883,-0.04119816422,1
41,154,0.136767447,-0.03898024186,1
41,162,0.1055264473,-0.003742389381,1
41,170,0.04498440772,0.1171588451,1
49,10,0.1630711555,-0.1207365096,1
49,18,0.06356811523,0.2150711268,1
49,26,-0.0349708125,0.2070346326,1
49,34,-0.07594959438,0.3278568387,1
49,42,0.02490636706,0.5200158358,1
49,50,0.03787907213,0.1824106276,1
49,58,-0.0157532692,0.05899889395,1
49,66,-0.02364507318,0.1244762838,1
49,74,-0.05010141432,0.09498693049,1
49,82,-0.02416466922,0.1172591299,1
49,90,0.05585711449,0.2071959674,1
49,98,0.05326198041,0.1434207857,1
49,106,0.00396492146,0.03997613117,1
49,114,-0.04225891083,-0.0613030009,1
49,122,-0.0657659024,-0.02747782692,1
49,130,-0.07556970417,0.0221600011,1
49,138,-0.08686639369,0.04371233284,1
49,146,-0.0190962851,0.004165322054,1
49,154,0.01304556988,-0.01933882758,1
49,162,-0.01316734776,-0.03453300521,1
49,170,0.006759554148,0.1103242636,1
57,10,0.1505555809,0.05062125623,1
57,18,0.09303826094,0.2626881003,1
57,26,0.06066633761,0.2170024812,1
57,34,0.0112310471,-0.009573876858,1
57,42,0.02923642658,0.1381266415,1
57,50,0.01041620225,-0.01224263012,1
57,58,-0.0794057101,-0.0558899194,1
57,66,-0.01666682586,0.06712238491,1
57,74,-0.01422399282,0.002717994153,1
57,82,-0.1010168195,0.2048104703,1
57,90,-0.07374048233,0.2263363302,1
57,98,0.05941109732,0.04934716597,1
57,106,0.06116638333,-0.04559478909,1
57,114,-0.01664805412,-0.1017295048,1
57,122,-0.0002536631655,0.06972733885,1
57,130,-0.03464668244,0.02654870227,1
57,138,-0.2552007735,0.1450904161,1
57,146,-0.105291523,0.1497582495,1
57,154,-0.04278256744,-0.01420475077,1
57,162,-0.1173916608,0.003118064255,1
57,170,-0.07592573017,0.1707286239,1
65,10,0.005450166762,0.1635263264,1
65,18,0.02141618729,0.1740349233,1
65,26,0.08635947108,0.0911244005,1
65,34,0.04821072519,-0.1238120943,1
65,42,-0.04661109298,-0.02352632955,1
65,50,-0.1127838343,-0.0340372175,1
65,58,-0.01772758551,-0.004533583298,1
65,66,-0.01107594743,-0.0394276306,1
65,74,-0.08691518009,-0.05188928172,1
65,82,-0.0748026818,0.07390464842,1
65,90,-0.09319275618,0.1523693651,1
65,98,-0.09191228449,0.04637797549,1
65,106,0.01058239304,-0.03994495049,1
65,114,0.0606036745,-0.03289425746,1
65,122,0.1017341986,-0.01555632893,1
65,130,0.03707791865,-0.03072649613,1
65,138,-0.07292160392,0.0272549428,1
65,146,-0.01524471492,0.09054319561,1
65,154,0.00634675473,-0.01938584074,1
65,162,-0.05104897544,-0.1141767949,1
65,170,-0.05354249105,0.1616761982,1
73,10,-0.05044754595,0.2226805985,1
73,18,0.04808869213,-0.07783693075,1
73,26,0.02688810974,-0.008626170456,1
73,34,-0.01594768465,-0.117773585,1
73,42,-0.08001434058,-0.1194031686,1
73,50,-0.1077108905,0.06820894778,1
73,58,-0.04539530724,0.04279568791,1
73,66,-0.06770182401,-0.07184162736,1
73,74,-0.0764144063,-0.01254773512,1
73,82,-0.05311758071,0.009164124727,1
73,90,-0.1387788057,0.05676776171,1
73,98,-0.1255814135,0.007035452873,1
73,106,-0.01781179756,-0.02819894627,1
73,114,0.00566264987,0.03836938366,1
73,122,0.02308134735,0.020530954,1
73,130,0.00924302265,0.05155180767,1
73,138,0.01752137765,-0.06499168277,1
73,146,-0.006719492376,-0.08829694241,1
73,154,-0.04539862275,-0.007008281536,1
73,162,0.02891324833,-0.1299118251,1
73,170,0.1271508336,0.06274329126,1
81,10,-0.1672786772,0.2420725226,1
81,18,-0.1080797613,0.1255411655,1
81,26,-0.1322057247,0.1236523166,1
81,34,-0.1878363788,0.04718920961,1
81,42,-0.1070378125,-0.1744964421,1
81,50,-0.05369278789,0.02180671319,1
81,58,-0.01029115915,0.08473602682,1
81,66,0.006703685969,0.08203318715,1
81,74,-0.08514602482,0.02125487477,1
81,82,-0.2178347707,0.04944674671,1
81,90,-0.2449011505,0.03647276014,1
81,98,-0.2586068511,-0.04434296116,1
81,106,-0.1875766963,0.002061733045,1
81,114,-0.1139453799,0.04478305578,1
81,122,-0.113114275,0.0136475116,1
81,130,-0.06944189966,0.1093702689,1
81,138,-0.02510660142,-0.01519427821,1
81,146,-0.08668777347,-0.07575067878,1
81,154,-0.03041596711,-0.03674729913,1
81,162,0.05642882362,0.02762630768,1
81,170,-0.01146826521,0.1018258333,1
89,10,-0.06279657781,0.2183703333,1
89,18,-0.289339304,0.2901062965,1
89,26,-0.2213427722,0.1691243201,1
89,34,-0.1779196858,-0.002805240452,1
89,42,-0.2034852803,-0.08092516661,1
89,50,-0.1612939835,0.03699933365,1
89,58,0.01109203696,0.1692030728,1
89,66,0.001436166465,0.1608781368,1
89,74,-0.06155026704,-0.005929205567,1
89,82,-0.06503538787,0.01220472902,1
89,90,-0.08786071837,0.01675578021,1
89,98,-0.1410545558,-0.01594156027,1
89,106,-0.1355392635,0.03674342856,1
89,114,-0.09770008922,0.06033260003,1
89,122,-0.1651550531,0.03875143826,1
89,130,-0.1311972886,0.1307085454,1
89,138,-0.1025717184,0.03303917497,1
89,146,-0.2067399919,-0.04439415038,1
89,154,-0.1547948122,-0.04148454964,1
89,162,0.02226205915,0.1205363423,1
89,170,0.03012219258,0.1855875552,1
97,10,-0.1951919496,0.1803291142,1
97,18,-0.1043158472,0.1926670372,1
97,26,-0.03245660663,0.09981650114,1
97,34,-0.04732126743,-0.1047969908,1
97,42,-0.0806324631,0.02506142855,1
97,50,-0.2265140265,0.1062055528,1
97,58,-0.2253457904,0.0727808997,1
97,66,-0.08392256498,0.005361773074,1
97,74,-0.008500546217,0.03466320038,1
97,82,0.03944859654,0.060686104,1
97,90,-0.001483269036,0.02054603584,1
97,98,0.07140885293,-0.005786370486,1
97,106,0.1150425151,0.03763933107,1
97,114,-0.06397884339,0.1064133346,1
97,122,-0.191754505,0.08107252419,1
97,130,-0.07681533694,0.02956899256,1
97,138,-0.06094833463,0.01391422749,1
97,146,-0.2084857672,-0.0100725051,1
97,154,-0.1990263611,-0.01147740707,1
97,162,-0.1392356306,0.2019950449,1
97,170,-0.08048506081,0.2061405182,1
105,10,-0.2344135344,0.09333747625,1
105,18,-0.09819464386,0.1243346632,1
105,26,-0.04623432457,0.08073538542,1
105,34,-0.09220739454,0.1132399961,1
105,42,-0.003397405148,0.1255319566,1
105,50,-0.06789135188,0.1325131655,1
105,58,-0.1779923141,0.08408696949,1
105,66,-0.167642355,0.06546233594,1
105,74,-0.1458601952,0.077778548,1
105,82,-0.07284133136,0.04673823342,1
105,90,-0.04268091545,0.04910828546,1
105,98,0.08883153647,0.0008401125669,1
105,106,0.05660800636,-0.01757647656,1
105,114,-0.08248184621,0.0657389015,1
105,122,-0.02325777709,-0.1349016726,1
105,130,0.2145722359,-0.100329347,1
105,138,0.009275302291,0.0552229397,1
105,146,-0.1283250004,0.01022699475,1
105,154,-0.1369551271,0.01293525286,1
105,162,-0.1017114446,0.1404365897,1
105,170,-0.07554579526,0.1389978975,1
113,10,-0.1856336594,0.02057380229,1
113,18,-0.1816385239,0.03253401071,1
113,26,-0.2044197917,0.04500278085,1
113,34,-0.1976694912,0.1024346054,1
113,42,-0.04191108048,0.1003076285,1
113,50,-0.0100621134,0.1148842424,1
113,58,-0.03542585671,0.1200514585,1
113,66,-0.1437064707,0.113105759,1
113,74,-0.1576916426,0.1149176732,1
113,82,0.02236781642,0.02475476265,1
113,90,0.01340408623,0.0757753551,1
113,98,-0.02482692897,0.05595346913,1
113,106,0.05067810789,0.02582820505,1
113,114,-0.01983500272,0.010386087,1
113,122,-0.0840330869,-0.1075360849,1
113,130,-0.1157075167,0.005948785692,1
113,138,-0.0484957546,0.03598494083,1
113,146,-0.01319148391,-0.00371306017,1
113,154,-0.1674844325,0.05276188254,1
113,162,-0.08619481325,0.08239553869,1
113,170,-0.1474808902,0.0753147006,1
121,10,-0.09316582978,0.07837980986,1
121,18,-0.1275015622,0.06124535203,1
121,26,-0.2245687097,0.04575905949,1
121,34,-0.1384180933,0.08140409738,1
121,42,-0.02911019698,-0.00743689388,1
121,50,-0.01040653884,0.09433948994,1
121,58,0.04810532555,0.02505525947,1
121,66,0.01495966502,0.01846972108,1
121,74,-0.01601694338,0.07583709806,1
121,82,0.03180501983,0.0783200264,1
121,90,-0.09453243017,0.2886925936,1
121,98,-0.1142165959,0.1035758033,1
121,106,-0.01851090416,0.04293806851,1
121,114,-0.05574768782,-0.05934739858,1
121,122,-0.04275882617,-0.1047829837,1
121,130,-0.08369781077,-0.02522715181,1
121,138,-0.02720674686,0.001593737863,1
121,146,0.01896286383,0.02069550753,1
121,154,-0.1029280424,0.001638328657,1
121,162,-0.1412233114,0.001204470173,1
121,170,-0.09965409338,0.08588270098,1
129,10,0.09286839515,0.1962720156,1
129,18,-0.02205692232,0.1419971585,1
129,26,-0.03320325911,0.1061127335,1
129,34,-0.003022219986,0.184644863,1
129,42,0.02143928781,0.02834243327,1
129,50,0.007330775261,0.03900054097,1
129,58,0.07502315193,-0.06062735617,1
129,66,0.136071071,0.03693949431,1
129,74,0.06952522695,-0.02813340724,1
129,82,-0.03001300618,0.154574424,1
129,90,-0.08184748143,0.2364639044,1
129,98,-0.154483676,0.1112782285,1
129,106,-0.1397446245,-0.03021451086,1
129,114,0.02597313002,-0.1041621789,1
129,122,0.0571590215,-0.09198254347,1
129,130,0.04326225445,-0.03185908869,1
129,138,0.04542744532,-0.03762814403,1
129,146,0.05773614347,0.03165574372,1
129,154,-0.002599537373,-0.03954586759,1
129,162,-0.07257643342,-0.08567175269,1
129,170,0.02011784911,0.008871573955,1
137,10,0.1675410122,0.2893787026,1
137,18,0.1407258511,0.07723934948,1
137,26,0.128883183,0.004135556519,1
137,34,0.05535753816,0.06870093197,1
137,42,0.02371498942,0.09521262348,1
137,50,0.01812443882,-0.0478990227,1
137,58,0.08462492377,-0.0728558898,1
137,66,0.1368291676,0.06560455263,1
137,74,0.1151026189,0.06019581854,1
137,82,0.04768203944,0.1593499035,1
137,90,-0.008634814993,0.1531614959,1
137,98,0.03058966808,0.1148051769,1
137,106,0.01070423424,-0.0513734445,1
137,114,0.1145525426,-0.0527144894,1
137,122,0.1625306904,-0.09251251817,1
137,130,0.09663204104,-0.05338294059,1
137,138,0.06915956736,-0.0544465445,1
137,146,0.01380071044,-0.007512360811,1
137,154,-0.04378476366,0.01639090106,1
137,162,-0.1205348447,-0.02978345379,1
137,170,-0.1278634816,0.007364973426,1
145,10,0.1579346359,0.09164226055,1
145,18,0.1155254319,0.02382670343,1
145,26,0.07223619521,0.03048050404,1
145,34,0.1817423254,0.05280573294,1
145,42,0.2689333558,-0.01437177323,1
145,50,0.2293908745,-0.1749774516,1
145,58,0.2036808133,-0.0923339054,1
145,66,0.2030315846,0.07127945125,1
145,74,0.2685206234,0.08127442747,1
145,82,0.07906334847,0.06435492635,1
145,90,-0.06318233907,0.001495115459,1
145,98,0.05881236121,0.02877302468,1
145,106,0.1542199254,0.08862160146,1
145,114,0.1668972969,0.1315004379,1
145,122,0.2492730767,-0.1286430955,1
145,130,0.1355692744,-0.102729544,1
145,138,-0.03341066465,0.03670540079,1
145,146,0.02475035191,0.03368911892,1
145,154,0.05055871606,0.1166006327,1
145,162,-0.240621835,0.08243011683,1
145,170,-0.09113307297,0.04728619754,1
153,10,0.09131228924,0.001638114452,1
153,18,0.1262217611,0.09523800761,1
153,26,0.151263386,0.1866746545,1
153,34,0.1693595052,0.1648046821,1
153,42,0.1343915612,0.007908856496,1
153,50,0.1260183454,-0.1159165353,1
153,58,0.1475757658,-0.02713542245,1
153,66,0.1096290797,0.02839232609,1
153,74,0.1493546665,0.00294714421,1
153,82,0.1163790077,0.007898192853,1
153,90,-0.1798029989,-0.101027593,1
153,98,-0.0692288205,-0.1129100546,1
153,106,0.2540073991,0.08799226582,1
153,114,0.2612242401,0.02410818823,1
153,122,0.1519210339,-0.1110727713,1
153,130,-0.02850047126,-0.04595982656,1
153,138,-0.132379517,0.1574192941,1
153,146,0.05528578162,0.08368755877,1
153,154,0.2389923632,0.1356836557,1
153,162,-0.05231616646,-0.01323734783,1
153,170,-0.1793197989,-0.05900407583,1
161,10,0.02036639303,0.07594698668,1
161,18,0.09295228124,0.1187458113,1
161,26,0.03357955068,0.2210530937,1
161,34,0.03928098083,0.08920404315,1
161,42,0.08729126304,0.02745611034,1
161,50,0.04168213904,-0.09462746978,1
161,58,0.057214275,-0.02496024407,1
161,66,0.02358497679,-0.03684099764,1
161,74,0.04079985619,0.01535249688,1
161,82,0.09508664906,-0.001243513077,1
161,90,0.004937659949,-0.06678576767,1
161,98,-0.05049773306,-0.03892736509,1
161,106,0.0007703825831,0.01594639197,1
161,114,0.05217945576,-0.05190071091,1
161,122,0.05611138791,0.01368125901,1
161,130,-0.1360244006,0.06940950453,1
161,138,-0.119254902,0.09798576683,1
161,146,0.1935382783,0.04369861633,1
161,154,0.267559737,-0.004568018019,1
161,162,0.2577208281,-0.106213212,1
161,170,0.09684216976,-0.06432557851,1
169,10,-0.01564935595,-0.02564372867,1
169,18,0.09121458232,0.1141285896,1
169,26,0.08761315048,0.1037218794,1
169,34,0.002245413139,-0.08655316383,1
169,42,0.0487861,-0.06349042803,1
169,50,0.07799679041,-0.1385279745,1
169,58,0.1025910527,-0.1108785719,1
169,66,0.06743413955,0.007995832711,1
169,74,-0.01357772946,0.1358403414,1
169,82,0.00937397778,0.06426364928,1
169,90,0.111462459,0.03168923408,1
169,98,0.04549593478,0.03262550384,1
169,106,-0.03823132813,0.1502240449,1
169,114,-0.003748241812,0.1123143882,1
169,122,-0.002212233841,0.07478958368,1
169,130,0.048235856,0.1023243144,1
169,138,0.07278247923,0.01282173395,1
169,146,0.0843495205,0.0206317734,1
169,154,0.1125914007,-0.006173664704,1
169,162,0.2003442347,-0.05807181448,1
169,170,0.1810057908,-0.06371510029,1
177,10,-0.01974435523,-0.006235361099,1
177,18,0.02914366126,0.1075440496,1
177,26,0.06556680053,0.05330700055,1
177,34,0.02769462392,-0.0955272913,1
177,42,-0.02903664485,-0.08823150396,1
177,50,-0.05253819376,-0.03281912953,1
177,58,-0.04169015586,-0.02516725287,1
177,66,-0.02974809706,-0.03312713653,1
177,74,0.03954304755,0.03035868146,1
177,82,0.0490337722,0.09411889315,1
177,90,0.07470236719,0.05333729088,1
177,98,0.1097942591,0.05421508849,1
177,106,0.1619445384,0.1745095253,1
177,114,0.0491197072,0.1614899039,1
177,122,-0.03701425344,0.04295778275,1
177,130,0.083451882,0.08599226177,1
177,138,0.1047062725,0.01032548584,1
177,146,0.03994311392,-0.09297028929,1
177,154,0.07515787333,-0.02642391622,1
177,162,0.07415380329,0.04494791478,1
177,170,0.002217531204,0.003015011549,1
185,10,0.03456452489,0.2336250842,1
185,18,-0.02191895247,0.07002433389,1
185,26,0.06272087991,0.02052826807,1
185,34,0.007089168765,-0.130991146,1
185,42,-0.06922228634,-0.08364744484,1
185,50,-0.008518550545,-0.01208001375,1
185,58,0.01847619936,0.01839660481,1
185,66,0.02585848607,-0.1116305664,1
185,74,0.1456404924,-0.02624592185,1
185,82,0.1504018903,0.05455037206,1
185,90,0.2027857602,0.0874261409,1
185,98,0.2644749582,0.1306957603,1
185,106,0.1405150294,0.2004522979,1
185,114,0.07365845889,0.2405708879,1
185,122,0.01636529341,0.2129580677,1
185,130,-0.03375985101,0.08336798847,1
185,138,0.03670665249,0.007314171642,1
185,146,0.03538577259,-0.2468492091,1
185,154,-0.02360489592,-0.1513475925,1
185,162,0.1137890667,-0.05408541858,1
185,170,0.05747803301,0.007293649018,1
193,10,0.09486024827,0.3573440909,1
193,18,0.03841712698,0.1237033755,1
193,26,-0.01258282363,0.008115915582,1
193,34,-0.01688576117,-0.1573480368,1
193,42,-0.08300666511,-0.09434352815,1
193,50,-0.02774394304,0.07819469273,1
193,58,0.03251302615,0.1271394789,1
193,66,0.1119151264,-0.01599535719,1
193,74,0.1615922451,0.002329580486,1
193,82,0.238858819,0.02718434483,1
193,90,0.3024595082,0.1434155703,1
193,98,0.2157045454,0.1210720539,1
193,106,0.05916702747,0.1731045693,1
193,114,-0.017266104,0.2852529585,1
193,122,-0.07405493408,0.2573883832,1
193,130,-0.04224911332,-0.005849722773,1
193,138,-0.03549800068,-0.07152945548,1
193,146,-0.0288319122,-0.2223962247,1
193,154,0.04455689713,-0.2442176938,1
193,162,0.1218098551,-0.1172681153,1
193,170,0.1493237913,-0.03530561179,1
201,10,0.1270167828,0.2933788598,1
201,18,0.1630072892,0.1296283901,1
201,26,0.07571008056,0.106401436,1
201,34,0.03171841055,-0.01701214164,1
201,42,0.05062904581,-0.1536934227,1
201,50,-0.04298956692,0.1321754307,1
201,58,0.06030756608,0.2495826483,1
201,66,0.1020805389,0.313914001,1
201,74,0.1055949554,0.154744789,1
201,82,0.1786768734,0.1470476091,1
201,90,0.1593110561,0.2219900787,1
201,98,0.1699696928,0.07234939933,1
201,106,0.1272254884,0.09144043922,1
201,114,-0.04523704574,0.09527936578,1
201,122,-0.08808746189,0.05488383025,1
201,130,-0.002623992972,-0.1823830307,1
201,138,0.1008711755,-0.1722443998,1
201,146,0.06157424301,-0.1957552433,1
201,154,0.05950300768,-0.2835130692,1
201,162,0.05218113586,-0.09220638871,1
201,170,0.004061706364,0.05653733015,1
209,10,0.1023200154,0.158467561,1
209,18,0.1475972533,0.08347398043,1
209,26,-0.00104919821,0.1573441029,1
209,34,-0.06580843776,0.1197757274,1
209,42,0.002664366271,-0.1868283749,1
209,50,0.02946612425,0.0749373138,1
209,58,0.09301196039,-0.0745870024,1
209,66,0.0330299437,0.4604379237,1
209,74,0.07936628908,0.2293287069,1
209,82,0.2982123792,0.3249405026,1
209,90,0.1972939223,0.1368268132,1
209,98,0.152597785,0.01695042849,1
209,106,0.1352305412,0.1699649394,1
209,114,-0.05808332562,0.2677628994,1
209,122,-0.01084056497,0.07941943407,1
209,130,0.1343847066,-0.1235323623,1
209,138,-0.01300120354,-0.2020793259,1
209,146,-0.1387120783,-0.1521163434,1
209,154,-0.1658565104,-0.1320239604,1
209,162,-0.1067726538,-0.1609825492,1
209,170,-0.05986870825,-0.1630911231,1
217,10,0.07637567818,0.1383277923,1
217,18,0.03050183505,0.1408470273,1
217,26,-0.03279285133,0.1508492976,1
217,34,-0.05342214555,0.1245247349,1
217,42,0.002728763968,0.02024168894,1
217,50,0.06769244373,0.02048578113,1
217,58,0.0276138559,-0.030623734,1
217,66,-0.06594675034,0.05377961695,1
217,74,-0.1948252916,-0.0001023262739,1
217,82,-0.01897454634,0.137691021,1
217,90,0.1211013794,0.1470705867,1
217,98,-0.1396101117,-0.0071484074,1
217,106,-0.333707571,0.1330019087,1
217,114,-0.05637300014,0.01662970334,1
217,122,-0.1017023474,-0.1499122828,1
217,130,-0.01525486633,-0.1685778797,1
217,138,0.07297696173,-0.01215391979,1
217,146,0.07221428305,0.1543690115,1
217,154,0.02380422875,0.009796753526,1
217,162,-0.04576715827,-0.1588505208,1
217,170,0.02371798456,-0.3141883016,1
225,10,0.009569853544,0.1076515168,1
225,18,0.02787942067,0.1973711252,1
225,26,-0.1251509488,0.1824528575,1
225,34,-0.265681386,0.2111997753,1
225,42,-0.1035660282,0.1075292304,1
225,50,0.01564180106,0.02904165536,1
225,58,-0.006942920387,0.01548890769,1
225,66,-0.1258018017,0.0240855813,1
225,74,-0.1826881617,-0.03843106329,1
225,82,-0.146827206,-0.02208217233,1
225,90,-0.009652368724,0.07042288035,1
225,98,-0.1303583384,0.05396995693,1
225,106,-0.2269179225,-0.01271430403,1
225,114,-0.1169742793,0.01179874316,1
225,122,-0.2486665249,-0.03887348622,1
225,130,-0.124181062,-0.11497695,1
225,138,-0.02488746122,0.01256164536,1
225,146,0.01070265658,0.1536325961,1
225,154,0.05423727632,0.04052850604,1
225,162,-0.05606076121,-0.0837386772,1
225,170,-0.1841713786,-0.2296008319,1
233,10,-0.1297186017,0.1454495788,1
233,18,0.002808906138,0.2083611488,1
233,26,-0.1747020334,0.1649038941,1
233,34,-0.2425475866,0.2426380962,1
233,42,-0.1214455962,0.2053140849,1
233,50,-0.1230440289,0.1215098798,1
233,58,-0.2065524459,0.1868301332,1
233,66,-0.167008996,0.158208847,1
233,74,-0.1680045724,0.09101618081,1
233,82,-0.04259055108,-0.038966313,1
233,90,0.06897030771,-0.007564950734,1
233,98,0.07703848183,0.03111672401,1
233,106,0.0984749347,-0.005485903472,1
233,114,-0.08605501801,0.08035258949,1
233,122,-0.137040928,0.09425671399,1
233,130,-0.1456298083,-0.0571481064,1
233,138,-0.1362148821,-0.05575815588,1
233,146,0.04136728495,-0.02387751453,1
233,154,0.07028266788,0.01944091916,1
233,162,-0.09815430641,0.009656859562,1
233,170,-0.296292007,-0.09196548164,1
241,10,-0.05820753798,0.1490477175,1
241,18,-0.1283831149,0.07752804458,1
241,26,-0.1535834372,0.09150208533,1
241,34,-0.1024045497,0.2389430255,1
241,42,-0.1079817712,0.2788797915,1
241,50,-0.2249172628,0.2317624986,1
241,58,-0.2403832227,0.2974340916,1
241,66,-0.1705903709,0.1709090769,1
241,74,-0.05730841309,0.2025334835,1
241,82,0.1664587408,0.1230824515,1
241,90,0.1606503725,0.03413400427,1
241,98,-0.05904628336,0.1064945534,1
241,106,-0.0646879971,0.02804716304,1
241,114,-0.05809705704,0.01758491993,1
241,122,-0.07419215888,0.06641346216,1
241,130,-0.1007620543,0.007460676134,1
241,138,-0.1458452344,-0.06333121657,1
241,146,-0.1009781957,-0.02470364422,1
241,154,-0.1098031327,-0.02419827133,1
241,162,-0.2562126219,-0.03620857373,1
241,170,-0.2382015586,0.05804306269,1
249,10,0.1132371426,0.1112575084,1
249,18,-0.06711132079,0.03559750319,1
249,26,-0.1630203724,0.01124981791,1
249,34,-0.1595570743,0.1625605226,1
249,42,-0.1541092545,0.2240374386,1
249,50,-0.1836371571,0.1840012074,1
249,58,-0.1989248246,0.2070114166,1
249,66,-0.1914292723,0.08046079427,1
249,74,-0.1048451886,0.07173312455,1
249,82,-0.01706957817,0.02115102857,1
249,90,-0.06600634009,0.03664080799,1
249,98,0.03203645349,0.118852362,1
249,106,0.1010543779,0.03331904486,1
249,114,0.02072383836,0.04687338695,1
249,122,0.04636314511,0.06365309656,1
249,130,0.006405927241,-0.08185917884,1
249,138,-0.1280665547,-0.1344135702,1
249,146,-0.2418216765,-0.05086863041,1
249,154,-0.3225910366,-0.01718283817,1
249,162,-0.4991908669,-0.178110227,1
249,170,-0.2132025659,0.1638250351,1
257,10,0.2232130468,0.03339719772,1
257,18,0.003351032734,0.06658500433,1
257,26,-0.1112612858,-0.006695047021,1
257,34,-0.2021196634,0.05575878173,1
257,42,-0.2078165114,0.03275024891,1
257,50,-0.09601603448,0.1006070077,1
257,58,-0.05052427948,0.09528882056,1
257,66,-0.2562882304,0.05594322085,1
257,74,-0.1576132625,0.004397187382,1
257,82,-0.09867477417,0.04315840825,1
257,90,-0.1334508061,0.06388904154,1
257,98,-0.06237699836,0.1218912452,1
257,106,-0.03886905313,0.0964198187,1
257,114,-0.1409926713,0.1263567209,1
257,122,-0.1401548386,0.09320511669,1
257,130,-0.09890227765,0.008851960301,1
257,138,-0.1724383384,-0.02240282297,1
257,146,-0.306593895,0.03643199801,1
257,154,-0.3616425097,0.1403855085,1
257,162,-0.1456975788,-0.02939610556,1
257,170,-0.2841074169,0.1951117665,1
265,10,0.03966379166,0.03235314041,1
265,18,-0.0433508344,-0.2443973273,1
265,26,0.002970211208,-0.02900793776,1
265,34,-0.07402870059,0.144623965,1
265,42,-0.185975939,0.004719398916,1
265,50,-0.09955757856,0.0788577348,1
265,58,0.01000966132,0.1037943512,1
265,66,-0.1181086004,0.001772224903,1
265,74,-0.1579758227,-0.05613677576,1
265,82,-0.1357728392,-0.0003714226186,1
265,90,-0.3165231943,-0.01884515584,1
265,98,-0.407536149,0.08846572042,1
265,106,-0.281377852,0.1290826201,1
265,114,-0.1445450038,0.1716207564,1
265,122,-0.05995315313,0.1373627037,1
265,130,-0.04356840998,0.1201732829,1
265,138,-0.07736690342,0.2522144616,1
265,146,-0.1860253364,0.1391133666,1
265,154,-0.2596501708,0.005089700222,1
265,162,-0.1298647821,0.03681222722,1
265,170,-0.1174730808,0.1404836476,1
273,10,0.006129831076,0.01170857996,1
273,18,0.03391991556,-0.2352550179,1
273,26,-0.02880860865,-0.07102257013,1
273,34,-0.007022969425,0.1710394323,1
273,42,-0.1070447266,-0.01896734163,1
273,50,-0.1248255894,0.001099329442,1
273,58,-0.02868770808,0.06877040118,1
273,66,-0.02488946915,0.01361358911,1
273,74,-0.06647832692,-0.007951777428,1
273,82,-0.1430658102,-0.003631804138,1
273,90,-0.2615882158,0.03035476059,1
273,98,-0.2569025755,0.09982185066,1
273,106,-0.214618966,0.07484488189,1
273,114,-0.1036767811,0.05140955374,1
273,122,-0.0726088956,0.08335720003,1
273,130,-0.1027876064,0.05514316261,1
273,138,-0.1060210019,0.1999978721,1
273,146,-0.19400087,0.1505951881,1
273,154,-0.1711442173,-0.03399851918,1
273,162,-0.08812110871,0.02736567706,1
273,170,0.02766621858,0.1566373557,1
281,10,-0.167867586,0.04993892089,1
281,18,-0.05710476637,-0.05743869767,1
281,26,-0.07420668751,-0.04181594029,1
281,34,-0.08904661238,0.03114343248,1
281,42,-0.138151437,-0.07193558663,1
281,50,-0.1048517451,-0.04680841789,1
281,58,-0.07248394191,-0.0748527348,1
281,66,-0.07415092736,0.0168052502,1
281,74,-4.022568464e-05,0.05572023243,1
281,82,-0.07473773509,0.06183541194,1
281,90,-0.1293673068,0.1079909205,1
281,98,0.008034780622,0.07297600806,1
281,106,-0.09095214307,-0.02723218501,1
281,114,-0.1669228226,0.04646211118,1
281,122,-0.1160507798,0.1529824734,1
281,130,-0.09956735373,0.01795499772,1
281,138,-0.1283291876,-0.01094908267,1
281,146,-0.1663945168,0.2062446773,1
281,154,-0.2136721611,0.04604678974,1
281,162,-0.1434707046,0.08988184482,1
281,170,-0.09039404988,0.1519100964,1
289,10,-0.2916772366,0.06826179475,1
289,18,-0.08111843467,0.01692690887,1
289,26,-0.1123526394,-0.03877875209,1
289,34,-0.2564475834,0.03717639297,1
289,42,-0.141823858,0.1033924371,1
289,50,-0.02788443863,0.02951873839,1
289,58,-0.03268825263,-0.08067941666,1
289,66,0.001440493856,-0.04604583234,1
289,74,0.02747825161,0.08580204099,1
289,82,0.008855435997,0.05113871396,1
289,90,-0.06695847958,-0.001885727048,1
289,98,-0.07347948849,-0.0057066679,1
289,106,0.10458,-0.09299343079,1
289,114,-0.06864733249,0.05441414192,1
289,122,-0.06674955785,0.08248119056,1
289,130,-0.05769292265,0.04108047485,1
289,138,-0.09078270197,-0.02450734749,1
289,146,-0.1364984959,0.08751687407,1
289,154,-0.1176135987,0.04693852365,1
289,162,-0.08607552946,-0.07365836948,1
289,170,-0.2151754498,0.02254290879,1
297,10,-0.1919782907,0.01506451517,1
297,18,-0.0378279537,-0.05111376941,1
297,26,-0.1450356841,-0.1051915586,1
297,34,-0.233216837,0.01273237541,1
297,42,-0.1122425497,0.08052970469,1
297,50,-0.06835377961,0.02390594408,1
297,58,-0.05657241121,-0.03254859522,1
297,66,-0.02802599221,-0.04267633706,1
297,74,-0.07139150798,0.06037925556,1
297,82,-0.1719607413,0.115927361,1
297,90,-0.2058293521,0.01177841797,1
297,98,-0.1130031049,-0.126763925,1
297,106,-0.009153101593,-0.0629626289,1
297,114,0.1257302761,0.02452435158,1
297,122,0.1140228733,-0.03074039333,1
297,130,-0.1152660698,-0.02346453816,1
297,138,-0.09757245332,-0.008313016035,1
297,146,-0.02866029739,-0.03271774575,1
297,154,-0.01495752484,-0.1246884987,1
297,162,-0.08875341713,-0.1287328452,1
297,170,-0.2319708169,-0.1212967336,1
305,10,0.04938825965,-0.02592363954,1
305,18,-0.09399533272,-0.04830271378,1
305,26,-0.1561516225,-0.03054214455,1
305,34,-0.1029046476,0.007145449519,1
305,42,-0.03868830204,0.01888407022,1
305,50,-0.05821378902,-0.02474471927,1
305,58,-0.1413262337,-0.01250319928,1
305,66,-0.07807591558,0.006043173373,1
305,74,-0.1163829193,-0.1281383485,1
305,82,-0.1595918238,0.09636033326,1
305,90,-0.07161869854,0.01338627189,1
305,98,0.02759921551,-0.1513126791,1
305,106,0.01383702457,0.004698794335,1
305,114,-0.08610761166,0.2040235847,1
305,122,-0.05525957793,0.04909170046,1
305,130,-0.09777626395,-0.05832811072,1
305,138,-0.09461063892,-0.02875460871,1
305,146,0.03492030501,-0.05933632702,1
305,154,0.06784877181,-0.08739206195,1
305,162,-0.0728303045,-0.06738672405,1
305,170,-0.3310805857,-0.01601913571,1
313,10,0.210288018,0.09689404815,1
313,18,0.1497916877,-0.03417395055,1
313,26,0.08524486423,0.006610371172,1
313,34,0.04557141662,0.1390280277,1
313,42,0.02093407325,0.08684657514,1
313,50,-0.06173589453,0.1305829585,1
313,58,-0.1329468489,0.1206926703,1
313,66,-0.130330652,0.1604863703,1
313,74,-0.04118967801,0.09547511488,1
313,82,-0.06820398569,0.06549698859,1
313,90,-0.05501265079,-0.0334292762,1
313,98,0.06855586916,-0.1211684272,1
313,106,0.08440483361,0.006946578622,1
313,114,-0.1098719984,0.2234876007,1
313,122,-0.08590905368,0.04002869129,1
313,130,-0.03688073158,-0.04195805639,1
313,138,-0.05583720654,-0.06690631807,1
313,146,0.02222168632,0.006206845865,1
313,154,0.03256661445,0.05054406822,1
313,162,-0.1356777102,0.05901131779,1
313,170,-0.2872638106,0.01804484241,1
321,10,0.2164131254,-0.0001313732937,1
321,18,0.2255029678,-0.03658760339,1
321,26,0.1026572734,0.02388632298,1
321,34,0.02441909909,0.07742747664,1
321,42,0.03184970841,0.2121599317,1
321,50,-0.01766257547,0.2582570314,1
321,58,0.01758083701,0.2251141071,1
321,66,0.02457653359,0.2031134665,1
321,74,0.03106945008,0.09619375318,1
321,82,0.1057093814,0.06668333709,1
321,90,0.02763860673,-0.05310928822,1
321,98,-0.07770882547,-0.04235422239,1
321,106,-0.1322196573,0.05938627571,1
321,114,-0.08545003831,0.05226193741,1
321,122,0.05421905592,0.008622089401,1
321,130,0.03713518009,-0.04733585566,1
321,138,-0.03803238273,-0.02567956597,1
321,146,-0.02636507526,0.04090668634,1
321,154,-0.07867041975,0.1558197737,1
321,162,-0.13686122,0.1457006186,1
321,170,-0.1326430589,0.0373082757,1
329,10,0.2611907423,-0.1309271455,1
329,18,0.1954942942,0.102084361,1
329,26,0.1103076413,0.3028821945,1
329,34,0.03710939363,0.09579175711,1
329,42,-0.0340237245,0.2321278453,1
329,50,-0.05406647176,0.248084873,1
329,58,0.01800111681,0.06290501356,1
329,66,0.03933760524,0.1596021354,1
329,74,0.0201821886,0.09451419115,1
329,82,0.1119572893,0.04325049743,1
329,90,0.1237634271,-0.01200374961,1
329,98,-0.07325319946,0.04647224769,1
329,106,-0.1130457371,0.1026635394,1
329,114,-0.04039943963,-0.08035937697,1
329,122,-0.01498122886,0.01416599751,1
329,130,-0.12747778,0.03718379512,1
329,138,-0.07940451056,0.02498096228,1
329,146,-0.01736735553,0.1183379665,1
329,154,-0.08894772083,0.2005864382,1
329,162,-0.1396964341,0.1523514539,1
329,170,-0.05393785611,0.1300273836,1
337,10,0.02238555253,-0.06706449389,1
337,18,-0.03009424731,0.0289202407,1
337,26,-0.02680375427,0.2469517589,1
337,34,-0.05322507769,0.2392185777,1
337,42,0.06007871404,0.2186945528,1
337,50,0.0812279135,0.1227997765,1
337,58,0.004538863897,0.03097688407,1
337,66,-0.03124762326,0.1780798137,1
337,74,0.02206838317,0.2038180381,1
337,82,0.1351377517,0.03564461693,1
337,90,0.1608849317,-0.03824814409,1
337,98,0.05530455709,-0.01088023558,1
337,106,-0.07224604487,-0.01447929442,1
337,114,-0.06312634051,-0.1377810687,1
337,122,0.001381523907,-0.1070592552,1
337,130,-0.02409706265,0.1122725159,1
337,138,-0.04018186033,0.1568134129,1
337,146,-0.07857894152,0.1417291015,1
337,154,-0.02523860335,-0.05030592531,1
337,162,-0.04433706403,0.07867533714,1
337,170,-0.05854680017,0.1293725818,1
345,10,-0.02668957785,-0.08365763724,1
345,18,0.06133483723,-0.03607404232,1
345,26,0.03606878966,0.194481343,1
345,34,-0.1207070127,0.1656325161,1
345,42,-0.1208191812,0.0988227427,1
345,50,0.02277252823,0.06332229078,1
345,58,0.001914918423,0.1115984619,1
345,66,-0.2136930376,0.1138431132,1
345,74,-0.09832151234,0.1155284569,1
345,82,0.07121510059,0.1043385193,1
345,90,0.01498796046,-0.01507607102,1
345,98,-0.1356181055,-0.02712404914,1
345,106,-0.1539360732,-0.1293632835,1
345,114,-0.05531289428,-0.08235221356,1
345,122,-0.02796862274,0.02918218449,1
345,130,-0.1597216129,0.1768605113,1
345,138,-0.2421912849,0.17632173,1
345,146,-0.1313322186,0.0162890479,1
345,154,-0.06934148818,-0.0573291257,1
345,162,-0.1827497333,0.0503546223,1
345,170,-0.1177886501,-0.01996637881,1
353,10,-0.1477297544,-0.1692196131,1
353,18,-0.003394521773,0.1597088724,1
353,26,0.1249101013,0.254291296,1
353,34,-0.0197864119,0.1051034331,1
353,42,-0.07411043346,0.1228546649,1
353,50,-0.04336452484,0.09243610501,1
353,58,-0.112660788,0.1444138587,1
353,66,-0.4433294237,0.08986828476,1
353,74,-0.400583148,0.1095950752,1
353,82,-0.2621876895,0.1153274998,1
353,90,-0.230015099,0.1711733639,1
353,98,-0.08227258921,0.1538633108,1
353,106,-0.04794581234,-0.03119900823,1
353,114,0.01319606975,0.002177162096,1
353,122,0.01845527813,0.04225265235,1
353,130,-0.08007487655,0.102852568,1
353,138,-0.1121440083,0.1132457405,1
353,146,0.008410871029,0.06409337372,1
353,154,-0.006243258715,0.02376108244,1
353,162,0.01976373419,0.003723010421,1
353,170,0.07431466877,-0.06112102419,1
361,10,-0.2327544987,-0.2845537066,1
361,18,-0.06981243193,0.08462863415,1
361,26,0.07164143026,0.1342505813,1
361,34,0.1207222342,0.1221834794,1
361,42,-0.03098572791,0.1218045801,1
361,50,-0.1275965124,0.05889861286,1
361,58,-0.1372680068,0.1440427303,1
361,66,-0.2894389927,0.09655168653,1
361,74,-0.3274767101,0.03500362486,1
361,82,-0.196481213,0.0900349915,1
361,90,-0.1523739845,0.2124492526,1
361,98,-0.05745533481,0.2237486541,1
361,106,0.04998740926,0.1201449037,1
361,114,0.1229945272,0.07767173648,1
361,122,-0.005005545914,-0.05861869827,1
361,130,-0.1062626466,-0.04156085476,1
361,138,-0.06617767364,0.09253809601,1
361,146,-0.06760849059,0.1157241315,1
361,154,-0.05725775287,0.1123714894,1
361,162,0.02224315889,-0.05754419044,1
361,170,0.09562199563,-0.1326247901,1
369,10,0.02495393157,-0.1162022501,1
369,18,-0.2009824365,0.009885523468,1
369,26,-0.08380912244,-0.06078520417,1
369,34,-0.07694780827,0.0936967805,1
369,42,-0.1198155284,0.189963311,1
369,50,-0.05272628367,0.1114056706,1
369,58,-0.07470857352,0.113939926,1
369,66,-0.1235570163,0.08335353434,1
369,74,-0.2137841582,0.03435713053,1
369,82,-0.1068896204,0.1435732543,1
369,90,0.009451277554,0.1413205266,1
369,98,-0.06817448884,0.05564472824,1
369,106,0.01688955352,0.06622584164,1
369,114,0.07388161123,0.1237543374,1
369,122,-0.03009113669,-0.0154574085,1
369,130,-0.01361901686,-0.02278953791,1
369,138,-0.08241391182,0.01103048772,1
369,146,-0.1221382171,0.0164353624,1
369,154,-0.06981749833,0.02771244943,1
369,162,0.04150103033,0.03773865849,1
369,170,0.09843549132,-0.1428705752,1
377,10,-0.01090519503,-0.1260874867,1
377,18,-0.05280026793,-0.1751151383,1
377,26,-0.09580498934,-0.1691033244,1
377,34,-0.02342297137,0.005338761955,1
377,42,-0.01122823358,0.3177011013,1
377,50,0.02347644418,0.1862021238,1
377,58,-0.04388853535,0.1197654828,1
377,66,-0.06531395018,0.09098050743,1
377,74,-0.1106580496,0.02908185869,1
377,82,-0.1632860899,0.1419424117,1
377,90,-0.09928719699,0.1283175051,1
377,98,-0.01171007752,0.03197014332,1
377,106,0.1269113421,0.01760627329,1
377,114,0.2529512644,0.03271633387,1
377,122,0.1026681885,-0.04856359214,1
377,130,0.03046800196,0.05788511038,1
377,138,-0.04123319313,-0.0007028887048,1
377,146,-0.06596165895,-0.07584413886,1
377,154,-0.0314996466,-0.01625155099,1
377,162,-0.04322414845,-0.02455035225,1
377,170,-0.001102128997,-0.04611214995,1
385,10,-0.1404065639,-0.04165980965,1
385,18,0.1082960963,-0.2658211589,1
385,26,-0.01651287824,-0.2105132043,1
385,34,-0.09113316983,-0.0518944934,1
385,42,-0.1132015735,0.2372454703,1
385,50,-0.1136371344,0.1633500159,1
385,58,-0.02804296836,0.1316199303,1
385,66,0.1000363231,0.09100883454,1
385,74,-0.08766090125,0.002032546327,1
385,82,-0.2067385912,0.09765651822,1
385,90,-0.08966222405,0.07398819923,1
385,98,-0.1371147335,0.177101016,1
385,106,-0.1106141135,0.1734209061,1
385,114,0.1691886187,0.01741819084,1
385,122,0.1428798735,-0.05772127211,1
385,130,-0.01336449198,0.0679365322,1
385,138,0.01087608188,-0.006962735206,1
385,146,-0.05539961904,-0.09024918824,1
385,154,-0.1557100415,-0.07121764123,1
385,162,-0.1763712764,-0.1649904996,1
385,170,-0.09831445664,0.00484919548,1
393,10,0.2235286981,-0.006829549558,1
393,18,0.2926338911,-0.04716367275,1
393,26,-0.01418046653,-0.07277612388,1
393,34,-0.1990638375,0.06081365049,1
393,42,-0.1926571727,0.2287456989,1
393,50,-0.05351495743,0.109742254,1
393,58,-0.008753981441,0.1029656455,1
393,66,-0.01239559427,0.02904659137,1
393,74,-0.0236327257,0.01124727167,1
393,82,-0.001647170633,0.1324041486,1
393,90,0.05976010486,-0.02685775608,1
393,98,0.07626245916,0.1616377681,1
393,106,-0.0149968788,0.254486084,1
393,114,-0.01583196968,0.1506330073,1
393,122,-0.053111054,0.1163953841,1
393,130,-0.1113304347,-0.05325816199,1
393,138,-0.0001385621727,-0.1248940751,1
393,146,0.01122725755,-0.02210170776,1
393,154,-0.1690386534,-0.04487787932,1
393,162,-0.2313910127,-0.1009655595,1
393,170,-0.1878758669,0.1526523829,1
401,10,-0.06786607206,-0.1027460024,1
401,18,-0.06203312427,-0.08698701113,1
401,26,-0.1793236136,-0.03520381451,1
401,34,-0.1864283383,0.1895477772,1
401,42,-0.09795719385,0.1639101803,1
401,50,-0.04169732332,0.01808799803,1
401,58,0.0682438761,0.01995882764,1
401,66,-0.02246901765,0.02721785381,1
401,74,0.009299684316,0.05327992886,1
401,82,0.175690189,0.2218943983,1
401,90,0.1563490629,0.1374714822,1
401,98,0.1686275005,-0.1009584069,1
401,106,0.1263303757,0.04330445826,1
401,114,0.02033623308,0.1292342544,1
401,122,0.0797368139,0.1356234401,1
401,130,0.09168738127,-0.01493059937,1
401,138,0.1323573738,-0.1016167179,1
401,146,0.1137230247,0.07165403664,1
401,154,-0.1349430233,-0.003918904811,1
401,162,-0.2665944695,-0.01279339194,1
401,170,-0.1278390735,0.3088463843,1
409,10,-0.05822164565,0.07412075996,1
409,18,-0.09861682355,-0.1274576783,1
409,26,-0.1645385325,0.03667986766,1
409,34,-0.1849310249,0.1550590843,1
409,42,-0.1537401378,0.1360536218,1
409,50,-0.1626956463,0.01911114156,1
409,58,-0.1487917155,-0.08370175958,1
409,66,-0.1403839141,0.001746501774,1
409,74,-0.1655017585,0.0178757403,1
409,82,-0.02355335653,0.0617364645,1
409,90,0.05377390981,0.2078599334,1
409,98,0.09601600468,0.04789567739,1
409,106,0.06840495765,0.1891531944,1
409,114,0.04124396294,0.1781133711,1
409,122,0.1212296486,0.1914334744,1
409,130,0.160936892,0.01049370784,1
409,138,0.1201320142,-0.126906991,1
409,146,0.1118479297,0.05904630944,1
409,154,0.0253674686,0.02167671174,1
409,162,-0.1554010808,0.02103858255,1
409,170,-0.3855458796,0.09682457894,1
417,10,0.1205333695,0.06488442421,1
417,18,-0.3604530394,-0.01418916136,1
417,26,-0.348115176,0.03468863294,1
417,34,-0.09012070298,0.07274214178,1
417,42,-0.2285584062,-0.002990163863,1
417,50,-0.1867885739,-0.1310486048,1
417,58,-0.20869416,-0.1980305016,1
417,66,-0.3488993347,-0.09080030024,1
417,74,-0.3127717376,0.05152050778,1
417,82,-0.1526723951,0.1575228423,1
417,90,0.06213808805,0.1153003126,1
417,98,0.2239580154,0.3355545402,1
417,106,0.06419274956,0.4368504882,1
417,114,-0.07794287801,0.1348527372,1
417,122,0.0007620081306,0.1497565061,1
417,130,0.06727799773,-0.0599360764,1
417,138,0.1015672833,-0.1127397195,1
417,146,0.1396715045,0.04280169308,1
417,154,0.169396773,0.04703042284,1
417,162,-0.001506470144,0.01660931483,1
417,170,-0.4364902675,-0.08604045212,1
