PIVlab, ASCII chart output - 02-Aug-2025
FRAME: 155, filenames: A:[155]FullStack_Pos0035_TgUtrmcherry_K4K8MO-1.avi & B:[156]FullStack_Pos0035_TgUtrmcherry_K4K8MO-1.avi, conversion factor xy (px -> m): 1, conversion factor uv (px/frame -> m/s): 1
x [px],y [px],u [px/frame],v [px/frame],Vector type [-]
9,10,0.08164763451,-0.06498119235,1
9,18,0.185752809,-0.06836043298,1
9,26,0.2107238173,0.1360148937,1
9,34,0.2067402899,0.32204476,1
9,42,0.1340283751,0.3974163532,1
9,50,0.02610312402,0.291431874,1
9,58,-0.1413041353,0.1439653784,1
9,66,-0.06567135453,0.004740577191,1
9,74,-0.005486607552,0.03472168744,1
9,82,-0.0377034843,0.1332403123,1
9,90,-0.06041011214,0.07285615057,1
9,98,-0.08923754096,-0.05565261096,1
9,106,-0.06152094156,-0.01475126669,1
9,114,0.04827989638,-0.05070945621,1
9,122,0.03717915714,-0.1767699122,1
9,130,0.02157554775,-0.2100815028,1
9,138,-0.07421816885,-0.0171660278,1
9,146,-0.198353678,0.09380364418,1
9,154,-0.308249414,0.1533719152,1
9,162,-0.2693875432,0.05679699406,1
9,170,-0.07116191089,-0.3028439283,1
17,10,0.03834901005,-0.05976119637,1
17,18,0.111345157,-0.02602489479,1
17,26,0.09403130412,0.03831388801,1
17,34,0.03856666014,0.08025638759,1
17,42,-0.02770699561,0.08894957602,1
17,50,0.02970981598,0.08383867145,1
17,58,-0.06557936221,0.05993936956,1
17,66,-0.2114180923,0.01729932055,1
17,74,-0.02064250223,0.02454702929,1
17,82,-0.01746929809,0.1050037593,1
17,90,-0.1423012912,0.08151941746,1
17,98,-0.155320853,0.05089569092,1
17,106,-0.04905056208,-0.004503894597,1
17,114,-0.07451304048,-0.06035517156,1
17,122,-0.08764930069,-0.05920756608,1
17,130,-0.08866519481,-0.01773001067,1
17,138,-0.06587380171,0.08630443364,1
17,146,-0.01243653893,0.05974971503,1
17,154,-0.03577235341,0.05893798918,1
17,162,-0.03728169203,0.06662794948,1
17,170,-0.1109080315,-0.1921102256,1
25,10,-0.1871693283,0.01001744438,1
25,18,-0.05785574391,0.07139984518,1
25,26,-0.06217952818,0.03528359532,1
25,34,-0.09537378699,-0.01725190319,1
25,42,-0.1259901226,-0.05541736633,1
25,50,-0.1053873077,-0.04210638255,1
25,58,-0.1358027011,0.06764143705,1
25,66,-0.1324732751,0.05149814859,1
25,74,0.01141382009,0.03585125133,1
25,82,0.0008861068636,0.06404578686,1
25,90,-0.0812574327,0.0264130421,1
25,98,-0.0483886078,0.0110803768,1
25,106,-0.01716458797,-0.01364875212,1
25,114,-0.08989794552,-0.05537813157,1
25,122,-0.1376383603,-0.1189844087,1
25,130,-0.1271080971,-0.04929348826,1
25,138,-0.07839921862,-0.009922871366,1
25,146,0.0110909678,0.08633081615,1
25,154,0.09198016673,0.05280186981,1
25,162,0.08008076251,0.003999702632,1
25,170,-0.226778686,-0.02257644385,1
33,10,-0.03345142305,-0.1291077733,1
33,18,-0.05001471937,0.04184716195,1
33,26,-0.194360137,-0.08880581707,1
33,34,-0.1283571273,-0.08672196418,1
33,42,-0.07737074792,-0.05004443973,1
33,50,-0.1131310612,0.05828408524,1
33,58,-0.1590442806,0.04611027986,1
33,66,-0.08676254749,-0.001895695925,1
33,74,0.009731031954,-0.00928607583,1
33,82,-0.05855166912,0.02433631197,1
33,90,-0.1010478809,-0.07869194448,1
33,98,-0.08833000064,-0.1276569515,1
33,106,-0.08560885489,-0.03658568114,1
33,114,-0.1048788726,-0.05726446211,1
33,122,-0.1455955207,-0.1423445642,1
33,130,-0.274178952,-0.08449657261,1
33,138,-0.1428482831,0.03237716109,1
33,146,0.1879896224,0.1381535381,1
33,154,0.1035569534,0.04559147358,1
33,162,-0.11944554,-0.04345671088,1
33,170,-0.3434439003,-0.01671160758,1
41,10,0.01256634295,-0.1042904332,1
41,18,-0.1694341004,-0.05843589455,1
41,26,-0.1202915534,-0.1579214483,1
41,34,-0.04050771147,-0.1005444005,1
41,42,0.02608817816,0.02303467691,1
41,50,0.01374001801,0.1488466561,1
41,58,-0.1413106918,0.07030557096,1
41,66,-0.1386032403,-0.05011054501,1
41,74,-0.04352232814,-0.09487135708,1
41,82,-0.05448912084,0.0336329937,1
41,90,-0.1767599881,-0.03633538634,1
41,98,-0.1408907026,-0.01136951614,1
41,106,-0.1262435019,0.01162545197,1
41,114,-0.1036285311,-0.04931326583,1
41,122,-0.08115974814,-0.1130876765,1
41,130,-0.0476782918,-0.07752811164,1
41,138,0.04685761407,-0.05384550989,1
41,146,0.08250385523,-0.08435191214,1
41,154,-0.039651867,0.01771504059,1
41,162,-0.2444705367,-0.01392337307,1
41,170,-0.2501757741,-0.03457612917,1
49,10,-0.06674350798,-0.1016651019,1
49,18,-0.1300765574,-0.02657388523,1
49,26,-0.04051958025,0.1329330653,1
49,34,-0.1151344031,-0.0114049688,1
49,42,-0.07287271321,0.1807682067,1
49,50,-0.02284289896,0.1765118986,1
49,58,-0.05375746638,0.1275995821,1
49,66,-0.08758413047,-0.2124280185,1
49,74,-0.168174684,-0.291107893,1
49,82,-0.09324663877,0.06338426471,1
49,90,-0.241482228,0.01756024361,1
49,98,-0.354411006,0.0507234484,1
49,106,-0.1678013951,0.03533033654,1
49,114,-0.1450333446,-0.02304241806,1
49,122,-0.09501838684,-0.05267684907,1
49,130,-0.0536910966,-0.09217893332,1
49,138,-0.05271887407,-0.3012564182,1
49,146,-0.09060634673,-0.1185721233,1
49,154,-0.1891547889,0.0259195976,1
49,162,-0.2788273096,0.1409898996,1
49,170,-0.194578439,0.05024838448,1
57,10,-0.07108543813,-0.05747450143,1
57,18,-0.1007922217,0.03643027321,1
57,26,-0.07092121243,0.1413620412,1
57,34,-0.2221782506,0.07067713141,1
57,42,0.04229339957,0.1660473645,1
57,50,0.1432525814,0.1859689355,1
57,58,0.03881047666,0.06467496604,1
57,66,-0.09845282882,-0.1483774781,1
57,74,-0.2316757143,-0.196590215,1
57,82,-0.1833081096,-0.0434239544,1
57,90,-0.2148572356,-0.03361447155,1
57,98,-0.2562110424,0.0005754670128,1
57,106,-0.2072104067,-0.01928465813,1
57,114,-0.1357407868,-0.01043852046,1
57,122,-0.09114803374,-0.06870997697,1
57,130,-0.06774292886,-0.1461728513,1
57,138,-0.07839839906,-0.2182457745,1
57,146,-0.09827751666,0.0004870817065,1
57,154,-0.159197703,0.04650492966,1
57,162,-0.2231235057,0.07010891289,1
57,170,-0.1388316751,-0.008851382881,1
65,10,0.01681631431,-0.1292999387,1
65,18,-0.1250875592,-0.05333931744,1
65,26,-0.09211368859,0.07567618042,1
65,34,0.02612549812,0.02555756271,1
65,42,0.03305627778,0.08920603991,1
65,50,0.1467854232,0.2384464592,1
65,58,0.2041420192,0.06985852122,1
65,66,-0.04472107068,0.04678616673,1
65,74,-0.1811710149,-0.1178057939,1
65,82,-0.1682672352,-0.1956594437,1
65,90,-0.1007577181,-0.07207589597,1
65,98,-0.05064192414,0.1132349744,1
65,106,-0.1035864353,0.08753925562,1
65,114,-0.06403596699,-0.01868661493,1
65,122,-0.03211773187,-0.06091026217,1
65,130,0.09647027403,-0.1076328158,1
65,138,0.1121141091,-0.08488346636,1
65,146,-0.05888677016,-0.04471796006,1
65,154,-0.2211681008,-0.01126763225,1
65,162,-0.239341259,-0.006202373654,1
65,170,-0.05973695219,0.004821976647,1
73,10,0.06418558955,0.01465022191,1
73,18,-0.09108420461,-0.07160262764,1
73,26,-0.1402825564,-0.05133401603,1
73,34,-0.09042355418,-0.1353216916,1
73,42,0.01524863206,6.016343832e-06,1
73,50,0.06438370049,0.1201506108,1
73,58,0.09274221957,0.01123336889,1
73,66,0.07302380353,0.03882781789,1
73,74,-0.1120023429,-0.1150361374,1
73,82,-0.2248130143,-0.1980555952,1
73,90,-0.1146156564,-0.0393733792,1
73,98,-0.03765105456,0.0346156843,1
73,106,0.002913996577,0.1357925087,1
73,114,-0.01850118488,-0.03367343917,1
73,122,-0.03539532796,-0.1180352867,1
73,130,0.124284856,-0.05361462012,1
73,138,0.1168596745,0.00950284861,1
73,146,-0.07403831929,-0.103372246,1
73,154,-0.1719313711,-0.07206855714,1
73,162,-0.173255682,0.04468472302,1
73,170,-0.007700711489,0.04916229844,1
81,10,0.08975789696,0.2594234049,1
81,18,-0.1053026095,0.03574201092,1
81,26,-0.2981951237,-0.1341836303,1
81,34,-0.1084892005,-0.1474483162,1
81,42,0.01699803025,-0.1150397062,1
81,50,-0.008909519762,-0.07060444355,1
81,58,-0.008281975985,-0.09976360202,1
81,66,0.04679087549,-0.08781296015,1
81,74,-0.1486082226,-0.2522394657,1
81,82,-0.1668426245,-0.139202565,1
81,90,0.08106143773,0.04045985639,1
81,98,0.04123194516,-0.02347186394,1
81,106,0.01748244092,-0.02961952239,1
81,114,0.02471238375,-0.02956862003,1
81,122,0.06512302905,-0.04890175909,1
81,130,0.06811144203,0.03054236807,1
81,138,0.04870462045,0.2285351157,1
81,146,0.007877893746,0.05179210007,1
81,154,0.01347937062,0.03351512551,1
81,162,0.02842530608,0.1262289882,1
81,170,-0.06273812056,0.006739743054,1
89,10,0.133360222,0.1083668023,1
89,18,-0.1322870553,-0.08174776286,1
89,26,-0.2109897137,-0.00015489012,1
89,34,-0.197838977,-0.0561721772,1
89,42,-0.1860578209,-0.1249975935,1
89,50,-0.07463437319,-0.01285270602,1
89,58,-0.02235656977,-0.1247793883,1
89,66,-0.06996590644,-0.1342906952,1
89,74,-0.1106820777,-0.1595180929,1
89,82,-0.02867863327,-0.06764467061,1
89,90,0.1987204999,0.1349610537,1
89,98,0.05816402286,0.008305082098,1
89,106,-0.002721132711,-0.0882769227,1
89,114,0.0260008648,-0.02020735666,1
89,122,-0.1031350791,0.04142832384,1
89,130,-0.07489111274,0.06337356567,1
89,138,-0.02441099659,0.115734376,1
89,146,0.01119253971,0.03318974376,1
89,154,-0.002114083618,0.1672245115,1
89,162,-0.1251150072,0.2457559556,1
89,170,-0.2298078686,0.09359177202,1
97,10,0.1304855049,-0.01692491025,1
97,18,-0.06401845813,-0.08422839642,1
97,26,-0.01917093247,0.01733717322,1
97,34,-0.06962354481,-0.1670402735,1
97,42,-0.1150551736,-0.1586152613,1
97,50,0.07880744338,0.04776491225,1
97,58,-0.1074815691,-0.05487476289,1
97,66,-0.2146046758,-0.155899927,1
97,74,-0.04347591102,-0.1030018479,1
97,82,0.01898535341,-0.009889548644,1
97,90,0.05265537649,0.08177412301,1
97,98,0.05026074871,-0.02235014737,1
97,106,-0.02116414718,-0.136703819,1
97,114,-0.03179234266,-0.07241539657,1
97,122,-0.1735054255,0.03928755224,1
97,130,-0.10409493,0.1018208787,1
97,138,-0.05178514868,0.02444139123,1
97,146,-0.05963645503,-0.003390811384,1
97,154,-0.02513786033,0.09668427706,1
97,162,-0.1562451422,0.2947455645,1
97,170,-0.2340523452,0.1866939366,1
105,10,0.2436444163,-0.0186842829,1
105,18,0.1009431854,0.005003139377,1
105,26,-0.009492082521,-0.0837539807,1
105,34,-0.03142972291,-0.1898326725,1
105,42,-0.145519346,-0.1338099241,1
105,50,-0.1813601702,-0.006724722683,1
105,58,-0.2274414301,-0.006515853107,1
105,66,-0.0309308432,-0.07732649148,1
105,74,0.1727847904,-0.05059368536,1
105,82,0.1702007055,0.02562015131,1
105,90,0.05483299121,0.07239579409,1
105,98,0.02447247691,0.05073210597,1
105,106,0.00202350691,-0.1275538057,1
105,114,-0.04529353976,-0.07472845912,1
105,122,-1.825392246e-05,0.08572329581,1
105,130,-0.05254527181,0.09860208631,1
105,138,-0.008435700089,0.09357208014,1
105,146,-0.0008748099208,0.07480283082,1
105,154,-0.1003427878,0.04278302565,1
105,162,-0.1650185585,0.1213181168,1
105,170,-0.1260256916,0.1735782027,1
113,10,0.2041885555,-0.1060971916,1
113,18,0.1726602614,-0.1228205264,1
113,26,0.06767239422,-0.162820518,1
113,34,-0.03728906065,-0.2063997388,1
113,42,-0.1395865679,-0.06529302895,1
113,50,-0.2178056985,-0.05540664494,1
113,58,-0.2263268977,-0.08460009098,1
113,66,-0.1176713407,-0.06900023669,1
113,74,0.003257986158,-0.02477586269,1
113,82,0.05011534318,-0.006795361638,1
113,90,0.05667743087,0.2198378146,1
113,98,-0.01585033163,0.05948313326,1
113,106,-0.08780996501,-0.1180007458,1
113,114,0.03139147907,-0.0344131887,1
113,122,-0.01332706213,0.03142853081,1
113,130,-0.1297164261,0.04050576687,1
113,138,0.07524208724,-0.001976490021,1
113,146,0.1101819873,0.03170069307,1
113,154,-0.02855941653,0.04572128505,1
113,162,-0.1062481627,0.08398248255,1
113,170,-0.05553254485,0.1099715531,1
121,10,0.1218492016,-0.04267373681,1
121,18,0.1361184567,-0.06804336607,1
121,26,0.1040941179,-0.02989774942,1
121,34,0.0629709065,-0.1512771845,1
121,42,-0.06401958317,-0.2055386901,1
121,50,-0.08626981825,-0.1380936652,1
121,58,-0.04259298742,-0.05463830382,1
121,66,0.01882084832,-0.1333618164,1
121,74,0.1523863077,-0.2333925962,1
121,82,0.08817014843,-0.1414309293,1
121,90,0.02643267065,-0.02830700576,1
121,98,-0.03393605351,-0.04024543241,1
121,106,-0.05065350607,-0.1061702073,1
121,114,0.07557539642,-0.1482343674,1
121,122,0.1045268774,-0.0424009636,1
121,130,0.09855099022,-0.0003359857947,1
121,138,0.09195929766,0.02329754084,1
121,146,-0.005195189267,0.007152497768,1
121,154,-0.04089193046,0.02740869299,1
121,162,-0.003469310701,-0.004777849652,1
121,170,0.01782026887,0.08197896183,1
129,10,-0.04169939458,0.2312810421,1
129,18,-0.009136497974,0.06292504072,1
129,26,0.007428765297,0.03914839774,1
129,34,-0.1166757867,0.04704006016,1
129,42,-0.1725795865,-0.06076636165,1
129,50,-0.1218756065,-0.1536717117,1
129,58,-0.03958486766,0.006402775645,1
129,66,0.01088184491,-0.0120922178,1
129,74,0.115385823,-0.2660486102,1
129,82,0.1100296676,-0.1930966675,1
129,90,0.08180804551,0.005353942513,1
129,98,0.01514559612,0.06886021048,1
129,106,-0.03591994941,0.04975567013,1
129,114,0.02224381641,0.006541997194,1
129,122,0.01364158094,0.05172913522,1
129,130,-0.02222055942,-0.0559897162,1
129,138,-0.1444239765,-0.03094036877,1
129,146,-0.0818650648,-0.05024739355,1
129,154,-0.07336130738,-0.04970923811,1
129,162,-0.04805401713,-0.05558795482,1
129,170,-0.02270239219,0.1210357398,1
137,10,-0.2173254788,0.2726739645,1
137,18,-0.0948728174,0.08310434222,1
137,26,-0.09491039813,-0.04392170906,1
137,34,-0.1343046129,-0.007312633097,1
137,42,-0.04936787114,0.08206706494,1
137,50,0.01407151669,-0.06488978863,1
137,58,-0.04262181371,-0.07745180279,1
137,66,-0.0707661137,-0.06005911529,1
137,74,0.02015891671,-0.2547971904,1
137,82,0.0679236874,-0.1485354155,1
137,90,0.1444390416,0.05269625783,1
137,98,0.1500446349,0.1672429293,1
137,106,-0.0008874842897,0.2504932284,1
137,114,-0.1974775046,0.1157518774,1
137,122,-0.2482790351,0.05659559369,1
137,130,-0.2642421424,0.01111166179,1
137,138,-0.2829141021,-0.06691417843,1
137,146,-0.05285522342,-0.1505180299,1
137,154,-0.04637955129,-0.1046728343,1
137,162,-0.04219766334,-0.09182731062,1
137,170,-0.1582944989,0.08599957824,1
145,10,-0.1881067008,0.169051975,1
145,18,-0.08235393465,0.1046307087,1
145,26,-0.03284370899,-0.01489286125,1
145,34,-0.08732375503,-0.04779598489,1
145,42,0.03741557896,-0.0436334312,1
145,50,0.07236555219,-0.1585750431,1
145,58,-0.1601616293,-0.1468704939,1
145,66,-0.1415961385,-0.1249708086,1
145,74,-0.1622586846,-0.1492802799,1
145,82,-0.1292377412,-0.1489190608,1
145,90,-0.03369653225,0.0381344147,1
145,98,0.1273324192,0.1918589473,1
145,106,0.02049607411,0.1761586219,1
145,114,-0.1518217176,-0.02445410565,1
145,122,-0.1647584736,-0.03865018487,1
145,130,-0.1693763584,0.08741821349,1
145,138,-0.1982003599,0.1476396024,1
145,146,-0.1602022201,0.008035223931,1
145,154,-0.09957833588,0.02579504251,1
145,162,0.04842080921,-0.08626681566,1
145,170,0.03091203794,-0.009493619204,1
153,10,-0.09553881735,0.1074036062,1
153,18,-0.07863416523,0.1298407614,1
153,26,0.02357288823,0.02443011105,1
153,34,0.006824463606,-0.1069651172,1
153,42,-0.05544073135,-0.07731473446,1
153,50,-0.153884232,-0.09008386731,1
153,58,-0.2134438604,-0.1510504335,1
153,66,-0.2808459997,-0.1031886861,1
153,74,-0.3229680061,0.05640876293,1
153,82,-0.1915638149,-0.09228860587,1
153,90,-0.02133384347,0.1568975896,1
153,98,0.09512592852,0.2397018969,1
153,106,0.127107501,0.08996490389,1
153,114,0.02964318171,-0.003631226718,1
153,122,-0.08039770275,-0.05521587282,1
153,130,-0.1522522718,0.03831703216,1
153,138,-0.2326611131,0.05965044722,1
153,146,-0.3370271921,0.1379981935,1
153,154,-0.1538544893,0.1048231125,1
153,162,0.01639357209,-0.04158091545,1
153,170,0.08143781126,-0.06549993157,1
161,10,-0.04501239955,-0.1165551096,1
161,18,-0.0378651768,0.03995731473,1
161,26,0.003289863467,0.04778740928,1
161,34,-0.005174800754,-0.06302988529,1
161,42,-0.07320388407,0.01662552357,1
161,50,-0.120247975,0.0495871529,1
161,58,-0.2254939973,-0.09620660543,1
161,66,-0.2816595435,-0.0346166417,1
161,74,-0.2921807766,0.1182551384,1
161,82,-0.1457159817,0.06361301988,1
161,90,-0.05215952545,0.08690732718,1
161,98,0.01777226478,0.02889360487,1
161,106,0.00589540042,0.02540320903,1
161,114,-0.04155945778,-0.004510214552,1
161,122,-0.1210686415,-0.06482961029,1
161,130,-0.1467490494,-0.1284586638,1
161,138,-0.1991634965,-0.1449219286,1
161,146,-0.4612383246,-0.02358635701,1
161,154,-0.2804990411,0.1182215065,1
161,162,-0.1133464873,0.00733615458,1
161,170,0.09113709629,-0.06816677749,1
169,10,-0.1162255481,-0.01460698992,1
169,18,0.04075784236,0.01868706942,1
169,26,0.2025103271,0.08772984147,1
169,34,0.1748300195,-0.09385865927,1
169,42,-0.05952880159,-0.02383369207,1
169,50,-0.1164055392,-0.01010632515,1
169,58,-0.07570561767,-0.1255946755,1
169,66,-0.022009179,-0.1047061682,1
169,74,0.04189151898,0.04739158228,1
169,82,-0.04292851314,0.004281485453,1
169,90,-0.138476193,-0.01577811874,1
169,98,-0.03800934553,-0.1826039106,1
169,106,-0.01164506003,-0.1046542898,1
169,114,-0.03444324434,-0.1025739908,1
169,122,0.09019340575,-0.07236143947,1
169,130,0.01098750532,-0.0720860064,1
169,138,-0.1644854397,-0.1472885609,1
169,146,-0.2479557991,-0.05394971371,1
169,154,-0.2250026613,0.008543562144,1
169,162,-0.06572407484,-0.002786428668,1
169,170,0.1216421574,-0.0008343085647,1
177,10,-0.1914117038,0.08751033247,1
177,18,0.01624367759,0.03358479589,1
177,26,0.1235224903,0.1712653786,1
177,34,0.2001306117,-0.2584716082,1
177,42,0.09169285744,-0.1869969666,1
177,50,-0.08298399299,0.01573232561,1
177,58,0.05143810809,0.002264671028,1
177,66,0.1275722086,-0.1370066404,1
177,74,0.1991148144,0.01745783165,1
177,82,0.1055820733,-0.01542818919,1
177,90,-0.069899261,-0.05128306523,1
177,98,-0.02316137403,-0.2018225193,1
177,106,-0.009052991867,-0.1260859966,1
177,114,-0.03209901974,-0.04509662837,1
177,122,-0.01576489955,-0.03537303954,1
177,130,-0.07974944264,-0.09488607198,1
177,138,-0.2670936584,-0.08460175991,1
177,146,-0.2172221988,-0.00423971191,1
177,154,-0.2144472599,-0.1036074236,1
177,162,-0.1349475384,-0.1299832463,1
177,170,-0.02789153904,0.06474690884,1
185,10,-0.259451896,0.1660109013,1
185,18,-0.02255647629,0.02252794057,1
185,26,0.1045836806,0.08987912536,1
185,34,0.2161687315,-0.08808837086,1
185,42,0.1788148433,-0.1217793971,1
185,50,-0.08093188703,-0.008906967938,1
185,58,-0.01701283455,0.1130535305,1
185,66,0.0328586027,0.02056333423,1
185,74,0.2065432519,0.02090360597,1
185,82,0.1996763051,-0.1080672741,1
185,90,0.03437899053,-0.03718319163,1
185,98,-0.100728564,0.01157085225,1
185,106,-0.2320475578,-0.01011789963,1
185,114,-0.1345139444,-0.008973974735,1
185,122,-0.122336328,-0.06332027912,1
185,130,-0.1413314193,-0.1005329266,1
185,138,-0.1343216002,-0.02243615314,1
185,146,-0.0780152455,-0.0004225634038,1
185,154,-0.1676482856,-0.1197488606,1
185,162,-0.1874754727,-0.1500799507,1
185,170,-0.1275439858,0.08497183025,1
193,10,-0.2299245298,0.1506525576,1
193,18,-0.1156776696,0.05965222418,1
193,26,0.0908613354,0.07677315176,1
193,34,0.1324310005,-0.02510137856,1
193,42,0.05127029866,-0.04067405313,1
193,50,-0.116616942,-0.1192608774,1
193,58,-0.07828454673,0.02356508374,1
193,66,-0.01979873329,-0.01665234566,1
193,74,-0.02175343409,-0.09045126289,1
193,82,0.02124059573,-0.1221669614,1
193,90,-0.03746509179,-0.04435668886,1
193,98,-0.1922671795,0.1271097958,1
193,106,-0.1203765795,-0.008696645498,1
193,114,0.002966180444,-0.01602379978,1
193,122,-0.01848362386,0.007379455492,1
193,130,-0.08614911884,-0.02790154517,1
193,138,-0.07518441975,0.01895450056,1
193,146,-0.01960446686,-0.01663022861,1
193,154,0.04864988476,0.02626925334,1
193,162,-0.0130046308,0.001408979297,1
193,170,-0.2287307084,-0.007460244,1
201,10,-0.1214139014,-0.01966957003,1
201,18,-0.1858067811,0.1669798791,1
201,26,0.02847962268,0.1298269033,1
201,34,0.0826722756,0.02992265671,1
201,42,0.03130432218,0.000640809536,1
201,50,0.002557341009,-0.01942151599,1
201,58,-0.06976295263,-0.05414424837,1
201,66,-0.07026687264,-0.06450324506,1
201,74,-0.09613382071,-0.1501241773,1
201,82,-0.1479396671,-0.04244022071,1
201,90,-0.1713881493,-0.09310366213,1
201,98,-0.128386423,0.01416432206,1
201,106,-0.08318356425,0.07571773231,1
201,114,-0.0978211686,0.03207812086,1
201,122,-0.182541877,0.04229940474,1
201,130,-0.093760252,-0.01398382336,1
201,138,-0.03383110464,-0.08645993471,1
201,146,0.09585886449,-0.05409202725,1
201,154,0.2344312221,0.159196496,1
201,162,0.007993455976,0.0230187811,1
201,170,-0.2975568473,-0.08789591491,1
209,10,-0.01647789776,-0.03554002941,1
209,18,-0.0009967703372,0.05421200395,1
209,26,-0.07326219976,0.09764781594,1
209,34,-0.0925142616,0.1479217112,1
209,42,-0.178595975,0.05382228643,1
209,50,-0.1235887185,0.09090354294,1
209,58,0.08781699836,0.05255045369,1
209,66,0.1001065522,0.02121271938,1
209,74,0.1106075197,-0.06128134578,1
209,82,-0.1629798263,-0.08601409197,1
209,90,-0.2770600915,-0.0899386555,1
209,98,-0.09436654299,-0.02279665694,1
209,106,-0.005546532571,0.1562516987,1
209,114,-0.02482404932,0.1132168025,1
209,122,-0.1199890375,-0.01076821424,1
209,130,-0.1072086841,-0.0238744989,1
209,138,-0.008952625096,0.006770072505,1
209,146,0.08682730049,0.04563805088,1
209,154,0.03671996295,0.103963621,1
209,162,-0.09771445394,0.02322596312,1
209,170,-0.09954980016,-0.09028419852,1
217,10,-0.08479625732,0.05443918705,1
217,18,-0.05029682815,0.08807177842,1
217,26,-0.05849697441,0.09139887244,1
217,34,-0.0643125847,-0.003548160195,1
217,42,-0.03598524258,0.03379831463,1
217,50,-0.061862275,0.07779619098,1
217,58,-0.07394766808,0.009647835046,1
217,66,-0.06826893985,0.03521001339,1
217,74,0.09744133055,-0.04171101749,1
217,82,0.1139378846,-0.003362644464,1
217,90,-0.039783746,-0.006113026291,1
217,98,0.01098021492,0.0599752143,1
217,106,0.05475325137,0.1498296559,1
217,114,0.1695262939,0.08718876541,1
217,122,0.1614986062,-0.02574780211,1
217,130,0.0270934999,0.01766594872,1
217,138,-0.1363446563,0.03047716245,1
217,146,-0.0873484239,0.1734273732,1
217,154,0.03992833197,0.1494543254,1
217,162,-0.003113932908,0.09676999599,1
217,170,0.02996133268,-0.01169123873,1
225,10,-0.01272134483,0.05174630135,1
225,18,0.04884284735,0.1349104196,1
225,26,-0.09693688154,0.05354310572,1
225,34,-0.09912674874,-0.09798692912,1
225,42,0.05077879131,-0.06744459271,1
225,50,0.01272783428,0.03257050365,1
225,58,-0.003440957516,0.03331051767,1
225,66,0.009129304439,0.04608311132,1
225,74,0.03050790727,-0.004811960272,1
225,82,0.09385854751,0.04304554313,1
225,90,0.06338811666,0.03974435106,1
225,98,-0.1192890406,0.03421349078,1
225,106,-0.1189200878,0.1617773175,1
225,114,0.04079506546,0.03063773736,1
225,122,0.09685840458,-0.05152803659,1
225,130,-0.01955923066,0.0102565065,1
225,138,-0.0877546519,-0.03117810935,1
225,146,-0.01384912804,0.07514905185,1
225,154,0.1340249032,0.2244468331,1
225,162,0.1619663686,0.145938918,1
225,170,0.1105407029,0.078969419,1
233,10,-0.1194026992,-0.03275859728,1
233,18,0.05725907162,-0.01055026613,1
233,26,-0.08661074936,-0.008927993476,1
233,34,-0.1173999384,-0.09680390358,1
233,42,0.1112084016,-0.09692295641,1
233,50,0.1498528272,0.008694857359,1
233,58,0.0381873399,0.06516177952,1
233,66,0.04807077348,0.001154931262,1
233,74,0.05448511243,-0.04457495362,1
233,82,0.008523669094,0.0285486728,1
233,90,-0.04938305914,0.0161340069,1
233,98,-0.0802789852,-0.04224800318,1
233,106,-0.1077472493,-0.004918498918,1
233,114,-0.06634970009,-0.010197361,1
233,122,0.01148182154,0.03096069023,1
233,130,0.03698929772,-0.01172935031,1
233,138,-0.03445688263,0.07542290539,1
233,146,-0.08152309805,0.1137841344,1
233,154,0.2288378477,0.1351971477,1
233,162,0.2318389416,0.1298263073,1
233,170,0.1313827485,0.1094529182,1
241,10,0.01704642177,-0.08568510413,1
241,18,0.09186132252,-0.1205608398,1
241,26,0.07423406839,-0.02702285349,1
241,34,0.04096232355,-0.03518140316,1
241,42,-0.01340400428,-0.1367939413,1
241,50,-0.06053584814,-0.0721617341,1
241,58,-0.1094008014,0.002755591646,1
241,66,-0.02864519879,0.03180897608,1
241,74,-0.009914176539,-0.01329922397,1
241,82,-0.06855526567,-0.007511885837,1
241,90,-0.12190146,-0.03643424064,1
241,98,-0.05469478667,-0.05143721774,1
241,106,0.01551626623,-0.0537096262,1
241,114,-0.06441800296,0.002795943059,1
241,122,-0.04616799206,-1.424737275e-05,1
241,130,-0.01174707711,-0.09539470822,1
241,138,-0.138996169,-0.00140651688,1
241,146,-0.1487739682,0.1592239141,1
241,154,-0.01362944953,0.1221124902,1
241,162,0.07495533675,0.07415668666,1
241,170,0.01187740266,0.1344019622,1
249,10,0.1727045327,-0.09296296537,1
249,18,0.1826748401,-0.1239203662,1
249,26,0.06041176617,-0.01271124929,1
249,34,-0.02089728415,0.1933724433,1
249,42,0.005836883094,-0.07131847739,1
249,50,0.08520020545,0.0002960674465,1
249,58,0.03062513657,-0.08404706419,1
249,66,-0.2318370789,0.3252360523,1
249,74,-0.1921306401,0.02183102816,1
249,82,-0.2784138024,0.001240894198,1
249,90,-0.2416839153,-0.1083722487,1
249,98,-0.05283712596,0.01656589098,1
249,106,0.06005422771,0.08709152043,1
249,114,-0.1153286695,0.05874720961,1
249,122,-0.1754092872,-0.1252990365,1
249,130,-0.01368194818,-0.113835372,1
249,138,-0.02557294816,-0.1270629466,1
249,146,-0.2111497074,0.1526373029,1
249,154,-0.09977628291,0.1508133113,1
249,162,-0.1612140387,0.1563438475,1
249,170,-0.2901415229,0.06256839633,1
257,10,0.2265993655,-0.06927646697,1
257,18,0.1152868122,-0.09686401486,1
257,26,0.06085763872,-0.05997034535,1
257,34,0.1476902962,0.0563813746,1
257,42,0.03624738008,0.09125988185,1
257,50,0.03889558464,0.003820583224,1
257,58,0.03491068631,-0.05379892886,1
257,66,-0.03625670075,0.1224779263,1
257,74,-0.1035647392,0.1451660544,1
257,82,-0.07860465348,-0.07420600206,1
257,90,-0.1422759891,-0.2270865291,1
257,98,-0.1485096663,0.2157412767,1
257,106,-0.04128530622,0.04086904973,1
257,114,-0.08138711751,-0.06892380118,1
257,122,-0.1818254888,-0.1024556309,1
257,130,-0.03965501487,-0.0125545226,1
257,138,0.02818028256,-0.009074550122,1
257,146,0.01072575152,0.07506906986,1
257,154,0.03862167895,0.1236285791,1
257,162,-0.08477456868,0.2176332772,1
257,170,-0.1475849152,-0.09535479546,1
265,10,0.2595594525,-0.01631948352,1
265,18,0.07613486797,-0.03653378412,1
265,26,0.06996951997,-0.1039329171,1
265,34,0.09544155747,-0.09553285688,1
265,42,-0.006380373612,0.03563588113,1
265,50,0.03805225715,-0.09434441477,1
265,58,0.01932727732,-0.05858148634,1
265,66,0.08712138236,0.01333140954,1
265,74,0.1410263777,0.05920911953,1
265,82,0.02040277794,-0.06282209605,1
265,90,-0.003049392253,-0.1571163833,1
265,98,-0.05221456289,0.1114710048,1
265,106,-0.161023885,-0.112644203,1
265,114,-0.1677119583,-0.1082933396,1
265,122,-0.157058239,-0.00722862035,1
265,130,0.006276369095,0.0542775169,1
265,138,0.09484194964,0.02222909406,1
265,146,0.01626186445,-0.01553055272,1
265,154,-0.00553856045,0.1187317446,1
265,162,-0.003912430257,-0.04066723958,1
265,170,-0.09512722492,-0.240578711,1
273,10,0.1880730242,-0.02601195872,1
273,18,0.08969154954,-0.02231745794,1
273,26,-0.1015779451,-0.1072269529,1
273,34,-0.1254284978,-0.09549495578,1
273,42,-0.04535897821,-0.167591989,1
273,50,-0.1066242307,-0.1534054577,1
273,58,-0.06503430754,0.02401757613,1
273,66,0.1304544508,0.01488289051,1
273,74,0.1582644582,0.04025843367,1
273,82,0.02286956087,0.001516859978,1
273,90,-0.08171093464,-0.1072552651,1
273,98,-0.0951590538,-0.06425862759,1
273,106,-0.08035842329,0.03852985799,1
273,114,-0.0185546577,0.04043916985,1
273,122,0.115387693,0.005851563066,1
273,130,0.003907363862,0.008070789278,1
273,138,0.1226809919,0.001413632184,1
273,146,0.167830199,-0.0790437758,1
273,154,0.1471339166,0.05043628067,1
273,162,0.07358001173,-0.0760479793,1
273,170,-0.0125027597,-0.1421031207,1
281,10,0.09262632579,-0.1062510461,1
281,18,-0.02437938377,-0.1394072473,1
281,26,-0.2156299055,-0.1852810532,1
281,34,-0.1259772182,-0.1337068081,1
281,42,-0.01004311163,-0.2491831481,1
281,50,-0.07481621951,-0.1533254087,1
281,58,-0.04630615562,0.01766414195,1
281,66,0.1486710161,0.09149809182,1
281,74,0.1005596668,0.02663729154,1
281,82,-0.04547080398,0.07651302218,1
281,90,-0.2446662337,0.01091097854,1
281,98,-0.2074100822,0.04901732504,1
281,106,-0.1276363581,0.2571558654,1
281,114,-0.03882110491,0.03396335989,1
281,122,-0.01467280276,-0.04823830724,1
281,130,0.004626347683,-0.03456259146,1
281,138,0.02144241706,-0.009830914438,1
281,146,0.05861826241,-0.01631019637,1
281,154,0.1214583069,-0.1965152919,1
281,162,-0.002701979131,-0.08809696138,1
281,170,-0.02531022206,0.04863779992,1
289,10,0.06566652656,-0.2236203551,1
289,18,0.00627617538,-0.2289829254,1
289,26,-0.08183795214,-0.08719719946,1
289,34,-0.04962205142,-0.144836098,1
289,42,0.0001504644752,-0.2012904733,1
289,50,0.004216909409,-0.08156496286,1
289,58,0.2398608029,-0.02798903733,1
289,66,0.258092463,0.0331492871,1
289,74,0.1239303574,0.03936993331,1
289,82,0.04143657163,0.04940511659,1
289,90,0.06001219898,0.0329314135,1
289,98,-0.08969435096,0.3388218284,1
289,106,-0.06361927092,0.01171115041,1
289,114,-0.01647233963,0.01061812043,1
289,122,-0.07979378849,-0.02269240469,1
289,130,-0.015725784,-0.1522828043,1
289,138,-0.02617358789,-0.1061371416,1
289,146,-0.05268281698,0.01391345263,1
289,154,-0.004585463554,-0.2128791809,1
289,162,-0.06224772334,-0.1840126067,1
289,170,0.0757843107,-0.03580352664,1
297,10,0.08404703438,-0.3448079526,1
297,18,0.1447343528,-0.1940657198,1
297,26,0.1258001328,-0.0972694084,1
297,34,-0.04887633771,-0.121819593,1
297,42,-0.07599643618,-0.149568975,1
297,50,0.04317589849,-0.02529711649,1
297,58,0.2849876881,0.06640642881,1
297,66,0.2869802713,0.01454600692,1
297,74,0.1014457643,0.04017294571,1
297,82,0.04440617934,-0.2098037899,1
297,90,0.01167886704,0.06598691642,1
297,98,-0.02610421553,0.2590812147,1
297,106,-0.1421738565,0.03996410593,1
297,114,-0.06326650083,0.03352960199,1
297,122,-0.05060651898,-0.1146273687,1
297,130,-0.115444459,-0.1265316904,1
297,138,-0.01505083591,-0.03837488219,1
297,146,-0.02295918763,-0.00565700233,1
297,154,-0.1536498368,-0.2014231086,1
297,162,0.01372827031,-0.1806037724,1
297,170,0.1312645078,-0.004969329573,1
305,10,-0.01994392276,-0.1957428455,1
305,18,0.03745801747,-0.1409964561,1
305,26,-0.03023831546,-0.1455842108,1
305,34,-0.08335739374,-0.04018001258,1
305,42,-0.1263133883,-0.258215189,1
305,50,-0.0852619186,-0.1842625141,1
305,58,0.03814319521,0.01294377819,1
305,66,0.03998599946,0.07435531169,1
305,74,-0.02710790187,0.005550153553,1
305,82,-0.07877621055,-0.1139948964,1
305,90,0.002724871039,0.0411272049,1
305,98,0.03145552427,0.003117062151,1
305,106,-0.03576532379,0.05793810636,1
305,114,0.09219759703,0.09685432911,1
305,122,0.0514854975,-0.06759404391,1
305,130,-0.08126693964,-0.008860713802,1
305,138,-0.03487111628,-0.006332427263,1
305,146,-0.003045484424,-0.06345495582,1
305,154,-0.1228851229,-0.05407135189,1
305,162,-0.07401805371,0.01348055154,1
305,170,0.02264066786,0.1144444495,1
313,10,0.1017615497,-0.08471125364,1
313,18,0.1354424357,-0.1534813941,1
313,26,0.03349933028,-0.0472869426,1
313,34,-0.03001205623,-0.05925413966,1
313,42,-0.1740181148,-0.2656484544,1
313,50,-0.2721630931,-0.1418623626,1
313,58,-0.0309144035,-0.06689792871,1
313,66,0.08036786318,0.04261818156,1
313,74,0.08557932824,0.08405186236,1
313,82,-0.1033894569,0.008224651217,1
313,90,-0.1021191552,0.04055308551,1
313,98,-0.0376868546,-0.03822793439,1
313,106,-0.06986005604,-0.07395091653,1
313,114,-0.00647344254,0.01807105914,1
313,122,-0.01117226575,0.02895875834,1
313,130,-0.02059479803,0.04019531235,1
313,138,-0.01258887537,0.0009188104887,1
313,146,-0.05599948019,0.0115321409,1
313,154,-0.06115196273,-0.006815707311,1
313,162,-0.04259493202,0.1104086041,1
313,170,-0.01380984113,0.1595228463,1
321,10,0.1418548375,-0.143108204,1
321,18,0.1274720579,-0.1445852816,1
321,26,0.1513487995,-0.03543434292,1
321,34,0.09785638005,-0.1718176603,1
321,42,0.06724079698,-0.2713162303,1
321,50,-0.00649741292,-0.08838389814,1
321,58,-0.09422886372,-0.05854580551,1
321,66,-0.008255496621,-0.003413531929,1
321,74,0.08549990505,0.1072790772,1
321,82,-0.005796711892,0.08478215337,1
321,90,-0.06122031435,0.1227970943,1
321,98,-0.01749995723,-0.007993560284,1
321,106,-0.01873182133,-0.06964719296,1
321,114,-0.02825793624,-0.0178627409,1
321,122,0.01857725531,0.03705448657,1
321,130,0.1332113892,0.07037118077,1
321,138,-0.03531331569,0.0110907387,1
321,146,-0.07638597488,0.04876029491,1
321,154,0.02284211293,-0.04094384238,1
321,162,0.07508347929,0.1467391849,1
321,170,0.07365271449,0.2360307574,1
329,10,-0.008538484573,-0.08716849983,1
329,18,0.01396117732,-0.103111878,1
329,26,0.007336422801,-0.1206508204,1
329,34,-0.07236820459,-0.1212149411,1
329,42,-0.04480397701,-0.1394508481,1
329,50,-0.02476909384,-0.1320899129,1
329,58,-0.08996213228,-0.1011887491,1
329,66,-0.02908871323,-0.04121339694,1
329,74,-0.03950179741,0.07293078303,1
329,82,-0.1532560438,0.09837082773,1
329,90,-0.1691883206,0.1321936399,1
329,98,-0.04844846949,0.03166978434,1
329,106,0.004783593118,-0.01271205954,1
329,114,-0.02529312111,-0.01022204664,1
329,122,0.02745255642,0.06222509593,1
329,130,-0.04976855963,-0.03907683492,1
329,138,-0.1218495965,-0.1681669354,1
329,146,-0.06536947191,-0.04442109168,1
329,154,-0.007000414655,-0.01803681068,1
329,162,0.03173747659,0.1724865437,1
329,170,0.05424740538,0.3211785257,1
337,10,0.002894110978,-0.09631444514,1
337,18,0.08154724538,-0.06125641614,1
337,26,-0.03264946118,-0.06636004895,1
337,34,-0.05058755726,0.02301158011,1
337,42,-0.02546851151,-0.08784974366,1
337,50,-0.07489639521,-0.04563337564,1
337,58,-0.1056970209,-0.02258825861,1
337,66,-0.04130525142,-0.01292818598,1
337,74,-0.07497647405,0.08016369492,1
337,82,-0.01890854165,0.1782129258,1
337,90,0.002946157008,0.1026856154,1
337,98,-0.08313010633,-0.08344227076,1
337,106,-0.06635768712,-0.1146897897,1
337,114,-0.02962803841,-0.02636487409,1
337,122,0.02784582227,-0.1264719665,1
337,130,-0.03511289507,-0.1480862796,1
337,138,-0.1327993423,-0.2395399809,1
337,146,0.008157372475,-0.05193725973,1
337,154,0.2575794756,0.09931872785,1
337,162,0.01392801106,0.1198341101,1
337,170,-0.06656353921,0.3384327292,1
345,10,-0.03616307676,-0.05244797468,1
345,18,0.06084545702,-0.07364350557,1
345,26,-0.2026497722,0.02882835269,1
345,34,0.1246950254,0.117901355,1
345,42,0.06686975807,-0.1088912785,1
345,50,-0.117252335,0.08144418895,1
345,58,-0.0282291621,0.1627243012,1
345,66,-0.06238868833,0.06083898991,1
345,74,-0.09206463397,-0.002003449947,1
345,82,0.004538111389,0.1695529222,1
345,90,-0.1415135711,0.2361322939,1
345,98,-0.2370023727,-0.1422616094,1
345,106,-0.1425712109,-0.2491526157,1
345,114,-0.01325149834,-0.03568953276,1
345,122,-0.07113194466,-0.184052676,1
345,130,-0.05513846129,-0.0009949058294,1
345,138,0.1862506121,-0.01934837177,1
345,146,0.1777218729,0.0530770272,1
345,154,0.1909015179,0.1262564957,1
345,162,0.08669394255,0.1876960993,1
345,170,-0.0834704116,0.2904469967,1
353,10,0.03670183569,0.1329259723,1
353,18,0.06453233957,-0.1329508126,1
353,26,0.08053907752,-0.01399695873,1
353,34,0.196488589,0.1237612888,1
353,42,0.02056924812,0.03548672795,1
353,50,-0.114996247,0.09036070108,1
353,58,0.09466984868,0.1786891818,1
353,66,0.2436280102,0.0521030724,1
353,74,0.1573500037,-0.1087934002,1
353,82,-0.03329283372,0.1060515121,1
353,90,-0.1934440136,0.1606092453,1
353,98,-0.2699090838,-0.1195159107,1
353,106,-0.1865507364,-0.264597863,1
353,114,-0.09160605073,-0.04041801393,1
353,122,-0.128675133,-0.06794321537,1
353,130,-0.09177337587,0.05712139979,1
353,138,0.1183441132,0.05420630425,1
353,146,0.1231513098,-0.0229238309,1
353,154,0.1038357466,0.009569883347,1
353,162,0.05759160966,0.1109407991,1
353,170,-0.1226750016,0.2076120079,1
361,10,0.1044329405,0.1027840972,1
361,18,-0.1439717114,0.03170646727,1
361,26,-0.001687064767,0.02333006263,1
361,34,-0.004338573664,-0.00932700932,1
361,42,-0.1081563458,0.1290905476,1
361,50,-0.0402645506,0.09383412451,1
361,58,0.03782007843,0.06111320853,1
361,66,0.1261032522,0.04174021631,1
361,74,0.1488351524,-0.02884452045,1
361,82,0.0655830726,0.1828914285,1
361,90,-0.1018872559,0.08689346164,1
361,98,-0.2315918356,-0.0879374519,1
361,106,-0.3666524291,-0.09751475602,1
361,114,-0.1291389614,0.01384603232,1
361,122,-0.04281779006,-0.006937943399,1
361,130,-0.005046128761,0.009892046452,1
361,138,0.2148519009,0.0323830843,1
361,146,0.2214700133,-0.06133066863,1
361,154,0.1330624223,-0.06891980767,1
361,162,0.1045731232,-0.003061750904,1
361,170,-0.03919690847,0.1121591777,1
369,10,0.1601775587,-0.1176448017,1
369,18,0.1443307102,-0.01524486765,1
369,26,0.3010340929,0.02058341354,1
369,34,0.25703457,0.08509765565,1
369,42,0.06224246696,0.1630065143,1
369,50,0.03703965992,0.2278291881,1
369,58,0.007044933736,0.03514052927,1
369,66,0.003944300115,0.01652096212,1
369,74,0.09014315158,-0.01975890249,1
369,82,0.1453410387,0.1968986541,1
369,90,0.004452187568,0.20595029,1
369,98,-0.1434560567,-0.01997474581,1
369,106,-0.2971349359,0.03110441193,1
369,114,-0.1239167303,0.04860214144,1
369,122,-0.06064320728,-0.03402268142,1
369,130,-0.02505388856,-0.0366380848,1
369,138,0.08559525758,-0.02844218165,1
369,146,0.06677635014,0.00102955848,1
369,154,0.1072356105,-0.05950266495,1
369,162,0.1144883037,-0.003251090646,1
369,170,0.1201341897,0.04055634886,1
377,10,0.07239241898,-0.09523259103,1
377,18,0.1258479059,-0.02733327821,1
377,26,0.1196086556,0.006143404171,1
377,34,0.06151848659,0.05306699127,1
377,42,0.0376101248,0.1354319453,1
377,50,0.0529178679,0.2476953566,1
377,58,-0.1269475818,0.03838686645,1
377,66,-0.2196482718,-0.03303850442,1
377,74,-0.3583675921,-0.06490318477,1
377,82,0.007377882488,0.004380442202,1
377,90,0.05868705735,0.02759991027,1
377,98,-0.174962908,-0.08094982058,1
377,106,0.03373558447,0.0477478765,1
377,114,0.1474900842,0.08760567009,1
377,122,0.2416208386,0.00706827268,1
377,130,0.1515874118,-0.09014175087,1
377,138,0.08275268227,-0.1115313321,1
377,146,-0.01047065854,-0.0651724115,1
377,154,0.08499225974,-0.05603311583,1
377,162,0.05529694259,-0.009089842439,1
377,170,0.07578613609,-0.02981616557,1
385,10,0.03455719352,0.06811213493,1
385,18,0.06937709451,0.06635541469,1
385,26,0.04637700319,0.08604039997,1
385,34,0.0556288138,-0.09104470909,1
385,42,-0.04840361327,-0.07629351318,1
385,50,0.05247817934,0.03866338357,1
385,58,-0.09564572573,-0.1109308228,1
385,66,-0.0362034142,-0.100415051,1
385,74,-0.01708757132,-0.03389147669,1
385,82,0.03869987279,-0.108214356,1
385,90,0.04471469298,-0.08086004108,1
385,98,-0.02892902121,0.02177424356,1
385,106,0.1681881994,0.0417881906,1
385,114,0.2709237039,0.02801997587,1
385,122,0.03925512731,0.07525513321,1
385,130,0.08880255371,-0.07431412488,1
385,138,0.09311386198,-0.1190183833,1
385,146,-0.04769098014,-0.03184906393,1
385,154,-0.03079684079,-0.04162064195,1
385,162,0.05777930096,-0.04567138106,1
385,170,0.1658673882,0.005802080035,1
393,10,0.08818949759,0.0129045099,1
393,18,0.2162798494,0.02364177629,1
393,26,0.1587007344,0.03049232624,1
393,34,0.02804896235,0.04087685794,1
393,42,-0.02274772525,-0.03377506882,1
393,50,-0.05084748566,0.0324392654,1
393,58,-0.1145087928,-0.01997028105,1
393,66,-0.04075081646,0.07383993268,1
393,74,-0.0486574322,-0.02757465839,1
393,82,-0.167670235,-0.06259014457,1
393,90,0.03791336343,-0.004248600453,1
393,98,0.1756517291,0.06412051618,1
393,106,0.1102869511,-0.02684597671,1
393,114,0.1882733107,-0.1166704595,1
393,122,0.3305253386,-0.107484892,1
393,130,0.1633827686,-0.09029339999,1
393,138,0.07078848779,-0.03966449946,1
393,146,0.08216898143,0.003512814641,1
393,154,-0.01964089647,0.02219882235,1
393,162,0.01986190863,0.02702941932,1
393,170,0.09923395514,0.03804276884,1
401,10,0.1113993973,-0.06338179111,1
401,18,0.1658188254,-0.125657931,1
401,26,0.1459386796,-0.05472886935,1
401,34,0.02700085565,0.1058716476,1
401,42,-0.034744367,0.1523782611,1
401,50,-0.01207507402,0.1312774271,1
401,58,-0.07513136417,0.1452349722,1
401,66,-0.06594390422,0.1390927136,1
401,74,0.01651597768,-0.07765886188,1
401,82,-0.1733985394,-0.01950217411,1
401,90,0.06180114299,0.006301963702,1
401,98,0.1119489372,0.03303890675,1
401,106,-0.01471215487,-0.009870298207,1
401,114,0.1417118013,-0.07189365476,1
401,122,0.2487198263,-0.1847183406,1
401,130,0.1825054288,-0.1293165684,1
401,138,0.09333710372,-0.01237414777,1
401,146,0.21044828,0.015205957,1
401,154,0.02934471704,0.006438078359,1
401,162,0.03826222941,0.07199378312,1
401,170,0.06896354258,0.0340705514,1
409,10,-0.0368899852,0.08849142492,1
409,18,-0.1584835351,-0.0121717155,1
409,26,0.02944751084,-0.01398649812,1
409,34,0.0910962522,-0.01927956939,1
409,42,-0.001542737707,0.07636379451,1
409,50,0.004879206419,0.09284383059,1
409,58,0.02109834552,0.08585608751,1
409,66,-0.08667951077,0.03538284823,1
409,74,0.03225829452,-0.08298429102,1
409,82,0.100797154,-0.1539583504,1
409,90,-0.008426941931,-0.05539508909,1
409,98,-0.03273631632,-0.04501184821,1
409,106,0.01674307138,-0.04531349242,1
409,114,0.04433713853,-0.004047110677,1
409,122,0.2261487544,-0.05286900699,1
409,130,0.1929461956,-0.124298647,1
409,138,0.1717604548,-0.08100097626,1
409,146,0.1538194269,0.06519437581,1
409,154,0.1168311536,0.04435034096,1
409,162,0.08841802925,0.02666105703,1
409,170,-0.02159059048,-0.00718113035,1
417,10,-0.4065729976,-0.01198067889,1
417,18,-0.2554748356,0.1582608819,1
417,26,-0.1187740415,0.1744965166,1
417,34,-0.05754424632,-0.0190294683,1
417,42,-0.0930910632,0.090756841,1
417,50,-0.04094930738,0.03390667588,1
417,58,-0.004887953401,0.09040170908,1
417,66,0.255091399,0.09144367278,1
417,74,0.2732869983,0.03146861494,1
417,82,0.190656215,-0.1072980613,1
417,90,0.1209278852,-0.1344178915,1
417,98,-0.08463840932,-0.1600420177,1
417,106,-0.1154934019,-0.04774886742,1
417,114,-0.1647183001,-0.0007138198707,1
417,122,-0.2368253917,0.1521231234,1
417,130,0.04746422172,-0.07138232142,1
417,138,0.1807687581,-0.1102051586,1
417,146,0.2700124979,-0.01262817532,1
417,154,0.3632042408,0.01078216732,1
417,162,0.1415337622,-0.06227457523,1
417,170,-0.0340821743,0.22342664,1
