PIVlab, ASCII chart output - 02-Aug-2025
FRAME: 38, filenames: A:[38]FullStack_Pos0035_TgUtrmcherry_K4K8MO-1.avi & B:[39]FullStack_Pos0035_TgUtrmcherry_K4K8MO-1.avi, conversion factor xy (px -> m): 1, conversion factor uv (px/frame -> m/s): 1
x [px],y [px],u [px/frame],v [px/frame],Vector type [-]
9,10,-0.08631469309,-0.09539035708,1
9,18,0.07266888022,-0.1839237511,1
9,26,0.1244016886,-0.206605643,1
9,34,0.1710316539,-0.2171447277,1
9,42,0.1693602055,-0.1723151654,1
9,50,0.140451178,-0.09500385076,1
9,58,0.1412399113,-0.09310226142,1
9,66,0.05262157321,-0.1351864338,1
9,74,0.01214183867,0.1321993917,1
9,82,0.02635511756,0.0910165906,1
9,90,0.001299411058,-0.03750404716,1
9,98,-0.04535862803,-0.00731959939,1
9,106,-0.0433319211,0.1406676024,1
9,114,-0.05820576102,0.03802158684,1
9,122,0.01845684648,-0.2093560398,1
9,130,0.06214436516,-0.1054308936,1
9,138,0.06783467531,-0.04262147099,1
9,146,0.1838880181,0.1060544252,1
9,154,0.1478128731,0.1451061219,1
9,162,0.1623801589,-0.06705184281,1
9,170,-0.08167268336,-0.4908131659,1
17,10,0.1350007951,-0.05762989074,1
17,18,0.04386767,0.007001809776,1
17,26,-0.07841254026,-0.157541573,1
17,34,-0.06765067577,-0.121614337,1
17,42,-0.04117840156,-0.04865505546,1
17,50,0.1114482284,0.03446858749,1
17,58,0.1442730278,-0.07804508507,1
17,66,-0.02802652866,-0.2496713102,1
17,74,0.0596434325,0.04599539191,1
17,82,0.07800134271,0.08523087204,1
17,90,0.04134556651,0.1205358878,1
17,98,0.08683086932,0.03734722733,1
17,106,0.09091675282,0.09957947582,1
17,114,0.08382012695,0.04609660432,1
17,122,0.1186915934,-0.1692635268,1
17,130,0.05528544635,-0.03246679157,1
17,138,0.07086534798,-0.05933228508,1
17,146,0.1627483517,-0.005694188178,1
17,154,0.1590444744,-0.006384361535,1
17,162,0.06088797748,-0.1734035611,1
17,170,-0.105922997,-0.3134958744,1
25,10,0.2018294185,0.1236981452,1
25,18,-0.0769251734,0.07202124596,1
25,26,-0.248567462,-0.06548075378,1
25,34,-0.1265704483,-0.04875748232,1
25,42,0.00672548078,0.01273503713,1
25,50,0.04402596131,0.02782083303,1
25,58,0.04048029706,0.01805686206,1
25,66,-0.005532357842,-0.02733114548,1
25,74,0.01277704723,-0.07425301522,1
25,82,-0.03827430308,-0.02311654016,1
25,90,-0.08157957345,0.08289809525,1
25,98,0.04724464566,-0.01405748539,1
25,106,0.1749872267,0.04012779146,1
25,114,0.03117454797,0.07967882603,1
25,122,0.01816508919,0.09515152872,1
25,130,0.09269752353,-0.05157078058,1
25,138,0.133099094,-0.1123501286,1
25,146,0.1191260368,-0.1008907557,1
25,154,0.08397939801,-0.1076038703,1
25,162,-0.04541055858,-0.1901219934,1
25,170,-0.08571726084,-0.08978867531,1
33,10,0.01477411389,0.1371592432,1
33,18,-0.1216223985,0.0975394696,1
33,26,-0.1418907642,0.002833735198,1
33,34,0.1110725999,-0.1365052313,1
33,42,0.1368480325,-0.02515358105,1
33,50,0.05212815851,-0.06584273279,1
33,58,0.08958942443,0.01444097608,1
33,66,0.07604919374,0.03542924672,1
33,74,-0.09311598539,-0.05298904702,1
33,82,-0.1627707332,-0.1145871952,1
33,90,-0.123875998,-0.1049396396,1
33,98,-0.002586791292,-0.04383403808,1
33,106,0.03461713716,0.04138607532,1
33,114,0.05200586841,0.1334459186,1
33,122,0.06863920391,0.02232874557,1
33,130,0.1101906151,-0.077484034,1
33,138,0.1129625961,-0.1015532389,1
33,146,0.08217802644,-0.1487281322,1
33,154,0.02477949485,-0.1169738919,1
33,162,-0.1126636863,-0.06065838039,1
33,170,-0.1764107645,-0.007983386517,1
41,10,-0.1835688502,0.09658040106,1
41,18,-0.2259220779,0.09410515428,1
41,26,-0.1918139458,-0.04121758416,1
41,34,-0.1392856836,-0.2473713309,1
41,42,0.002629687078,0.004820622504,1
41,50,0.03780075908,0.02148772031,1
41,58,0.02860871702,-0.003413325176,1
41,66,-0.01212167926,-0.02434771135,1
41,74,-0.1376771033,0.02154156007,1
41,82,-0.1362303197,-0.04733226448,1
41,90,0.05197056755,-0.02626841702,1
41,98,-0.0378459841,-0.007860584185,1
41,106,-0.07062661648,-0.04828218371,1
41,114,0.1169942617,0.1745076776,1
41,122,0.1936350465,0.02797021158,1
41,130,0.1527971327,-0.03245886415,1
41,138,0.0547593683,-0.03342635185,1
41,146,0.01131808758,-0.1122327074,1
41,154,-0.03640371189,-0.1918581128,1
41,162,-0.1007074788,-0.04871925712,1
41,170,-0.03356769681,-0.01679943129,1
49,10,-0.1969289184,0.100804463,1
49,18,-0.08796126395,0.04933588207,1
49,26,0.1059776396,-0.08255693316,1
49,34,0.07842366397,-0.1937873065,1
49,42,0.05926578119,-0.1584120393,1
49,50,-0.03577880561,0.06230716407,1
49,58,-0.04813749343,0.06546867639,1
49,66,0.05621664971,0.04462048784,1
49,74,-0.04005089402,0.08941528201,1
49,82,-0.1189869195,0.0680385232,1
49,90,0.07596606016,0.07593645155,1
49,98,0.0543230027,0.05867046118,1
49,106,-0.01158919372,0.02670925483,1
49,114,-0.01904330961,0.09079986811,1
49,122,0.05029338226,0.08917939663,1
49,130,0.1267174482,0.06189481169,1
49,138,0.1216036007,0.01723601297,1
49,146,0.1087407023,-0.05963544548,1
49,154,0.09382301569,-0.1296262741,1
49,162,0.002647861838,-0.1137871742,1
49,170,0.1135373488,-0.01635694876,1
57,10,-0.2713236809,0.04367345572,1
57,18,-0.04475740716,0.03691160306,1
57,26,0.05533318222,-0.06982515752,1
57,34,0.002039000392,0.001947440207,1
57,42,-0.001186141744,-0.04328958318,1
57,50,-0.06566485763,-0.1411308795,1
57,58,-0.1094430983,0.07145538926,1
57,66,-0.02334410511,0.0146483779,1
57,74,0.02147758752,0.08511546254,1
57,82,-0.02500151284,0.1309324652,1
57,90,0.02852377668,0.08189675212,1
57,98,0.04790836945,0.07686124742,1
57,106,-0.0009413121734,0.1258336008,1
57,114,-0.02154105529,0.01970234886,1
57,122,0.01842989773,0.01424800977,1
57,130,0.08441130072,0.01761813089,1
57,138,0.1222804263,-0.03932646662,1
57,146,0.1901360899,0.07018680871,1
57,154,0.2030542791,0.07302135974,1
57,162,0.1595584303,-0.03403047472,1
57,170,0.1761538982,0.0198963061,1
65,10,-0.06794923544,0.004500873387,1
65,18,-0.09855348617,0.03745218739,1
65,26,0.1095281094,-0.01606031507,1
65,34,0.06155190989,0.1206060201,1
65,42,-0.02577712573,0.0342955403,1
65,50,0.02194960788,0.02390389889,1
65,58,-0.01259513386,0.2011086494,1
65,66,-0.08188897371,0.1158922911,1
65,74,0.006195742637,0.1393937469,1
65,82,-0.03347251937,0.1399466693,1
65,90,-0.02623220906,0.145500496,1
65,98,-0.03694140166,0.07706760615,1
65,106,-0.07745614648,-0.007678449154,1
65,114,0.01473749429,0.0109131299,1
65,122,0.04203319177,0.0004170238972,1
65,130,-0.02560335398,0.001231946051,1
65,138,0.03730259091,0.004561454058,1
65,146,0.122785449,0.1056076735,1
65,154,0.1265037358,0.1903145015,1
65,162,0.1388696432,0.05305592716,1
65,170,0.158575654,-0.0180263184,1
73,10,-0.04326642305,0.02828650549,1
73,18,-0.07735878229,0.01123645343,1
73,26,-0.08553805947,0.09120610356,1
73,34,-0.1339919567,0.1075027883,1
73,42,-0.1718380004,0.0989195928,1
73,50,-0.0619109869,0.2618891001,1
73,58,0.1623075008,0.1800941825,1
73,66,0.02882442251,0.222846061,1
73,74,-0.04882575572,0.1619759053,1
73,82,-0.0825997442,0.1691004932,1
73,90,-0.02434040233,0.3116036952,1
73,98,0.1794972718,-0.03669080883,1
73,106,0.1359104514,-0.09330780804,1
73,114,-0.02886340208,-0.04352284223,1
73,122,-0.0233778283,0.03815769404,1
73,130,0.003077492118,0.1239704266,1
73,138,-0.02881328389,0.1736302972,1
73,146,-0.0304832831,0.01417861879,1
73,154,-0.02213270962,0.106406644,1
73,162,0.06482437253,0.07144205272,1
73,170,-0.04805963486,-0.06659804285,1
81,10,-0.05246885866,0.02435042895,1
81,18,-0.1616651416,0.1422662735,1
81,26,-0.1988947242,0.2772578001,1
81,34,-0.0158765465,0.1657900512,1
81,42,-0.0338743031,0.2272990942,1
81,50,-0.04911832139,0.2096043974,1
81,58,0.05353726447,0.07916925848,1
81,66,0.05478738248,0.02866413444,1
81,74,-0.04140841216,0.03258001432,1
81,82,-0.1493550539,0.1101759374,1
81,90,-0.002370975912,0.1345383823,1
81,98,0.1474804282,-0.06396377087,1
81,106,0.1213843822,-0.0878457576,1
81,114,0.08369497955,0.005203969777,1
81,122,-0.01169805974,0.03198337555,1
81,130,0.1034152433,0.1007405221,1
81,138,0.1209549308,0.1399162114,1
81,146,0.002570625395,0.0352935642,1
81,154,-0.02522554621,-0.01924477518,1
81,162,0.0595478341,-0.08268669248,1
81,170,0.01273792237,-0.01931129768,1
89,10,-0.1022795886,0.1412839592,1
89,18,-0.1594697833,0.196087718,1
89,26,0.01715309545,0.1627667546,1
89,34,0.08323385566,0.1393243074,1
89,42,0.04455216601,0.2059108317,1
89,50,0.07657782733,0.1064960882,1
89,58,0.07116938382,0.03183734417,1
89,66,0.125316143,-0.08402524889,1
89,74,0.08245315403,-0.2027373612,1
89,82,-0.001237016171,-0.02588548511,1
89,90,0.01050841063,0.2258038521,1
89,98,-0.01284162328,0.03581990302,1
89,106,0.08954188973,-0.08457541466,1
89,114,0.04247491807,0.02948263288,1
89,122,0.0115528293,-0.03714387864,1
89,130,0.1221416295,-0.0244323872,1
89,138,0.09182870388,0.01130578667,1
89,146,-0.01663042232,-0.03568064421,1
89,154,-0.04616326466,-0.0776566714,1
89,162,-0.002444727346,-0.1827243268,1
89,170,-0.001978114247,0.05044142902,1
97,10,0.03426491469,0.1238927096,1
97,18,0.05389152095,0.2324910164,1
97,26,0.03512667865,0.2110427022,1
97,34,-0.01070040278,0.2009803355,1
97,42,-0.05524218455,0.1776503026,1
97,50,0.03767892346,-0.007302097976,1
97,58,0.05875648186,-0.1432978362,1
97,66,0.1268805712,-0.1559057832,1
97,74,0.163210839,-0.1301764548,1
97,82,0.02638738602,-0.03342542052,1
97,90,-0.1012796164,0.2437810302,1
97,98,-0.01899163425,0.06478260458,1
97,106,0.02545311302,-0.1527920961,1
97,114,-0.05060673878,-0.1985277683,1
97,122,-0.02261843905,-0.1002573669,1
97,130,0.1177249104,-0.1229229793,1
97,138,0.123602204,-0.02558651567,1
97,146,0.001446876675,-0.05740591139,1
97,154,-0.0007057487965,-0.1030506939,1
97,162,0.1996761411,-0.04536695778,1
97,170,0.1212396249,0.1323591471,1
105,10,0.1591907442,0.01694232412,1
105,18,0.04942064732,0.2718419433,1
105,26,-0.02688997984,0.2502596974,1
105,34,-0.04534063488,0.2776853144,1
105,42,-0.02028242499,0.1824084669,1
105,50,0.01757708564,0.01998800039,1
105,58,0.1218144298,-0.1036586761,1
105,66,0.1454781443,-0.05740447342,1
105,74,0.09755054116,-0.05524304509,1
105,82,0.1659150869,-0.01980679855,1
105,90,0.1665910333,0.1766913831,1
105,98,0.1913766712,0.09311205149,1
105,106,0.04574307799,-0.1145300046,1
105,114,-0.01215561107,-0.38292858,1
105,122,-0.05783509836,-0.01883903518,1
105,130,-0.02179178596,-0.09010319412,1
105,138,0.2238661945,0.007211707532,1
105,146,0.1134141833,0.02323925495,1
105,154,0.04190374911,-0.1101660579,1
105,162,0.1310795844,-0.006079233252,1
105,170,0.1167487279,0.1763260067,1
113,10,-0.09312340617,0.08687463403,1
113,18,-0.02461952716,0.09719732404,1
113,26,0.03447806835,0.1728270948,1
113,34,0.070163019,0.2430252284,1
113,42,0.133984521,0.1794100702,1
113,50,0.1365749985,0.05533832312,1
113,58,0.1001763791,-0.04373404756,1
113,66,0.09564846754,0.02763699368,1
113,74,0.09055612981,-0.03301681951,1
113,82,0.09476566315,0.02054483816,1
113,90,0.01863963529,0.2028352916,1
113,98,0.005037777126,0.08751288056,1
113,106,0.1060964316,-0.1016161889,1
113,114,0.07725863159,-0.2589013875,1
113,122,-0.0122870924,0.01172473282,1
113,130,-0.06320330501,-0.09478046,1
113,138,-0.02939445339,0.02780888788,1
113,146,0.07879166305,0.0303946808,1
113,154,0.1188899726,-0.05339184031,1
113,162,0.1895252317,0.002739937976,1
113,170,0.1400230974,0.115640983,1
121,10,-0.2052126229,0.05457583815,1
121,18,-0.008937144652,0.05900293589,1
121,26,-0.07889413834,0.2048188448,1
121,34,-0.09028776735,0.3208774328,1
121,42,0.1964965463,0.1810495853,1
121,50,0.3307848871,0.04737377167,1
121,58,0.18440108,0.07346256077,1
121,66,0.08904586732,0.1126414835,1
121,74,0.08554648608,0.04019145668,1
121,82,0.1026060432,0.08167054504,1
121,90,-0.02972037345,0.09879006445,1
121,98,-0.1834241301,0.01249479875,1
121,106,-0.04101908952,-0.03025830723,1
121,114,0.09398840368,-0.1615852416,1
121,122,0.1352079362,-0.04655569047,1
121,130,0.07930914313,-0.0193255078,1
121,138,-0.08068095148,0.00570259057,1
121,146,-0.07510238141,-0.03440988064,1
121,154,-0.03138425574,0.08774972707,1
121,162,0.04254353791,0.1143750697,1
121,170,0.1179791167,0.01938931085,1
129,10,0.0422038883,0.01132062078,1
129,18,-0.03533983231,0.04800717533,1
129,26,-0.05344057828,0.2063202858,1
129,34,0.1009788811,0.2499912083,1
129,42,0.2617504299,-0.001327171922,1
129,50,0.2135879099,0.09204243124,1
129,58,0.2157380879,0.1631682962,1
129,66,0.2103477567,0.1963002384,1
129,74,0.09867825359,0.2688753605,1
129,82,0.03062795103,0.09269332886,1
129,90,-0.002125326544,0.03878544271,1
129,98,-0.025459636,0.02700717747,1
129,106,-0.001125745475,0.0743085444,1
129,114,0.08467347175,-0.09592983127,1
129,122,0.1117057502,-0.1680082679,1
129,130,0.02682021633,-0.1127012819,1
129,138,-0.04309270531,0.03332746029,1
129,146,-0.009557511657,0.09649607539,1
129,154,-0.1110561565,0.09470254928,1
129,162,-0.1526208669,0.05339987576,1
129,170,0.02132749557,-0.06619271636,1
137,10,0.07920704037,0.1613595635,1
137,18,-0.02687545493,0.1269945502,1
137,26,-0.1326245964,0.1907967776,1
137,34,0.03770907968,0.1209301874,1
137,42,0.06587673724,-0.05993704498,1
137,50,-0.01808919013,0.1108771116,1
137,58,0.07464735955,0.1320598572,1
137,66,0.2051872164,0.1735796928,1
137,74,0.1219189689,0.183241412,1
137,82,0.07671535015,0.1303421706,1
137,90,-0.02023252472,0.06451462209,1
137,98,-0.05824348703,0.1009689495,1
137,106,0.06211628765,0.05897309259,1
137,114,0.157278955,0.003980540205,1
137,122,0.09357084334,-0.03613940626,1
137,130,-0.1354555786,-0.0738004148,1
137,138,-0.1040481627,0.06925775111,1
137,146,-0.006088588387,0.1014002264,1
137,154,-0.08533074707,0.06691585481,1
137,162,-0.05936067551,0.000894330442,1
137,170,0.03879733384,-0.1227356642,1
145,10,0.09867940098,0.2204810232,1
145,18,-0.009992076084,0.2940315902,1
145,26,-0.09125544131,0.2510888875,1
145,34,-0.0766928643,0.2172072232,1
145,42,-0.1375687122,0.2413417101,1
145,50,-0.02118001878,0.1568923295,1
145,58,0.06313855201,0.06045729667,1
145,66,0.08953414112,0.1390179247,1
145,74,0.0507851541,0.2290189862,1
145,82,-0.005821332335,0.1870293915,1
145,90,0.08002179861,0.1565157175,1
145,98,0.06549960375,0.1774244308,1
145,106,0.07415798306,0.06948617101,1
145,114,0.134807542,0.06051705778,1
145,122,0.0875769183,-0.01406137086,1
145,130,-0.1132335737,0.001460863277,1
145,138,-0.1385912597,-0.01854122803,1
145,146,-0.04642847553,0.0100630112,1
145,154,-0.01369737461,0.02489023656,1
145,162,0.05742158741,0.03547083214,1
145,170,-3.969669342e-05,-0.00222986564,1
153,10,-0.002517243847,0.09440919757,1
153,18,-0.2070176452,0.3008291125,1
153,26,-0.1510675848,0.2474234998,1
153,34,0.08784499019,0.07912325859,1
153,42,0.129702732,0.2028097957,1
153,50,0.1505491436,0.03918993473,1
153,58,0.1324374378,0.02035200968,1
153,66,0.08626869321,0.104458347,1
153,74,-0.01092125475,0.3095708191,1
153,82,-0.0434073396,0.2838889956,1
153,90,0.1043487787,0.232065782,1
153,98,0.195204854,0.1604350656,1
153,106,0.1589241922,0.1078944579,1
153,114,-0.01212150604,0.007543115877,1
153,122,-0.0324485898,-0.02196083963,1
153,130,0.02352265269,-0.01749006286,1
153,138,-0.01260123402,-0.08562426269,1
153,146,0.08493540436,-0.04780571163,1
153,154,0.2133503705,-0.100703612,1
153,162,0.161407724,-0.007738620043,1
153,170,-0.1344605684,0.1558351964,1
161,10,-0.01272209734,-0.0271634832,1
161,18,-0.03240206838,0.1809110343,1
161,26,0.02238232642,0.1903748214,1
161,34,0.1307908595,0.08590225875,1
161,42,0.08450810611,0.08262848854,1
161,50,0.0920163393,0.003034194,1
161,58,0.07876124233,0.07159965485,1
161,66,0.06385539472,0.06223443151,1
161,74,0.03301488608,0.2468703985,1
161,82,-0.01908025146,0.213023454,1
161,90,8.866935968e-05,0.1458552182,1
161,98,0.08959531784,0.0618147999,1
161,106,0.2016411424,0.001556731761,1
161,114,0.07674500346,-0.01094821375,1
161,122,-0.06968266517,0.04737319797,1
161,130,-0.1054407954,0.06164775789,1
161,138,-0.2179392427,-0.01495059207,1
161,146,-0.04181434587,-0.1032657325,1
161,154,0.1601523608,-0.1772619188,1
161,162,0.1606054902,-0.02461270615,1
161,170,-0.1424803436,0.0999301374,1
169,10,-0.0765799135,-0.09823334962,1
169,18,0.2138627023,0.1230348945,1
169,26,0.3327863216,0.2132688463,1
169,34,0.3347763419,0.1771604717,1
169,42,0.2344507277,0.1538116336,1
169,50,0.1464296281,0.04187236726,1
169,58,0.1314468682,0.08191637695,1
169,66,0.1438540518,0.1263981164,1
169,74,0.09737320989,0.1418476105,1
169,82,0.1318180412,0.1291871369,1
169,90,0.09946455806,0.02429459244,1
169,98,0.02309171855,-0.02407157049,1
169,106,0.1430290788,-0.04971594363,1
169,114,0.1057094857,0.09360282123,1
169,122,0.02238381468,0.1063960642,1
169,130,-0.04111367464,0.007379991934,1
169,138,-0.1504003853,-0.09657880664,1
169,146,-0.1154569164,-0.1178375185,1
169,154,0.05835415423,-0.1954971254,1
169,162,0.0730810836,-0.04936427623,1
169,170,-0.108489491,0.09703880548,1
177,10,0.06438906491,-0.01654344797,1
177,18,0.1186011508,0.08245490491,1
177,26,0.1044563502,0.1786316335,1
177,34,0.2264335603,0.07645505667,1
177,42,0.4297428727,0.04717127979,1
177,50,0.3864344358,-0.04358557984,1
177,58,0.2785361111,-0.05938959122,1
177,66,0.04273611307,-0.05161791295,1
177,74,0.02900318801,0.02868449688,1
177,82,0.1887842864,0.1871993095,1
177,90,0.07169680297,0.01050284505,1
177,98,-0.02800744027,-0.001586101949,1
177,106,-0.01635775715,-0.02707649022,1
177,114,-0.006782684475,0.1176877171,1
177,122,-0.002069596201,0.1025123298,1
177,130,-0.05361051112,-0.007935947739,1
177,138,-0.1160826832,-0.1174816266,1
177,146,-0.05464785919,-0.1716509163,1
177,154,-0.01473963261,-0.2111968994,1
177,162,-0.01404880732,-0.1019058526,1
177,170,-0.01164574921,-0.01684172451,1
185,10,0.06733079255,0.1069269627,1
185,18,0.07241258025,0.07128211111,1
185,26,0.06761707366,0.08604568988,1
185,34,0.1142923683,0.06935995817,1
185,42,0.1201687381,0.07101903856,1
185,50,0.1685020924,0.02859250084,1
185,58,0.1534021199,-0.1606797129,1
185,66,-0.0001296401024,-0.1674998701,1
185,74,0.1748436242,0.058143612,1
185,82,0.1348249167,0.1428514123,1
185,90,-0.0682201162,0.1304557323,1
185,98,-0.08786154538,0.06371311843,1
185,106,-0.04763655365,-0.02311626822,1
185,114,0.002430698834,-0.01474856585,1
185,122,0.03376032785,-0.02899129875,1
185,130,0.001989013515,0.003835016862,1
185,138,-0.004490699619,-0.04112382606,1
185,146,-0.03985329345,-0.03932359815,1
185,154,-0.06019533426,-0.1418657452,1
185,162,-0.06576756388,-0.1280455738,1
185,170,0.0734655112,-0.09396708012,1
193,10,-0.1134537682,0.1726912707,1
193,18,-0.006315141916,0.1209833696,1
193,26,0.08653075248,0.01013889909,1
193,34,-0.03707166016,0.1531054378,1
193,42,-0.05535410345,0.1926283538,1
193,50,0.09404086322,0.06892970949,1
193,58,0.1549292803,-0.09742660075,1
193,66,0.14575468,-0.03600655124,1
193,74,0.1976344883,0.09922028333,1
193,82,0.03573025763,-0.02536871284,1
193,90,-0.04572931677,0.181712687,1
193,98,0.07982791215,0.05093915761,1
193,106,-0.03571089357,-0.08503304422,1
193,114,-0.03092727996,-0.1127749011,1
193,122,0.02584424801,-0.07738694549,1
193,130,0.02022414282,-0.01445095241,1
193,138,0.08609939367,-0.002255668864,1
193,146,0.03045368381,0.0255404748,1
193,154,-0.04937169701,-0.09804312885,1
193,162,-0.03685039654,-0.1658768505,1
193,170,0.1364682764,-0.1164800227,1
201,10,-0.02035815455,0.214213267,1
201,18,-0.01894034818,0.1744274646,1
201,26,0.05730895698,0.1485530883,1
201,34,-0.09282186627,0.2506496906,1
201,42,-0.164366141,0.1517293453,1
201,50,0.06607024372,0.02977829427,1
201,58,0.239580512,0.05374859273,1
201,66,0.1118437201,0.06022039801,1
201,74,0.01556281,-0.01512514055,1
201,82,0.07043151557,-0.08984509856,1
201,90,0.1131413653,0.1436817944,1
201,98,-0.03613845259,-0.07496917993,1
201,106,-0.04194223136,-0.2496532202,1
201,114,0.09714573622,-0.1579298824,1
201,122,-0.1541958898,-0.08562456816,1
201,130,-0.1107860357,-0.03825290501,1
201,138,-0.01623122208,0.01092723943,1
201,146,-0.0462048091,-0.08893939853,1
201,154,-0.1043471694,-0.1418784857,1
201,162,-0.07557423413,-0.1488456428,1
201,170,-0.004614030477,-0.2014573365,2
209,10,0.00373229757,0.305364728,1
209,18,-0.02693717368,0.1679899096,1
209,26,0.03405160829,0.2075221092,1
209,34,0.04228977859,0.3298986554,1
209,42,-0.01436172426,0.1052510366,1
209,50,0.05007727072,0.02694854513,1
209,58,0.476724267,0.3545623422,1
209,66,0.2165823132,0.1785348952,1
209,74,0.1917442828,-0.07308097184,1
209,82,0.1585550457,-0.2363776863,1
209,90,0.3597245812,0.2708680928,1
209,98,0.1313191205,0.01620466076,2
209,106,0.1325845867,-0.0977146998,2
209,114,0.3033587933,-0.3222367764,1
209,122,0.187543422,-0.2310982049,1
209,130,-0.1461606324,-0.210016191,1
209,138,-0.1320466697,-0.001474827528,1
209,146,-0.02867786959,-0.1474834681,1
209,154,-0.273037225,-0.03363791853,1
209,162,-0.1708837301,-0.1813829839,2
209,170,-0.07473613322,-0.3390463591,1
217,10,-0.1565307677,0.1645474583,1
217,18,-0.0443764329,0.1149481982,1
217,26,0.02731959522,0.1915121228,1
217,34,0.06581505388,0.1633699834,1
217,42,0.09836337715,0.1373810917,1
217,50,0.1160489544,0.5144911408,1
217,58,0.1266335249,-0.2602529824,1
217,66,0.1299756169,-0.03720513731,1
217,74,0.17741552,-0.02575735003,1
217,82,-0.0130231604,-0.08011662215,1
217,90,-0.05040562153,0.002073891461,1
217,98,0.06910578907,-0.03336557001,1
217,106,0.1376026571,0.1648265272,1
217,114,0.02012349293,0.04304473102,1
217,122,0.03899999708,-0.1906193793,1
217,130,-0.05392426997,-0.1387883127,1
217,138,-0.1154469475,0.07705857605,1
217,146,-0.094671987,-0.1005396247,1
217,154,-0.2563795745,-0.1685613394,1
217,162,-0.2601873279,-0.2040020227,1
217,170,-0.1305218935,-0.1264799535,1
225,10,-0.1541950405,0.08612197638,1
225,18,-0.09620206803,0.05028279126,1
225,26,-0.01847013645,0.124627687,1
225,34,0.05611113086,0.1357658058,1
225,42,-0.06074552238,0.07414943725,1
225,50,-0.06068335474,0.2636907101,1
225,58,-0.08816937357,-0.1018866003,1
225,66,-0.07420077175,0.02119378,1
225,74,0.01967775077,0.09111770242,1
225,82,-0.02207627892,0.1356068105,1
225,90,-0.009919300675,0.1196182147,1
225,98,0.01257403195,0.1032829285,1
225,106,0.01048639417,0.149697125,1
225,114,0.01411548629,0.04012998939,1
225,122,-0.01783307269,-0.1060516164,1
225,130,-0.09187306464,-0.07306365669,1
225,138,-0.1204999983,0.04276351631,1
225,146,-0.09332434833,-0.1126970351,1
225,154,-0.1688759029,-0.09015102684,1
225,162,-0.097186625,-0.132849142,1
225,170,-0.2060387731,-0.1965721846,1
233,10,-0.1176002845,0.1253454089,1
233,18,-0.07731477916,0.1345196962,1
233,26,-0.04655943811,0.09114635736,1
233,34,-0.06901889294,0.09120734781,1
233,42,-0.1755451262,0.03332168609,1
233,50,-0.1491711587,0.1519781947,1
233,58,-0.1275903881,0.1883373111,1
233,66,-0.2340207398,0.08346749842,1
233,74,-0.08815620095,0.2112395763,1
233,82,-0.08044473082,0.1433486342,1
233,90,-0.1398283839,0.1092976034,1
233,98,-0.1160453707,0.1187758744,1
233,106,-0.1161884665,0.06512146443,1
233,114,-0.005665063858,0.01224557217,1
233,122,0.06181735545,-0.1108765751,1
233,130,-0.0480306074,-0.07430972159,1
233,138,-0.1156408563,0.0008048862219,1
233,146,-0.1687267721,-0.05020457506,1
233,154,-0.2152571976,-0.04457779974,1
233,162,-0.1357624531,-0.05619397014,1
233,170,-0.1732959598,-0.1240382716,1
241,10,0.03019761294,0.102834627,1
241,18,0.04030040279,0.1000113562,1
241,26,-0.0009750425816,0.05266140401,1
241,34,-0.05926080421,0.09174753726,1
241,42,-0.049778644,0.04546953738,1
241,50,-0.08887264132,0.08609475195,1
241,58,-0.1464203596,0.1589331329,1
241,66,-0.1469606906,0.1584911644,1
241,74,-0.1029317006,0.1772360653,1
241,82,0.02399367094,-0.00797534734,1
241,90,0.03129856288,0.03571287543,1
241,98,-0.04893151671,0.0363798812,1
241,106,-0.1343135536,0.02170623094,1
241,114,-0.07144936919,0.00579267554,1
241,122,-0.06188105792,0.048088599,1
241,130,-0.1021614671,-0.0362187475,1
241,138,-0.1281069815,-0.08699469268,1
241,146,-0.09598696232,-0.1484456062,1
241,154,-0.09162610769,-0.06959223747,1
241,162,-0.1700663865,-0.09143362939,1
241,170,-0.2076799572,-0.07935936749,1
249,10,0.06341699511,0.1669313759,1
249,18,0.01498964615,0.062173374,1
249,26,-0.02490983531,0.05881234258,1
249,34,-0.1039944813,0.1081029251,1
249,42,-0.05617023259,0.0224943608,1
249,50,-0.05996563286,0.04393172264,1
249,58,-0.146691978,0.1236047074,1
249,66,-0.1494927406,0.1084221974,1
249,74,-0.08071570843,0.1117616892,1
249,82,0.05523494631,-0.05659527332,1
249,90,-0.09739934653,0.004136200994,1
249,98,-0.1210366488,-0.002990971319,1
249,106,-0.09023849666,0.01505702361,1
249,114,-0.08527967334,0.04445900023,1
249,122,-0.1794737279,0.08613658696,1
249,130,-0.1537460536,0.04991973937,1
249,138,-0.07606749982,-0.0293581076,1
249,146,-0.1162105799,-0.08543591201,1
249,154,-0.1108257622,-0.06042776629,1
249,162,0.08416844904,-0.1077323854,1
249,170,-0.1003212631,0.04357171804,1
257,10,0.1672019809,0.2967814505,1
257,18,-0.03728317842,0.1490406394,1
257,26,-0.03762663156,0.1125672907,1
257,34,-0.03039190173,0.03109455109,1
257,42,-0.0376878418,-0.02745079994,1
257,50,-0.0531380102,0.04944320768,1
257,58,-0.1136946231,0.1065847725,1
257,66,-0.2025269866,0.01636619121,1
257,74,-0.1190482676,0.01071446389,1
257,82,-0.06102773547,-0.04866460711,1
257,90,-0.08904309571,-0.07032911479,1
257,98,-0.08795624226,-0.01595669985,1
257,106,-0.02105595171,0.02731090784,1
257,114,-0.09442602098,0.04024233669,1
257,122,-0.1776734293,0.06138915196,1
257,130,-0.1755566895,0.05124562606,1
257,138,-0.1506197304,0.03089273348,1
257,146,-0.08293647319,0.03019677661,1
257,154,0.06048426777,-0.09940481931,1
257,162,0.0539229922,-0.03803599626,2
257,170,0.03397851437,0.1295419633,1
265,10,0.1182332784,0.2838030159,1
265,18,0.0002893991768,0.1194624156,1
265,26,-0.01365851238,0.0381584689,1
265,34,0.03029151261,0.03601493686,1
265,42,0.04340835661,0.08143229783,1
265,50,-0.0869391188,0.02611941844,1
265,58,-0.1226649955,0.03745029867,1
265,66,-0.09715061635,0.05689787865,1
265,74,-0.08664470911,-0.01339044794,1
265,82,-0.06799820065,0.1051530316,1
265,90,-0.1649343371,0.1031487584,1
265,98,-0.1678981334,0.1070903316,1
265,106,-0.07605189085,0.05131932721,1
265,114,-0.08210917562,-0.1254350841,1
265,122,-0.1793830395,0.1217327788,1
265,130,-0.1386067867,0.02303772792,1
265,138,-0.06697399169,0.004017908126,1
265,146,-0.04329087585,0.08855011314,1
265,154,0.03665111214,0.06046739221,1
265,162,0.03706073388,-0.07454873621,1
265,170,-0.02268756181,-0.02420517802,1
273,10,0.2947656512,0.1859247088,1
273,18,0.07906840742,0.1381399632,1
273,26,-0.05367349088,0.08317498863,1
273,34,-0.06884296238,0.07697197795,1
273,42,-0.1613933146,0.06037610397,1
273,50,-0.1808703542,-0.05849570036,1
273,58,-0.1184974685,-0.04861825705,1
273,66,-0.04720973969,0.04434235021,1
273,74,-0.09587013721,0.08845230937,1
273,82,-0.1751589328,0.1351635158,1
273,90,-0.2659683824,0.2184534222,1
273,98,-0.2652951479,0.1826603413,1
273,106,-0.1774680167,0.1402607709,1
273,114,-0.1561049074,-0.002841338515,1
273,122,-0.07712456584,0.1188253015,1
273,130,-0.07204118371,0.07382966578,1
273,138,-0.07861646265,0.1176399663,1
273,146,-0.1129345372,0.1095289662,1
273,154,-0.08612073958,0.041221641,1
273,162,-0.05632551759,0.0226251483,1
273,170,-0.02432151884,0.06886193156,1
281,10,0.1519783288,0.1856687814,1
281,18,0.0003302451223,0.1824477911,1
281,26,-0.1635830998,0.01809630543,1
281,34,-0.2385895848,0.01463080943,1
281,42,-0.2743281722,0.02137530036,1
281,50,-0.224850148,0.02394053154,1
281,58,-0.1148882657,-0.03928444535,1
281,66,-0.1918882132,-0.005173604935,1
281,74,-0.2325169742,0.0803919062,1
281,82,-0.1761672944,0.1351439953,1
281,90,-0.1789428741,0.07292997837,1
281,98,-0.2406510413,0.1020262837,1
281,106,-0.134083271,0.1315400004,1
281,114,-0.1233561784,0.1040192395,1
281,122,-0.2035062462,0.07771867514,1
281,130,-0.1225695163,0.09917005897,1
281,138,-0.04449383914,0.1594608426,1
281,146,-0.03503824025,0.2085855752,1
281,154,-0.06982386112,0.031533584,1
281,162,-0.04771252722,-0.01227723807,1
281,170,0.01791958511,0.05748450756,1
289,10,-0.1844112873,0.2699455023,1
289,18,-0.09813976288,0.1544017792,1
289,26,-0.06012562662,0.06274241209,1
289,34,-0.1489225477,0.03344462439,1
289,42,-0.2536482215,0.1599993557,1
289,50,-0.2235681713,0.1104061902,1
289,58,-0.2102165222,0.07009330392,1
289,66,-0.3539057374,-0.00283113867,1
289,74,-0.1890645772,0.00388776511,1
289,82,-0.08477337658,0.08395044506,1
289,90,-0.1567624211,0.01991437376,1
289,98,-0.2295943052,0.08583381027,1
289,106,-0.2398753166,0.08681212366,1
289,114,-0.1360240132,0.00413435325,1
289,122,-0.2041522563,-0.03478047252,1
289,130,-0.1662131846,0.01626585424,1
289,138,-0.1316152215,0.05255699903,1
289,146,-0.06385744363,0.1523770988,1
289,154,-0.0116103515,0.07151411474,1
289,162,-0.1203309447,-0.001602046192,1
289,170,-0.1400685608,-0.00238084048,1
297,10,-0.2940930128,0.2651119828,1
297,18,-0.08546707779,0.1577354372,1
297,26,0.129728049,0.16555731,1
297,34,0.2446925044,0.04708458111,1
297,42,-0.03749138117,0.07392861694,1
297,50,-0.09605771303,0.04737532139,1
297,58,-0.2108094841,0.1506188661,1
297,66,-0.3354863822,0.01064028218,1
297,74,-0.1282272041,-0.0120537281,1
297,82,0.06332229823,0.04322909191,1
297,90,0.03150508553,0.09153690189,1
297,98,-0.0647187382,0.07561117411,1
297,106,-0.1303102523,0.06704422832,1
297,114,-0.1937476099,-0.1885791421,1
297,122,-0.1198903471,-0.1362321526,1
297,130,-0.1084357202,0.02605317533,1
297,138,-0.2126350999,0.09430503845,1
297,146,-0.1938695759,0.06769200414,1
297,154,-0.1185795367,0.0325704217,1
297,162,-0.1577910781,-0.02970575541,1
297,170,-0.1402193606,-0.05928564072,1
305,10,0.07710464299,0.1545840204,1
305,18,0.07150617987,0.2411434054,1
305,26,0.1525448412,0.1065222621,1
305,34,0.2724669576,-0.09163782001,1
305,42,0.09015230089,0.06885782629,1
305,50,0.04543417692,0.1445689499,1
305,58,-0.04222274572,0.155452475,1
305,66,-0.09792390466,0.09470873326,1
305,74,-0.02987124026,0.1224316359,1
305,82,-0.05416891724,0.1202896535,1
305,90,-0.07210724801,0.1044196561,1
305,98,-0.1530520916,0.1743532717,1
305,106,-0.1957268417,0.0112323314,1
305,114,-0.1441625059,-0.1691910326,1
305,122,-0.1192032248,-0.04591531307,1
305,130,-0.217968002,0.09054434299,1
305,138,-0.2674963474,0.2176558673,1
305,146,-0.1773600727,0.07212255895,1
305,154,-0.10645248,0.01493746601,1
305,162,-0.07773205638,-0.05382479727,1
305,170,-0.0822731182,-0.03115533292,1
313,10,0.1152317002,-0.0862788111,1
313,18,0.1694746912,0.1267768443,1
313,26,0.1311540902,0.08008574694,1
313,34,0.01487284154,-0.03881499171,1
313,42,-0.06019281968,0.1223990396,1
313,50,-0.03308086097,0.1251386702,1
313,58,0.02243702859,0.1149185151,1
313,66,-0.04615209997,0.2965143919,1
313,74,-0.260484755,0.3123651743,1
313,82,-0.2156715691,0.1243637726,1
313,90,-0.06928979605,0.1197300926,1
313,98,-0.1392844468,0.1135174558,1
313,106,-0.2538440228,0.01497947425,1
313,114,-0.1440356672,-0.1021758169,1
313,122,-0.113591224,-0.02368206903,1
313,130,-0.1478647292,0.09551341832,1
313,138,-0.1309101284,0.07481400669,1
313,146,-0.05596578121,0.02443122678,1
313,154,-0.113137275,0.02319867536,1
313,162,-0.1214794219,-0.03182131425,1
313,170,-0.07826012373,0.02644358948,1
321,10,0.06291420758,-0.107815817,1
321,18,0.1485859156,-0.01184017211,1
321,26,0.1009734645,0.0137876384,1
321,34,0.003203127533,0.02160411701,1
321,42,-0.07562545687,-0.06315259635,1
321,50,-0.03410975635,-0.01961101964,1
321,58,0.04277519882,0.1373505145,1
321,66,-0.2016474307,0.2714210451,1
321,74,-0.350757122,0.3411248326,1
321,82,-0.2430860102,0.05246656388,1
321,90,0.02234233916,0.06592270732,1
321,98,0.1555348933,0.02318162844,1
321,106,-0.004593759775,0.02811933123,1
321,114,-0.1403729618,-0.02665726468,1
321,122,-0.1071455553,-0.02463593706,1
321,130,-0.103204526,0.1255823225,1
321,138,-0.1191807687,0.01775881462,1
321,146,-0.1024739817,-0.00727076456,1
321,154,-0.1761785597,-0.002297315747,1
321,162,-0.1180977076,-0.02592533827,1
321,170,-0.07130530477,0.1323913932,1
329,10,0.02280154824,0.1320664585,1
329,18,0.06202915311,-0.01110637933,1
329,26,0.0969998613,0.1078808606,1
329,34,0.03674081713,0.03540059179,1
329,42,-0.07687970251,-0.07472235709,1
329,50,-0.1336969733,-0.06508785486,1
329,58,-0.1922490895,0.08331483603,1
329,66,-0.1364658475,0.2010261565,1
329,74,-0.05676773936,0.29721874,1
329,82,-0.1367076784,0.04655631632,1
329,90,-0.1485819817,0.001556023955,1
329,98,-0.03162819147,-0.07174291462,1
329,106,-0.04298519343,0.01397994533,1
329,114,-0.07260143757,0.06442030519,1
329,122,-0.07157554477,0.04611934721,1
329,130,-0.03482197225,0.2124361396,1
329,138,-0.02570956945,0.1242239624,1
329,146,-0.03839056939,0.100232251,1
329,154,-0.1105820835,0.0432186164,1
329,162,-0.0635714829,0.08625777811,1
329,170,-0.1131192297,0.2271696031,1
337,10,-0.07246596366,0.1913184971,1
337,18,0.08803929389,0.06494282186,1
337,26,0.1352257133,0.152412504,1
337,34,-0.07017743587,0.09985031188,1
337,42,-0.1961426139,0.07833103836,1
337,50,-0.2354209125,0.1171990931,1
337,58,-0.2208181024,0.1390315294,1
337,66,0.01974399388,0.1895122826,1
337,74,0.0826106742,0.1085344553,1
337,82,-0.1059921011,0.1326839328,1
337,90,-0.1009436101,0.1445129216,1
337,98,-0.07989109308,0.03761436045,1
337,106,-0.1094914451,0.07876631618,1
337,114,-0.1060549021,0.1127949059,1
337,122,-0.2123298496,0.09359880537,1
337,130,-0.1435604841,0.1378108561,1
337,138,-0.0713385269,0.1059306636,1
337,146,-0.06210317463,0.05033948272,1
337,154,-0.0825311169,0.01752923429,1
337,162,-0.1464086473,0.05740887672,1
337,170,-0.1493160427,0.08846624196,1
345,10,-0.09619361907,0.2115993202,1
345,18,0.02169878408,0.04089586437,1
345,26,-0.05711841583,-0.03234864399,1
345,34,-0.1412852705,0.08690036088,1
345,42,-0.2956483364,0.338147521,1
345,50,-0.2749526799,0.1871635169,1
345,58,-0.2370211035,0.257216841,1
345,66,-0.1370394379,0.2048757821,1
345,74,-0.0707449913,0.1358820945,1
345,82,0.04961569607,0.207455501,1
345,90,0.06899844855,0.2408171743,1
345,98,-0.03008576855,0.1634488106,1
345,106,-0.1224676073,0.1409257948,1
345,114,-0.1937472522,0.09328578413,1
345,122,-0.3135173917,0.04945591092,1
345,130,-0.205874458,0.05578777939,1
345,138,-0.01789481938,0.07241114229,1
345,146,-0.08525119722,-0.0143198967,1
345,154,-0.08491665125,0.02916291356,1
345,162,-0.101249136,0.01045677252,1
345,170,-0.08718647063,-0.05346953496,1
353,10,-0.1833561957,0.2576887608,1
353,18,0.01493743993,0.2321203649,1
353,26,-0.04550741613,-0.01531814784,1
353,34,0.02780033648,0.1228513047,1
353,42,-0.1205672473,0.2052757889,1
353,50,-0.223673135,0.05111186206,1
353,58,-0.1943975985,0.2355816364,1
353,66,-0.08110518754,0.2875438631,1
353,74,0.02514268458,0.1696041673,1
353,82,0.1025877818,0.1388763785,1
353,90,0.2052728385,0.2660128772,1
353,98,0.02154050767,0.1834999919,1
353,106,-0.06397603452,0.1144036129,1
353,114,-0.1638972461,0.08262659609,1
353,122,-0.1820496768,-0.05851756036,1
353,130,-0.0830514729,-0.03301090002,1
353,138,-0.002468049526,0.1145601049,1
353,146,-0.0142102018,-0.01160752401,1
353,154,0.003678001463,-0.02588871866,1
353,162,0.01305443794,-0.007280923426,1
353,170,-0.01360960305,-0.1133824661,1
361,10,-0.09892523289,0.3227949739,1
361,18,0.05676370114,0.2651255727,1
361,26,0.03135968,0.1159871817,1
361,34,0.1338439137,0.1524735093,1
361,42,0.05715164915,0.09003557265,1
361,50,-0.02825804055,0.09102477133,1
361,58,-0.1274933219,0.1602169275,1
361,66,-0.09217359126,0.2630087733,1
361,74,0.01205099747,0.1147210598,1
361,82,0.006610711105,0.02105042338,1
361,90,-0.007256260142,0.237624988,1
361,98,0.0006625877577,0.1642174125,1
361,106,0.04656907171,0.1242396161,1
361,114,-0.08770927042,0.115403235,1
361,122,-0.05254045129,-0.07829987258,1
361,130,-0.01742075384,-0.09333764762,1
361,138,-0.01495540142,0.03113721311,1
361,146,0.04003573954,-0.0776129514,1
361,154,0.06373074651,-0.01213373616,1
361,162,-0.004824154079,-0.04413558915,1
361,170,-0.1024572551,-0.2011607289,1
369,10,-0.1065325737,0.1145927459,1
369,18,0.1050864309,0.1655047536,1
369,26,0.01518763602,0.02488235384,1
369,34,0.01368439943,0.01730147004,1
369,42,0.01567847654,-0.08439691365,1
369,50,-0.04685303569,0.07930000126,1
369,58,-0.07751247287,0.07113873214,1
369,66,-0.07264506072,0.02832555026,1
369,74,-0.1061311662,0.1106846631,1
369,82,-0.07576203346,0.03555119038,1
369,90,-0.1120083332,-0.103134945,1
369,98,-0.06384663284,0.03503719717,1
369,106,0.06877549738,0.1074457839,1
369,114,0.00992834568,0.1262552291,1
369,122,-0.01223250479,-0.0203427393,1
369,130,-0.01437851042,-0.09138033539,1
369,138,-0.07398559153,-0.01203222014,1
369,146,-0.117922321,0.005015846342,1
369,154,-0.08248089254,0.07635126263,1
369,162,0.02684024349,-0.03671084717,1
369,170,-0.01577902585,-0.06239646673,1
377,10,0.0002199299634,0.02334383875,1
377,18,-0.106963411,0.08051241934,1
377,26,-0.1810929924,0.0003148838878,1
377,34,-0.1778774559,-0.02252339572,1
377,42,-0.1323062778,-0.04605605453,1
377,50,0.001192662865,0.06709879637,1
377,58,0.01192173734,0.01838104427,1
377,66,-0.005415247753,-0.051298365,1
377,74,0.02560507134,0.03863887116,1
377,82,-0.05201459676,0.06127681583,1
377,90,-0.1300705075,-0.05662246794,1
377,98,-0.113841787,-0.1694838852,1
377,106,-0.12942186,-0.07496914268,1
377,114,-0.1807980537,0.0394933261,1
377,122,-0.1128783077,0.09300547093,1
377,130,-0.08583202958,0.0001409321558,1
377,138,-0.1147723421,-0.01823688671,1
377,146,-0.06402894855,0.003818944097,1
377,154,-0.04058852792,-0.1471480131,1
377,162,-0.01916601136,-0.1404886842,1
377,170,-0.07352112234,0.07238158584,1
385,10,0.1797430962,0.07068889588,1
385,18,0.02013139799,0.07856455445,1
385,26,-0.06356243044,0.0666757226,1
385,34,-0.1114596874,0.07103778422,1
385,42,-0.05410075188,0.09851998091,1
385,50,0.03418668732,0.1572045833,1
385,58,-0.1469486803,0.07514190674,1
385,66,-0.164054051,-0.06206443906,1
385,74,0.01016394794,-0.09037621319,1
385,82,0.001209430397,-0.09055694938,1
385,90,-0.1124504507,-0.1142702326,1
385,98,-0.2784017622,-0.1127915829,1
385,106,-0.1370297819,0.006480824202,1
385,114,-0.04979667813,0.08885496855,1
385,122,-0.1686558425,0.08993892372,1
385,130,-0.1854019165,0.01338655502,1
385,138,-0.06928559393,-0.1002461314,1
385,146,-0.05938685313,-0.1511101276,1
385,154,-0.09865316749,-0.1566642523,1
385,162,-0.07596062869,-0.08226814866,1
385,170,-0.1046821475,0.05164296925,1
393,10,0.2425452173,0.0772607252,1
393,18,0.10618563,0.2492440641,1
393,26,0.06799699366,0.1656018049,1
393,34,0.03429118171,0.1034802496,1
393,42,0.08477906883,0.07843667269,1
393,50,-0.03343290091,0.2054402828,1
393,58,-0.1987669915,-0.03380955756,1
393,66,-0.1788548827,-0.1271183193,1
393,74,-0.1468069702,-0.1087434813,1
393,82,-0.1341953874,-0.1381660849,1
393,90,0.005381277762,-0.09666142613,1
393,98,-0.2084805667,-0.01818352006,1
393,106,-0.2947722673,0.1013883874,1
393,114,-0.07001103461,0.03470432013,1
393,122,-0.109872438,0.001947149634,1
393,130,-0.1507549137,0.001483160071,1
393,138,0.04524324089,-0.2217098325,1
393,146,0.0314123258,-0.2603479028,1
393,154,-0.03566849604,-0.1334411204,1
393,162,0.1173573732,-0.01638694108,1
393,170,0.1761122942,-0.04607816041,1
401,10,0.05570539832,0.01333236694,1
401,18,0.01351665985,0.2211262584,1
401,26,-0.1246375665,0.09934800118,1
401,34,-0.0635631904,0.0184516795,1
401,42,-0.1021604314,-0.004127390683,1
401,50,-0.08615301549,0.1604381353,1
401,58,-0.1344791651,-0.07963356376,1
401,66,-0.2529395819,-0.004829534329,1
401,74,-0.2195094228,0.102332674,1
401,82,0.1038052067,0.0528361164,1
401,90,0.4097336233,0.1217909828,1
401,98,-0.01081742346,-0.1237166226,1
401,106,-0.251678288,-0.1010176316,1
401,114,-0.1905862689,-0.06261281669,1
401,122,0.004129230976,0.03170441836,1
401,130,0.09388409555,0.1083184332,1
401,138,0.207781136,-0.09134940803,1
401,146,0.09391109645,-0.1860887706,1
401,154,-0.01029947959,-0.1220208481,1
401,162,0.003184251487,-0.08613348007,1
401,170,0.1131800115,-0.06309058517,1
409,10,0.03155077994,-0.06889106333,1
409,18,-0.1056803167,0.1762055457,1
409,26,-0.1939967275,0.06897479296,1
409,34,-0.1403604448,-0.09661762416,1
409,42,-0.2018398941,-0.06862386316,1
409,50,-0.3673263192,0.1782230288,1
409,58,-0.3352738023,0.07472331822,1
409,66,-0.220780462,0.1529292017,1
409,74,-0.1221912578,0.09866055846,1
409,82,0.01476760581,-0.0359146446,1
409,90,0.01127691939,-0.04274614528,1
409,98,-0.06117834896,-0.03405548632,1
409,106,-0.07669761777,-0.04625017568,1
409,114,-0.005335196853,0.100401029,1
409,122,0.1267017126,0.05115361512,1
409,130,0.1734607518,0.1681277156,1
409,138,0.115302138,0.0649285391,1
409,146,0.001254227012,0.03134079278,1
409,154,-0.09328517318,0.006826207042,1
409,162,-0.01859471202,-0.06283933669,1
409,170,0.2090018988,-0.1545035094,1
417,10,-0.126622647,-0.04857326299,1
417,18,-0.4766628444,0.1173229367,1
417,26,-0.5082658529,0.1894258708,1
417,34,-0.2539165318,-0.1610121727,1
417,42,-0.06324207783,-0.1510940492,1
417,50,-0.1792901456,-0.02275446057,1
417,58,0.01821640134,0.09841993451,1
417,66,0.08373755217,0.1472089589,1
417,74,-0.1448261142,0.1141385064,1
417,82,-0.141836673,0.114945665,1
417,90,-0.06516423821,-0.02534134686,1
417,98,0.03170802444,-0.06192782521,1
417,106,0.1864236295,-0.06462405622,1
417,114,0.3540303707,0.03914497793,1
417,122,0.4361159801,-0.03421021998,1
417,130,0.2425571084,0.1529761553,1
417,138,0.07121512294,0.04696372896,1
417,146,-0.01471184194,0.1362631768,1
417,154,-0.2502373457,0.132293418,1
417,162,-0.1045727357,-0.01796692982,1
417,170,0.05221458152,-0.08623521775,2
