PIVlab, ASCII chart output - 02-Aug-2025
FRAME: 166, filenames: A:[166]FullStack_Pos0035_TgUtrmcherry_K4K8MO-1.avi & B:[167]FullStack_Pos0035_TgUtrmcherry_K4K8MO-1.avi, conversion factor xy (px -> m): 1, conversion factor uv (px/frame -> m/s): 1
x [px],y [px],u [px/frame],v [px/frame],Vector type [-]
9,10,0.1252880096,-0.3432976007,1
9,18,-0.107895866,-0.0009283125401,1
9,26,-0.2965679169,0.03402267396,1
9,34,-0.2948079407,0.006298273802,1
9,42,-0.2062033266,-0.02504672855,1
9,50,-0.07811936736,-0.2037628293,1
9,58,0.01504079252,-0.2028441578,1
9,66,0.1176495105,-0.09516904503,1
9,74,0.09588354081,0.0188607648,1
9,82,0.02266214788,-0.04834117368,1
9,90,0.05383192003,0.07569242269,1
9,98,0.126395002,-0.01028276235,1
9,106,0.2243021131,-0.1075174958,1
9,114,0.3331522346,-0.1392942667,1
9,122,0.2431888431,-0.08626918495,1
9,130,0.0479302071,-0.09382130951,1
9,138,0.07061244547,-0.0285538584,1
9,146,0.1774480641,-0.07288468629,1
9,154,0.1540913433,0.01748400182,1
9,162,0.1709899604,-0.0197619237,1
9,170,-0.009456023574,-0.0170648694,1
17,10,-0.09892208129,0.04296213388,1
17,18,-0.1899626702,0.09479718655,1
17,26,-0.2088611722,0.1382974237,1
17,34,-0.1890467107,0.05751901865,1
17,42,-0.1687834263,0.1696722507,1
17,50,-0.08399191499,0.08838659525,1
17,58,0.04979463667,-0.04210877419,1
17,66,0.06554021686,-0.08895015717,1
17,74,0.03770943731,-0.08485460281,1
17,82,0.1006246805,0.01912757009,1
17,90,0.03124759346,0.06817185879,1
17,98,0.04187993705,-0.01733958721,1
17,106,0.1793045104,-0.09826793522,1
17,114,0.1391134709,-0.06850688159,1
17,122,0.01675513387,-0.06669427454,1
17,130,-0.04428062588,0.03134701774,1
17,138,0.002146007493,0.04961636662,1
17,146,0.05306409299,-0.04192514345,1
17,154,0.09043189883,0.0397352688,1
17,162,0.1287985444,0.2083572,1
17,170,0.1008984521,0.2160534263,1
25,10,-0.08093564212,0.1454419345,1
25,18,-0.1426452696,0.07598471642,1
25,26,-0.1165964752,0.1590325534,1
25,34,-0.05899848044,0.1687539816,1
25,42,-0.0576614514,0.2475578636,1
25,50,-0.009964907542,0.1164091229,1
25,58,-0.03679923713,0.05242726207,1
25,66,-0.05943597108,-0.09615512937,1
25,74,-0.0009002629668,-0.2186790407,1
25,82,-0.008544156328,-0.07578454912,1
25,90,-0.05461607873,0.04876346141,1
25,98,0.007531620562,-0.02921650559,1
25,106,0.01085485145,-0.131652534,1
25,114,-0.02312051132,-0.06560676545,1
25,122,0.02737134509,-0.06956649572,1
25,130,0.00747237727,0.02125215903,1
25,138,-0.07127622515,0.06836168468,1
25,146,-0.05409807712,0.02696838975,1
25,154,0.01168843172,0.04984747618,1
25,162,0.1410007477,0.1263086498,1
25,170,0.1755337417,0.1868695319,1
33,10,-0.03635334969,0.08715075999,1
33,18,-0.1221700758,-0.03674787283,1
33,26,-0.02355383337,0.07649893314,1
33,34,0.06100642681,0.1698657274,1
33,42,0.03268163651,0.2122773379,1
33,50,0.03418270126,0.1280704737,1
33,58,-0.04437444359,0.06283928454,1
33,66,-0.03144071251,-0.09523483366,1
33,74,0.03308724239,-0.1426926553,1
33,82,-0.06923396885,-0.2177566439,1
33,90,-0.04979477078,-0.2197422981,1
33,98,-0.02390675619,-0.1146198139,1
33,106,0.001699909568,-0.07615457475,1
33,114,0.007774952799,-0.06887741387,1
33,122,-0.01459986717,-0.01636088639,1
33,130,0.08839909732,-0.07217971981,1
33,138,-0.0318036899,-0.07121365517,1
33,146,-0.1196798608,-0.04878433794,1
33,154,0.05195363611,0.01923803799,1
33,162,0.1662438959,0.05512323231,1
33,170,0.1399205029,0.1316765845,1
41,10,-0.04408186674,0.08659745008,1
41,18,0.01776386797,0.1271509081,1
41,26,0.0007966849953,0.01909112185,1
41,34,0.0497026816,0.1321556866,1
41,42,0.1241207942,0.1661784202,1
41,50,0.06817045063,0.02356599271,1
41,58,-0.004664130509,-0.02688144147,1
41,66,-0.008912043646,-0.06650458276,1
41,74,0.02769430727,-0.1347205937,1
41,82,0.03670730442,-0.2502461672,1
41,90,0.07709243894,-0.1797131896,1
41,98,0.07743008435,-0.1003935263,1
41,106,0.03345479444,0.04634799436,1
41,114,0.0184468776,0.1297647357,1
41,122,0.07174228132,0.05308033526,1
41,130,0.02420683205,0.0009155357257,1
41,138,-0.1373135149,-0.08430219442,1
41,146,-0.06460559368,0.01922564581,1
41,154,0.05025240034,0.040291287,1
41,162,0.1462734044,-0.004851780832,1
41,170,0.09973959625,0.1337278187,1
49,10,-0.1419941783,-0.01379530132,1
49,18,-0.03918034956,0.009478695691,1
49,26,-0.01870801672,-0.08132091165,1
49,34,0.01976507902,0.1737744957,1
49,42,0.05427440628,0.007872521877,1
49,50,0.02591007948,-0.1218448728,1
49,58,0.03537981957,0.07766111195,1
49,66,0.01267394423,0.1137690395,1
49,74,0.002028673887,-0.2224792689,1
49,82,-0.01415861398,-0.1104864255,1
49,90,0.03435974941,-0.04947218299,1
49,98,0.1300347149,-0.08340023458,1
49,106,0.07698708028,0.0105699189,1
49,114,0.1158566922,0.08562077582,1
49,122,0.1080542207,0.02066882327,1
49,130,0.08823661506,0.05235656351,1
49,138,0.08329251409,-0.04583958536,1
49,146,0.1395259351,0.138796851,1
49,154,0.1664342433,0.1048380435,1
49,162,0.07938758284,-0.01630944014,1
49,170,0.0277915597,0.026655972,1
57,10,0.04328686371,-0.08214696497,1
57,18,-0.08958034217,-0.06395447254,1
57,26,-0.1574126482,0.00946793519,1
57,34,-0.09590851516,0.1220891625,1
57,42,-0.02081728354,-0.1101590842,1
57,50,0.05287790298,-0.09873652458,1
57,58,0.0658461079,0.02508840337,1
57,66,-0.07846470177,-0.09550470114,1
57,74,0.002655055374,-0.1222236902,1
57,82,0.1155840009,-0.03147751093,1
57,90,0.1089388356,-0.0100366585,1
57,98,0.09966893494,0.00717549026,1
57,106,0.07360785455,0.08548621833,1
57,114,0.1834031194,0.01806086302,1
57,122,0.1470427066,-0.07781500369,1
57,130,0.1127595454,-0.2191622108,1
57,138,0.1211437434,-0.1563082486,1
57,146,0.003865838051,0.01335291378,1
57,154,0.0320709534,0.01944496855,1
57,162,0.04577665776,-0.03286194429,1
57,170,0.005021385849,-0.1023282111,1
65,10,-0.04063350335,-0.08395994455,1
65,18,-0.08574572206,-0.01421427727,1
65,26,-0.09988939762,-0.02852106094,1
65,34,0.01501330733,-0.0657973066,1
65,42,-0.0202925168,-0.007808223367,1
65,50,-0.04931938648,0.04005866498,1
65,58,0.0212576054,-0.02911240235,1
65,66,-0.02050302923,-0.1785383224,1
65,74,0.1118805259,-0.1041497663,1
65,82,0.162412405,-0.06932736188,1
65,90,0.1151929051,0.0003608465195,1
65,98,0.07885420322,0.12407583,1
65,106,0.0719762519,0.1276386678,1
65,114,0.1106360033,0.001543845981,1
65,122,0.1302964687,0.002524603158,1
65,130,0.06120999902,-0.2164238691,1
65,138,0.0506164059,-0.1693204194,1
65,146,0.04657687992,-0.0361712575,1
65,154,0.06320558488,-0.09003341198,1
65,162,0.09638622403,-0.04413990676,1
65,170,0.09105055034,-0.114946261,1
73,10,-0.07574620843,-0.08758299053,1
73,18,-0.1128931493,-0.1024778634,1
73,26,-0.08634072542,-0.1435200721,1
73,34,-0.08790579438,-0.1246668398,1
73,42,0.001335818321,-0.0109084323,1
73,50,0.1079779193,0.08321255445,1
73,58,0.08872486651,0.08369958401,1
73,66,0.03589426726,-0.1464067996,1
73,74,0.07380674779,-0.1999475062,1
73,82,0.08369410783,-0.0451945737,1
73,90,0.1012780443,-0.04785313085,1
73,98,0.09327952564,0.09673783183,1
73,106,-0.004168596119,0.09106788784,1
73,114,-0.05463181436,-0.0182856489,1
73,122,0.03770492971,0.03815034032,1
73,130,-0.04556128383,0.0002723988146,1
73,138,-0.008239239454,-0.09736450762,1
73,146,0.1060458124,0.02949066646,1
73,154,0.1193940416,0.0002528598998,1
73,162,0.1428794265,-0.08064996451,1
73,170,0.1372863948,-0.06901687384,1
81,10,0.0004752054811,-0.01333155483,1
81,18,-0.04743175209,-0.1399869323,1
81,26,-0.1627741456,-0.08962285519,1
81,34,-0.2089608908,0.05972031876,1
81,42,-0.01919994317,-0.07194440812,1
81,50,0.07299843431,-0.05870344862,1
81,58,0.1493734568,0.0136988759,1
81,66,0.1419989765,-0.02017621696,1
81,74,0.03239877522,-0.1272758245,1
81,82,0.1039080173,-0.04920981079,1
81,90,0.1665721834,-0.03226619959,1
81,98,0.04306007177,0.03701387718,1
81,106,-0.03626321256,-0.003943249583,1
81,114,-0.08813884854,0.02374227345,1
81,122,0.06458929181,0.04312160611,1
81,130,0.1243323162,0.149740085,1
81,138,0.01165714115,0.03191481531,1
81,146,-0.003939926624,0.04063377157,1
81,154,-0.003095500171,0.02593048662,1
81,162,0.002501569688,-0.04904713854,1
81,170,0.02593415976,0.05532660335,1
89,10,0.01718071848,-0.01136035472,1
89,18,0.0218415875,-0.03250372037,1
89,26,0.01937356591,-0.1045028567,1
89,34,0.01741192862,-0.1555634588,1
89,42,0.07566734403,-0.1338001639,1
89,50,0.01308968291,-0.1115465164,1
89,58,0.08938837051,-0.1087222472,1
89,66,0.05902627483,-0.002535790205,1
89,74,-0.05490136892,-0.06030146033,1
89,82,-0.01929336041,-0.1523001492,1
89,90,-0.01305387169,-0.08096255362,1
89,98,-0.1010180116,-0.08564787358,1
89,106,-0.05819396675,-0.1184523553,1
89,114,0.0008259145543,0.02073949203,1
89,122,0.112237677,-0.03213122487,1
89,130,0.107113719,-0.1168070138,1
89,138,0.04686046392,-0.008071511984,1
89,146,0.05765093863,0.03271429986,1
89,154,0.05787605047,-0.03271425515,1
89,162,0.08162169904,0.06987527758,1
89,170,0.08431091905,0.1013448536,1
97,10,0.1095743254,0.06464275718,1
97,18,0.05207125843,0.1132762134,1
97,26,0.05391652882,0.01823434234,1
97,34,-0.070128344,-0.05333421379,1
97,42,-0.1119712591,-0.1483644992,1
97,50,0.0612273328,-0.1013853997,1
97,58,0.02043724433,-0.1458151042,1
97,66,-0.04844024777,-0.04886037856,1
97,74,-0.01005930081,-0.06403712928,1
97,82,0.09327819943,-0.167507112,1
97,90,0.08196249604,-0.119847849,1
97,98,0.04470325634,-0.09124207497,1
97,106,0.1259559393,-0.1056789234,1
97,114,0.09383935481,-0.02032105625,1
97,122,0.007614932954,0.02313463762,1
97,130,0.06536204368,0.05787279829,1
97,138,0.07118020207,-0.009561903775,1
97,146,0.003049071878,-0.02795403451,1
97,154,0.04790537432,-0.0171072688,1
97,162,0.1250648201,0.04710287228,1
97,170,0.1005841792,0.02069382742,1
105,10,0.2659309506,0.09608086199,1
105,18,0.08582605422,0.02062973008,1
105,26,0.05116350204,-0.04142390937,1
105,34,0.04668792337,0.006002441049,1
105,42,0.04901903123,-0.1180390865,1
105,50,0.05539783463,-0.08537886292,1
105,58,-0.01177098043,-0.16578646,1
105,66,-0.04776332527,-0.2218618691,1
105,74,-0.02144971117,-0.1675541699,1
105,82,0.05556158349,-0.07788326591,1
105,90,0.03305642307,0.08364365995,1
105,98,0.01106083393,0.008079130203,1
105,106,0.008335180581,-0.03805955872,1
105,114,-0.0658159852,0.07112365961,1
105,122,-0.09205436707,0.2851997614,1
105,130,-0.03296896815,0.2183326483,1
105,138,-0.01478460245,0.09996244311,1
105,146,-0.07954095304,0.01553938165,1
105,154,-0.03554774448,0.0145996185,1
105,162,0.09089252353,-0.09464129061,1
105,170,0.184042722,-0.02799179032,1
113,10,0.1288923174,-0.07284205407,1
113,18,0.04153366014,-0.006252340972,1
113,26,-0.02452493832,-0.1924934983,1
113,34,0.09998404235,-0.1757337451,1
113,42,0.2041058242,-0.1584272981,1
113,50,0.1159319058,0.02155072987,1
113,58,0.03083804995,-0.07130791247,1
113,66,-0.04748857766,-0.1481923312,1
113,74,-0.04215957969,0.05593118817,1
113,82,-0.007164664567,0.1832406223,1
113,90,0.02365512401,0.437728852,1
113,98,-0.0324232541,0.0004790760577,1
113,106,-0.1854664683,-0.03344982862,1
113,114,-0.1164633408,0.1047503352,1
113,122,-0.08519427478,0.2492165267,1
113,130,-0.09127660096,0.1386956871,1
113,138,0.04607332498,0.112816073,1
113,146,-0.071693331,0.004178060219,1
113,154,-0.1209461316,-0.0113844946,1
113,162,0.1139217913,-0.2186862677,1
113,170,0.2094506323,-0.09884242713,1
121,10,0.06636571884,-0.05563870445,1
121,18,-0.03417298198,0.01409843192,1
121,26,-0.1501751691,-0.03244078904,1
121,34,0.02148580924,-0.09097837657,1
121,42,0.08004103601,-0.02651182935,1
121,50,-0.005086828023,0.1717481613,1
121,58,0.03851997852,0.0828070417,1
121,66,0.04099046439,0.08524745703,1
121,74,0.1110535562,0.1087388992,1
121,82,0.1205541193,0.09368219227,1
121,90,0.008621914312,0.4838039279,1
121,98,-0.1062097624,0.04302682355,1
121,106,-0.2447488308,0.05756104738,1
121,114,0.009991817176,0.1489037275,1
121,122,0.2076016665,0.1754565537,1
121,130,0.02743321657,0.09414343536,1
121,138,0.002011463046,0.04518782347,1
121,146,0.008363105357,-0.05300483108,1
121,154,0.1739631295,-0.04814570397,1
121,162,0.2677030563,-0.1324160099,1
121,170,0.1922148317,0.02061401308,1
129,10,-0.06620379537,-0.1619092524,1
129,18,-0.07611533999,-0.1436733902,1
129,26,-0.1943550259,0.04066048563,1
129,34,-0.1862763762,0.0559688732,1
129,42,-0.1098783761,0.08056457341,1
129,50,-0.05912968889,0.1864429116,1
129,58,-0.02350430004,0.1387012154,1
129,66,0.02773868293,0.1874287128,1
129,74,0.1800246537,-0.04144596308,1
129,82,0.2246542126,-0.1376131326,1
129,90,-0.04965435341,-0.02335848287,1
129,98,-0.08772954345,-0.06198232621,1
129,106,0.03982136399,0.1457250416,1
129,114,0.1004137248,0.1931652427,1
129,122,0.08322001994,0.08760164678,1
129,130,-0.004647135735,-0.007285527885,1
129,138,0.01466633379,-0.02094462514,1
129,146,0.1192131937,-0.03804340214,1
129,154,0.2513907552,-0.1147353053,1
129,162,0.1789346337,0.01469793916,1
129,170,0.1395025849,0.1601583809,1
137,10,-0.1810221374,-0.2535654306,1
137,18,-0.2004844397,-0.2240786552,1
137,26,-0.07573254406,0.1266250461,1
137,34,-0.1042618304,0.1240868568,1
137,42,0.0223750174,0.1437928081,1
137,50,0.09062027931,0.2015450001,1
137,58,-0.03090992756,0.1288575977,1
137,66,-0.02768582478,0.1593612134,1
137,74,0.03836566582,-0.05800483376,1
137,82,-0.01500278525,-0.07769690454,1
137,90,-0.1273005456,-0.1434580684,1
137,98,-0.01647461578,-0.1990571618,1
137,106,0.1592890173,0.001114252955,1
137,114,0.07333783805,-0.01400524378,1
137,122,-0.09655369818,0.1326125562,1
137,130,-0.1503465474,0.1612315029,1
137,138,0.1146788895,0.07570067048,1
137,146,0.04688072205,-0.01584473252,1
137,154,0.02786640823,-0.0261323154,1
137,162,0.07693016529,0.01797645353,1
137,170,0.08149401844,0.06020213664,1
145,10,-0.01184502989,0.05892278999,1
145,18,-0.01305634528,0.06775223464,1
145,26,-0.0002322942019,0.1224930584,1
145,34,-0.01605726779,0.1100829318,1
145,42,-0.1405977756,0.3708859086,1
145,50,-0.05973907188,0.2420092523,1
145,58,0.1868550032,0.07583412528,1
145,66,-0.1180285364,0.008755020797,1
145,74,-0.0649721846,-0.0682990551,1
145,82,-0.02295243181,0.04592612386,1
145,90,-0.02046217397,-0.01424100995,1
145,98,-0.02898742445,-0.08716551214,1
145,106,-0.02382101491,-0.01589007676,1
145,114,0.1357472092,0.02669371665,1
145,122,0.1149574444,0.1796722114,1
145,130,0.1371054053,0.195332706,1
145,138,0.3132443428,0.1074575707,1
145,146,0.1500471383,0.07953922451,1
145,154,0.06628787518,0.04205141217,1
145,162,0.05348014086,0.03548946977,1
145,170,-0.2055781782,-0.01827310771,1
153,10,0.03789522499,0.1212078407,1
153,18,0.01579875126,0.1031428948,1
153,26,-0.07558475435,-0.02127949148,1
153,34,-0.0174978748,0.01022039354,1
153,42,-0.1332764328,0.2392201126,1
153,50,-0.02643054537,0.1163357496,1
153,58,0.06033980846,-0.004349995404,1
153,66,0.0519718118,-0.09082214534,1
153,74,0.09430622309,-0.09508052468,1
153,82,0.005534156226,0.1043502241,1
153,90,-0.07236386091,0.01750862971,1
153,98,-0.2350517064,-0.01336881053,1
153,106,-0.2026689649,0.00913260784,1
153,114,-0.04114293307,0.1322139651,1
153,122,-0.03387689218,0.1853672266,1
153,130,0.07707859576,0.04891605675,1
153,138,0.2978893816,0.1132175922,1
153,146,0.3249114752,0.254258275,1
153,154,0.1948454827,0.1444148719,1
153,162,0.09320341796,0.06321047246,1
153,170,-0.1667838097,-0.001671515405,1
161,10,0.05613283813,-0.007123041898,1
161,18,0.09860622883,0.04193853214,1
161,26,0.06363876164,-0.06543894857,1
161,34,0.06239684299,-0.02074547112,1
161,42,-0.04092996567,0.09679552168,1
161,50,-0.04403927922,0.1656317562,1
161,58,0.07747076452,0.005804240704,1
161,66,0.134135887,-0.08248287439,1
161,74,0.1198327467,-0.01095921919,1
161,82,0.04939672723,0.01818979718,1
161,90,-0.0001927819103,0.0480837822,1
161,98,-0.08625547588,-0.01090046205,1
161,106,-0.06877660751,-0.03949216753,1
161,114,-0.05623441562,0.2327776551,1
161,122,0.07636896521,0.2233813256,1
161,130,0.1452852935,0.1427512616,1
161,138,0.1707125306,0.1429377347,1
161,146,0.4394036233,0.2724390626,1
161,154,0.3419517279,0.2192247361,1
161,162,0.2163128704,-0.0203660652,1
161,170,-0.02075769007,0.08168879151,1
169,10,-0.01662089303,0.01747170091,1
169,18,-0.1591101736,0.03430948406,1
169,26,-0.186553821,0.04684299603,1
169,34,-0.08112949133,0.07889070362,1
169,42,-0.2071959823,0.0145405978,1
169,50,-0.0566364713,0.14982602,1
169,58,0.1273994595,0.06584239751,1
169,66,0.06911639869,0.07492540777,1
169,74,0.002905637026,0.07605113834,1
169,82,0.3282499015,-0.09024716914,1
169,90,0.1811825782,0.0264756754,1
169,98,-0.02064536884,0.04907966778,1
169,106,-0.1405365765,-0.02259866148,1
169,114,-0.09436906874,0.1499339789,1
169,122,-0.006053511985,0.1277628094,1
169,130,0.04735942185,0.1373057961,1
169,138,0.05545669422,0.07266376168,1
169,146,-0.01421402395,0.0425484851,1
169,154,0.05135502294,0.07449213415,1
169,162,0.1465328038,-0.06570809335,1
169,170,0.09093542397,0.0182877481,1
177,10,-0.002986676991,0.1003321409,1
177,18,-0.02001641691,-0.04352540523,1
177,26,0.04959635437,-0.01900434867,1
177,34,0.04236014187,0.005540698767,1
177,42,-0.07289709896,-0.01654838771,1
177,50,-0.0752998814,0.06775914133,1
177,58,-0.0148386471,0.03099971637,1
177,66,-0.0351042226,0.09269869328,1
177,74,-0.02020266652,0.1013437957,1
177,82,0.04249716178,0.03918270767,1
177,90,0.08251769841,0.07371777296,1
177,98,-0.06808157265,0.0665678829,1
177,106,-0.156660825,0.03050459176,1
177,114,-0.04498082027,0.02673856169,1
177,122,-0.01541549619,-0.03461947292,1
177,130,-0.05195403844,-0.04751904309,1
177,138,-0.2625385523,0.04256720096,1
177,146,-0.02805043757,0.08367949724,1
177,154,0.03696557134,0.04063208401,1
177,162,0.07392325997,-0.03219457716,1
177,170,0.1561764777,-0.02898740396,1
185,10,0.02677759901,0.3039248586,1
185,18,-0.09503114969,-0.02093089744,1
185,26,-0.07022798061,-0.1517956853,1
185,34,0.0901157707,-0.06611129642,1
185,42,0.057302773,-0.1284893304,1
185,50,0.09830541909,-0.1155430228,1
185,58,0.01861185208,0.04187824577,1
185,66,-0.06768772006,0.0802956447,1
185,74,0.009200438857,0.1109588146,1
185,82,0.04329836369,0.02510710806,1
185,90,0.02209877595,0.1334410906,1
185,98,-0.02131716907,0.02965883166,1
185,106,0.04037157819,0.06724144518,1
185,114,0.01795180887,-0.00408038497,1
185,122,-0.04068307579,-0.1268640012,1
185,130,0.0008140280843,-0.06786477566,1
185,138,-0.07694284618,0.04449810833,1
185,146,-0.04615990072,0.1397403032,1
185,154,0.03161972761,0.1491136849,1
185,162,0.06527470052,0.02764711902,1
185,170,0.1320005208,-0.04213816673,1
193,10,0.009868517518,0.3628848493,1
193,18,-0.01132439822,0.08266937733,1
193,26,0.02219705656,-0.09088867903,1
193,34,0.1458750367,-0.1224017888,1
193,42,0.1187091768,-0.1253271103,1
193,50,0.0810219422,-0.06461187452,1
193,58,0.01807790995,0.1287253797,1
193,66,-0.05330891907,0.1307189316,1
193,74,-0.06543833762,0.2733460069,1
193,82,-0.09108507633,0.08593540639,1
193,90,-0.04096747935,0.05704675615,1
193,98,0.06014852971,-0.01705709472,1
193,106,0.1104410291,0.005528740585,1
193,114,0.01670758426,-0.01248816028,1
193,122,-0.08254702389,-0.09122507274,1
193,130,-0.07306671143,0.01260821521,1
193,138,-0.1465574652,0.09603627026,1
193,146,-0.08463515341,0.1125839651,1
193,154,0.05753473938,0.09364975244,1
193,162,0.1374949813,-0.0319050476,1
193,170,0.2214599103,-0.101429686,1
201,10,-0.006286166608,-0.02523249388,1
201,18,0.01800293848,0.1831630915,1
201,26,0.1004869044,0.118844375,1
201,34,-0.003222305328,-0.09877916425,1
201,42,0.04957205802,-0.04974283278,1
201,50,0.1308893561,0.09590362012,1
201,58,-0.0522839576,0.1948927045,1
201,66,-0.1039138287,0.05987051129,1
201,74,-0.07016463578,0.2283618748,1
201,82,-0.03683493659,0.1906704605,1
201,90,-0.02692016959,0.04187610373,1
201,98,0.05233730748,0.0005253702402,1
201,106,0.06468485296,-0.06236311048,1
201,114,-0.0002104174346,0.0007119700313,1
201,122,-0.2049156129,-0.02117654309,1
201,130,-0.1197115406,0.07932582498,1
201,138,-0.09536167234,0.1669271737,1
201,146,-0.0517610535,0.2047289014,1
201,154,0.08827182651,0.1573255807,1
201,162,0.1530256569,0.0255943276,1
201,170,0.2321616709,0.02303679287,1
209,10,0.03127590567,-0.1819593012,1
209,18,0.02975132316,0.1705595404,1
209,26,0.0406694673,0.1623524725,1
209,34,-0.1546407044,-0.05742071569,1
209,42,-0.1274541169,-0.02527399734,1
209,50,-0.06759984046,0.03114802763,1
209,58,-0.1340443045,0.1068904549,1
209,66,0.06005319953,-0.04481983185,1
209,74,0.1660977453,-0.0321525,1
209,82,0.1463951766,0.07760068774,1
209,90,0.08150240779,0.01016882434,1
209,98,0.07728664577,-0.03389999643,1
209,106,0.1286800653,-0.1154700145,1
209,114,0.05138137937,0.02177743614,1
209,122,-0.1321826279,0.09009959549,1
209,130,-0.03046254069,-0.03305516019,1
209,138,0.03657007217,0.05819027126,1
209,146,0.08275784552,0.2341801822,1
209,154,0.0871669203,0.08535861224,1
209,162,0.104869321,0.04606832564,1
209,170,0.07725431025,0.01522500813,1
217,10,-0.0560683459,-0.06910289824,1
217,18,0.007048998959,0.03355786949,1
217,26,-0.006696360186,0.1698088348,1
217,34,-0.1299428046,-0.08373910189,1
217,42,0.0511443913,-0.005301083438,1
217,50,0.01082287915,0.03233477473,1
217,58,-0.02410323918,-0.04174049199,1
217,66,0.04946495593,-0.06637831032,1
217,74,0.2279482484,-0.06941078603,1
217,82,0.2141489685,0.05008415878,1
217,90,0.1175974011,0.02093425579,1
217,98,0.08528891951,-0.03500691056,1
217,106,0.05025571585,-0.07375349104,1
217,114,0.08947237581,-0.02147486061,1
217,122,0.03028042428,-0.003278328106,1
217,130,-0.01977516711,-0.06240383908,1
217,138,0.006689198315,0.08231649548,1
217,146,0.04748077691,0.268244803,1
217,154,0.2361264527,0.07799200714,1
217,162,0.1172553599,-0.01116815954,1
217,170,-0.1122711599,-0.03531242907,1
225,10,-0.03620053083,0.01561356708,1
225,18,-0.003052595071,0.001800730824,1
225,26,2.127513289e-05,0.1520425677,1
225,34,-0.02397562005,0.02062856033,1
225,42,0.1125999317,-0.001612506807,1
225,50,0.06483747065,0.001125836745,1
225,58,0.03420215845,-0.1124208272,1
225,66,0.05737602711,-0.1244935244,1
225,74,0.1521740556,-0.06326565892,1
225,82,0.1180926263,0.02436634898,1
225,90,0.05733954906,-0.02252532914,1
225,98,0.05481862649,-0.05993022025,1
225,106,0.03925395012,0.07227667421,1
225,114,0.09048740566,-0.06317428499,1
225,122,0.06249794364,-0.1315319538,1
225,130,0.02421004325,0.06757515669,1
225,138,0.1637162566,0.06866361201,1
225,146,0.2899660468,0.1470552683,1
225,154,0.2856100202,0.03085877746,1
225,162,0.1310665309,-0.07008192688,1
225,170,-0.2437354624,-0.02034197003,1
233,10,0.1234602481,0.03942238912,1
233,18,0.08020497859,0.06945881993,1
233,26,0.1080117449,0.1465192288,1
233,34,0.08485046774,0.0714680478,1
233,42,0.1485481858,0.03889415413,1
233,50,0.3376297057,0.01853099093,1
233,58,0.1109222993,-0.03768767789,1
233,66,0.04557531327,-0.1507679522,1
233,74,0.1080469638,-0.1514844894,1
233,82,0.1004193798,0.05294799805,1
233,90,0.07081659138,-0.05787935108,1
233,98,0.09392650425,-0.06895960122,1
233,106,0.07160933316,-0.02207084,1
233,114,0.02690374851,-0.1751813293,1
233,122,0.1657354683,-0.2468341887,1
233,130,0.1208408475,0.007929306477,1
233,138,0.02073214203,0.1300703734,1
233,146,0.142241776,0.1480584443,1
233,154,0.1817902923,0.02082781121,1
233,162,0.09607117623,-0.02702694945,1
233,170,-0.08913885057,0.01227281056,1
241,10,0.2959141135,0.07727272063,1
241,18,0.1630442441,0.06826367229,1
241,26,0.02421674505,0.1389939487,1
241,34,0.04389848933,0.07799424976,1
241,42,0.06966942549,-0.07535788417,1
241,50,0.1439318359,-0.1425381005,1
241,58,0.1282998323,-0.04267317057,1
241,66,-0.02782228589,-0.05077762157,1
241,74,-0.03746310622,-0.0661161989,1
241,82,0.01180145144,-0.08366985619,1
241,90,0.08945310116,-0.1767317355,1
241,98,0.06822085381,-0.1064396799,1
241,106,0.06654626131,-0.1035018861,1
241,114,0.2123149186,-0.1579072773,1
241,122,0.278755188,-0.1383478492,1
241,130,0.06139732152,0.01342813298,1
241,138,0.01237657666,0.2099825144,1
241,146,0.1672961414,0.1908895969,1
241,154,0.109929584,0.0009785126895,1
241,162,-0.05646206439,-0.06949928403,1
241,170,-0.1193696707,0.03182320297,1
249,10,0.3981921375,0.1554679722,1
249,18,0.2013201565,0.0577653572,1
249,26,0.0274515003,0.1407365203,1
249,34,-0.1081590056,0.1593780816,1
249,42,-0.05411186069,-0.123403579,1
249,50,0.07314439118,-0.1473655105,1
249,58,0.09756575525,-0.07429093868,1
249,66,-0.09838520736,0.1246017814,1
249,74,-0.2147134542,0.0342451632,1
249,82,0.0431111306,-0.06629727781,1
249,90,0.1020771042,-0.100648351,1
249,98,0.04867448658,-0.1153824627,1
249,106,0.1032967418,-0.07502886653,1
249,114,0.2014408112,-0.0001915097237,1
249,122,0.06221436709,0.03004349954,1
249,130,-0.02135265619,0.08546863496,1
249,138,0.1206943989,0.121357277,1
249,146,0.2108267248,-0.01218024641,1
249,154,0.08840255439,-0.08491775393,1
249,162,0.06838132441,-0.0004381388426,1
249,170,-0.04514371604,0.09873069823,1
257,10,0.2260817885,0.177267611,1
257,18,0.2431429029,0.0888133049,1
257,26,0.225576207,0.06043875962,1
257,34,0.1534699202,0.07807438076,1
257,42,0.06599420309,0.05445703492,1
257,50,0.008978813887,-0.004608295858,1
257,58,0.01320844889,-0.03461644426,1
257,66,0.009335629642,-0.01445017383,1
257,74,0.05965217948,-0.01610767283,1
257,82,0.1087527126,-0.03787849844,1
257,90,0.04317366332,-0.004922939464,1
257,98,-0.07522036135,-0.09836527705,1
257,106,-0.102948837,-0.2007832527,1
257,114,0.051289469,-0.04114755243,1
257,122,0.2073981911,0.003286972642,1
257,130,-0.02845559269,0.09716850519,1
257,138,-0.05323434621,0.00325191766,1
257,146,0.04209603369,-0.1644078195,1
257,154,0.02763828263,-0.05994001403,1
257,162,0.2584532499,0.0990504846,1
257,170,0.3395388722,0.1742529869,1
265,10,0.2073825598,0.1030131504,1
265,18,0.2800344229,0.07403598726,1
265,26,0.2342601269,-0.05653802305,1
265,34,0.1156780273,-0.002390040085,1
265,42,0.1496033967,0.1938927174,1
265,50,0.08717802167,0.0547712259,1
265,58,-0.0767499879,-0.03874144703,1
265,66,-0.02656366304,0.02199106663,1
265,74,0.08146688342,-0.01958576776,1
265,82,0.08119207621,-0.1054942608,1
265,90,0.03763444349,-0.08454471827,1
265,98,-0.16233702,-0.02913210914,1
265,106,-0.06017988175,-0.2192244232,1
265,114,0.1016028523,-0.1489906162,1
265,122,0.2171373665,-0.07676554471,1
265,130,0.130915463,-0.003826020285,1
265,138,0.05644801259,-0.008358948864,1
265,146,0.04220992327,-0.01166230254,1
265,154,0.0656606108,-0.02664449438,1
265,162,0.1802282333,-0.07713922858,1
265,170,0.323949188,0.02304747701,1
273,10,0.2623625994,0.02196300775,1
273,18,0.2338620722,-0.03377298638,1
273,26,0.1644894481,-0.02211356163,1
273,34,0.1237386018,0.007575972006,1
273,42,-0.01238094643,0.08553256094,1
273,50,-0.06607036293,0.01764697582,1
273,58,-0.1086852327,0.07871101052,1
273,66,-0.10063003,0.05751293153,1
273,74,-0.03398486227,0.02135416493,1
273,82,0.1464475542,-0.07574466616,1
273,90,0.1022315025,-0.01582893729,1
273,98,-0.04929311201,-0.0369585827,1
273,106,0.04324892908,0.07905038446,1
273,114,0.1187859327,0.0144998394,1
273,122,0.2107016295,0.07487355918,1
273,130,0.1612525582,0.04422301799,1
273,138,0.2257911563,0.06861069053,1
273,146,0.2675558031,0.1382330209,1
273,154,0.09159789979,0.04877397418,1
273,162,0.08275508136,-0.05388562009,1
273,170,0.2539215684,-0.06609459966,1
281,10,0.292506516,0.02615736052,1
281,18,0.3225265145,-0.06306619942,1
281,26,0.1384372115,-0.03655853868,1
281,34,0.09822249413,0.05555550754,1
281,42,0.08794341981,0.07500776649,1
281,50,-0.03042784333,0.04180757701,1
281,58,-0.1994618028,0.08641248941,1
281,66,-0.09447953105,0.08191516995,1
281,74,-0.04719433933,0.001193839125,1
281,82,0.1125792414,-0.002684531733,1
281,90,0.2657331228,0.04332694784,1
281,98,0.3109955192,-0.1372026652,1
281,106,0.2915898561,-0.07258866727,1
281,114,0.1227420717,0.02552203462,1
281,122,0.2638811469,0.0916910544,1
281,130,0.2053335011,0.06961136311,1
281,138,0.04521334916,-0.009665539488,1
281,146,-0.005825378001,-0.03881017119,1
281,154,0.02520498633,-0.04448758066,1
281,162,0.03119014204,-0.03133387864,1
281,170,0.06484018266,-0.09297636151,1
289,10,0.003278180957,-0.07870534062,1
289,18,0.04981221259,-0.1117560714,1
289,26,-0.01225575805,-0.1561002135,1
289,34,0.1078311056,0.04695796967,1
289,42,0.2390891463,0.1503088325,1
289,50,0.1322266012,-0.01182564348,1
289,58,-0.08301287889,-0.04502119124,1
289,66,-0.3043040037,0.09443523735,1
289,74,-0.2391525656,0.1961220354,1
289,82,-0.01517849602,0.05067460984,1
289,90,0.047298491,-0.08770859241,1
289,98,0.1748930514,-0.05806345493,1
289,106,0.1577179432,-0.08550004661,1
289,114,0.160951823,-0.1880080551,1
289,122,0.2298457175,-0.04750985652,1
289,130,0.1321616024,0.03509905562,1
289,138,0.06957273185,0.01308066025,1
289,146,0.007241141051,0.07890225947,1
289,154,-0.02590063214,0.1206736043,1
289,162,0.02645041794,0.03277965635,1
289,170,0.02603723854,-0.0695618242,1
297,10,0.05751255155,-0.09527879208,1
297,18,0.1504355371,-0.1147190034,1
297,26,0.1048766077,-0.1415371597,1
297,34,0.08530825377,-0.06490460038,1
297,42,0.1197102442,0.01262266934,1
297,50,0.1369812936,-0.0959982872,1
297,58,0.09812443703,-0.1478509307,1
297,66,-0.07130406797,0.01585070416,1
297,74,-0.01616970077,0.08641882241,1
297,82,0.01804808527,-0.1240867674,1
297,90,-0.03694376349,-0.0629735291,1
297,98,-0.04745387286,0.1292526871,1
297,106,0.07167756557,0.007948655635,1
297,114,0.1098271161,-0.1034960449,1
297,122,0.08367864788,-0.09675562382,1
297,130,0.07817626745,0.03742652386,1
297,138,0.08475130051,0.1513894498,1
297,146,0.006976813078,0.1595962346,1
297,154,-0.0008932426572,0.1499660313,1
297,162,0.0742675066,0.08299762011,1
297,170,0.06154631078,0.03984767944,1
305,10,-0.006755411625,-0.09664668143,1
305,18,0.1536545753,-0.1292002499,1
305,26,0.3085106611,-0.1099462062,1
305,34,0.1796069145,-0.1230095476,1
305,42,0.1235525012,-0.1095423251,1
305,50,0.1101511568,0.02408867329,1
305,58,0.03256241232,-0.1342852712,1
305,66,-0.00454524532,-0.09272022545,1
305,74,-0.007591094822,-0.2597001195,1
305,82,0.01575996727,-0.1506511122,1
305,90,0.02629648894,-0.00336930342,1
305,98,-0.03266711533,0.07229231298,1
305,106,-0.1375188977,0.01731158793,1
305,114,-0.08298814297,-0.01926003769,1
305,122,-0.03913550824,-0.1064046025,1
305,130,-0.03798037022,-0.01363669429,1
305,138,0.01481730677,0.1028738171,1
305,146,0.0842661038,0.1093148589,1
305,154,0.1305597425,0.1124651134,1
305,162,0.147690177,-0.066365771,1
305,170,0.09741611779,-0.1131732911,1
313,10,-0.05682361126,-0.08174481243,1
313,18,0.09723845124,-0.1278695464,1
313,26,0.1812606007,-0.0728886202,1
313,34,0.1159291267,-0.06209885702,1
313,42,0.1787199229,-0.07430464029,1
313,50,0.2080487013,0.042956274,1
313,58,-0.02083167061,-0.1463396549,1
313,66,0.0004012174904,-0.1148876548,1
313,74,0.0238396842,-0.2527072132,1
313,82,-0.3453802168,-0.09348925948,1
313,90,-0.2298792899,-0.0318107903,1
313,98,-0.1075055227,0.1185156479,1
313,106,-0.09652868658,0.1022923589,1
313,114,-0.03489539772,0.01071221288,1
313,122,0.08430803567,-0.1110284477,1
313,130,0.1010389999,-0.09530927241,1
313,138,0.03741792589,0.03498715162,1
313,146,0.1140435487,0.1001627594,1
313,154,0.1086791307,0.1033316925,1
313,162,0.002404663712,0.01033470407,1
313,170,0.07342211157,-0.1623321176,1
321,10,-0.1526637077,-0.1631564647,1
321,18,0.02278414369,-0.1224024445,1
321,26,0.2772949636,-0.1148403212,1
321,34,0.3239422143,0.04227600619,1
321,42,0.2980797291,0.05434717983,1
321,50,0.2844259441,0.07744792104,1
321,58,-0.09651762992,-0.09650004655,1
321,66,0.01063646376,-0.2023942471,1
321,74,0.1089586318,-0.1628421843,1
321,82,-0.1115448624,-0.1122945547,1
321,90,-0.2039183825,-0.03248577565,1
321,98,-0.1459678113,0.1106235087,1
321,106,-0.09544206411,0.1153110117,1
321,114,0.04987787828,0.04853411764,1
321,122,0.2682818472,-0.01465216745,1
321,130,0.3615938127,-0.08556046337,1
321,138,0.01359644532,-0.01797189564,1
321,146,-0.08889888972,-0.002856224775,1
321,154,-0.1500408649,0.02702890337,1
321,162,-0.08744197339,0.06282740086,1
321,170,-0.03151085973,0.008074827492,1
329,10,-0.09217950702,-0.006529986858,1
329,18,0.03060260415,0.07449690998,1
329,26,0.2421816885,-0.08857542276,1
329,34,0.3997426629,0.1260923445,1
329,42,0.1011941284,0.1562661231,1
329,50,-0.01154048741,0.1184132472,1
329,58,-0.02607342973,-0.01209020615,1
329,66,0.1179611534,-0.1866187453,1
329,74,0.09724082053,-0.1782208085,1
329,82,0.04996369779,-0.07597037405,1
329,90,-0.0133386068,0.007475201041,1
329,98,0.06090360135,-0.151778996,1
329,106,0.1020062417,-0.0658108145,1
329,114,0.05699898675,-0.02840473317,1
329,122,0.1391810775,0.08046146482,1
329,130,0.08113476634,0.03633599728,1
329,138,-0.0869410634,0.06405644864,1
329,146,-0.1349098682,0.04336985946,1
329,154,-0.04050035402,0.1231652796,1
329,162,-0.07224039733,0.100156039,1
329,170,-0.08028380573,0.1667692661,1
337,10,-0.01530976593,0.09316414595,1
337,18,0.2206438184,0.1336959302,1
337,26,0.3067037463,-0.0368283093,1
337,34,0.1626337618,0.05831007659,1
337,42,0.121889092,0.07591971755,1
337,50,0.06323029101,0.1713024229,1
337,58,-0.04380109906,-0.1170820668,1
337,66,0.04219317064,-0.07118591666,1
337,74,0.09559994191,-0.04084021598,1
337,82,0.01960548386,0.05982736498,1
337,90,-0.04092220962,-0.02994478866,1
337,98,0.02377782762,-0.1477790326,1
337,106,0.0340667814,-0.07306005061,1
337,114,0.0553933531,-0.07199376076,1
337,122,0.08296240866,-0.122293435,1
337,130,0.0434442386,0.04577097297,1
337,138,-0.00806805864,0.07212887704,1
337,146,-0.06186598912,-0.003626592457,1
337,154,0.05301574618,0.04761276767,1
337,162,0.09019451588,0.05019953847,1
337,170,0.0295316577,0.07129561156,1
345,10,-0.05282150954,-0.1584864855,1
345,18,0.03598128259,0.006935212761,1
345,26,0.1416640431,0.1102849692,1
345,34,0.1944310069,0.05180122331,1
345,42,0.1078743488,-0.1266169399,1
345,50,0.03330292553,-0.03945870697,1
345,58,-0.05006668717,-0.2891471088,1
345,66,-0.079840675,-0.1172737107,1
345,74,0.001213308424,-0.04811833054,1
345,82,0.02053357288,0.008760020137,1
345,90,-0.07870904356,-0.04874584824,1
345,98,-0.002865642309,-0.1624847651,1
345,106,0.1239199936,-0.04584271461,1
345,114,0.08675955236,-0.07406201214,1
345,122,0.01961838454,0.02481386997,1
345,130,0.02596107498,0.05686299875,1
345,138,-0.03685100749,-0.1148803681,1
345,146,-0.05719487742,-0.1216184199,1
345,154,0.03247306123,0.03446293622,1
345,162,0.08913369477,-0.01326408796,1
345,170,0.1756175458,0.06257964671,1
353,10,0.01946532726,-0.147025317,1
353,18,-0.1315480769,-0.05261966586,1
353,26,-0.1256678402,0.01591439545,1
353,34,0.04225032032,-0.04937998205,1
353,42,-0.07650482655,-0.1540651917,1
353,50,-0.08025696129,-0.2660729885,1
353,58,0.01148646325,-0.2534681857,1
353,66,0.001925297081,-0.1668012887,1
353,74,-0.07725708187,-0.1340527982,1
353,82,0.03785987571,-0.01491121575,1
353,90,0.07778517157,-0.07499099523,1
353,98,0.1358423531,-0.2787308097,1
353,106,0.2487758994,-0.2307981104,1
353,114,0.05585987121,-0.1352227628,1
353,122,-0.1256186217,-0.02659419179,1
353,130,-0.04815184325,-0.01708292961,1
353,138,-0.05747522041,-0.1052539647,1
353,146,-0.1758619845,0.01528965309,1
353,154,-0.1036202461,0.1277459562,1
353,162,0.06368586421,0.0002554245293,1
353,170,0.1170058995,0.01688717678,1
361,10,0.1545831561,0.07862257212,1
361,18,0.03592212498,0.03234505653,1
361,26,-0.05080578849,-0.1792846918,1
361,34,0.1487910599,-0.1633988172,1
361,42,0.2670645118,-0.003434456885,1
361,50,0.1325477064,-0.1829962134,1
361,58,0.07568300515,-0.2146092504,1
361,66,0.01948662102,-0.1383575201,1
361,74,-0.03021048754,-0.01419074088,1
361,82,-0.03032857552,-0.07312457263,1
361,90,0.1079261601,-0.1192157939,1
361,98,0.240265131,-0.1104604304,1
361,106,0.246416837,-0.1220140755,1
361,114,0.1658992469,-0.1255547404,1
361,122,-0.002077590674,-0.2114165574,1
361,130,-0.01250952296,-0.01962249726,1
361,138,-0.06885819882,0.08599490672,1
361,146,-0.1420669407,0.07316187024,1
361,154,0.02321549505,0.126636669,1
361,162,0.2011668086,-0.01169732399,1
361,170,0.1832653135,-0.122946009,1
369,10,0.2697176337,0.3255455494,1
369,18,0.1019732654,0.08538262546,1
369,26,-0.02150106058,-0.09002739936,1
369,34,0.1629802883,-0.1027545184,1
369,42,0.2104513645,-0.1595848501,1
369,50,0.1456766427,-0.1508810669,1
369,58,0.07334116101,-0.1458212286,1
369,66,0.06009005755,-0.115207836,1
369,74,0.0400727652,-0.004222337157,1
369,82,0.02354520932,-0.06309635937,1
369,90,0.08901159465,-0.1407392621,1
369,98,0.08788114041,-0.1982885301,1
369,106,0.05516284704,-0.1480409503,1
369,114,0.1015346944,-0.1343591213,1
369,122,0.1084210873,-0.2061246186,1
369,130,0.071560435,-0.002045992762,1
369,138,-0.02180303261,0.1664118767,1
369,146,0.0268869698,0.1006895304,1
369,154,0.1834493577,0.05876298994,1
369,162,0.3422957063,-0.03585100919,1
369,170,0.4645567536,-0.2106016278,1
377,10,0.2502757907,0.2232244611,1
377,18,0.06128513813,0.006086065434,1
377,26,0.008730303496,-0.1313224733,1
377,34,0.01413624734,-0.2527746856,1
377,42,0.03776428103,-0.3234466016,1
377,50,0.2036168128,0.03500209749,1
377,58,0.1285400242,0.09702810645,1
377,66,0.03366307542,-0.02582755871,1
377,74,-0.129472658,0.06000451744,1
377,82,0.07895670831,-0.04713107646,1
377,90,0.1128595471,-0.2359672487,1
377,98,-0.01786068082,-0.3512319028,1
377,106,-0.007134795189,-0.2481951714,1
377,114,-0.01691129059,-0.1804491878,1
377,122,-0.05145016313,-0.05318481475,1
377,130,0.01567778736,-0.04170071334,1
377,138,0.01159242168,0.1337473094,1
377,146,0.05254474282,0.08954712749,1
377,154,0.1335243881,0.001829953864,1
377,162,0.1548811942,-0.09891913086,1
377,170,0.1975328177,-0.2111333162,1
385,10,0.09370506555,-0.007657125592,1
385,18,0.02791278064,-0.1018575579,1
385,26,-0.01263093948,-0.1994125992,1
385,34,-0.02277090773,-0.2142032534,1
385,42,0.04972234741,-0.2328677177,1
385,50,0.1189843416,-0.0280277729,1
385,58,-0.06176115572,0.04609958455,1
385,66,-0.03328320384,0.1361398101,1
385,74,0.04131944478,0.08886481822,1
385,82,0.118846871,-0.1144958287,1
385,90,0.1044761688,-0.08287134767,1
385,98,0.04600504786,-0.143956393,1
385,106,0.02093021572,-0.1875423789,1
385,114,-0.07222224027,-0.1773137748,1
385,122,-0.1684532464,-0.08174954355,1
385,130,-0.1215388477,0.02089157328,1
385,138,-0.04684706032,0.1633207798,1
385,146,-0.01759437099,-0.02581477538,1
385,154,0.1675739139,-0.03724266589,1
385,162,0.2591334283,-0.1731347442,1
385,170,0.1802596748,-0.2556012869,1
393,10,0.0961079523,-0.08464241028,1
393,18,-0.07183869928,-0.1535185575,1
393,26,-0.1205009893,-0.1992272586,1
393,34,-0.1457492113,-0.2288834155,1
393,42,-0.01756921783,0.09073202312,1
393,50,0.1015564725,0.04667077214,1
393,58,0.07601145655,-0.01586277038,1
393,66,0.1262077093,0.02526205033,1
393,74,0.1947390735,0.07682324946,1
393,82,0.3026195168,-0.05521462113,1
393,90,0.2067246437,-0.04914213717,1
393,98,0.1208282858,-0.107078895,1
393,106,0.03704450652,-0.2442793995,1
393,114,-0.1061723381,-0.09089257568,1
393,122,-0.07857014239,0.02538011596,1
393,130,-0.03791965544,0.05148278177,1
393,138,0.004759723321,0.1240195185,1
393,146,-0.0308394786,0.0145117566,1
393,154,0.110296987,-0.08446780592,1
393,162,0.1609618068,-0.1716821492,1
393,170,0.08955287933,-0.1448438764,1
401,10,0.1871675551,-0.1320838928,1
401,18,0.09199608117,-0.246786952,1
401,26,0.09422697127,-0.09485124052,1
401,34,-0.04030433297,-0.1564533114,1
401,42,-0.0170214735,0.05800363421,1
401,50,0.264675498,0.2299727201,1
401,58,0.244715184,0.120762445,1
401,66,0.2131885588,-0.1194907948,1
401,74,0.2773503661,-0.05591705441,1
401,82,0.295699954,-0.09033668041,1
401,90,0.3460180759,-0.2012338638,1
401,98,0.3685169816,-0.1798044443,1
401,106,0.1016265228,-0.2235061377,1
401,114,-0.05774603784,-0.06965717673,1
401,122,-0.02001168765,0.02620062977,1
401,130,0.01854964346,-0.09596675634,1
401,138,0.0737554878,-0.09837557375,1
401,146,0.08483023942,-0.02527724579,1
401,154,-0.01000322402,-0.09384962916,1
401,162,0.03344339132,-0.08334813267,1
401,170,0.03602807224,-0.06381960958,1
409,10,0.2405033112,-0.02091804147,1
409,18,0.1820259988,-0.1551385224,1
409,26,0.1944454908,-0.0226829946,1
409,34,0.1874591261,-0.0659416467,1
409,42,0.1501576155,0.03296634555,1
409,50,0.1727992892,0.1474867016,1
409,58,0.1437607855,0.1853443831,1
409,66,0.08272182941,-0.2112912536,1
409,74,0.2017762214,-0.1594262123,1
409,82,0.2037180662,-0.1181363761,1
409,90,0.1027773768,-0.2490915656,1
409,98,0.2492922544,-0.2215136588,1
409,106,0.178761214,-0.1643046439,1
409,114,0.0126484707,-0.1712865233,1
409,122,0.008682027459,-0.1094213426,1
409,130,-0.006933733821,-0.1992840171,1
409,138,-0.0144739002,-0.1443296522,1
409,146,0.1175191253,-0.06404832006,1
409,154,0.1259710938,-0.02814992517,1
409,162,0.06278926134,-0.01991002262,1
409,170,0.02903318405,-0.08728519827,1
417,10,0.2859564126,0.01409378648,2
417,18,0.331409514,0.04910561442,1
417,26,0.2837070227,-0.1481918395,1
417,34,0.1455383599,-0.1043572575,1
417,42,0.2858869433,0.09776851535,1
417,50,0.4663811922,0.1946082562,1
417,58,-0.04246522486,0.1194389984,1
417,66,-0.26301229,-0.2229393274,1
417,74,-0.06824444234,-0.1639172882,1
417,82,0.02469584346,0.03996858001,1
417,90,0.0453748107,-0.1726969928,1
417,98,0.1339472234,-0.2535372972,1
417,106,0.2180815637,-0.2812024653,1
417,114,0.3266303241,-0.3938005567,1
417,122,0.3863988817,-0.2704305053,1
417,130,0.1979929507,-0.2403660119,1
417,138,0.1516714692,-0.1658674031,1
417,146,0.1054688543,-0.02213186771,1
417,154,0.1478863209,0.09364286065,1
417,162,0.2328493595,0.02462693304,1
417,170,0.3726567924,-0.1802999973,1
