PIVlab, ASCII chart output - 02-Aug-2025
FRAME: 173, filenames: A:[173]FullStack_Pos0035_TgUtrmcherry_K4K8MO-1.avi & B:[174]FullStack_Pos0035_TgUtrmcherry_K4K8MO-1.avi, conversion factor xy (px -> m): 1, conversion factor uv (px/frame -> m/s): 1
x [px],y [px],u [px/frame],v [px/frame],Vector type [-]
9,10,0.131594032,0.1446993351,1
9,18,-0.1278729886,0.07566186041,1
9,26,-0.1600559503,0.005144461989,1
9,34,-0.07549339533,0.1855033487,1
9,42,0.07578688115,0.3006389439,1
9,50,0.1866843551,0.2204688787,1
9,58,0.1982340664,0.09104442596,1
9,66,0.1186944842,0.030362688,1
9,74,0.1501545012,0.09763632715,1
9,82,0.1810756028,0.03441596776,1
9,90,0.2782734931,-0.04722657055,1
9,98,0.1694595516,-0.0199213624,1
9,106,0.04176975042,0.1457386464,1
9,114,-0.1424976289,0.2180362642,1
9,122,-0.293476522,0.3792716265,1
9,130,-0.2048805654,0.2651487291,1
9,138,0.01890462264,0.1670382917,1
9,146,0.1583615541,0.1214365512,1
9,154,0.02816921473,0.09435707331,1
9,162,-0.02331450582,0.1733325124,1
9,170,-0.05541595817,0.08456838131,1
17,10,0.0005343072116,-0.08009815216,1
17,18,-0.03391647711,0.008496977389,1
17,26,-0.02879793942,0.1140363365,1
17,34,-0.05888271332,0.004318334162,1
17,42,0.02105592191,0.008978582919,1
17,50,0.1316762716,0.02293078601,1
17,58,0.04846553877,0.009298071265,1
17,66,0.04758525267,-0.006134003401,1
17,74,0.1433478743,0.1277782619,1
17,82,0.1751079559,0.1692807078,1
17,90,0.2289563119,0.02218792215,1
17,98,0.0919553712,0.04568848386,1
17,106,-0.1460431516,0.1202784255,1
17,114,-0.1021575853,0.1285685897,1
17,122,-0.08778575808,0.2419111282,1
17,130,-0.1332683861,0.1309503168,1
17,138,-0.07518365979,0.1193478107,1
17,146,0.03010771051,0.1050576121,1
17,154,0.0313495025,0.06041038036,1
17,162,-0.03176505119,0.1519992948,1
17,170,-0.06649556756,0.1686327457,1
25,10,-0.1067512408,-0.1044077948,1
25,18,0.03050271794,-0.05521927774,1
25,26,-0.01800340414,0.07179701328,1
25,34,-0.05477448553,0.0408837311,1
25,42,0.03546260297,-0.09445752949,1
25,50,0.03942016885,-0.1283165812,1
25,58,-0.09590365738,-0.1697173715,1
25,66,0.01608874649,-0.02169720456,1
25,74,0.0509606041,0.1284084618,1
25,82,0.04461636394,0.2034127116,1
25,90,0.07227931917,0.06026797742,1
25,98,-0.06832358241,0.04222542048,1
25,106,-0.1039099619,0.05977940559,1
25,114,-0.02377086878,0.04855858535,1
25,122,-0.09315478802,0.07574239373,1
25,130,-0.1247615218,0.01832360029,1
25,138,-0.03518914059,0.06593684852,1
25,146,-0.06829343736,0.05282972381,1
25,154,-0.1279235184,-0.03452770412,1
25,162,-0.1394643486,0.01106162183,1
25,170,-0.02311386168,0.1468586624,1
33,10,0.06661889702,-0.08792215586,1
33,18,0.1200677678,-0.1108989567,1
33,26,-0.01481082663,-0.03101018816,1
33,34,0.01239023916,0.03391628712,1
33,42,0.01104910672,0.02657754719,1
33,50,-0.1269470304,0.03633911908,1
33,58,-0.1699427962,-0.04404027387,1
33,66,-0.1372258961,-0.001129724085,1
33,74,-0.0875775516,0.0777150616,1
33,82,-0.08417790383,0.152554974,1
33,90,-0.0911597684,0.1169047654,1
33,98,-0.08065408468,0.0005316771567,1
33,106,-0.0881761983,0.01730935276,1
33,114,-0.09247401357,0.02369336039,1
33,122,0.03905826062,0.02329194546,1
33,130,0.04119979963,0.01081483811,1
33,138,-0.09732207656,0.03357175738,1
33,146,-0.1441385597,-0.09008446336,1
33,154,-0.1326476038,-0.1258997619,1
33,162,-0.1106886342,-0.0155300349,1
33,170,-0.04851964861,0.1155204177,1
41,10,0.02693209797,-0.1820320785,1
41,18,0.04488346726,-0.1507754922,1
41,26,0.1242685542,-0.00282786414,1
41,34,0.07316330075,0.04053025693,1
41,42,-0.1272739768,0.1009758413,1
41,50,-0.1353064477,0.1283795536,1
41,58,-0.1259473711,-0.1076765209,1
41,66,-0.1118955389,0.03517640382,1
41,74,-0.00282676518,0.1269332469,1
41,82,0.1971329302,0.1212614551,1
41,90,-0.04250473157,0.08664260805,1
41,98,-0.07503455877,-0.07801332325,1
41,106,0.01711564884,-0.1173501611,1
41,114,-0.002194531262,-0.03888498992,1
41,122,0.08073594421,0.06928372383,1
41,130,0.04913021997,0.06297060847,1
41,138,-0.04889442027,0.01978207193,1
41,146,-0.03096297383,-0.0355791077,1
41,154,-0.0785087496,0.03714145347,1
41,162,-0.1111976802,0.08693550527,1
41,170,0.03948106244,0.07108642161,1
49,10,-0.02273546346,-0.1389814019,1
49,18,-0.07377001643,-0.1092295796,1
49,26,-0.0004722103477,-0.0319709219,1
49,34,-0.08724343032,0.0157691054,1
49,42,-0.2013469338,-0.02791731432,1
49,50,-0.1676103473,0.03745120764,1
49,58,-0.09993444383,0.002525722608,1
49,66,-0.100875698,0.1333202869,1
49,74,-0.1335820258,0.1061798334,1
49,82,0.0006490573287,0.05569029599,1
49,90,0.08038830757,0.05233643949,1
49,98,0.03197275475,-0.05180094391,1
49,106,0.04559544474,-0.1314348131,1
49,114,-0.05028586835,-0.01613681577,1
49,122,0.00983835943,0.143391788,1
49,130,0.005430836231,0.05538097769,1
49,138,-0.06154601276,-0.09311892837,1
49,146,-0.00588356331,-0.005498047918,1
49,154,-0.09752032161,0.1013534069,1
49,162,-0.01957323402,0.0655054599,1
49,170,0.121143274,0.07753379643,1
57,10,0.01397488639,0.007340857759,1
57,18,-0.03435975686,-0.09509908408,1
57,26,-0.03799330443,0.01922198571,1
57,34,-0.09542000294,0.03366884589,1
57,42,-0.1894057393,0.0277415961,1
57,50,-0.06708155572,0.1203432903,1
57,58,0.04547399282,0.1342237294,1
57,66,0.003538133577,0.005481806584,1
57,74,-0.08531532437,-0.03759055212,1
57,82,0.002351033501,-0.03575003892,1
57,90,0.111694701,-0.05101330206,1
57,98,0.004174128175,-0.07555360347,1
57,106,-0.05813539028,-0.05360850692,1
57,114,-0.04893258214,0.08498844504,1
57,122,0.05986424908,0.1718274951,1
57,130,-0.01438582689,0.03480545431,1
57,138,-0.1042569429,-0.1658066213,1
57,146,-0.0487343967,0.1264795363,1
57,154,0.01209322736,0.1557243019,1
57,162,-0.01075618621,0.09116851538,1
57,170,0.01926777884,0.1286996156,1
65,10,0.01020685583,0.08090989292,1
65,18,-0.1136401594,-0.02684331872,1
65,26,-0.06171418726,0.07207722962,1
65,34,0.01834712923,0.07356658578,1
65,42,-0.1641698927,0.09536329657,1
65,50,-0.1123792604,0.1395061612,1
65,58,0.1183503345,-0.0124076847,1
65,66,-0.1354247183,-0.08007276058,1
65,74,-0.1179171726,-0.03108906373,1
65,82,0.06173519045,-0.042817045,1
65,90,0.06042248011,-0.01020915061,1
65,98,-0.05523277819,-0.03523491323,1
65,106,0.01021233574,0.04147791862,1
65,114,-0.02634027973,0.06120272726,1
65,122,-0.1036508307,0.04302630574,1
65,130,-0.09741584957,-0.002308912575,1
65,138,-0.1045037061,-0.06155020371,1
65,146,-0.08431904018,0.1327842921,1
65,154,-0.0946880579,0.1661933661,1
65,162,-0.125184387,0.1079194248,1
65,170,-0.08179783821,0.1520170271,1
73,10,-0.0108309444,0.01382328384,1
73,18,-0.01352799125,0.05911871791,1
73,26,-0.00112541765,0.07452096045,1
73,34,-0.1500436962,0.01581194997,1
73,42,-0.2799452245,0.04877176881,1
73,50,-0.175083369,0.04383519664,1
73,58,0.04765694588,-0.07378979027,1
73,66,-0.04171911627,-0.05446233973,1
73,74,-0.07837522775,0.07752035558,1
73,82,0.01104248688,0.05867582932,1
73,90,0.01732554659,0.08834928274,1
73,98,-0.07993825525,0.1686610878,1
73,106,0.00362128485,0.1298141032,1
73,114,-0.03555834293,-0.007923636585,1
73,122,-0.1233501807,-0.1640713811,1
73,130,0.001122746617,-0.07440331578,1
73,138,-0.04860723019,-0.02382083423,1
73,146,-0.08419091254,-0.05962033197,1
73,154,-0.045343481,-0.02454413287,1
73,162,-0.08394306153,0.0625217706,1
73,170,-0.06304180622,0.1391618699,1
81,10,-0.02247890458,-0.1094025075,1
81,18,0.02602773719,0.05431749672,1
81,26,0.03937833756,0.03849000111,1
81,34,-0.05269820988,-0.1293017566,1
81,42,-0.174587518,-0.03106603026,1
81,50,-0.1969385594,-0.1063350141,1
81,58,-0.1319910735,-0.04326459393,1
81,66,-0.1303276718,0.03168378398,1
81,74,-0.1164717674,0.06611829996,1
81,82,-0.08824424446,0.04939515889,1
81,90,-0.171754539,0.114194192,1
81,98,-0.1284699738,0.1394137144,1
81,106,-0.03501507267,0.08316509426,1
81,114,-0.004891127348,0.02131702751,1
81,122,-0.05597616732,-0.06756773591,1
81,130,0.004890535027,-0.04061723128,1
81,138,0.06571899354,-0.01310706511,1
81,146,-0.001268826425,-0.1428284347,1
81,154,-0.02504668012,-0.1440262049,1
81,162,-0.06869248301,-0.03963438794,1
81,170,-0.004176400602,0.04266717285,1
89,10,-0.04209786654,-0.0332274884,1
89,18,0.149416104,0.09975699335,1
89,26,-0.01912810467,0.04132635891,1
89,34,0.02914975211,-0.1016486511,1
89,42,0.1015557349,-0.04966701195,1
89,50,-0.3430089653,-0.1429262161,1
89,58,-0.228921175,-0.1269121915,1
89,66,-0.04361878335,-0.09611447155,1
89,74,-0.0182800889,0.03439444304,1
89,82,0.07208871841,0.05162805691,1
89,90,0.06806184351,0.04098374024,1
89,98,-0.06402152777,0.09149045497,1
89,106,-0.03921090439,0.07851222903,1
89,114,0.09810199589,0.07389398664,1
89,122,0.08738807589,0.1141697541,1
89,130,-0.03349281847,0.09256409109,1
89,138,-0.01393118128,0.03781507164,1
89,146,-0.03266808391,0.02642542496,1
89,154,-0.08611560613,-0.07283675671,1
89,162,-0.0632057637,-0.01813169941,1
89,170,0.05596102774,0.0941645354,1
97,10,-0.0428648442,0.04977207258,1
97,18,0.1251140088,0.05212202668,1
97,26,0.1503274739,0.06978376955,1
97,34,0.2176225185,-0.05878119171,1
97,42,0.1570325196,-0.09895215929,1
97,50,-0.1018589437,-0.04471945763,1
97,58,-0.102514565,-0.1436085999,1
97,66,-0.007037892938,-0.09391903877,1
97,74,0.1362945139,0.07687161863,1
97,82,0.1338683963,0.0286793597,1
97,90,-0.07044824213,-0.03699079156,1
97,98,-0.06793364882,0.05576553196,1
97,106,-0.05030045658,0.04776783288,1
97,114,0.05796902999,0.07960648835,1
97,122,0.03984803706,0.2350434959,1
97,130,-0.04118292034,0.2729633749,1
97,138,-0.04967422783,0.1089443564,1
97,146,-0.05393349752,0.1714391708,1
97,154,-0.06010709703,0.1042973697,1
97,162,6.904453039e-05,0.05917244405,1
97,170,0.04394288734,0.1465916038,1
105,10,-0.2191919535,0.1678640544,1
105,18,-0.1015247032,0.04241878167,1
105,26,0.06855499744,0.01142763905,1
105,34,0.06412748992,-0.08164092898,1
105,42,0.1118539572,-0.09650358558,1
105,50,-0.02581965923,-0.03394733369,1
105,58,-0.03300750256,-0.1215135232,1
105,66,-0.01468834281,-0.02030345611,1
105,74,-0.006532059982,0.1008619815,1
105,82,0.01042099856,-0.06413733214,1
105,90,-0.008649285883,-0.03534207493,1
105,98,-0.02721353061,0.02414072677,1
105,106,-0.08707711101,0.03560032696,1
105,114,-0.1041660011,0.05837967992,1
105,122,0.07282022387,0.2921063006,1
105,130,-0.1022133604,0.3674237728,1
105,138,-0.1358167678,0.1618692577,1
105,146,-0.04470292479,0.1465460062,1
105,154,-0.009595163167,0.1051641479,1
105,162,-0.03739537671,0.2163389325,1
105,170,-0.05552717298,0.2284335196,1
113,10,-0.1915477663,0.2447495461,1
113,18,-0.1375528127,0.02793224528,1
113,26,-0.05099872872,0.01090386137,1
113,34,0.01661915332,-0.03641261905,1
113,42,0.0382367298,-0.06576150656,1
113,50,-0.0273140166,-0.07065039128,1
113,58,0.01095142215,-0.148625806,1
113,66,0.05529775843,0.03566435352,1
113,74,-0.1709201634,0.09228989482,1
113,82,-0.0495842807,-0.001561198384,1
113,90,0.09013984352,0.02125676721,1
113,98,-0.04502376914,0.05673219264,1
113,106,-0.1200892627,0.06793783605,1
113,114,-0.2253997922,0.05963531137,1
113,122,-0.1155953035,0.2900536656,1
113,130,0.04723291099,0.2831534743,1
113,138,0.0201227963,0.115395695,1
113,146,-0.06575363874,0.1273301542,1
113,154,0.007933430374,0.0429155007,1
113,162,-0.1496103704,0.1960804462,1
113,170,-0.1395275295,0.3328068852,1
121,10,-0.09341652691,0.02183704078,1
121,18,-0.03149540722,-0.01044109464,1
121,26,-0.1758779883,-0.0377490744,1
121,34,-0.06297502667,-0.01089897193,1
121,42,0.2417052239,-0.1608284563,1
121,50,0.165201515,-0.1273840666,1
121,58,0.05380090326,-0.03970385343,1
121,66,0.05123382807,0.1070048735,1
121,74,-0.07636668533,0.1091980785,1
121,82,-0.09278660268,0.09944455326,1
121,90,-0.08146383613,-0.008249364793,1
121,98,-0.06115433946,-0.02296988666,1
121,106,-0.07821265608,0.05248146504,1
121,114,-0.2717790008,-0.03051166236,1
121,122,-0.4558203816,0.1036554277,1
121,130,-0.1451513171,0.1557869464,1
121,138,-0.03050272912,0.05286318064,1
121,146,-0.07007729262,0.09950888157,1
121,154,-0.06832134724,0.1201692373,1
121,162,-0.08437615633,0.1612342596,1
121,170,-0.01559215412,0.1111693084,1
129,10,-0.01006557047,-0.1048816815,1
129,18,0.04999085143,0.04186527431,1
129,26,0.04996936768,-0.0843924284,1
129,34,0.1013291106,0.01376795769,1
129,42,0.2131598592,-0.02551519871,1
129,50,0.02152457088,-0.1816734821,1
129,58,-0.1727606952,0.1005887017,1
129,66,0.06795485318,0.1914541125,1
129,74,0.0281528011,0.2131922245,1
129,82,-0.02130464092,0.1020976007,1
129,90,0.06482613087,-0.05722589046,1
129,98,0.1562364697,-0.0857245028,1
129,106,0.0009346678853,0.07761318982,1
129,114,-0.2099185586,0.08961956948,1
129,122,-0.1047633886,0.09405452758,1
129,130,-0.1131216735,0.1621666253,1
129,138,-0.341098547,0.07288297266,1
129,146,-0.1378490925,0.06290806085,1
129,154,-0.08321279287,0.253036201,1
129,162,-0.09254031628,0.1913202107,1
129,170,-0.02095401287,0.08986585587,1
137,10,0.01464104652,-0.1425566673,1
137,18,0.07045202702,0.2324333042,1
137,26,-0.004275273532,0.05086844787,1
137,34,-0.0321774669,-0.05213536695,1
137,42,0.1559463143,0.04923272878,1
137,50,-0.01773327217,-0.02106079087,1
137,58,-0.08546707034,0.1738832593,1
137,66,0.001136157662,0.2452623844,1
137,74,0.05619193614,0.2578551471,1
137,82,0.04476062953,0.04501286149,1
137,90,0.1344831288,-0.02846346609,1
137,98,0.1811205149,0.003463119268,1
137,106,0.01314061508,0.05261301249,1
137,114,-0.2066087127,0.04670216888,1
137,122,-0.05302496254,0.0478984639,1
137,130,0.04109284282,0.03594603762,1
137,138,-0.1418259442,0.1227827221,1
137,146,-0.1043427363,0.04817872122,1
137,154,-0.02429395914,0.2139840722,1
137,162,0.03155462444,0.1802948415,1
137,170,-0.06144031882,0.1091481745,1
145,10,0.1018688679,0.01242616773,1
145,18,-0.1071078256,0.3871889114,1
145,26,-0.202301845,0.08143572509,1
145,34,-0.1287718117,-0.1274845302,1
145,42,0.01201441884,0.07738219202,1
145,50,0.05943921953,0.1625403315,1
145,58,0.1667381674,0.1285247207,1
145,66,0.1395798177,0.1330850422,1
145,74,0.01289620437,0.1137190461,1
145,82,-0.05762936175,-0.02806560323,1
145,90,-0.004785448313,-0.02335093915,1
145,98,0.1382126659,-0.04376626015,1
145,106,-0.01384814084,-0.07178861648,1
145,114,-0.2524901628,0.04397915676,1
145,122,-0.2625680566,0.0227781944,1
145,130,-0.192470789,-0.0626014322,1
145,138,-0.1100924164,0.02911636233,1
145,146,-0.1272922158,0.01205119118,1
145,154,-0.003581926227,0.03410752118,1
145,162,0.1586102694,0.09777159989,1
145,170,-0.07430821657,0.09448008984,1
153,10,0.2152824998,0.1580642164,1
153,18,-0.1457251161,0.2523654699,1
153,26,-0.1845898926,-0.01810758375,1
153,34,-0.06684309244,-0.2716763616,1
153,42,0.0007986687124,-0.1337042898,1
153,50,0.04523845389,0.09263272583,1
153,58,0.0997889936,0.1241244525,1
153,66,0.09774176031,0.07558460534,1
153,74,-0.005224810913,-0.004711672664,1
153,82,-0.0667136088,-0.05241183192,1
153,90,-0.1379120797,-0.007411031052,1
153,98,-0.1047780514,-0.04973549023,1
153,106,-0.01138287876,-0.1908074319,1
153,114,0.07267977297,0.0667809844,1
153,122,0.0263239108,0.1087087169,1
153,130,-0.2396249771,-0.02813458815,1
153,138,-0.2785741091,-0.1328145266,1
153,146,-0.2220354378,0.06772061437,1
153,154,-0.08002395183,0.1701482981,1
153,162,0.04958809167,0.05602564663,1
153,170,-0.03715253621,0.08068662882,1
161,10,0.2741056383,0.01750144362,1
161,18,0.05123262107,0.006591070443,1
161,26,-0.1219474524,-0.08529939502,1
161,34,-0.08395148069,-0.3538008332,1
161,42,-0.1336188018,-0.1146340817,1
161,50,-0.1402776539,0.005859822035,1
161,58,0.04207199812,0.1616239101,1
161,66,0.02194719762,0.1085451767,1
161,74,-0.01990108192,0.01495798677,1
161,82,-0.07447525859,0.1272175312,1
161,90,-0.1889959276,0.0631050244,1
161,98,-0.1222685352,-0.05354436859,1
161,106,0.05185569078,-0.07808078825,1
161,114,0.1685983837,-0.03382562846,1
161,122,0.07149091363,0.01173149794,1
161,130,-0.06620108336,-0.06730511785,1
161,138,-0.03469049931,-0.1931451559,1
161,146,-0.03427456319,0.09668582678,1
161,154,-0.07705567777,0.2440892756,1
161,162,0.01168474555,0.1878796071,1
161,170,-0.04083204642,-0.0004784166813,1
169,10,0.2482683957,0.04386990517,1
169,18,0.1391156912,-0.03563730419,1
169,26,0.1562514603,-0.150424391,1
169,34,0.0872451514,-0.04828891531,1
169,42,-0.3647769094,0.00677533634,1
169,50,-0.06240989268,-0.05807000026,1
169,58,0.1824633181,0.08595558256,1
169,66,0.02125727385,0.1999605149,1
169,74,-0.08900542557,0.07659483701,1
169,82,0.1105448231,0.2592984736,1
169,90,-0.09377753735,0.118663013,1
169,98,-0.03437939286,-0.06305034459,1
169,106,0.02017875575,-0.01989711076,1
169,114,-0.01039048284,-0.05613590777,1
169,122,-0.001887056977,-0.1126930416,1
169,130,0.03946636617,-0.05772898346,1
169,138,0.3869551718,-0.106391117,1
169,146,0.04577811062,0.07476175576,1
169,154,0.0152127631,0.1486372054,1
169,162,0.04864132032,0.1803139448,1
169,170,0.05677172542,0.01676722243,1
177,10,0.08215093613,0.02901657671,1
177,18,0.02153067291,-0.07391269505,1
177,26,0.06681654602,-0.05838222802,1
177,34,0.02270403504,-0.03378415853,1
177,42,-0.05025766417,0.03863698989,1
177,50,0.003705909476,0.01568990946,1
177,58,0.06661652774,-0.01715970784,1
177,66,-0.07125154138,0.1131812483,1
177,74,-0.1113535091,0.003531560302,1
177,82,-0.02242010832,0.03435206786,1
177,90,-0.1275812089,0.1300613433,1
177,98,-0.0653609857,-0.004065075889,1
177,106,0.1071859598,-0.06195646152,1
177,114,0.0261005424,-0.1067659557,1
177,122,-0.08538472652,-0.1426769644,1
177,130,-0.04875055328,-0.05776263773,1
177,138,0.1646391153,-0.004220340401,1
177,146,0.09699828178,0.02415172011,1
177,154,0.09232582897,-0.04803898558,1
177,162,0.06008654088,0.005613829941,1
177,170,-0.01964376867,0.09903363883,1
185,10,-0.05852655321,-0.09412988275,1
185,18,0.1233970076,-0.2113595009,1
185,26,0.2780768275,0.02360415831,1
185,34,0.03320638463,0.04272373766,1
185,42,-0.1792711169,0.04392065108,1
185,50,-0.08266108483,0.03672650829,1
185,58,-0.03594057634,-0.03833040595,1
185,66,-0.04520147294,-0.1160202622,1
185,74,-0.04956647754,-0.09379787743,1
185,82,-0.01579658687,-0.02657372504,1
185,90,0.02975741774,0.07690934092,1
185,98,0.04361210763,-0.07921025157,1
185,106,0.062795192,-0.01421888173,1
185,114,-0.02937222645,-0.07909927517,1
185,122,-0.1190745234,0.005318885669,1
185,130,-0.03866027296,-0.04748869687,1
185,138,-0.005638141185,-0.04849151522,1
185,146,0.05409433693,-0.03464630619,1
185,154,0.06513697654,0.03254687041,1
185,162,-0.03887338191,0.04474497586,1
185,170,-0.1514492929,0.05196642876,1
193,10,-0.07913309336,-0.0957994014,1
193,18,0.04385804385,-0.1693256348,1
193,26,0.07786551863,-0.05384350941,1
193,34,-0.0286510773,0.03636415303,1
193,42,-0.08455450088,0.1011019796,1
193,50,-0.0529538244,0.03332112357,1
193,58,-0.003827329725,0.1696020961,1
193,66,-0.02178458683,0.0394426994,1
193,74,-0.03932825476,-0.04094713181,1
193,82,0.02753333561,0.03119524755,1
193,90,0.05100075155,-0.0410267897,1
193,98,0.07991237193,-0.2942854166,1
193,106,0.1136040688,-0.06193649396,1
193,114,-0.00375182461,0.07953935117,1
193,122,-0.1157942787,0.1772837788,1
193,130,-0.1090909094,-0.02046002448,1
193,138,-0.07869546115,-0.02742560208,1
193,146,-0.06348465383,-0.001457482576,1
193,154,-0.03378503397,0.1096171811,1
193,162,0.1123452336,0.02414419129,1
193,170,0.005887463689,0.04666722566,1
201,10,-0.08292414993,-0.09279434383,1
201,18,0.03520900756,0.06936965883,1
201,26,0.0713737756,0.06419309974,1
201,34,0.047409527,0.02856194973,1
201,42,0.01846176386,0.1021974534,1
201,50,-0.03464958072,0.05313486606,1
201,58,-0.01824433357,0.1540581137,1
201,66,-0.185285598,0.2980677783,1
201,74,-0.100825049,-0.03128083795,1
201,82,-0.03640044853,0.0267007947,1
201,90,-0.04027496278,-0.1086943001,1
201,98,0.05292467028,-0.210623309,1
201,106,0.02665131167,-0.0684171468,1
201,114,-0.09354075044,0.09211778641,1
201,122,-0.002617869526,0.1580104977,1
201,130,-0.0916429013,0.02760422975,1
201,138,-0.1905207783,0.06972949952,1
201,146,-0.1646557748,0.1384049952,1
201,154,-0.1685763896,0.090448156,1
201,162,-0.04943040758,-0.07950334996,1
201,170,-0.07232959569,0.07838356495,1
209,10,-0.04785050452,-0.0532803461,1
209,18,-0.08426646888,0.2257980257,1
209,26,-0.0189262554,0.1401440203,1
209,34,0.0316484943,0.03841948882,1
209,42,-0.08620378375,0.05087380856,1
209,50,-0.1340662241,0.08019062877,1
209,58,0.0182624273,0.1174427718,1
209,66,0.04555059597,0.03160047159,1
209,74,-0.09091293812,-0.04233720526,1
209,82,0.0620024763,0.01649414189,1
209,90,0.1437768638,-0.02642058954,1
209,98,0.1061265022,-0.03877364472,1
209,106,0.04471672326,-0.01582662761,1
209,114,-0.03571665287,0.005292400718,1
209,122,0.0325386934,0.1386746168,1
209,130,-0.06879197061,0.09883566946,1
209,138,-0.1365516633,0.1337534189,1
209,146,-0.09757241607,0.02487654239,1
209,154,-0.04534833133,0.1435267925,1
209,162,-0.04310293123,0.2296696603,1
209,170,0.04573598504,0.1491260529,1
217,10,0.06565123051,0.08663471043,1
217,18,-0.03395342827,0.1352531761,1
217,26,-0.01953936741,0.1065091342,1
217,34,0.02669141069,0.0769020319,1
217,42,-0.0175498426,0.06346204877,1
217,50,-0.01468039583,0.04726205394,1
217,58,0.008739743382,0.02357825823,1
217,66,0.02820711397,-0.07312682271,1
217,74,-0.06651814282,-0.03347878158,1
217,82,0.07510242611,0.01462879032,1
217,90,0.1679358333,-0.02424566448,1
217,98,0.123583369,-0.1689591557,1
217,106,0.05339067057,-0.05241544917,1
217,114,0.05770919845,-0.06874550879,1
217,122,0.002039287239,0.001727133989,1
217,130,-0.1356640458,0.1047325879,1
217,138,-0.2007738799,0.1318858117,1
217,146,-0.1413574368,-0.0333834514,1
217,154,-0.08247044683,0.03623215109,1
217,162,-0.06057039276,0.2461626977,1
217,170,0.03928297013,0.2154012173,1
225,10,0.03301828355,0.0010128133,1
225,18,0.02403274924,0.1252477467,1
225,26,0.01077662036,0.104956165,1
225,34,-0.004665897228,0.05295590311,1
225,42,-0.004048693925,0.01890389994,1
225,50,0.02942571789,-0.01320814341,1
225,58,0.06384078413,-0.02873059362,1
225,66,0.06856499612,-0.1905262768,1
225,74,0.02415520884,-0.1594640762,1
225,82,-0.01489153504,0.02400517836,1
225,90,-0.0827069506,0.01005788427,1
225,98,-0.05643254519,-0.1083500385,1
225,106,0.01967807859,-0.01031478122,1
225,114,-0.01493890397,-0.0301900208,1
225,122,-0.04128042236,-0.06821139157,1
225,130,-0.08434481174,-0.05239477381,1
225,138,-0.2014525533,-0.008054066449,1
225,146,-0.04581286758,-0.03703548387,1
225,154,-0.0004083365202,0.07457349449,1
225,162,-0.0848364085,-0.02962045372,1
225,170,0.07360708714,0.1108142734,1
233,10,-0.07511985302,-0.1488354206,1
233,18,0.01162016112,0.07866315544,1
233,26,0.02952056564,0.008608149365,1
233,34,0.05288170278,0.03614828363,1
233,42,0.1493310481,-0.01635121554,1
233,50,0.1091122776,0.0461031124,1
233,58,0.2412044257,-0.007808617316,1
233,66,0.1029374152,-0.1257985383,1
233,74,-0.03921542689,-0.1202550009,1
233,82,-0.1062844098,0.04864913225,1
233,90,-0.07250951976,0.08146282285,1
233,98,-0.04633448273,0.05268440023,1
233,106,-0.05891321599,-0.002129886299,1
233,114,-0.06121782959,-0.02353921905,1
233,122,0.004928173497,-0.0350047648,1
233,130,-0.02946827561,-0.0536646843,1
233,138,-0.1012567803,-0.06688058376,1
233,146,-0.07332001626,-0.09070172161,1
233,154,-0.1055539846,0.1151573658,1
233,162,0.08162038028,0.1539419889,1
233,170,0.1466044784,0.1444118768,1
241,10,-0.1075630188,-0.1709320247,1
241,18,0.01917603984,0.06973144412,1
241,26,0.1081094146,0.0575350672,1
241,34,0.1037066206,0.02144696563,1
241,42,-0.005299963057,0.008645825088,1
241,50,-0.1017847657,0.03005262651,1
241,58,0.1654922366,0.0007209964097,1
241,66,0.03697526082,-0.08409781754,1
241,74,-0.07479835302,-0.03774773702,1
241,82,-0.1056938842,0.06413334608,1
241,90,-0.02798604965,0.03596493602,1
241,98,-0.003233455122,0.05501133949,1
241,106,-0.1163796559,0.04957707226,1
241,114,-0.02142046578,-0.06521845609,1
241,122,0.1589015126,-0.07783276588,1
241,130,-0.001892920583,0.02270162478,1
241,138,-0.0114614442,-0.01339821517,1
241,146,0.03609215468,-0.01914663613,1
241,154,-0.01083731651,0.1503357291,1
241,162,0.1310118586,0.2399830073,1
241,170,0.103432402,0.2066738904,1
249,10,-0.05151012912,-0.03590055555,1
249,18,0.08232630789,0.1316673607,1
249,26,0.04355478287,0.1258581281,1
249,34,-0.01979072951,0.03231118619,1
249,42,0.01121663675,0.03979437798,1
249,50,-0.1114892066,0.006387084723,1
249,58,-0.1123398617,-0.05920841545,1
249,66,-0.03991675377,-0.03738304973,1
249,74,-0.1557517648,0.02343045175,1
249,82,-0.09940387309,0.1279461086,1
249,90,0.02872843109,0.04307710752,1
249,98,0.04721656442,0.05418027192,1
249,106,-0.05884514749,0.04567846656,1
249,114,-0.2049802393,-0.01783341169,1
249,122,0.04566147178,0.04344806075,1
249,130,0.03248826414,0.03232479468,1
249,138,0.01628749445,0.05715595558,1
249,146,0.0721758604,0.06682419777,1
249,154,0.03767763078,0.1581565738,1
249,162,0.08267831057,0.176442802,1
249,170,0.09314788133,0.1518109441,1
257,10,0.1820884794,0.08417521417,1
257,18,0.1037878469,0.1311818957,1
257,26,-0.07721313834,0.1563108265,1
257,34,-0.08697620779,0.2420815527,1
257,42,0.02934987098,0.1236358583,1
257,50,-0.09368284047,-0.05302914605,1
257,58,-0.2058875114,-0.06580802798,1
257,66,-0.1518560946,0.1470934451,1
257,74,-0.1372896582,0.1306897998,1
257,82,-0.05855600163,0.2008432001,1
257,90,0.08516098559,0.2084932923,1
257,98,0.1175539494,0.02820563316,1
257,106,0.04915647209,-0.02699753642,1
257,114,-0.01456251182,0.01894342899,1
257,122,-0.03696220368,0.1454950422,1
257,130,0.0390733704,0.07799841464,1
257,138,0.02467779815,0.06182094291,1
257,146,0.06676892936,0.056461595,1
257,154,0.06428884715,0.08045300096,1
257,162,0.08418368548,0.1692955941,1
257,170,0.1738587916,0.1864736229,1
265,10,0.2208318561,0.1514739096,1
265,18,0.09925644845,0.1256691217,1
265,26,-0.04709708691,0.07357709855,1
265,34,-0.1510511488,0.231200546,1
265,42,-0.203852132,0.1630019248,1
265,50,-0.1267009974,-0.03853347525,1
265,58,-0.06555191427,-0.03453334421,1
265,66,-0.03974124789,-0.02340504155,1
265,74,-0.07703626901,0.04969451576,1
265,82,0.01516381279,0.1202273518,1
265,90,0.190077424,0.1536883563,1
265,98,0.2220343947,-0.04938076437,1
265,106,0.07834216207,-0.04815581813,1
265,114,-0.00560240075,0.0495217219,1
265,122,0.03707741201,0.0756470114,1
265,130,0.1281453967,0.07695135474,1
265,138,0.1625155956,-0.04686443135,1
265,146,0.04083254933,0.01639626175,1
265,154,-0.06327946484,0.1233980432,1
265,162,-0.0806921944,0.2171616852,1
265,170,0.03913933411,0.1449705064,1
273,10,0.07642355561,0.1286308616,1
273,18,-0.05502907187,-0.08880702406,1
273,26,-0.04811663926,-0.1402616501,1
273,34,-0.2197064906,0.08916353434,1
273,42,-0.2985007167,-0.008577331901,1
273,50,-0.270213753,-0.03580040857,1
273,58,-0.04337494075,0.01205906272,1
273,66,-0.01704496145,-0.07335234433,1
273,74,-0.09283713251,-0.09202127159,1
273,82,0.1872557998,-0.006488643587,1
273,90,0.322422266,0.06531657279,1
273,98,0.2639751732,-0.007813632488,1
273,106,0.1035676301,-0.07633136213,1
273,114,0.0009061135352,-0.03583427519,1
273,122,-0.06380633265,-0.04245153442,1
273,130,-0.01390518248,-0.03368322179,1
273,138,0.1088479012,-0.08456330001,1
273,146,0.1297763139,-0.04613710195,1
273,154,-0.03020507284,0.1328730881,1
273,162,-0.1717867255,0.1640814394,1
273,170,-0.0563839376,0.08979541063,1
281,10,-0.1802542955,0.0241047591,1
281,18,-0.1896902025,-0.2874212861,1
281,26,-0.05652272701,-0.3204812706,1
281,34,0.001387223601,-0.1583545208,1
281,42,-0.04813617468,-0.197587043,1
281,50,-0.1216967255,-0.02814622968,1
281,58,-0.01709136739,0.05723330379,1
281,66,0.140224427,-0.111701861,1
281,74,0.1021536589,-0.2174877375,1
281,82,0.2037273049,-0.1006000042,1
281,90,0.313223362,0.06740576029,1
281,98,0.164754495,0.08470800519,1
281,106,0.1081695482,0.01272173598,1
281,114,-0.05413544923,-0.04600189626,1
281,122,-0.06005730107,0.01050414518,1
281,130,-0.1074845344,-0.1021754742,1
281,138,-0.03456331789,-0.1196944788,1
281,146,0.07969069481,-0.1048307195,1
281,154,0.09434411675,-0.04307693243,1
281,162,-0.003173819277,0.05557905883,1
281,170,-0.04997113347,0.09355250001,1
289,10,-0.105790481,0.05872449279,1
289,18,-0.1726107448,-0.1272344738,1
289,26,-0.1913076341,-0.2865288258,1
289,34,-0.1197869033,-0.1801409572,1
289,42,-0.08559577912,-0.04515896738,1
289,50,-0.04525052384,0.03296042606,1
289,58,0.03506359458,0.01721764915,1
289,66,0.02800663561,-0.1425895244,1
289,74,0.05831740797,-0.2629256248,1
289,82,0.150706619,-0.1768557578,1
289,90,0.1214431152,0.0943589136,1
289,98,0.01002031565,0.1635764688,1
289,106,0.01264632493,0.1378965676,1
289,114,-0.02261128649,0.07249756157,1
289,122,-0.04708396643,-0.00131062977,1
289,130,-0.04934505746,-0.06797333062,1
289,138,-0.05161101744,-0.1141754612,1
289,146,-0.001492988318,-0.03325588256,1
289,154,0.1159853414,-0.0112772733,1
289,162,0.08224734664,0.03908748925,1
289,170,0.02847455628,0.1225830764,1
297,10,-0.06895004213,0.1690999568,1
297,18,-0.08999461681,-0.05346117914,1
297,26,-0.1063916236,-0.1845886707,1
297,34,-0.1290174574,-0.05296622217,1
297,42,-0.09209695458,0.114241071,1
297,50,0.02862494625,0.08347756416,1
297,58,0.03817572445,0.1263892651,1
297,66,-0.1131498069,0.0427768752,1
297,74,-0.03608930483,-0.1726938486,1
297,82,0.07049956173,-0.09890835732,1
297,90,-0.01123347599,0.07928061485,1
297,98,-0.05516714603,0.1924460977,1
297,106,0.02223654278,0.1189590096,1
297,114,-0.05482070148,0.1213816255,1
297,122,-0.1392687559,-0.01534778439,1
297,130,-0.02277992852,-0.0807595998,1
297,138,0.04212104529,-0.0550381355,1
297,146,-0.004031884484,0.0194321461,1
297,154,-0.02056101896,0.05510921776,1
297,162,-0.01687221415,0.1088249385,1
297,170,0.03118752129,0.1512362063,1
305,10,-0.02590345591,0.1916719973,1
305,18,-0.02305972576,-0.04800246656,1
305,26,-0.03233787417,-0.1219531745,1
305,34,-0.1387505829,-0.07746815681,1
305,42,-0.1183523834,-0.02103953063,1
305,50,0.07928398252,0.02181802318,1
305,58,0.07003162056,0.1375448704,1
305,66,-0.002700299025,0.03776207566,1
305,74,-0.02677719295,-0.0211253725,1
305,82,0.02644513734,0.1222738326,1
305,90,0.007064799778,0.2014527917,1
305,98,0.03333815932,0.1257859468,1
305,106,-0.03316764161,-0.02366001159,1
305,114,-0.04682957008,0.009963974357,1
305,122,0.005794456229,0.01983256638,1
305,130,0.02545735613,-0.0008289888501,1
305,138,0.005198332481,0.00739441812,1
305,146,0.02470915206,0.01627035439,1
305,154,0.02988128178,0.05578633025,1
305,162,-0.03807732835,0.1099388972,1
305,170,0.08685797453,0.1093207523,1
313,10,0.05640379339,0.003081336617,1
313,18,0.1191950962,-0.02552581206,1
313,26,0.1580047458,-0.1001215801,1
313,34,0.07003674656,-0.02575224265,1
313,42,-0.07526367903,-0.1151831672,1
313,50,-0.09217167646,-0.03084722161,1
313,58,-0.06642702967,0.01810835674,1
313,66,-0.001765027642,0.042133037,1
313,74,0.02621851489,-0.001654952765,1
313,82,0.05283186957,0.08250038326,1
313,90,0.008551247418,0.2219274044,1
313,98,-0.03018132783,0.1008983478,1
313,106,0.01198520511,-0.003464661539,1
313,114,0.08476478606,-0.01809863746,1
313,122,0.1037864834,0.03725584596,1
313,130,0.05101389438,0.1243759766,1
313,138,-0.05993621424,0.1223830506,1
313,146,0.009170269594,0.07489651442,1
313,154,0.009908244014,-0.01971676946,1
313,162,-0.02450734749,0.01753502339,1
313,170,0.07803346962,0.07499715686,1
321,10,0.1717580259,-0.1853481233,1
321,18,0.1992317736,-0.06999639422,1
321,26,0.2783753276,0.03651817143,1
321,34,0.1118305624,0.104098089,1
321,42,-0.1592526138,-0.07388404012,1
321,50,-0.2155865431,0.01264022291,1
321,58,-0.2195371985,0.2184195817,1
321,66,-0.1487590522,0.2807025015,1
321,74,-0.02221546322,-0.07391630858,1
321,82,-0.04320665449,-0.01363461465,1
321,90,-0.06870667636,0.1400903314,1
321,98,-0.05747010931,0.09245762974,1
321,106,-0.09138402343,0.0850790143,1
321,114,-0.1311478913,0.1216020659,1
321,122,-0.04245753959,0.197269395,1
321,130,0.08276513964,0.1498323381,1
321,138,0.01744984277,0.1956277937,1
321,146,-0.007618627511,0.1360121816,1
321,154,-0.01878613234,-0.04061883688,1
321,162,-0.05496796221,0.06496949494,1
321,170,-0.03241305798,0.09510444105,1
329,10,0.08909156919,-0.1271567345,1
329,18,0.2056155801,-0.005208262242,1
329,26,0.1722833067,0.09838076681,1
329,34,0.08757061511,0.2425314635,1
329,42,-0.2405243814,0.0874633044,1
329,50,-0.2016421258,0.001558978111,1
329,58,-0.1680473983,0.1411329806,1
329,66,-0.1407848001,0.2590948939,1
329,74,-0.1797006577,0.02423916012,1
329,82,-0.1877799332,-0.1157565042,1
329,90,-0.018476028,0.02771477774,1
329,98,-0.04287798703,0.04870954156,1
329,106,-0.197574839,0.02639112994,1
329,114,-0.3128593862,0.1106842682,1
329,122,-0.23825261,0.3359493315,1
329,130,-0.06288467348,0.1786198616,1
329,138,-0.09786514938,0.1066656783,1
329,146,-0.1098822057,0.1214630157,1
329,154,-0.1080033556,0.0429758653,1
329,162,-0.20163697,0.06258244812,1
329,170,-0.1947276145,-0.02809356153,1
337,10,0.01829336584,-0.08097374439,1
337,18,-0.01285918057,0.09481678158,1
337,26,0.03077433258,0.02420263737,1
337,34,0.03506311029,0.1956885457,1
337,42,-0.06687386334,0.09129428864,1
337,50,-0.0806298852,-0.08508424461,1
337,58,-0.168600902,-0.08362649381,1
337,66,-0.2193910927,0.02452800423,1
337,74,-0.05451249331,0.03497675434,1
337,82,-0.06265054643,-0.08899836242,1
337,90,-0.081356287,-0.06394346058,1
337,98,-0.03216618299,0.0662086457,1
337,106,-0.1766535789,0.03346166015,1
337,114,-0.1833645403,0.05431902781,1
337,122,-0.05387748033,-0.07965153456,1
337,130,0.01035245508,0.06956651062,1
337,138,-0.03060998395,0.06704927981,1
337,146,-0.1090574414,0.1117140502,1
337,154,-0.09596835077,0.09608440101,1
337,162,-0.1485750377,0.1057610512,1
337,170,-0.1734337211,0.01226000488,1
345,10,0.1250906736,-0.05487325415,1
345,18,0.01492232829,0.1170756072,1
345,26,0.06735101342,0.08532383293,1
345,34,0.07954122126,-0.02799983695,1
345,42,0.0653083995,-0.0677208975,1
345,50,-0.02867734618,-0.173013553,1
345,58,-0.143257916,-0.05718532205,1
345,66,-0.1775015146,-0.0202123411,1
345,74,-0.2068945467,0.07257280499,1
345,82,-0.2043857574,-0.0486894995,1
345,90,-0.01524473354,-0.1043610573,1
345,98,-0.0110972859,0.09363891184,1
345,106,-0.1304175854,0.1506969184,1
345,114,0.006544366479,0.1706335694,1
345,122,0.03363235295,0.004243101925,1
345,130,-0.1512969732,0.1151974723,1
345,138,-0.2187640667,0.1334580183,1
345,146,-0.1617769003,0.243444249,1
345,154,-0.00867254287,0.2631063461,1
345,162,-0.01591932774,0.2442260385,1
345,170,-0.1599162519,0.06157815456,1
353,10,0.1193089485,0.08242433518,1
353,18,0.01311054081,0.04163799435,1
353,26,-0.01457959414,0.03750740737,1
353,34,-0.009695980698,-0.04464173689,1
353,42,0.08748250455,-0.1046199873,1
353,50,0.07225078344,-0.1846481562,1
353,58,-0.02739748359,0.04245093465,1
353,66,-0.05778828263,0.04755265266,1
353,74,-0.2222725302,0.08600120246,1
353,82,-0.1729329228,-0.1106607467,1
353,90,-0.03184639663,-0.1014092192,1
353,98,-0.07393535972,-0.02319242246,1
353,106,-0.1463274956,0.07878910005,1
353,114,-0.007395669818,0.02762426063,1
353,122,-0.0517231673,-0.01904756576,1
353,130,-0.1211263835,0.07316327095,1
353,138,-0.1411978006,0.09615041316,1
353,146,-0.2311009765,0.1190699637,1
353,154,-0.008754830807,0.1251614839,1
353,162,0.04828835279,0.2041184008,1
353,170,-0.1470408142,0.06672121584,1
361,10,0.158381626,0.2121606618,1
361,18,0.1533037573,0.08063985407,1
361,26,0.1008885354,0.01003378071,1
361,34,0.1286813021,-0.02354435623,1
361,42,0.1618510783,-0.02969625965,1
361,50,0.1459249258,-0.08912672848,1
361,58,0.06510036439,0.009628904983,1
361,66,-0.0082994923,0.05423165113,1
361,74,-0.1184409484,-0.09338974208,1
361,82,-0.1754242778,-0.2434286624,1
361,90,-0.09795876592,-0.1753765643,1
361,98,-0.1394105107,-0.05527826399,1
361,106,-0.1625621319,-0.07997751981,1
361,114,-0.04931648076,-0.009363230318,1
361,122,-0.06634823978,-0.073814556,1
361,130,-0.06924515218,-0.04955526441,1
361,138,0.03315271437,-0.001531742513,1
361,146,-0.006779382005,0.05259485543,1
361,154,0.1077332199,0.1699517369,1
361,162,0.1621612906,0.2232302725,1
361,170,-0.1097450629,0.05541770905,1
369,10,0.04711233079,0.2379177958,1
369,18,0.02546222508,0.07682952285,1
369,26,0.1151642799,-0.006565528922,1
369,34,0.1461891383,0.02019673213,1
369,42,0.05479637533,-0.003741772845,1
369,50,0.08402825892,0.03618484735,1
369,58,0.1046155542,0.00558754988,1
369,66,-0.03574385867,0.03708638996,1
369,74,-0.1014513373,-0.140137732,1
369,82,-0.07111760974,-0.02413183451,1
369,90,-0.0802000463,0.02456789464,1
369,98,0.004367355257,0.06079041585,1
369,106,0.04466480017,0.01860070974,1
369,114,-0.02264273539,0.08339836448,1
369,122,0.00295522064,0.07993039489,1
369,130,-2.71461904e-05,0.0750246644,1
369,138,0.0468666777,0.05387407541,1
369,146,0.05706125125,0.08360931277,1
369,154,0.02304111794,0.1383950114,1
369,162,0.1240497679,0.1042028368,1
369,170,0.08771251887,0.007566519082,1
377,10,0.01876422018,0.2412624955,1
377,18,0.06950107217,0.1017509401,1
377,26,0.1457450092,-0.06681966037,1
377,34,0.1037718803,0.007548475638,1
377,42,0.09486997873,-0.01210033894,1
377,50,0.07942206413,0.1186437681,1
377,58,0.04261764884,0.08746748418,1
377,66,0.01130101271,-0.01634289697,1
377,74,-0.05126764998,-0.07252031565,1
377,82,0.0413563326,0.2037646025,1
377,90,0.1323640794,0.4585011005,1
377,98,0.1781290025,0.2233596295,1
377,106,0.03740883619,0.1656317711,1
377,114,0.03590093926,0.1396271288,1
377,122,0.3005815148,0.3883682191,1
377,130,0.03349370509,0.09698994458,1
377,138,0.02833197266,-0.0292284824,1
377,146,0.05898643285,0.008934251964,1
377,154,-0.07803723216,0.04447825253,1
377,162,-0.08308432996,0.02240410075,1
377,170,-0.1031220332,-0.03137886897,1
385,10,0.05577003211,0.2133203,1
385,18,0.06590782106,0.1564705968,1
385,26,0.1155246794,0.07453580946,1
385,34,0.09444426745,-0.0137668103,1
385,42,0.06412011385,-0.06004635617,1
385,50,0.04256304353,0.02607733756,1
385,58,0.02071546018,0.003200523555,1
385,66,0.0718254745,-0.0351517722,1
385,74,0.02615345269,-0.01296079345,1
385,82,0.02453389764,0.173954457,1
385,90,0.06376074255,0.1885340661,1
385,98,0.04685339704,0.1994994134,1
385,106,0.02143874019,0.1136282012,1
385,114,-0.008894221857,0.1401120871,1
385,122,-0.05643789098,0.235898152,1
385,130,-0.05460139364,0.076078251,1
385,138,-0.01413009875,-0.08612135053,1
385,146,-0.03393560648,0.03592793643,1
385,154,-0.05897069722,0.1192185804,1
385,162,-0.1588591337,0.0677690506,1
385,170,-0.2115962207,0.06536008418,1
393,10,-0.1696866006,0.04570770264,1
393,18,-0.1639646739,0.01978206635,1
393,26,-0.1151096746,0.0794006139,1
393,34,0.1141366065,0.04240530729,1
393,42,0.1191727296,-0.2511526942,1
393,50,0.07362909615,-0.07778793573,1
393,58,0.108344622,-0.04167641699,1
393,66,0.2123235464,0.01789680123,1
393,74,0.2150937766,-0.01477774605,1
393,82,0.02300100774,0.01264990121,1
393,90,-0.06273493171,0.01456340402,1
393,98,0.008112128824,0.03883343562,1
393,106,0.008019052446,-0.09763903171,1
393,114,0.06735950708,0.130614996,1
393,122,-0.008073925972,-0.01085947175,1
393,130,-0.127898708,-0.02631339803,1
393,138,-0.146201998,0.04897193611,1
393,146,-0.01958633214,0.07741371542,1
393,154,0.01143112779,0.1200163066,1
393,162,-0.06630031765,0.03081579506,1
393,170,0.05042533204,-0.02566402033,1
401,10,0.09155964106,-0.0806825906,1
401,18,0.0609630011,-0.1425147951,1
401,26,0.1642770916,-0.08727505803,1
401,34,0.3362569809,-0.0892668888,1
401,42,0.2684307098,-0.2823981047,1
401,50,0.1165807545,-0.2575066686,1
401,58,0.2321174145,-0.07573226839,1
401,66,0.2182168961,-0.001334704459,1
401,74,0.1160351485,0.03787153214,1
401,82,0.01195614785,-0.1361461282,1
401,90,-0.1383956224,-0.02398724854,1
401,98,-0.06510578096,-0.1062532663,1
401,106,-0.04589665309,-0.141335547,1
401,114,0.01826097444,0.09364816546,1
401,122,0.02256316878,-0.07799417526,1
401,130,-0.1571513414,0.08495308459,1
401,138,-0.1899982542,0.1707017124,1
401,146,-0.1545809358,0.09174539894,1
401,154,-0.129440546,0.07004956901,1
401,162,-0.03531849384,0.04245769233,1
401,170,0.06225987896,-0.00122063607,1
409,10,0.2034307271,-0.02120994031,1
409,18,0.177262485,-0.183783263,1
409,26,0.1867364943,-0.1916439384,1
409,34,0.3502862751,-0.1832522899,1
409,42,0.2610319853,-0.2705306709,1
409,50,0.1129838526,-0.3676619828,1
409,58,0.06863462925,-0.269092679,1
409,66,-0.06793431193,-0.1858983636,1
409,74,-0.09610252082,0.03278143704,1
409,82,-0.1056983322,-0.006513886154,1
409,90,-0.1708804369,-0.02889432758,1
409,98,0.04352480173,-0.03442164138,1
409,106,0.05525736511,-0.06428898126,1
409,114,0.002001561224,0.05186691135,1
409,122,-0.04719325155,-0.0934042111,1
409,130,-0.09296694398,0.09251180291,1
409,138,-0.01391517371,0.121888414,1
409,146,0.1386939138,0.1435418874,1
409,154,-0.1619181633,0.1431073993,1
409,162,-0.0412466526,0.1438206136,1
409,170,0.02593277022,0.07295756042,1
417,10,0.04920059443,0.02961213887,1
417,18,0.02633823454,-0.03021679819,1
417,26,-0.06028443575,-0.1682795733,1
417,34,0.09179103374,-0.0880420357,1
417,42,0.2354348302,-0.1562176347,1
417,50,0.09620591998,-0.3315302134,1
417,58,-0.07645169646,-0.3964203,1
417,66,-0.05266112089,-0.3485145867,1
417,74,-0.05171617866,0.08620661497,1
417,82,-0.1412438899,-0.04139691591,1
417,90,0.1494323015,-0.128066808,1
417,98,0.3970506787,-0.04091180861,1
417,106,0.3654881418,-0.02326174825,1
417,114,0.3044925034,0.1129513904,1
417,122,0.1525696665,-0.01483519375,1
417,130,0.01283236966,0.02776601911,1
417,138,0.008742323145,0.03580355644,1
417,146,-0.001656938344,0.06463874131,1
417,154,-0.09632267058,0.1131871194,1
417,162,0.02447403222,0.1866402626,1
417,170,-0.09334802628,0.1376724839,1
