PIVlab, ASCII chart output - 02-Aug-2025
FRAME: 76, filenames: A:[76]FullStack_Pos0035_TgUtrmcherry_K4K8MO-1.avi & B:[77]FullStack_Pos0035_TgUtrmcherry_K4K8MO-1.avi, conversion factor xy (px -> m): 1, conversion factor uv (px/frame -> m/s): 1
x [px],y [px],u [px/frame],v [px/frame],Vector type [-]
9,10,-0.1392499208,-0.01361520588,1
9,18,-0.1964559108,0.1328398883,1
9,26,-0.0796514973,0.1423978806,1
9,34,0.1503488719,0.09736138582,1
9,42,0.118377775,0.0289466586,1
9,50,0.1383732557,0.06353702396,1
9,58,-0.004158169031,0.04945782572,1
9,66,-0.1396589428,0.02294624597,1
9,74,-0.08296945691,-0.05179607868,1
9,82,-0.01282357424,-0.01146025956,1
9,90,-0.01283794269,0.06116146594,1
9,98,0.01241856813,0.07131973654,1
9,106,0.01683031768,0.2197748125,1
9,114,0.03464132175,0.2079200298,1
9,122,0.05424512923,0.3012225628,1
9,130,0.1028637663,0.09742647409,1
9,138,-0.004580050707,0.07787015289,1
9,146,0.01565399766,0.0970126912,1
9,154,0.1104170978,0.08039411157,1
9,162,0.08784555644,0.07116739452,1
9,170,-0.007452324033,0.2162364423,1
17,10,-0.1047573984,-0.222161293,1
17,18,-0.09533026069,-0.1028273776,1
17,26,-0.182915777,0.02530609071,1
17,34,-0.1045906991,0.05774416029,1
17,42,-0.07083094865,0.04858317226,1
17,50,0.05320266634,0.05060909316,1
17,58,-0.1262560934,-0.01813651994,1
17,66,-0.298640132,-0.1119304821,1
17,74,-0.1790367365,-0.09962105006,1
17,82,-0.1079581827,-0.01905287057,1
17,90,-0.08139884472,0.08499793708,1
17,98,0.007511716336,0.01608390361,1
17,106,-0.0038420856,0.06562225521,1
17,114,-0.08915667236,0.07054235786,1
17,122,-0.0378867425,0.0879752636,1
17,130,0.1174560562,-0.03431298584,1
17,138,0.0856539309,0.02386751771,1
17,146,-0.1481058896,-0.04895821214,1
17,154,-0.1061004326,0.09511061758,1
17,162,-0.04898620397,0.08044879138,1
17,170,-0.103726998,0.2319487184,1
25,10,-0.04515295476,-0.1795928776,1
25,18,-0.02412735671,-0.07026759535,1
25,26,-0.02157069743,-0.03780205548,1
25,34,-0.1281267703,0.1242600381,1
25,42,-0.185798347,0.08474584669,1
25,50,-0.05139499903,0.032424815,1
25,58,-0.02175034583,-0.09007387608,1
25,66,-0.1282502413,-0.06095580012,1
25,74,-0.1310786307,-0.02852166444,1
25,82,-0.01107634604,-0.02327853441,1
25,90,0.02460062504,0.06015731022,1
25,98,0.01377070695,0.02097685635,1
25,106,-0.09878860414,0.01107414812,1
25,114,-0.1554513425,-0.05920037255,1
25,122,-0.1424339116,-0.09593140334,1
25,130,-0.01673539728,0.05156928301,1
25,138,0.0004809014499,0.1677082181,1
25,146,-0.1730530113,0.1314511001,1
25,154,-0.141951561,0.130635038,1
25,162,-0.1189081147,0.06391920149,1
25,170,-0.1360130161,0.1676607877,1
33,10,0.02706114203,0.06333423406,1
33,18,-0.006226547062,0.06801559031,1
33,26,-0.02673578262,0.0265239384,1
33,34,-0.1042750925,0.1227788478,1
33,42,-0.2152358145,0.01263324171,1
33,50,-0.1554282904,-0.02611835487,1
33,58,-0.101231873,-0.02954081818,1
33,66,-0.1187455058,0.01863041334,1
33,74,-0.1427918524,0.01977854222,1
33,82,-0.135867849,0.005578994751,1
33,90,0.01890434325,0.04040874168,1
33,98,0.01178843901,0.03312793747,1
33,106,-0.03040993959,0.01637370512,1
33,114,-0.04655054212,-0.08719712496,1
33,122,-0.07552275062,-0.0212130174,1
33,130,-0.08047267795,0.1085889786,1
33,138,-0.09338267148,0.2705313563,1
33,146,-0.09614418447,0.2232728302,1
33,154,-0.06609942764,0.1441351771,1
33,162,-0.04163045436,0.01579222083,1
33,170,-0.009162247181,-0.001286670566,1
41,10,0.04417056963,0.09250091761,1
41,18,-0.05682752281,0.1387076974,1
41,26,-0.1236254275,0.0422209315,1
41,34,-0.1515178084,-0.1115370169,1
41,42,-0.2560891509,-0.01608876884,1
41,50,-0.2312734723,0.06890479475,1
41,58,-0.1998025477,0.1753037423,1
41,66,-0.172551617,-0.0297784768,1
41,74,-0.1945150197,0.03563705832,1
41,82,-0.1926991045,0.06823759526,1
41,90,-0.08853351325,0.02402136475,1
41,98,-0.05660235882,0.1087153405,1
41,106,0.006256967783,0.09331975877,1
41,114,-0.05651387572,0.02666990459,1
41,122,-0.07100139558,0.05492744222,1
41,130,-0.06541819125,0.09638802707,1
41,138,-0.2084605396,0.08571784943,1
41,146,-0.151732564,0.1010280102,1
41,154,-0.03233843297,0.06998313963,1
41,162,-0.03748741001,-0.0465480797,1
41,170,-0.02747968212,-0.1783763021,1
49,10,0.02962371334,-0.005974456668,1
49,18,-0.02662592754,0.1023366749,1
49,26,-0.04719407856,0.003806646913,1
49,34,-0.04867071658,0.02037848905,1
49,42,-0.2596867085,0.11559394,1
49,50,-0.2380002439,0.1171457171,1
49,58,-0.0345222652,0.09500622004,1
49,66,-0.1007952094,-0.08708377182,1
49,74,-0.1256183684,0.04597523063,1
49,82,-0.06996841729,-0.03861585632,1
49,90,-0.03460306674,-0.07048289478,1
49,98,-0.1221408993,0.104852058,1
49,106,-0.1319659501,0.1128868312,1
49,114,-0.04279358685,0.0394279398,1
49,122,-0.02225622535,0.1412905753,1
49,130,-0.2092546523,0.110709101,1
49,138,-0.1534809917,-0.02708624303,1
49,146,-0.04780402035,-0.004894033074,1
49,154,-0.0239135772,-0.002680949867,1
49,162,-0.04820292071,-0.03204056621,1
49,170,-0.05948220193,-0.2749699354,1
57,10,0.01170353591,-0.059653081,1
57,18,0.05507772416,0.1267215312,1
57,26,0.04355224222,0.05940688401,1
57,34,0.08249831945,0.1439868361,1
57,42,0.04193085805,0.1294509768,1
57,50,-0.1168886423,0.04790714756,1
57,58,-0.05713348836,0.1017369181,1
57,66,-0.08609674871,0.004010483623,1
57,74,-0.1948778778,0.103844434,1
57,82,-0.05298325419,-0.01463340595,1
57,90,-0.06002932787,0.02010889351,1
57,98,-0.1867690086,0.1007044688,1
57,106,-0.1854329109,0.02153821662,1
57,114,-0.06363613158,-0.01509179547,1
57,122,-0.05228161067,0.08672329783,1
57,130,-0.111794211,0.1553557515,1
57,138,-0.1090151295,0.1886270493,1
57,146,-0.06288654357,0.02282945812,1
57,154,-0.009079620242,-0.0122147277,1
57,162,-0.06452620775,-0.004095002078,1
57,170,-0.1991444826,-0.06069789827,1
65,10,0.009321026504,-0.006033793092,1
65,18,0.04528369755,0.2121504545,1
65,26,0.02539166808,0.1185020804,1
65,34,0.1532034874,-0.01576661319,1
65,42,0.2387306541,-0.2095748931,1
65,50,-0.00416573137,-0.1042070314,1
65,58,-0.1226988435,0.0833658129,1
65,66,-0.1642878056,0.005851225927,1
65,74,-0.1740734577,0.03720119968,1
65,82,-0.1226052493,0.08053326607,1
65,90,-0.08351391554,0.1820732653,1
65,98,-0.1418627203,0.122137323,1
65,106,-0.1815469116,-0.03023470938,1
65,114,-0.1879899502,-0.05153871328,1
65,122,-0.08107448369,0.005444061011,1
65,130,-0.03007842973,0.1163505018,1
65,138,-0.0008994974196,0.2686728537,1
65,146,0.04104722291,0.1874312758,1
65,154,0.05241691694,0.02587563172,1
65,162,-0.08773378283,-0.006968617439,1
65,170,-0.2337523997,0.01177211106,1
73,10,-0.09413850307,-0.05268954858,1
73,18,-0.165796563,0.1293715388,1
73,26,-0.03108094633,0.101959534,1
73,34,0.01177208498,0.06158126891,1
73,42,-0.0007369220257,-0.1244390234,1
73,50,0.02284236252,-0.1691766381,1
73,58,-0.05086719245,0.0237417426,1
73,66,-0.07087868452,-0.00053184852,1
73,74,-0.06986937672,0.05630639568,1
73,82,-0.1357292086,0.1547527164,1
73,90,-0.188508302,0.2448192686,1
73,98,-0.1567808539,0.1028041318,1
73,106,-0.1826799214,-0.01581447572,1
73,114,-0.1584811211,-0.04266010597,1
73,122,0.003743607551,-0.02094302699,1
73,130,-0.0001264549792,-0.05057157576,1
73,138,0.009528489783,0.06137234718,1
73,146,0.01937016845,0.1318181008,1
73,154,-0.09259090573,0.0182124339,1
73,162,-0.1590080261,0.03298678622,1
73,170,-0.2504847646,0.03490111977,1
81,10,-0.1560944617,-0.007370740175,1
81,18,-0.1752795726,0.179371804,1
81,26,-0.1428508461,0.1342687011,1
81,34,-0.1434960663,0.1541891098,1
81,42,-0.07636280358,-0.04312316328,1
81,50,0.08129829913,-0.03667439148,1
81,58,0.03848529607,-0.0008201356977,1
81,66,-0.06467374414,-0.0380346477,1
81,74,-0.08505517989,0.131762445,1
81,82,-0.1674593985,0.1376697123,1
81,90,-0.3232432008,0.1403373629,1
81,98,-0.2530205846,0.06744629145,1
81,106,-0.08499905467,0.0165443588,1
81,114,-0.03860732913,-0.04412754253,1
81,122,0.03653547168,-0.05748595297,1
81,130,-0.01617929712,-0.07411073893,1
81,138,-0.09713507444,-0.0829353109,1
81,146,-0.1659230292,-0.08488360047,1
81,154,-0.1792997122,-0.0725324899,1
81,162,-0.1205834597,-0.01550774276,1
81,170,-0.09324216843,0.1417762488,1
89,10,-0.1490932703,0.1713033319,1
89,18,-0.2156212926,0.1029819623,1
89,26,-0.2783638835,0.005375109613,1
89,34,-0.2437066436,-0.05014862865,1
89,42,-0.09484983981,-0.07094073296,1
89,50,-0.07576739043,0.06401569396,1
89,58,-0.1537779868,0.01087320037,1
89,66,-0.02249843255,0.05752931163,1
89,74,0.02742075175,0.06888125092,1
89,82,-0.04417794943,0.06293911487,1
89,90,-0.1627998054,0.1336019933,1
89,98,-0.3306308985,0.03572059423,1
89,106,-0.3182511628,-0.09064519405,1
89,114,0.05429287255,-0.1603598297,1
89,122,0.04898781329,-0.03265572339,1
89,130,-0.03663672879,-0.07063128054,1
89,138,-0.008638344705,-0.1942575276,1
89,146,-0.08483852446,-0.10966824,1
89,154,-0.1738415062,-0.1876331866,1
89,162,-0.1497590542,-0.1170154214,1
89,170,-0.1189130545,0.1453881264,1
97,10,-0.1875676811,-0.002796094865,1
97,18,-0.1471064091,-0.005765449256,1
97,26,-0.1269645989,-0.0654546544,1
97,34,-0.1535022855,-0.06957726181,1
97,42,-0.1023389548,0.02622581646,1
97,50,-0.1483131945,0.03378593549,1
97,58,-0.06582128257,0.06180626899,1
97,66,0.04371095821,0.1795360744,1
97,74,0.003351181746,0.170589149,1
97,82,0.05465140939,0.1222362369,1
97,90,0.1001331732,0.2067485452,1
97,98,-0.03628268838,0.03781253099,1
97,106,-0.1611929834,-0.0943049565,1
97,114,-0.116729185,-0.1218394265,1
97,122,-0.06690350175,-0.01013046876,1
97,130,-0.06605833769,-0.08587035537,1
97,138,0.1251549125,-0.03074780107,1
97,146,0.03774927557,-0.01312693208,1
97,154,-0.09636801481,-0.1341734529,1
97,162,-0.0580737479,-0.005590192974,1
97,170,0.02395407856,0.09937044233,1
105,10,-0.3202651143,-0.08001690358,1
105,18,-0.2750627995,-0.0302984938,1
105,26,0.02236281335,0.0008217152208,1
105,34,0.04150301218,0.02538735233,1
105,42,-0.04252450168,0.0008737649769,1
105,50,-0.08822378516,-0.04172781482,1
105,58,-0.05454909056,-0.05718426406,1
105,66,-0.03224719688,-0.0376361981,1
105,74,-0.1367357373,-0.1004898846,1
105,82,-0.009663734585,0.0614060387,1
105,90,0.001045286655,0.2263873219,1
105,98,-0.05164735019,0.05519533902,1
105,106,-0.06160677224,-0.04158496112,1
105,114,-0.1064398959,-0.1115361676,1
105,122,-0.1004095078,-0.07303473353,1
105,130,-0.07888723165,-0.08038151264,1
105,138,0.05417632312,0.08236324787,1
105,146,0.1159804016,0.09392432868,1
105,154,-0.03442508727,0.08917568624,1
105,162,-0.06635154039,0.1499774605,1
105,170,-0.02619511448,0.1232998297,1
113,10,-0.3901601136,-0.008562624454,1
113,18,-0.2305849344,-0.06886511296,1
113,26,-0.05430078879,-0.05202102661,1
113,34,-0.05151957273,0.07168203592,1
113,42,-0.05959843844,-0.00637569651,1
113,50,-0.01892761886,-0.06454054266,1
113,58,0.02329301462,-0.2423051596,1
113,66,-0.03191333264,-0.2698122859,1
113,74,-0.1482413262,-0.2772761583,1
113,82,-0.1706594825,-0.1072890535,1
113,90,-0.1711158156,0.02956631407,1
113,98,-0.1538505554,0.1077394262,1
113,106,-0.1105690971,0.08885504305,1
113,114,0.02825157717,-0.07566548884,1
113,122,0.1430939585,-0.04545374215,1
113,130,0.02783179283,-0.1106035784,1
113,138,-0.007860610262,-0.09168642014,1
113,146,0.175337255,0.03525121883,1
113,154,0.03623438627,0.1747548431,1
113,162,-0.05827623233,0.2752274871,1
113,170,-0.0743342936,0.2116146088,1
121,10,-0.3545749485,-0.1473264247,1
121,18,-0.1192464158,-0.03743778169,1
121,26,-0.09292712808,-0.1314222515,1
121,34,-0.03741532937,0.0746531412,1
121,42,0.09951472282,0.006483890116,1
121,50,0.1024181247,-0.001995176077,1
121,58,0.04831708223,-0.1706420034,1
121,66,-0.02767155319,-0.1847184151,1
121,74,-0.1223926172,-0.1734812558,1
121,82,-0.2676746249,-0.066883564,1
121,90,-0.198071003,0.004020733759,1
121,98,-0.09801517427,0.1894263029,1
121,106,-0.07395095378,0.2626554966,1
121,114,0.04092748463,0.1357735097,1
121,122,0.1516836137,-0.02049484849,1
121,130,0.04297943786,-0.08525982499,1
121,138,-0.1689866632,-0.05653739721,1
121,146,-0.09844747186,0.08310329914,1
121,154,-0.1159318313,0.2275232375,1
121,162,-0.1379032731,0.301124841,1
121,170,0.05303145945,0.2357682437,1
129,10,-0.1787268519,-0.1441480368,1
129,18,0.04331696779,0.03905457258,1
129,26,0.0411857143,-0.1209378764,1
129,34,-0.04029115662,-0.03478445485,1
129,42,-0.008600488305,-0.02564936876,1
129,50,-0.05408072099,-0.006363198161,1
129,58,-0.0769649595,-0.1238310039,1
129,66,0.03051875532,-0.1580131054,1
129,74,-0.05939105898,-0.2566661239,1
129,82,-0.1202943474,-0.0558777675,1
129,90,-0.1660158485,-0.08216963708,1
129,98,-0.1301470101,0.03340010345,1
129,106,-0.1412496269,0.154392615,1
129,114,-0.1220945269,0.1681883931,1
129,122,-0.001106474549,0.04106074944,1
129,130,0.07817070931,-0.09300754219,1
129,138,0.1088631004,-0.09700937569,1
129,146,-0.03120453283,0.1463554502,1
129,154,-0.02049261332,0.1997484565,1
129,162,-0.08696868271,0.2257809937,1
129,170,0.03685447574,0.2252173126,1
137,10,-0.1094642878,-0.08165422827,1
137,18,0.06598421186,0.002652723342,1
137,26,0.1488206536,0.03155418858,1
137,34,-0.02128963172,0.08951763809,1
137,42,-0.1324895024,-0.04505309463,1
137,50,-0.2016409189,-0.07726994157,1
137,58,-0.202082634,-0.06581044197,1
137,66,-0.08153878152,-0.09873563051,1
137,74,-0.01859377697,-0.07378421724,1
137,82,-0.1316662878,-0.1338223368,1
137,90,-0.2293888777,-0.1415838599,1
137,98,-0.1313062608,-0.02426504344,1
137,106,-0.1608302891,0.1495885104,1
137,114,-0.07940546423,0.08864560723,1
137,122,0.09476555139,-0.01275184751,1
137,130,0.1600877047,-0.1072484702,1
137,138,0.2130234241,-0.1255377084,1
137,146,0.04711711407,0.02922299318,1
137,154,0.02666450292,0.06231341511,1
137,162,0.08556806296,0.08097079396,1
137,170,0.1095630825,0.1483297199,1
145,10,-0.01147270948,-0.09037695825,1
145,18,0.09872812033,-0.2726429403,1
145,26,0.0626725778,-0.04001332819,1
145,34,-0.005819424987,0.09686005116,1
145,42,-0.07697337866,-0.08784650266,1
145,50,-0.06360740215,0.0006028339267,1
145,58,-0.08585297316,-0.01721896604,1
145,66,-0.01674965769,-0.1087117046,1
145,74,0.09289626777,0.009919814765,1
145,82,0.003300219774,-0.1530148238,1
145,90,-0.02277161926,-0.1217169166,1
145,98,-0.05265204608,0.1392942369,1
145,106,-0.04596465081,0.1300342828,1
145,114,0.0325525701,0.01201078668,1
145,122,0.1498556435,-0.1017491221,1
145,130,0.1999330521,0.004110828042,1
145,138,-0.06884650886,-0.01543482766,1
145,146,-0.01561383158,-0.02154303342,1
145,154,0.001229077578,0.04734989256,1
145,162,0.2928863168,0.05885507166,1
145,170,0.3511965871,0.014072299,1
153,10,-0.086749129,-0.1061603427,1
153,18,-0.03578104451,-0.1814420372,1
153,26,0.07474549115,-0.1044178754,1
153,34,0.03049297817,-0.06737168133,1
153,42,0.05858169124,-0.1681535244,1
153,50,0.03964009136,-0.07349926233,1
153,58,0.004213180393,-0.1593295336,1
153,66,0.008476532996,-0.1049836501,1
153,74,0.02001348697,0.05437286198,1
153,82,-0.01264073327,-0.02340726554,1
153,90,0.03048000857,-0.08856814355,1
153,98,-0.008884400129,-0.06613318622,1
153,106,-0.02187605202,-0.02196911722,1
153,114,0.08268535137,0.02610317431,1
153,122,0.1078315154,0.01713313535,1
153,130,0.02685617656,-0.0240245834,1
153,138,-0.002552986145,-0.1622287035,1
153,146,0.1829742342,-0.01267602015,1
153,154,0.2711576223,0.02930947207,1
153,162,0.1394571215,-0.08034362644,1
153,170,0.02451891452,-0.09724407643,1
161,10,-0.2020104229,-0.08431690931,1
161,18,-0.03892274201,-0.003918942064,1
161,26,0.0788808018,0.07210747153,1
161,34,-0.04305123538,-0.03540427238,1
161,42,0.01283974946,-0.2372320592,1
161,50,0.1178524494,-0.142590493,1
161,58,0.1310938001,-0.1057374775,1
161,66,0.0966148749,0.01853972673,1
161,74,0.01379097253,0.1297301799,1
161,82,0.01509530097,0.0989818424,1
161,90,-0.1060274839,0.01906008273,1
161,98,-0.09222854674,-0.06930334121,1
161,106,0.04103944823,-0.0007438920438,1
161,114,0.1042921394,0.02145078219,1
161,122,0.06178210676,0.003466080874,1
161,130,0.07828992605,0.02305159345,1
161,138,0.1186280698,0.002551481128,1
161,146,0.2116237581,-0.01944495551,1
161,154,0.1669532359,0.01473551244,1
161,162,0.0540517047,-0.1188682169,1
161,170,-0.1872852445,-0.1718204021,1
169,10,-0.006137765944,-0.07856689394,1
169,18,0.0958391875,-0.01629738882,1
169,26,0.1926582009,0.06573201716,1
169,34,0.04312836379,0.01101329178,1
169,42,-0.03056762367,-0.1083630025,1
169,50,0.05546023324,-0.1434363276,1
169,58,0.06141862273,-0.06677610427,1
169,66,0.05934362859,0.02376934886,1
169,74,-0.01078382879,0.124552764,1
169,82,0.1890051961,-0.276152283,1
169,90,0.00191481784,-0.2687785625,1
169,98,-0.08759218454,-0.1287904978,1
169,106,0.08067390323,-0.02228489146,1
169,114,0.0694649145,-0.002818288282,1
169,122,-0.1432914138,0.01313733216,1
169,130,-0.09475070983,0.04220048338,1
169,138,0.08209642768,0.1196201816,1
169,146,0.1604408622,0.02775928378,1
169,154,0.1802938282,-0.08269871771,1
169,162,0.09666091204,-0.1430138648,1
169,170,-0.1246930659,-0.1738808304,1
177,10,0.04986153916,-0.1974606812,1
177,18,0.1474250406,-0.1428604573,1
177,26,0.1013882309,-0.008246079087,1
177,34,-0.03003895283,0.1092071086,1
177,42,-0.08088229597,0.127224952,1
177,50,0.003838988952,-0.05698601156,1
177,58,-0.01609129459,-0.08758598566,1
177,66,-0.003541585058,0.04342838749,1
177,74,0.07054894418,0.0588638261,1
177,82,0.1207920015,-0.2119890451,1
177,90,0.0938487947,-0.2837750912,1
177,98,-0.008735664189,-0.1763838232,1
177,106,0.05750956386,-0.05953343213,1
177,114,0.1405272484,0.03609929979,1
177,122,0.009559031576,0.08517216891,1
177,130,-0.1465010196,-0.04052015021,1
177,138,-0.0174803175,-0.02332665771,1
177,146,0.2109134793,0.01641214266,1
177,154,0.1916471869,-0.1136054844,1
177,162,0.06636656076,-0.1011313349,1
177,170,-0.1359545141,-0.1767962277,1
185,10,-0.1357126683,-0.2232009768,1
185,18,0.0403920114,-0.0708244592,1
185,26,-0.0441900976,0.1172075868,1
185,34,-0.1456268132,0.2162515223,1
185,42,0.03077634797,0.2010728717,1
185,50,0.05227306858,0.07751830667,1
185,58,0.0670767948,0.01378726587,1
185,66,0.07174192369,0.02286736667,1
185,74,0.06987811625,0.08359884471,1
185,82,0.05177404732,0.0262850523,1
185,90,0.005098689348,-0.1484258175,1
185,98,-0.02747372538,-0.1676914841,1
185,106,0.1195493042,-0.007032955997,1
185,114,0.1988595128,0.1330262721,1
185,122,0.138504535,0.08749870956,1
185,130,0.05779258162,0.06615926325,1
185,138,0.04134925455,0.0382797122,1
185,146,0.03635796905,-0.1039654836,1
185,154,-0.002820152789,-0.1547017545,1
185,162,0.01397636626,-0.09025402367,1
185,170,-0.06226965785,-0.2081580162,1
193,10,-0.08022710681,-0.158850044,1
193,18,-0.06021284312,0.0320622623,1
193,26,-0.01814033091,0.1165047139,1
193,34,0.08208200336,0.1868451685,1
193,42,0.124155283,0.2378744036,1
193,50,-0.04965558648,0.1533258855,1
193,58,-0.05724455416,0.09443639219,1
193,66,0.07362985611,0.04579964653,1
193,74,0.1669128835,0.07550022006,1
193,82,0.09058272839,0.09356809407,1
193,90,0.006169691682,-0.008558377624,1
193,98,-0.003461744636,-0.06768354028,1
193,106,0.0146066919,0.0009322073311,1
193,114,0.06946580112,0.1029839516,1
193,122,0.1346827,0.0621862337,1
193,130,0.1164949909,0.1317173392,1
193,138,0.1118824184,-0.04959768429,1
193,146,0.04827931151,-0.2887963057,1
193,154,0.07072031498,-0.302775979,1
193,162,0.09629567713,-0.1935766637,1
193,170,-0.0577788353,-0.1712541729,1
201,10,0.0128865689,-0.05576080084,1
201,18,-0.2304923087,0.02423909679,1
201,26,-0.136662662,0.01170438528,1
201,34,-0.02187256142,-0.05630794168,1
201,42,-0.003478437662,0.08407343924,1
201,50,-0.1059860364,0.1757494211,1
201,58,-0.3128376901,0.09338872135,1
201,66,-0.1141156852,0.09635125846,1
201,74,0.2230911255,0.02409680374,1
201,82,0.1054971963,0.1517577767,1
201,90,-0.03721741587,0.1343418658,1
201,98,-0.01546513475,0.03530529514,1
201,106,-0.008936114609,-0.08175802976,1
201,114,-0.02882128581,-0.06337314844,1
201,122,0.101574555,0.00800925307,1
201,130,0.07441170514,0.1352159381,1
201,138,0.01301930845,-0.2434532493,1
201,146,-0.011343427,-0.3578553498,1
201,154,0.04709284753,-0.2933236659,1
201,162,0.09646129608,-0.1049600095,1
201,170,0.1003664881,0.002928555012,1
209,10,0.1787506044,0.00776194036,1
209,18,0.03469195962,-0.03427962959,1
209,26,-0.1728373915,0.0003301426768,1
209,34,-0.1406049281,-0.1331350058,1
209,42,-0.04720208049,-0.07803335041,1
209,50,-0.05743584037,0.09448236227,1
209,58,-0.1630886644,-0.02294631302,1
209,66,-0.0741706565,0.06693679839,1
209,74,0.3063233793,0.0547362119,1
209,82,0.1865882874,0.1637984365,1
209,90,0.07267859578,0.07301001996,1
209,98,0.08842141181,0.01939829066,1
209,106,-0.03220310062,-0.07893871516,1
209,114,0.1059725881,-0.315373987,1
209,122,0.170547694,-0.08925820142,1
209,130,0.00188524276,0.07202387601,1
209,138,0.08071626723,-0.206345737,1
209,146,0.09137533605,-0.313438952,1
209,154,0.02891268581,-0.151351586,1
209,162,0.09413662553,-0.02070565522,1
209,170,0.1956239045,0.1819991469,1
217,10,0.1013777852,-0.06699600071,1
217,18,0.04674403742,-0.07375334203,1
217,26,-0.08652047813,-0.08915328979,1
217,34,-0.2285360098,-0.1085920334,1
217,42,-0.3156636953,0.008347000927,1
217,50,-0.2666988969,-0.04472459853,1
217,58,-0.1311598718,-0.07658684254,1
217,66,0.03195720166,-0.03682497889,1
217,74,-0.03316015005,-0.01907642372,1
217,82,-0.1207832396,0.1296772361,1
217,90,-0.1055431738,0.03044690937,1
217,98,-0.01824427396,0.0004309414653,1
217,106,0.05044328049,-0.1398191154,1
217,114,0.003931564279,-0.1203574985,1
217,122,0.1215561777,-0.0929659307,1
217,130,0.09622384608,-0.1354928315,1
217,138,0.107346639,-0.1824670434,1
217,146,0.2922419608,-0.09326850623,1
217,154,0.247327894,-0.1277247816,1
217,162,0.09712532908,-0.02313567698,1
217,170,0.09473627806,0.2193735987,1
225,10,0.1350104213,-0.1076243371,1
225,18,0.108273685,0.02497053891,1
225,26,-0.02315370739,0.1061980426,1
225,34,-0.2131484896,-0.008214715868,1
225,42,-0.3225774765,0.08022692055,1
225,50,-0.2387996167,0.06491374969,1
225,58,-0.1416996121,0.08139775693,1
225,66,-0.1191421747,0.03496399894,1
225,74,-0.207904011,0.009748663753,1
225,82,-0.301078558,-0.01933501661,1
225,90,-0.1600502878,0.03131626546,1
225,98,-0.06243267655,-0.01791609451,1
225,106,-0.003931764513,-0.0940516144,1
225,114,-0.04560925439,-0.006959818304,1
225,122,-0.01446785778,0.007446065545,1
225,130,0.02632463351,-0.158966586,1
225,138,0.01091587916,-0.09695698321,1
225,146,0.02645568922,-0.01221928746,1
225,154,0.09264628589,-0.04143080115,1
225,162,0.1072559506,0.0003197267652,1
225,170,0.1154109091,0.1483082473,1
233,10,0.1956427693,-0.07654285431,1
233,18,-0.1216486245,0.08930044621,1
233,26,0.06452083588,0.1926614344,1
233,34,-0.001302935183,0.06327314675,1
233,42,-0.1882338673,0.1339121908,1
233,50,-0.1208542883,0.03284125403,1
233,58,-0.0520888716,0.04772920534,1
233,66,-0.1482579261,0.01860738173,1
233,74,-0.2067477703,0.0256058462,1
233,82,-0.2681410313,-0.1937375367,1
233,90,-0.1045471728,0.06738257408,1
233,98,0.002998393029,0.09117694199,1
233,106,0.01795534417,0.0500394851,1
233,114,0.01423990168,0.004096921533,1
233,122,-0.05418228731,-0.03288951144,1
233,130,-0.03435298055,-0.08350031078,1
233,138,0.003340084106,-0.05986339599,1
233,146,0.01698890142,-0.06532238424,1
233,154,0.1215527877,0.0557359457,1
233,162,0.195029676,-0.04419080541,1
233,170,0.266376555,0.03274959698,1
241,10,0.02989630401,-0.03761104494,1
241,18,-0.1684772968,0.1046112701,1
241,26,-0.0740147084,0.1624598503,1
241,34,-0.05787853897,0.0560663268,1
241,42,-0.04875508696,0.03435113281,1
241,50,-0.03504692018,0.07770004123,1
241,58,0.03293924034,-0.0971480757,1
241,66,-0.003511331975,-0.1284721792,1
241,74,-0.1696930528,0.03523949534,1
241,82,-0.2323928028,-0.06172411889,1
241,90,-0.04235291481,0.04770415276,1
241,98,0.09478188306,0.1097217351,1
241,106,-0.01400470361,0.1048602238,1
241,114,0.01830089465,0.002648085356,1
241,122,0.08107116818,0.02882216126,1
241,130,-0.004885155708,-0.06371018291,1
241,138,-0.1021988243,-0.1088925898,1
241,146,-0.07096057385,-0.1358056962,1
241,154,-0.07761913538,-0.1154208332,1
241,162,0.03523219377,-0.008827358484,1
241,170,0.1993530989,-0.08196426183,1
249,10,-0.04729209095,0.04737932235,1
249,18,-0.08823344857,0.09259186685,1
249,26,-0.1205060482,0.1987031251,1
249,34,-0.08930943906,0.0622023195,1
249,42,-0.07391169667,-0.07126896083,1
249,50,-0.1028997675,0.1133536249,1
249,58,-0.1484149992,0.04140668735,1
249,66,-0.1322648525,-0.04332174733,1
249,74,-0.1282376945,0.1013283879,1
249,82,-0.2001859099,0.05108132586,1
249,90,-0.1853415966,0.03743475303,1
249,98,0.0160644874,0.128497988,1
249,106,-0.04265712947,0.0825920105,1
249,114,-0.1250605285,0.04355764389,1
249,122,0.04804880545,0.0005958490074,1
249,130,0.067244187,-0.1506213546,1
249,138,0.07177270204,-0.03261554986,1
249,146,-0.01015481353,-0.0001178085804,1
249,154,-0.0865264535,-0.2302731723,1
249,162,0.002094460651,0.05818929896,1
249,170,0.03425756469,-0.1112061366,1
257,10,-0.1341796368,0.14748317,1
257,18,-0.06518999487,0.1375309378,1
257,26,-0.1002786532,0.1640529186,1
257,34,-0.08819749951,0.09309250861,1
257,42,-0.05886314809,-0.05160827935,1
257,50,-0.06095673516,0.0761012882,1
257,58,-0.1558952928,0.2116147727,1
257,66,-0.1432707161,0.07914383709,1
257,74,-0.1147132441,0.09771537781,1
257,82,-0.05194653571,0.02825941145,1
257,90,0.002636775374,0.0331569463,1
257,98,-0.05029295757,0.1135847867,1
257,106,-0.119038485,0.04895925894,1
257,114,-0.04944199696,0.01298668981,1
257,122,0.02859210595,-0.05445709452,1
257,130,0.1589800715,-0.05035147816,1
257,138,0.1424122155,0.01482288539,1
257,146,0.05696880072,0.003092877567,1
257,154,-0.05273975432,-0.1400084198,1
257,162,-0.07118971646,0.06350088865,1
257,170,0.08009621501,-0.006220504642,1
265,10,-0.1012594998,0.1603082269,1
265,18,-0.1047424972,0.1717958748,1
265,26,-0.04648771137,0.03989266232,1
265,34,-0.008914835751,0.003109427169,1
265,42,-0.01148961484,-0.08775164187,1
265,50,-0.0530269444,-0.03705974296,1
265,58,-0.05287253112,0.05876431242,1
265,66,-0.01207824796,-0.0008016899228,1
265,74,0.04810730368,0.001125942916,1
265,82,-0.01134527475,-0.005346991122,1
265,90,0.1217956766,-0.03694376349,1
265,98,0.2011071444,0.0213362202,1
265,106,-0.02892965823,0.06317639351,1
265,114,-0.007199793123,0.006945071742,1
265,122,0.1055473015,-0.0436014235,1
265,130,-0.03253304958,0.06095657498,1
265,138,0.09523424506,0.1335479021,1
265,146,0.02211047336,0.09465169907,1
265,154,-0.01863423362,0.001826200634,1
265,162,0.00282196328,0.02122933045,1
265,170,0.01275857538,-0.06032783538,1
273,10,-0.03035140038,0.1148181856,1
273,18,-0.1382596046,0.05451450124,1
273,26,-0.09982966632,-0.06173525006,1
273,34,0.02429442108,-0.1259347945,1
273,42,0.008377164602,-0.1761955321,1
273,50,-0.01012724638,-0.09259930998,1
273,58,-0.01812292635,-0.02265958488,1
273,66,-0.04599521309,-0.08421398699,1
273,74,-0.07669609785,0.06005605683,1
273,82,-0.1060278267,0.1065924317,1
273,90,0.01249345765,0.02258590609,1
273,98,0.09047537297,0.06855924428,1
273,106,0.06118674204,0.01605174318,1
273,114,0.1831606627,-0.02741801552,1
273,122,0.1484366059,-0.06359580904,1
273,130,0.09385160357,0.04731720686,1
273,138,0.1375724524,0.2124090493,1
273,146,0.09007540345,0.1920351982,1
273,154,0.08455850184,0.04029917717,1
273,162,0.09389662743,0.09626618028,1
273,170,0.1060651094,-0.07254968584,1
281,10,-0.01722377911,0.06554035097,1
281,18,-0.1082506925,0.08443044126,1
281,26,0.0329059884,-0.06081954762,1
281,34,0.1089846566,-0.2509460747,1
281,42,0.04350691289,-0.1831071377,1
281,50,0.002361163497,-0.1878654063,1
281,58,-0.004063379019,-0.07953938842,1
281,66,-0.009379904717,0.009647022933,1
281,74,-0.05670684576,0.1350378394,1
281,82,-0.1190169454,0.1158144549,1
281,90,-0.1128957123,-0.0001402944326,1
281,98,0.005110785365,0.07008053362,1
281,106,0.09177143872,0.01696358994,1
281,114,0.1617397368,-2.23275274e-05,1
281,122,0.09812390059,-0.09219757468,1
281,130,0.05209187418,0.08914370835,1
281,138,0.059641473,0.09279596806,1
281,146,0.06124411523,0.1606248319,1
281,154,0.110017851,-0.01355831698,1
281,162,0.0548132509,0.1052043289,1
281,170,0.1049144343,0.05110193044,1
289,10,0.02801370621,-0.01797973365,1
289,18,-0.04476583749,0.1115754172,1
289,26,0.1065533236,0.07920391113,1
289,34,0.1619020551,-0.06968431175,1
289,42,0.1645372808,-0.1386602521,1
289,50,0.1072895005,-0.2255224884,1
289,58,0.0913046971,-0.1648198813,1
289,66,0.04747926444,0.06568263471,1
289,74,0.01924369112,0.03781889379,1
289,82,0.07317322493,-0.04237346351,1
289,90,0.04995084181,-0.06780042499,1
289,98,0.104383707,0.04919078201,1
289,106,0.1455829442,0.04711151496,1
289,114,0.1092652529,-0.003856749274,1
289,122,0.09416053444,-0.08326976746,1
289,130,0.1043801382,0.07745470852,1
289,138,0.1551457047,0.09568040818,1
289,146,0.2260905951,0.1782934666,1
289,154,0.1654508412,-0.009239494801,1
289,162,0.09554945678,0.05186065659,1
289,170,0.05592288822,0.05843739212,1
297,10,0.2486819327,-0.07407261431,1
297,18,0.155986324,0.01382295787,1
297,26,0.1054706052,0.1214604974,1
297,34,0.06993123889,0.07102915645,1
297,42,0.1427882612,-0.07001789659,1
297,50,0.1978123933,-0.08142782748,1
297,58,0.1720963717,-0.05171974376,1
297,66,0.08293000609,-0.03703095391,1
297,74,-0.1010532454,-0.01366457902,1
297,82,-0.1380372345,-0.08651331067,1
297,90,-0.02397540212,-0.1612552702,1
297,98,0.189314574,-0.06963935494,1
297,106,0.2301771045,-0.0001470297575,1
297,114,-0.02448024601,-0.05096238479,1
297,122,-0.02749463171,0.03217590973,1
297,130,0.1300464272,0.09790146351,1
297,138,0.1901396215,0.09094083309,1
297,146,0.1231126189,0.1152513549,1
297,154,0.007977075875,0.008450223133,1
297,162,0.0125336051,0.0140479859,1
297,170,0.01297210157,-0.01617798209,1
305,10,0.2122980654,-0.01056099311,1
305,18,0.05083926022,0.06472951919,1
305,26,0.06796716899,0.09584221244,1
305,34,0.1440943629,0.04261766374,1
305,42,0.03926349431,-0.04856816307,1
305,50,-0.168022275,0.0635202378,1
305,58,0.006614677608,0.05345900357,1
305,66,0.05212593079,-0.03777681664,1
305,74,0.06746333838,0.08564523607,1
305,82,0.09610957652,0.01668620855,1
305,90,0.1405562758,-0.1468266845,1
305,98,0.1828238815,-0.1194317341,1
305,106,0.1395569295,-0.08240701258,1
305,114,-0.01995817572,-0.07140334696,1
305,122,-0.01822498813,0.01057979092,1
305,130,0.03302198648,0.05381741747,1
305,138,0.07777547836,0.02562691644,1
305,146,-0.01111472771,-0.05392988026,1
305,154,-0.05750703812,0.01988295279,1
305,162,0.07007007301,-0.03950491548,1
305,170,0.01865588874,0.04074815661,1
313,10,0.08524435759,-0.00921182707,1
313,18,-9.372830391e-06,-0.006370504852,1
313,26,0.1308584511,-0.02811856754,1
313,34,0.1089707017,-0.060376212,1
313,42,-0.03240054473,-0.06491088122,1
313,50,-0.01778809726,0.0871071294,1
313,58,0.08822672069,0.1714806557,1
313,66,0.1508722752,0.1657764614,1
313,74,0.1482348442,0.1102823541,1
313,82,0.2025886774,0.1208636835,1
313,90,0.2135048807,0.05149849504,1
313,98,0.1507973373,-0.02457029372,1
313,106,0.04038925469,0.008592236787,1
313,114,0.04123044014,0.03674152121,1
313,122,0.06340706348,-0.05412133783,1
313,130,0.05281485617,-0.01943273284,1
313,138,0.05598511919,-0.009806640446,1
313,146,-0.02000913396,-0.1147255599,1
313,154,-0.002810016274,0.02525255084,1
313,162,0.01397012174,0.06077514589,1
313,170,-0.06775951385,0.1680119038,1
321,10,0.1894266158,-0.07492023706,1
321,18,0.1388134956,-0.07541199774,1
321,26,-0.01197259873,-0.06176900119,1
321,34,-0.004190187901,-0.05613820627,1
321,42,0.07037444413,-0.04480939358,1
321,50,0.06705565751,0.02548320591,1
321,58,0.05799099058,0.1610748172,1
321,66,0.1473151743,0.1316080689,1
321,74,0.1480352879,0.1216122657,1
321,82,0.1740155518,0.2109764665,1
321,90,0.2327425778,0.2072000206,1
321,98,0.1558106095,0.00593191199,1
321,106,0.06620465219,0.02283547074,1
321,114,-0.005837976933,0.05871271342,1
321,122,0.01087690145,-0.02363942936,1
321,130,0.05095297098,0.02849846706,1
321,138,0.0008590258658,0.08980581164,1
321,146,0.0243858546,-0.05783133581,1
321,154,0.04494950175,-0.05154544488,1
321,162,-0.09144087136,0.05312360823,1
321,170,-0.1704194099,0.2294597924,1
329,10,0.2810890675,-0.04355124384,1
329,18,0.2161750942,0.1626803875,1
329,26,-0.05235159397,0.2559271455,1
329,34,-0.2583501339,-0.04421797395,1
329,42,-0.1123193875,0.007751221303,1
329,50,0.01516466402,-0.02279287763,1
329,58,0.02089535818,0.04185210913,1
329,66,-0.03367239982,-0.05868830532,1
329,74,-0.0155543834,0.07491351664,1
329,82,0.09088931233,0.1724315882,1
329,90,0.2380261272,0.08642885089,1
329,98,0.217811197,-0.1590716839,1
329,106,0.1348838806,-0.08135228604,1
329,114,0.07259576023,-0.0684825182,1
329,122,0.106546931,-0.05365085602,1
329,130,0.1061910838,0.009266491048,1
329,138,0.02787512541,0.08596920967,1
329,146,0.02777966857,-0.08855822682,1
329,154,-0.03358691186,-0.02952125669,1
329,162,0.05124096572,0.01045939699,1
329,170,0.09355157614,0.1821987182,1
337,10,0.2458937317,0.03430245817,1
337,18,0.1943558455,0.2264517397,1
337,26,0.1177763417,0.1082663536,1
337,34,0.01575876772,-0.0927182436,1
337,42,-0.01675065607,0.001557631418,1
337,50,0.07493771613,-0.05903053656,1
337,58,0.02874854393,0.08787977695,1
337,66,-0.007915213704,0.08073935658,1
337,74,0.03787534684,0.01926226169,1
337,82,0.2493956387,0.1165180206,1
337,90,0.255862236,0.07635930181,1
337,98,0.1445851922,-0.01516576856,1
337,106,0.01499554515,-0.1829270124,1
337,114,-0.1541347206,-0.1327527463,1
337,122,-0.05694762617,-0.01633703336,1
337,130,-0.01612664387,0.01488943957,1
337,138,-0.07144381851,-0.03209584951,1
337,146,-0.04768328369,-0.1049596518,1
337,154,0.0879977718,0.01356542483,1
337,162,0.2176004499,0.06006251648,1
337,170,0.187967658,0.1727766246,1
345,10,0.1732675731,0.1561392099,1
345,18,0.1688012928,0.1407093406,1
345,26,0.1489185095,0.04466658831,1
345,34,-0.04399976134,-0.1298362464,1
345,42,0.1032524407,-0.1549888998,1
345,50,0.2264959514,-0.06608556956,1
345,58,0.1319333762,0.1704018861,1
345,66,0.05727737397,0.1448175758,1
345,74,0.0388671793,-0.01380648464,1
345,82,0.1076736823,0.03463770449,1
345,90,0.16755943,0.1686984897,1
345,98,0.109086141,0.07478896528,1
345,106,0.02255005389,-0.04083103687,1
345,114,-0.003888564184,-0.03500821069,1
345,122,-0.1009626538,0.1594946682,1
345,130,0.0408253558,0.1636094004,1
345,138,0.1405992657,0.03279448301,1
345,146,0.1230349094,0.002273209393,1
345,154,0.2228890657,0.0558564961,1
345,162,0.3039925992,0.04506729543,1
345,170,0.2611574531,0.1600935459,1
353,10,0.2610768676,0.3320632577,1
353,18,0.144556284,0.2981988788,1
353,26,0.06746229529,0.2070414424,1
353,34,0.06941244006,-0.04863703996,1
353,42,0.1838959157,-0.1492437422,1
353,50,0.1272966415,-0.028457921,1
353,58,-0.06540970504,0.0822545737,1
353,66,0.02132360637,0.032571733,1
353,74,0.005401611328,-0.1865769476,1
353,82,-0.208068341,-0.07705391198,1
353,90,-0.01504074037,0.1307216883,1
353,98,0.08181428164,0.07759726048,1
353,106,0.01717240736,0.02636363357,1
353,114,0.06952574104,-0.02175042965,1
353,122,0.01126881689,0.06665499508,1
353,130,0.001210916787,0.2116768658,1
353,138,0.1092867255,0.1261818111,1
353,146,0.1056060046,0.1806074977,1
353,154,0.05802895129,0.05361678079,1
353,162,0.07006311417,0.03484210372,1
353,170,0.1879937053,0.20921731,1
361,10,0.1964645833,0.1309328377,1
361,18,0.1344515383,0.3039630055,1
361,26,-0.01369781047,0.2381311208,1
361,34,-0.04857022315,0.1040495932,1
361,42,0.1016687751,0.03751599044,1
361,50,0.02920029312,-0.150649026,1
361,58,0.01685985923,0.04330722243,1
361,66,0.2215860784,0.005056789145,1
361,74,0.2279852331,-0.1160962135,1
361,82,-0.08293770254,-0.03497345001,1
361,90,0.03426974267,0.001748285256,1
361,98,0.04026467726,0.04989821836,1
361,106,-0.1576500833,-0.1112828925,1
361,114,0.147990793,-0.1024208963,1
361,122,0.1862632483,-0.05115344003,1
361,130,0.09743887186,0.1184417456,1
361,138,-0.02015981078,0.06704903394,1
361,146,0.04628798738,0.03203498572,1
361,154,0.1226082146,0.06902234256,1
361,162,0.07146534324,0.1643312573,1
361,170,0.2021152228,0.3062540889,1
369,10,0.1628181934,-0.09270378947,1
369,18,0.05287104845,0.1604339629,1
369,26,0.017048195,0.2157206982,1
369,34,0.08891002089,0.3249407113,1
369,42,0.1264378428,0.1733347476,1
369,50,0.118151933,-0.02696385235,1
369,58,0.2009773254,0.07132381201,1
369,66,0.2350739241,0.1748871803,1
369,74,-0.008347146213,0.09255473316,1
369,82,-0.1264733076,-0.04849219695,1
369,90,0.0154245086,-0.08297965676,1
369,98,0.02594521642,-0.09311574697,1
369,106,0.06930094957,-0.2853598595,1
369,114,0.2259545028,-0.06607747078,1
369,122,0.2811472416,0.04435509443,1
369,130,0.269792825,0.05948415771,1
369,138,0.05338691175,0.04966520146,1
369,146,0.06636117399,0.04642610997,1
369,154,0.04357520491,0.1016920432,1
369,162,-0.1977559179,0.1496427655,1
369,170,0.05517941713,0.3389670551,1
377,10,0.2230415791,-0.09362857044,1
377,18,0.08828637749,0.1686534286,1
377,26,0.06682177633,0.1470750421,1
377,34,0.09232466668,0.2706119418,1
377,42,0.1016810834,0.2490121126,1
377,50,0.1191450432,0.1342885047,1
377,58,0.2003835142,0.08489312232,1
377,66,0.2026014179,0.1554182172,1
377,74,0.06611137092,0.1428272426,1
377,82,0.06359557062,0.00569704175,1
377,90,0.03792423755,0.04858935624,1
377,98,0.03308552504,-0.04404715449,1
377,106,0.01985703409,-0.2212851644,1
377,114,0.0895639807,0.02394941822,1
377,122,0.2173897624,0.08327814192,1
377,130,0.1123905256,-0.01993364468,1
377,138,0.02719679475,0.05681471527,1
377,146,0.05370059609,0.1198520586,1
377,154,0.07834690809,0.07315584272,1
377,162,-0.04758603498,-0.1142472848,1
377,170,0.1770280004,-0.01260678843,1
385,10,0.1226718724,0.02758921683,1
385,18,0.06909877062,0.135592252,1
385,26,0.2180119306,0.1273921132,1
385,34,0.2366004586,0.1790767163,1
385,42,0.1634008884,0.1452408433,1
385,50,0.1158586666,0.2204078436,1
385,58,0.06497246772,0.148688063,1
385,66,0.005805715919,0.1844255626,1
385,74,0.08726748824,0.1811651886,1
385,82,0.07450310141,0.1714398563,1
385,90,0.006452150643,0.1455388069,1
385,98,0.1342113763,0.1287747175,1
385,106,0.02979065478,-0.03474088758,1
385,114,0.036098212,0.006831170991,1
385,122,0.1991238743,-0.03271177411,1
385,130,0.06285914034,-0.04923007637,1
385,138,-0.03169766441,0.1019746587,1
385,146,0.01435977593,0.08525133133,1
385,154,0.04547628015,0.2041431069,1
385,162,0.08367754519,-0.02369172499,1
385,170,0.2219464332,-0.0841339156,1
393,10,0.07221807539,0.186939463,1
393,18,0.1568648368,0.0669259876,1
393,26,0.1331145316,0.07494985312,1
393,34,0.08628223836,0.05976656824,1
393,42,0.07846876979,0.006243817508,1
393,50,0.017004041,0.1510002613,1
393,58,0.1013580859,0.05315881222,1
393,66,0.04991458356,0.1280522048,1
393,74,0.06659539044,0.1954090595,1
393,82,0.176509589,0.2382083982,1
393,90,-0.1276974678,0.2190600038,1
393,98,0.1252084076,0.1860991418,1
393,106,0.1294377595,0.1522036493,1
393,114,0.041081395,-0.05837145075,1
393,122,0.09030195326,-0.02604455501,1
393,130,0.0767544359,0.02316584066,1
393,138,0.05502373725,0.2256840765,1
393,146,0.0312380679,0.1681947857,1
393,154,-0.01489938796,0.1786057651,1
393,162,0.05616851151,0.07421801984,1
393,170,0.1870498806,-0.108191669,1
401,10,0.2099669874,0.3105152547,1
401,18,0.1320234984,0.166057989,1
401,26,0.128761068,0.06422029436,1
401,34,0.1298508644,0.01330317557,1
401,42,0.08605926484,0.1181308851,1
401,50,-0.03825455531,0.1678472012,1
401,58,0.1151693314,-0.06271576881,1
401,66,0.1247224286,0.02663479,1
401,74,0.1557941735,0.1520257294,1
401,82,0.175151363,0.166445002,1
401,90,-0.09084548056,0.1915409565,1
401,98,-0.01424654573,0.2575825453,1
401,106,0.04659276828,0.1916818321,1
401,114,-0.04947399721,-0.05333974212,1
401,122,-0.005238555372,-0.01582758129,1
401,130,0.197152257,0.1634695232,1
401,138,0.02759410441,0.1924188137,1
401,146,-0.02829433233,0.135111168,1
401,154,0.06573903561,0.07598353177,1
401,162,0.05246251076,-0.008316248655,1
401,170,0.04884813726,-0.1361239552,1
409,10,0.03010614961,0.05047721416,1
409,18,0.1074654162,0.09830951691,1
409,26,0.1079668701,0.07336108387,1
409,34,0.07048878074,0.05042539909,1
409,42,0.141230166,0.1038810983,1
409,50,0.03251689672,0.2205176502,1
409,58,-0.03987580538,0.04703975096,1
409,66,-0.02973716334,0.01281417534,1
409,74,0.07009100914,-0.01122739166,1
409,82,0.04105908051,0.004755392671,1
409,90,0.07144284248,0.02610872686,1
409,98,0.1317921132,0.1856012642,1
409,106,0.02761148289,0.08927133679,1
409,114,-0.001686617732,-0.02261778712,1
409,122,-0.02889488637,-0.01859483123,1
409,130,0.4355599582,0.2765865624,1
409,138,0.1002264917,0.1047866419,1
409,146,0.001976162195,0.04095672071,1
409,154,0.07338330895,0.05262512714,1
409,162,0.04711595923,0.02952611074,1
409,170,-0.01025171578,0.1300954372,1
417,10,-0.009862795472,-0.3037707508,1
417,18,-0.009970530868,0.2216440141,1
417,26,0.07871055603,0.1417605281,1
417,34,0.1629866362,0.1433646083,1
417,42,0.2699240148,-0.01185883582,1
417,50,0.1647473872,0.02249466628,1
417,58,0.01885798573,0.1146916971,1
417,66,-0.09855665267,0.1171146259,1
417,74,-0.05619290471,-0.2298180312,1
417,82,0.0007008761168,-0.3173972964,1
417,90,0.1207254156,-0.3671290874,1
417,98,0.220000267,-0.1477631032,1
417,106,0.1425506026,-0.08748421073,1
417,114,0.1456550956,-0.1999815404,1
417,122,0.2547201514,-0.08611187339,1
417,130,0.416210115,0.1630743742,1
417,138,0.3368511498,0.008002258837,1
417,146,0.07951144129,-0.0589928478,1
417,154,-0.03881759942,-0.05846488476,1
417,162,-0.07697805762,0.09978707135,1
417,170,-0.0436148867,0.1149412543,2
