PIVlab, ASCII chart output - 02-Aug-2025
FRAME: 137, filenames: A:[137]FullStack_Pos0035_TgUtrmcherry_K4K8MO-1.avi & B:[138]FullStack_Pos0035_TgUtrmcherry_K4K8MO-1.avi, conversion factor xy (px -> m): 1, conversion factor uv (px/frame -> m/s): 1
x [px],y [px],u [px/frame],v [px/frame],Vector type [-]
9,10,-0.1001985222,-0.357496053,1
9,18,0.1324481219,0.01168032736,1
9,26,0.0585436821,0.0606225878,1
9,34,-0.174036473,0.08070550859,1
9,42,-0.101093322,0.1554543525,1
9,50,-0.02597676218,0.1318881661,1
9,58,0.07567481697,-0.09225544333,1
9,66,0.1287848353,-0.3113816381,1
9,74,-0.006719708443,-0.3010069728,1
9,82,-0.1795975715,-0.07976712286,1
9,90,-0.06789936125,-0.1118081212,1
9,98,-0.0102035366,-0.0515246354,1
9,106,-0.05800850689,0.03494877741,1
9,114,-0.07678565383,0.07586857677,1
9,122,-0.06620178372,0.2000421882,1
9,130,0.0845490545,0.2204014659,1
9,138,0.1604273915,0.1556169391,1
9,146,0.1275602132,0.1539865732,1
9,154,0.01188116521,0.0676266551,1
9,162,0.01353430003,0.09212866426,1
9,170,-0.01193599403,0.1983575225,1
17,10,-0.09249693155,-0.1497055292,1
17,18,-0.00552136451,0.04789032787,1
17,26,-0.05163539946,0.0992526561,1
17,34,-0.144491598,0.1011067331,1
17,42,-0.1311864257,0.1251562834,1
17,50,-0.0899374783,0.2400905043,1
17,58,-0.1344304681,0.0252921246,1
17,66,-0.06914058328,-0.06262415648,1
17,74,-0.1711135805,-0.1150369793,1
17,82,-0.1459714472,0.02426086366,1
17,90,-0.02863650024,-0.1109305099,1
17,98,0.01503007859,-0.1609500349,1
17,106,-0.07749341428,0.00264018029,1
17,114,-0.1144410223,0.05700980872,1
17,122,-0.03881713375,0.1356355101,1
17,130,-0.04730857909,0.1780159473,1
17,138,-0.06596522033,0.1273984313,1
17,146,-0.05995314196,0.06283128262,1
17,154,0.04196599871,0.2518934608,1
17,162,0.02936755121,0.1775188595,1
17,170,-0.1066388488,0.06144139543,1
25,10,-0.107811898,0.07806539536,1
25,18,-0.1226729453,0.1465259492,1
25,26,-0.3066963553,0.08036532998,1
25,34,-0.3411903977,0.1435693651,1
25,42,-0.247253567,0.1508717835,1
25,50,-0.2003452033,0.1639887989,1
25,58,-0.1669599563,0.01270661876,1
25,66,-0.1583090723,-0.01480553113,1
25,74,-0.2122861296,-0.05939276144,1
25,82,-0.2073189765,0.002647895366,1
25,90,-0.04149597883,-0.04687442631,1
25,98,0.08511336148,-0.05099266022,1
25,106,-0.02875176072,0.02189361863,1
25,114,-0.1046489254,0.03846733645,1
25,122,-0.1610855311,0.08298849314,1
25,130,-0.1304942816,0.09693853557,1
25,138,-0.08977295458,0.08470371366,1
25,146,-0.03509278223,0.08614397049,1
25,154,0.01201339252,0.1488571465,1
25,162,-0.03354297578,0.0936525017,1
25,170,-0.05748578534,0.01061119512,1
33,10,-0.1502898186,0.1858007163,1
33,18,-0.07570421696,0.2982373536,1
33,26,-0.2699015737,0.06332813203,1
33,34,-0.2876750231,0.07539790869,1
33,42,-0.106559515,0.1351352334,1
33,50,-0.08532989025,0.1293683201,1
33,58,-0.1505324244,0.01899186149,1
33,66,-0.2267933041,-0.04180182517,1
33,74,-0.2715128958,-0.0207195282,1
33,82,-0.2949424386,0.0543442443,1
33,90,-0.1161706746,0.1208491325,1
33,98,0.009323358536,0.05284023657,1
33,106,-0.1559537947,0.03094259277,1
33,114,-0.1187450588,-0.04818543047,1
33,122,-0.1979188919,-0.07759065926,1
33,130,-0.2970806956,-0.1152675152,1
33,138,-0.150313586,-0.1035533994,1
33,146,-0.1449269205,-0.04060373455,1
33,154,-0.09300947189,0.01239807159,1
33,162,-0.04038607329,0.01057076082,1
33,170,-0.029591389,-0.0463283211,1
41,10,-0.2914980054,-0.007718186826,1
41,18,-0.1248228699,0.05492917448,1
41,26,-0.08625477552,0.02021016926,1
41,34,-0.05369414389,0.01624573767,1
41,42,-0.1581275314,-0.06435401738,1
41,50,-0.2129106671,0.0264277719,1
41,58,-0.21671924,0.04028435796,1
41,66,-0.2702920437,0.03569350764,1
41,74,-0.2049770504,0.03209835291,1
41,82,-0.1050691754,-0.01302390173,1
41,90,-0.2183661908,0.02824061923,1
41,98,-0.1978464872,0.03221054003,1
41,106,-0.1772277951,0.02340238728,1
41,114,-0.1685873121,-0.02350176871,1
41,122,-0.2268950939,0.06068975478,1
41,130,-0.2647030652,-0.08343527466,1
41,138,-0.1000879481,-0.09739068151,1
41,146,-0.007371094078,-0.09363611042,1
41,154,0.01642143726,0.007393117994,1
41,162,-0.0757175386,0.04040200263,1
41,170,-0.2056607455,-0.02930447459,1
49,10,-0.345213294,-0.04329179227,1
49,18,-0.1523794085,-0.02254465222,1
49,26,-0.0892752856,-0.03217875212,1
49,34,-0.06581365317,-0.1528440416,1
49,42,-0.1857415736,-0.2641329765,1
49,50,-0.1690561175,-0.1882946342,1
49,58,-0.05859230459,-0.1463908255,1
49,66,-0.0945025906,-0.06872747093,1
49,74,-0.1274677366,-0.04561996832,1
49,82,-0.1102774888,0.04226123169,1
49,90,-0.2401816249,0.01195261069,1
49,98,-0.2514292598,-0.0182128828,1
49,106,-0.09744898975,-0.0381118618,1
49,114,-0.08849374205,0.06333783269,1
49,122,-0.1186656132,0.1940587461,1
49,130,-0.08655756712,0.1373091191,1
49,138,0.0512233004,0.1504371017,1
49,146,0.006227836013,0.06744764,1
49,154,0.007586270571,0.07957048714,1
49,162,0.004773393273,0.08748324215,1
49,170,-0.2525279522,0.0371067971,1
57,10,-0.2542446852,-0.06636816263,1
57,18,-0.06666485965,0.09358944744,1
57,26,-0.109022148,0.05319627374,1
57,34,-0.1578686386,-0.1454427242,1
57,42,-0.1547115892,-0.09969455749,1
57,50,-0.1708390415,-0.1360589415,1
57,58,-0.116475448,-0.1210160255,1
57,66,-0.08546141535,0.0401429534,1
57,74,-0.1680987477,0.02693746053,1
57,82,-0.165304184,-0.03577462956,1
57,90,-0.1774893105,0.00787486881,1
57,98,-0.1545443982,0.02808535472,1
57,106,-0.1015765145,0.07508453727,1
57,114,-0.06108939648,0.1310372949,1
57,122,0.02865140885,0.1258196831,1
57,130,0.05963889882,0.08061251044,1
57,138,0.1428040117,0.1931900382,1
57,146,0.04380403459,-0.05820132047,1
57,154,-0.08568607271,0.02863539197,1
57,162,0.04617012665,0.1554078609,1
57,170,-0.06439085305,0.1293116212,1
65,10,-0.2250705808,-0.16080001,1
65,18,-0.1406851411,0.1619724482,1
65,26,-0.04275809228,0.1862023324,1
65,34,-0.1576814055,0.04670294374,1
65,42,-0.1745936722,0.03876810521,1
65,50,-0.1081540287,0.03999848664,1
65,58,-0.06658598036,0.01483214088,1
65,66,0.02329552174,0.09513539076,1
65,74,-0.04960812628,0.1472254246,1
65,82,-0.1481962502,-0.02930935286,1
65,90,-0.1053488627,0.06207039952,1
65,98,-0.1025780439,0.05953358114,1
65,106,-0.1299675554,0.08925525099,1
65,114,-0.1525081843,0.1905944943,1
65,122,-0.03558988869,0.2097758353,1
65,130,0.1092054769,0.2266204953,1
65,138,0.1210516319,0.1162469313,1
65,146,0.01891158149,-0.03081602603,1
65,154,0.1137829274,-0.06740628183,1
65,162,0.09504690021,0.06463852525,1
65,170,-0.06017552316,0.1900298744,1
73,10,-0.268563956,-0.1173843443,1
73,18,-0.1988028884,0.05280901864,1
73,26,-0.061013937,0.1950490475,1
73,34,-0.07654690742,0.1740154922,1
73,42,-0.2291626781,0.06138218939,1
73,50,-0.2164845616,0.05593438447,1
73,58,-0.1736690402,0.07429023087,1
73,66,-0.1204617769,0.06609584391,1
73,74,-0.1581954956,0.08379115164,1
73,82,-0.2703832984,-0.04687038809,1
73,90,-0.1332474202,-0.01348241791,1
73,98,-0.132224828,-0.1499007046,1
73,106,-0.1362454444,-0.05276684463,1
73,114,-0.1123512462,0.04421685636,1
73,122,-0.07071094215,0.08228348941,1
73,130,0.01838573813,0.2002758384,1
73,138,-0.1146118194,0.1364273131,1
73,146,-0.09499860555,0.1327160597,1
73,154,0.08159814775,0.05360431969,1
73,162,-0.06200855225,0.0697991997,1
73,170,-0.334531486,0.13464728,1
81,10,-0.2182527781,-0.001312792301,1
81,18,-0.2099431604,-0.06205704436,1
81,26,0.1024312675,0.136207968,1
81,34,0.03663028777,0.1330280602,1
81,42,-0.1745062023,0.07871065289,1
81,50,-0.241918236,0.2012733519,1
81,58,-0.1650519222,0.1782793254,1
81,66,-0.07688693702,0.01593439467,1
81,74,-0.1259349585,-0.09060256183,1
81,82,-0.1326246858,-0.3540155888,1
81,90,-0.037855573,-0.1046825647,1
81,98,-0.0865001902,-0.003811720759,1
81,106,-0.07491903752,-0.03064579517,1
81,114,-0.1008131802,0.02684056759,1
81,122,-0.159629181,-0.02228243649,1
81,130,-0.158623755,0.06047709286,1
81,138,-0.2047913522,0.06310408562,1
81,146,-0.06681673229,0.1211236194,1
81,154,0.08900265396,0.1160894707,1
81,162,-0.07226507366,0.1392789185,1
81,170,-0.2617066801,0.1201573685,1
89,10,-0.2941327691,0.01785078272,1
89,18,-0.1463503093,-0.03161575273,1
89,26,-0.05131530762,0.1080209091,1
89,34,0.1386123151,0.05825069919,1
89,42,-0.04781329632,0.0780633539,1
89,50,-0.22369802,0.2342994362,1
89,58,-0.1952780336,0.02880891785,1
89,66,-0.1630071104,-0.09666774422,1
89,74,-0.1068314761,-0.1408132166,1
89,82,-0.06414406002,-0.148737967,1
89,90,-0.01880703866,-0.04022722691,1
89,98,-0.1752060503,0.03951954097,1
89,106,-0.3265739977,-0.03866732866,1
89,114,-0.2152490616,0.07264651358,1
89,122,-0.1742533594,0.09114635736,1
89,130,-0.1351182014,0.002502337098,1
89,138,-0.07280241698,-0.09148076922,1
89,146,0.006971424446,0.03816808015,1
89,154,0.07970433682,0.1023617312,1
89,162,0.0427923426,0.09504640847,1
89,170,-0.1534586698,0.07259488851,1
97,10,-0.1756682694,0.01243150979,1
97,18,-0.05422022939,-0.01791312173,1
97,26,-0.01461996511,-0.07322243601,1
97,34,-0.09261674434,-0.002916827798,1
97,42,-0.1469778866,0.05756968632,1
97,50,-0.01534208655,0.02723216265,1
97,58,-0.2279093266,-0.06984881312,1
97,66,-0.2550885379,-0.05527505279,1
97,74,-0.06907984614,-0.08343937248,1
97,82,0.07607494295,-0.06597717106,1
97,90,0.1286438406,0.007244974375,1
97,98,0.007482610643,-0.01860977896,1
97,106,-0.1157367453,-0.002411410213,1
97,114,-0.1953079998,0.1257506162,1
97,122,-0.1962246895,0.123913914,1
97,130,-0.1281840205,-0.003633674234,1
97,138,-0.04855007678,-0.1380840093,1
97,146,-0.009861655533,-0.1555492431,1
97,154,0.00471457094,0.01992580295,1
97,162,0.03572119027,0.04580298066,1
97,170,-0.009334817529,0.072796911,1
105,10,-0.09366211295,-0.07073754817,1
105,18,-0.02650263906,-0.06543532014,1
105,26,-0.0192364268,-0.07083183527,1
105,34,-0.1638121158,0.03894457221,1
105,42,-0.1802119613,0.05031661689,1
105,50,-0.1302933544,-0.06287975609,1
105,58,-0.2055654079,-0.03644498065,1
105,66,-0.1804325581,0.1006403193,1
105,74,-0.1220507622,0.1217290014,1
105,82,-0.08194071054,-0.02076021582,1
105,90,-0.03832083941,-0.06505451351,1
105,98,0.06134206802,-0.06101819873,1
105,106,0.06133949757,0.01392108947,1
105,114,-0.1832049489,0.1468546987,1
105,122,-0.2650074959,0.141230464,1
105,130,-0.04099696875,0.0257165283,1
105,138,-0.009716764092,-0.1912268698,1
105,146,-0.05951830745,-0.1034293026,1
105,154,-0.04062824696,0.04305420816,1
105,162,-0.007311858237,0.09135536104,1
105,170,-0.01171344519,0.09759944677,1
113,10,-0.1222892702,-0.02447444946,1
113,18,-0.1696760952,-0.04280856624,1
113,26,-0.1846132725,0.08092195541,1
113,34,-0.1655006111,0.09258931875,1
113,42,-0.1998225003,0.09708787501,1
113,50,-0.2550415397,-0.002297639847,1
113,58,-0.327545464,0.04110994935,1
113,66,-0.2558247149,0.1228480861,1
113,74,-0.1350845993,0.2285762131,1
113,82,-0.107137233,0.004709597677,1
113,90,-0.04156819731,-0.08876444399,1
113,98,0.01195274293,0.09781739116,1
113,106,-0.1149213687,0.1044563726,1
113,114,-0.2375467122,0.09350077808,1
113,122,-0.07052504271,0.1936282814,1
113,130,-0.02526776493,0.122853905,1
113,138,-0.03811032325,-0.05271875858,1
113,146,-0.1064424366,-0.04115576297,1
113,154,-0.1103361845,0.07729786634,1
113,162,-0.07458845526,0.1228335053,1
113,170,-0.1294773072,0.08169728518,1
121,10,-0.0254663229,0.1052092016,1
121,18,-0.09053332359,0.02659869939,1
121,26,-0.1866406053,0.1141905338,1
121,34,-0.1193437278,0.05044616386,1
121,42,-0.1425033212,0.07474711537,1
121,50,-0.184453845,0.2677052915,1
121,58,-0.154287532,0.146425128,1
121,66,-0.1386988312,0.1659385562,1
121,74,-0.2019808292,0.1929107159,1
121,82,-0.1514935791,-0.04004698992,1
121,90,-0.06105700135,-0.09267363697,1
121,98,-0.04327420145,0.02261761762,1
121,106,-0.1215047017,0.1331338286,1
121,114,-0.1794663072,0.1780394912,1
121,122,-0.06611004472,0.1826680601,1
121,130,-0.007078491151,0.09090906382,1
121,138,-0.05088688433,0.05920914561,1
121,146,-0.009863048792,-0.02819925174,1
121,154,-0.04149657488,0.001486644614,1
121,162,-0.04177293181,0.09769143164,1
121,170,-0.03600151464,0.08342252672,1
129,10,-0.04046136141,-0.04814583808,1
129,18,-0.07718124986,0.0220355019,1
129,26,-0.1338713765,0.06365767866,1
129,34,0.02292877436,0.02991566807,1
129,42,-0.02681793272,0.06421479583,1
129,50,-0.1504466832,0.19720079,1
129,58,-0.1481433213,0.1434728205,1
129,66,-0.1772601902,0.1666686535,1
129,74,-0.1010003686,0.1002847478,1
129,82,-0.1473086178,-0.00139638409,1
129,90,-0.1567869484,-0.1081173867,1
129,98,-0.08449169993,-0.09739108384,1
129,106,-0.02272605523,0.002647586167,1
129,114,-0.02409723401,0.2208198607,1
129,122,0.00779319182,0.1963941306,1
129,130,-0.04969842732,0.04119858146,1
129,138,-0.2380530536,-0.1689743102,1
129,146,-0.03940345347,-0.0712557435,1
129,154,-0.1990516484,-0.1290269196,1
129,162,-0.1716751009,-0.003927432001,1
129,170,-0.01621734351,0.2046952397,1
137,10,-0.1404429674,-0.1829356253,1
137,18,-0.2054980099,-0.01334068831,1
137,26,-0.2026239038,0.0576447174,1
137,34,-0.07620466501,0.05993574113,1
137,42,-0.003863461316,0.2218852192,1
137,50,-0.03659649938,0.3165161014,1
137,58,-0.1801024526,0.07517296821,1
137,66,-0.2525336444,-0.04149223119,1
137,74,-0.03474228829,0.01018635184,1
137,82,-0.08018150181,0.07183595002,1
137,90,-0.1109172404,0.06786204875,1
137,98,-0.00123911351,-0.02087056078,1
137,106,0.01792351529,-0.05299333483,1
137,114,0.05883859843,0.2349293083,1
137,122,0.0484148562,0.1123949662,1
137,130,-0.2538998425,0.02527230978,1
137,138,-0.3512467742,-0.1536614746,1
137,146,-0.1504347026,-0.06379458308,1
137,154,-0.2322730124,-0.04861395061,1
137,162,-0.1920593083,-0.03618125245,1
137,170,-0.02274473384,0.1392509937,1
145,10,-0.2049229741,-0.159422636,1
145,18,-0.1966374069,0.1194676608,1
145,26,-0.1567568481,0.08847770095,1
145,34,-0.1501806527,0.02356141806,1
145,42,0.04403855279,0.2978101969,1
145,50,0.06597178429,0.2108834088,1
145,58,-0.05102963746,-0.005624804646,1
145,66,-0.03142771125,-0.007132645696,1
145,74,-0.08328243345,-0.02276836149,1
145,82,-0.2099426985,0.1640005708,1
145,90,-0.1894841045,0.2955180407,1
145,98,-0.02182150632,0.08091580123,1
145,106,0.01266665757,-0.04466360807,1
145,114,0.07848204672,0.1596434861,1
145,122,-0.0291929692,0.0716490373,1
145,130,-0.1476652026,0.1196991801,1
145,138,-0.1717030704,0.1062401831,1
145,146,-0.2916724682,-0.07360002398,1
145,154,-0.1891460121,0.02151982486,1
145,162,-0.1072198302,0.04000466689,1
145,170,-0.006922699511,0.03704065084,1
153,10,-0.1919943094,-0.2122248411,1
153,18,-0.1530728042,0.01732867956,1
153,26,0.006174311042,0.08502919227,1
153,34,0.01588228345,0.03651412949,1
153,42,0.04132600874,0.05324608088,1
153,50,0.01001314819,0.01840499789,1
153,58,0.01232937723,-0.0975676924,1
153,66,-0.000261515379,0.04304660112,1
153,74,-0.3318000138,0.02071258426,1
153,82,-0.3137590885,0.0575613156,1
153,90,-0.1347928643,0.1822906882,1
153,98,-0.05068262666,0.09912475944,1
153,106,-0.06905609369,-0.02677706629,1
153,114,-0.07909238338,0.03501359373,1
153,122,-0.08386829495,0.04179961979,1
153,130,-0.1357273459,0.09314261377,1
153,138,-0.1435228884,0.04429119453,1
153,146,-0.1955138892,-0.07351528108,1
153,154,0.08154901862,0.03151583672,1
153,162,0.06003499776,0.0515315868,1
153,170,-0.1899510175,0.01555682719,1
161,10,-0.1965387017,-0.2048737258,1
161,18,-0.1819915473,-0.003728926182,1
161,26,-0.08143701404,0.03446952254,1
161,34,0.004800587893,0.02001996338,1
161,42,0.008028462529,-0.01836606115,1
161,50,0.002301644534,-0.08095633984,1
161,58,-0.004680000246,-0.1835710853,1
161,66,-0.07085515559,-0.0816732347,1
161,74,-0.1936043203,-0.1422351897,1
161,82,-0.130796507,-0.2208058685,1
161,90,-0.1383898854,-0.01116416231,1
161,98,-0.06750375032,0.06109442934,1
161,106,-0.001528929919,0.03959632292,1
161,114,0.0449055545,-0.07035008073,1
161,122,0.07638247311,0.04849777743,1
161,130,-0.08758072555,0.06692381203,1
161,138,-0.2128413618,-0.02621572837,1
161,146,-0.08349823952,-0.07548243552,1
161,154,0.08057534695,0.02769356593,1
161,162,-0.0468333438,-0.01096611284,1
161,170,-0.3111450076,0.06375871599,1
169,10,-0.02275528014,-0.0366605334,1
169,18,0.02499140427,0.1315109432,1
169,26,0.06152580306,-0.01830126345,1
169,34,-0.01103173196,0.05045995861,1
169,42,-0.01617158204,0.09933780134,1
169,50,0.008326208219,0.03141024709,1
169,58,-0.09810173512,0.01059445366,1
169,66,-0.2014331967,-0.05132118613,1
169,74,-0.2840755284,-0.2260183096,1
169,82,0.04999931902,-0.003549903631,1
169,90,-0.06666478515,-0.01945408806,1
169,98,-0.1229367629,-0.02097761258,1
169,106,-0.0229242444,-0.0009635277092,1
169,114,0.223008588,-0.01732189208,1
169,122,0.04757267237,0.08356878161,1
169,130,-0.1134246886,0.04989944026,1
169,138,-0.07865898311,-0.01826069504,1
169,146,-0.01422829367,0.06501509249,1
169,154,-0.05241077766,-0.004979237914,1
169,162,-0.145002678,-0.0003083012998,1
169,170,-0.1016636863,-0.0107103996,1
177,10,-0.08061736822,0.1317761242,1
177,18,-0.06015644968,0.1368586719,1
177,26,0.07447590679,0.02832010388,1
177,34,0.1133546308,-0.006014719605,1
177,42,0.03149212524,0.1287434846,1
177,50,-0.08214178681,0.1862488836,1
177,58,-0.1662914902,0.165134415,1
177,66,-0.2595354617,0.1756163538,1
177,74,-0.184829995,0.1131321862,1
177,82,0.009221572429,0.06370072067,1
177,90,0.2095788419,-0.02295745909,1
177,98,0.01418224722,-0.1126768589,1
177,106,-0.07956850529,0.01277756691,1
177,114,-0.04298127815,0.03570505232,1
177,122,-0.0806697011,0.06136721373,1
177,130,-0.1096851155,0.06130350009,1
177,138,-0.1384907961,0.1856935471,1
177,146,0.02712243423,0.1798318177,1
177,154,0.08142250031,0.162671715,1
177,162,-0.002003837377,0.1493925154,1
177,170,-0.000407166779,0.009439734742,1
185,10,-0.1112523973,0.1428318769,1
185,18,-0.1098057479,0.111101158,1
185,26,-0.01765284315,0.05026548356,1
185,34,0.06599315256,-0.1143324971,1
185,42,0.02129678801,-5.155801773e-06,1
185,50,-0.1318545341,0.3039236069,1
185,58,-0.140796259,0.2481995076,1
185,66,-0.2135159075,0.2330055237,1
185,74,-0.1691742837,0.1410688162,1
185,82,0.0535344407,-0.02400743961,1
185,90,0.1374793053,-0.1615409553,1
185,98,0.001219063997,-0.1460248679,1
185,106,-0.04585422203,0.06224716455,1
185,114,-0.008977286518,-0.07367759943,1
185,122,-0.01308264956,-0.05499435961,1
185,130,0.01273669302,-0.0727699846,1
185,138,-0.01540518552,0.01339550689,1
185,146,0.01893622428,0.1466590762,1
185,154,0.07384204865,0.2021155506,1
185,162,0.04517854005,0.2295700312,1
185,170,0.009456001222,0.06108181551,1
193,10,-0.04588580877,0.07078136504,1
193,18,-0.01334740222,0.03104826249,1
193,26,-0.001832179725,-0.05161597207,1
193,34,-0.03080970049,0.04669152945,1
193,42,0.01250317693,0.1487877965,1
193,50,-0.07585995644,0.2105817497,1
193,58,-0.09130731225,0.1987343132,1
193,66,-0.07164973021,0.07305230945,1
193,74,-0.03687194735,0.03375739977,1
193,82,-0.03913505375,-0.08776239306,1
193,90,-0.08782893419,-0.1309950799,1
193,98,-0.1436939538,-0.07690246403,1
193,106,-0.0793998912,0.02815214545,1
193,114,-0.06659355015,-0.1740077436,1
193,122,-0.06156399101,-0.09897787869,1
193,130,0.1010447145,-0.1722741127,1
193,138,0.1961587369,-0.1337586194,1
193,146,0.1695205718,0.01746130735,1
193,154,0.09101742506,0.1173465848,1
193,162,-0.01472862065,0.0850385204,1
193,170,-0.07585147023,-0.04759629071,1
201,10,0.05047516525,0.08962073177,1
201,18,0.1509093195,-0.07708276063,1
201,26,0.05555962771,-0.1515219659,1
201,34,0.02211886831,0.0661457479,1
201,42,0.1349066049,0.1134571955,1
201,50,-0.05317258462,-0.1174632534,1
201,58,-0.1892126054,-0.1545782685,1
201,66,-0.1274048388,-0.1444396079,1
201,74,-0.1523965001,0.001637786627,1
201,82,-0.1163292825,-0.07241677493,1
201,90,-0.03467437997,0.03790265322,1
201,98,-0.06100971624,-0.03584327921,1
201,106,-0.01149085164,0.08051031828,1
201,114,0.009750686586,0.01884527877,1
201,122,-0.07729779184,-0.09184791148,1
201,130,0.07062932104,-0.1384833157,1
201,138,0.2080854326,-0.1093906015,1
201,146,0.1463558376,-0.03701435775,1
201,154,-0.06896080077,-0.009775731713,1
201,162,-0.04827734455,-0.01492913999,1
201,170,0.06877653301,-0.2281626612,1
209,10,0.007355257869,-0.03280206025,1
209,18,0.05731509253,-0.1118690073,1
209,26,0.07609055936,-0.06214295328,1
209,34,0.05124752223,-0.08114995062,1
209,42,-0.05917388946,-0.01752860099,1
209,50,-0.05148325488,-0.05298066139,1
209,58,-0.04443173856,-0.2106728256,1
209,66,-0.1690213531,-0.03209551424,1
209,74,-0.162855044,0.06743743271,1
209,82,-0.1981801689,-0.1019136831,1
209,90,-0.2443879545,0.08901765198,1
209,98,-0.1288712919,-0.02372690104,1
209,106,0.06018202752,-0.03376510367,1
209,114,0.1080303788,0.05520506576,1
209,122,-0.03029431775,-0.01624336094,1
209,130,0.03163743392,-0.1482680738,1
209,138,0.2017156333,-0.04245153815,1
209,146,0.08325707912,-0.05048646033,1
209,154,-0.03749006987,-0.01693261415,1
209,162,0.02695507929,-0.06008670479,1
209,170,-0.008838448673,-0.2541761398,1
217,10,0.03406982869,0.01728927717,1
217,18,0.0101402374,-0.1851210594,1
217,26,-0.0412671864,-0.06407948583,1
217,34,-0.05442455411,-0.003710731864,1
217,42,0.0295696035,-0.07765647769,1
217,50,0.03444639593,-0.08539043367,1
217,58,-0.005817940459,-0.1546821445,1
217,66,-0.01215651631,-0.07019736618,1
217,74,-0.01048007607,0.0927182883,1
217,82,0.06261029094,0.1212040484,1
217,90,0.01935937814,0.1045267209,1
217,98,-0.01680381969,0.06688655913,1
217,106,-0.01753872633,-0.1344946325,1
217,114,-0.00792966038,-0.1053595021,1
217,122,-0.03656313196,-0.02880474553,1
217,130,-0.04732016101,-0.06544906646,1
217,138,0.03206228465,-0.1114076525,1
217,146,0.03750991076,0.02744787,1
217,154,0.08673994243,0.0692332536,1
217,162,0.06364679337,-0.1085176691,1
217,170,-0.1195195541,-0.1129579097,1
225,10,0.01434272528,0.01853651926,1
225,18,-0.02256137505,-0.1795017421,1
225,26,-0.09669972211,-0.1944571286,1
225,34,-0.03716602176,-0.02655986696,1
225,42,0.1268727779,-0.1069559827,1
225,50,0.08833663166,-0.08254508674,1
225,58,0.039120242,-0.03204772621,1
225,66,0.01618878916,-0.008617613465,1
225,74,-0.06318199635,0.1606219113,1
225,82,-0.05071811751,0.11862012,1
225,90,0.01724833995,0.05671876669,1
225,98,-0.003397511318,0.01516359858,1
225,106,0.005598962307,-0.1296634972,1
225,114,-0.02541397139,-0.07016081363,1
225,122,-0.06511960179,-0.08501511812,1
225,130,-0.09239752591,0.08206863701,1
225,138,-0.0342220515,-0.05312849581,1
225,146,0.03037208319,0.01048223302,1
225,154,0.05497446656,0.05385201052,1
225,162,0.01480396837,-0.06432257593,1
225,170,-0.1250876337,-0.05205252767,1
233,10,-0.09853152931,-0.06374970078,1
233,18,-0.1755193174,-0.08052386343,1
233,26,-0.1289750338,-0.1816104949,1
233,34,0.02195848525,-0.08250916004,1
233,42,0.07249617577,-0.1700784266,1
233,50,-0.1150340885,-0.02148361132,1
233,58,0.2387621701,0.04791867733,1
233,66,0.09799110144,0.07884609699,1
233,74,-0.03699289262,0.09194668382,1
233,82,-0.07833378017,-0.02950943634,1
233,90,0.03424596041,-0.03842345253,1
233,98,-0.0476090461,-0.05103565753,1
233,106,-0.1373741031,-0.1369285285,1
233,114,-0.09464970231,-0.004549346864,1
233,122,-0.1145706177,0.007723558694,1
233,130,-0.1365707815,0.04059646279,1
233,138,0.001238415018,-0.1056799889,1
233,146,-0.02505725622,-0.0798099041,1
233,154,-0.2245229185,-0.07562956959,1
233,162,-0.1147028208,-0.05015318096,1
233,170,-0.09091450274,0.03670876473,1
241,10,-0.07027040422,-0.03889382631,1
241,18,-0.1157152802,-0.0550366044,1
241,26,-0.04289972782,-0.09307571501,1
241,34,0.06044319272,-0.122257635,1
241,42,-0.05798944831,-0.06188869476,1
241,50,-0.05829169601,0.008623789996,1
241,58,0.3482850492,0.0603062734,1
241,66,0.165377602,0.1260953248,1
241,74,0.09729503095,-0.05929737538,1
241,82,0.1011056751,-0.05387848616,1
241,90,0.06681186706,-0.02515893802,1
241,98,0.00378607586,-0.09466339648,1
241,106,0.002181121148,-0.1725728363,1
241,114,0.05101709068,-0.1205780208,1
241,122,0.02789345384,-0.04328809679,1
241,130,-0.04743993282,-0.1004044265,1
241,138,-0.05513926595,-0.2285060287,1
241,146,-0.1059000194,-0.03745517135,1
241,154,-0.1388080418,0.05705730617,1
241,162,-0.03394914418,-0.05769423768,1
241,170,0.05542896688,0.1759413481,1
249,10,0.01276751608,0.03172128648,1
249,18,-0.02561476082,-0.003121584654,1
249,26,0.007485887967,-0.08780528605,1
249,34,0.01454456896,-0.1863600314,1
249,42,-0.08042676747,-0.1362958401,1
249,50,-0.1136853397,0.05654319376,1
249,58,-0.09797373414,0.05951927602,1
249,66,-0.05153091252,0.3309136033,1
249,74,0.2177617997,0.01119717956,1
249,82,0.1298665702,-0.01005599834,1
249,90,0.07366105169,0.05306266621,1
249,98,0.02695011348,-0.07226850092,1
249,106,0.05189457536,-0.1538704038,1
249,114,0.1195102334,-0.178636387,1
249,122,0.03648184985,-0.08302874863,1
249,130,0.0014420636,-0.1221474931,1
249,138,0.05986883491,-0.1003784835,1
249,146,0.184716478,0.2022950202,1
249,154,0.06908798963,0.1587418318,1
249,162,-0.004550531507,-0.009681403637,1
249,170,-0.01769957133,0.1618073881,1
257,10,0.1825249195,0.02987892553,1
257,18,0.01741000265,0.07161003351,1
257,26,-0.08460122347,-0.06951400638,1
257,34,0.0383740738,-0.2925045192,1
257,42,-0.0444602631,-0.1183515638,1
257,50,-0.04770431668,0.04487647861,1
257,58,0.02104000747,0.02505038679,1
257,66,0.043075867,0.2437990606,1
257,74,-0.03627429903,0.3262711465,1
257,82,-0.0112843737,0.04610434547,1
257,90,0.004698343575,0.06824322045,1
257,98,-0.00988798961,0.001839447767,1
257,106,0.006332236808,-0.07803990692,1
257,114,0.01008778065,-0.1239940524,1
257,122,0.005602825433,-0.1140027642,1
257,130,0.03697030619,0.00210499391,1
257,138,0.1580989212,0.1314001381,1
257,146,0.2061212957,0.1634480655,1
257,154,0.1976769865,0.08287125826,1
257,162,0.06351867318,0.04911020398,1
257,170,-0.02722348645,0.2112828493,1
265,10,0.1569013149,-0.06993234903,1
265,18,-0.02983248234,0.008933596313,1
265,26,-0.09419841319,-0.02306448296,1
265,34,-0.08002350479,-0.1525822729,1
265,42,-0.04886456951,0.02193007618,1
265,50,0.01184212603,-0.05323690921,1
265,58,-0.04264089838,0.106683284,1
265,66,-0.0625995025,0.171307832,1
265,74,-0.07087834179,0.2128955722,1
265,82,-0.04303598404,-0.008909713477,1
265,90,-0.1386125088,-0.1131070107,1
265,98,-0.1116624922,-0.042198129,1
265,106,-0.1234258264,0.01616126671,1
265,114,0.003695670515,-0.07302114367,1
265,122,0.1682050377,-0.06484724581,1
265,130,0.01036807522,0.08573899418,1
265,138,-0.03776547685,0.1848965287,1
265,146,0.1686903536,0.1562023908,1
265,154,0.1560389996,0.1491665393,1
265,162,0.02878906578,0.3010080457,1
265,170,-0.01941573247,0.3280170262,1
273,10,0.03930360079,-0.09338669479,1
273,18,-0.0105534941,-0.04585575685,1
273,26,0.02329980768,-0.04422718659,1
273,34,-0.01129044965,0.02864496224,1
273,42,-0.09340730309,-0.06312926114,1
273,50,0.01176201925,-0.05761229992,1
273,58,0.006053611636,0.06703801453,1
273,66,-0.007846184075,0.1358111501,1
273,74,0.01910417154,0.1269503087,1
273,82,0.04659971967,-0.1299913824,1
273,90,0.01914198324,-0.2984073758,1
273,98,0.07952919602,-0.03774935752,1
273,106,0.06597606093,0.0582369566,1
273,114,0.04571532086,0.06186975539,1
273,122,0.09456792474,0.09277121723,1
273,130,0.02244054899,0.1010645106,1
273,138,-0.107381776,0.2320995927,1
273,146,-0.03520006686,0.2095829695,1
273,154,-0.008473113179,0.157786727,1
273,162,0.001950666308,0.2558297217,1
273,170,0.07720764726,0.357024163,1
281,10,-0.06499905139,0.00135114789,1
281,18,0.02128163911,-0.03730949014,1
281,26,0.1516951919,-0.119064182,1
281,34,0.01687245071,-0.007922071964,1
281,42,-0.1294692159,-0.04350814223,1
281,50,-0.1047994494,-0.09362468123,1
281,58,-0.09549240023,-0.08403075486,1
281,66,-0.1456372142,0.06151687354,1
281,74,-0.01658558846,0.09386084974,1
281,82,0.1563814431,-0.2074101865,1
281,90,0.1714285314,-0.463637352,1
281,98,0.1156478822,-0.1131438538,1
281,106,0.02436834946,-0.1063531935,1
281,114,0.05083018541,0.0714315474,1
281,122,0.1110845953,0.1657716632,1
281,130,0.03555045649,0.1026397794,1
281,138,-0.0360674113,0.1069916263,1
281,146,-0.03102813661,0.1225277781,1
281,154,0.01554579288,0.01001602411,1
281,162,0.08781611919,0.07990546525,1
281,170,0.1629312932,0.2549689114,1
289,10,-0.1213760898,-0.1023328602,1
289,18,-0.009616356343,-0.09686391801,1
289,26,-0.07437035441,-0.0792645067,1
289,34,-0.01316430792,-0.05079480261,1
289,42,-0.05875506252,-0.003253594041,1
289,50,0.01208653301,0.03793374449,1
289,58,-0.05029267073,-0.1559435427,1
289,66,-0.1941230148,-0.1793656051,1
289,74,-0.2218622714,-0.04346965998,1
289,82,-0.1251766682,-0.1289442778,1
289,90,-0.01204163861,-0.2136521637,2
289,98,-0.1015312225,-0.1859198213,1
289,106,-0.117326051,-0.02218457684,1
289,114,-0.01946280152,0.1593872309,1
289,122,0.05887471139,0.144755125,1
289,130,0.02095686644,0.1486630589,1
289,138,0.001490773633,0.08587266505,1
289,146,-0.0007131611928,0.1649438888,1
289,154,-0.03725145757,0.1118585467,1
289,162,0.1322124004,0.0808507055,1
289,170,0.1550689042,0.1995736063,1
297,10,-0.05484814942,-0.1133049205,1
297,18,0.1841052175,-0.01964762062,1
297,26,0.1120173484,-0.07057595253,1
297,34,-0.02186413296,-0.05148428679,1
297,42,-0.02500474453,-0.1572489738,1
297,50,0.0931122303,0.03422176093,1
297,58,0.0735539794,-0.03137811646,1
297,66,-0.2497521639,-0.09679339081,1
297,74,-0.2655425668,-0.04080111533,1
297,82,-0.02878116816,-0.002437401563,1
297,90,0.0071128048,-0.07610721141,1
297,98,-0.02359950729,0.06327630579,1
297,106,-0.07760797441,0.09104438871,1
297,114,0.005286849104,0.1331129074,1
297,122,0.07380088419,0.1100872979,1
297,130,0.06208314747,0.07143701613,1
297,138,0.1136316583,0.1208063513,1
297,146,0.01696802303,0.1588425934,1
297,154,-0.06191796437,0.07991960645,1
297,162,0.0194010511,0.09980802983,1
297,170,0.03676191717,0.1955385804,1
305,10,-0.1010237485,-0.07538653165,1
305,18,0.1605292261,-0.02061185241,1
305,26,0.0913189128,-0.05817574263,1
305,34,-0.105402112,0.01737992838,1
305,42,-0.07908815145,-0.02963260561,1
305,50,0.03036319464,0.01681818813,1
305,58,-0.08948218822,0.05146596208,1
305,66,-0.1641671062,0.07313608378,1
305,74,-0.1243336722,-0.06622116268,1
305,82,0.05811525136,-0.1231128722,1
305,90,0.08211044967,-0.08970818669,1
305,98,0.06659072638,0.02377804741,1
305,106,-0.131559968,0.0304671526,1
305,114,-0.07909805328,0.0624326691,1
305,122,0.051630117,0.133117646,1
305,130,0.1209605411,0.07936868072,1
305,138,0.1375820935,0.1116256714,1
305,146,-0.01517005637,0.1070525423,1
305,154,-0.001882605255,0.0711908415,1
305,162,0.01392492373,0.07641752064,1
305,170,-0.0191559121,0.2076389194,1
313,10,0.02833778784,-0.04536850005,1
313,18,0.01106607355,-0.05943163484,1
313,26,-0.05252039433,-0.04464964569,1
313,34,-0.05041506141,0.001989793032,1
313,42,-0.02943820879,0.02967938408,1
313,50,-0.07044771314,0.1216831654,1
313,58,-0.1033165008,0.07807493955,1
313,66,-0.0849802196,0.03570330888,1
313,74,0.01640670188,-0.01746929623,1
313,82,0.1950532645,-0.1049865112,1
313,90,0.2070756555,-0.02520016208,1
313,98,0.03984007239,0.03657481447,1
313,106,-0.005276190117,0.005921319127,1
313,114,0.04051489383,0.07211640477,1
313,122,0.03682487458,0.1017250046,1
313,130,0.06319195777,0.1578506827,1
313,138,0.09070490301,0.08905091882,1
313,146,0.04555932432,0.01670143753,1
313,154,0.07839262486,0.09768842161,1
313,162,0.07158128917,0.1325280666,1
313,170,-0.0518707633,0.1927203089,1
321,10,0.1083699316,-0.0295510795,1
321,18,0.04219927639,-0.05561831594,1
321,26,0.02524522878,-0.04147237539,1
321,34,0.01671700552,0.03838802874,1
321,42,-0.1949649304,-0.1405724287,1
321,50,-0.1667542458,0.04415053129,1
321,58,0.03884833679,0.04862809554,1
321,66,0.0238841027,-0.0003607645631,1
321,74,0.04909205809,0.09742806107,1
321,82,0.009326010942,0.01339016482,1
321,90,0.06921374053,0.06844957173,1
321,98,0.0925078392,0.135222733,1
321,106,0.02797551081,0.06528542936,1
321,114,-0.002213435248,0.0062087439,1
321,122,0.03795390204,-0.006496470422,1
321,130,-0.00765016675,0.1273261011,1
321,138,0.0541671887,0.05392514914,1
321,146,0.1265926659,-0.006555445492,1
321,154,0.1629677862,0.0885335058,1
321,162,0.06881013513,0.04815585166,1
321,170,-0.103056252,0.1193909794,1
329,10,0.07965387404,-0.07939723134,1
329,18,0.05762320012,-0.08001665026,1
329,26,0.03266564012,-0.04922462255,1
329,34,0.07793083787,-0.03539836034,1
329,42,0.009862199426,-0.1182871535,1
329,50,0.08211322129,0.009406507015,1
329,58,0.2524884939,0.096904248,1
329,66,0.1021693647,0.01798701286,1
329,74,-0.06441150606,0.008014937863,1
329,82,-0.1282048523,-0.01970663294,1
329,90,0.04188069701,0.0422251448,1
329,98,0.08398684859,0.1440523565,1
329,106,-0.01178523526,0.009957283735,1
329,114,-0.08669126034,-0.05953830853,1
329,122,-0.0414913483,-0.183038488,1
329,130,0.07006236166,0.1891841739,1
329,138,0.1453775615,0.1922859699,1
329,146,0.183237657,0.001940265298,1
329,154,0.2007037401,0.1233953089,1
329,162,0.01358684897,-0.03579030186,1
329,170,-0.0991281867,0.06245526299,1
337,10,0.08682250977,-0.07391707599,1
337,18,0.06247808412,-0.1012228057,1
337,26,-0.04614279419,-0.06426209211,1
337,34,-0.02308629453,-0.08162938803,1
337,42,0.07475139201,-0.02936448902,1
337,50,0.2033181489,0.03221908957,1
337,58,0.228176713,0.09533660859,1
337,66,0.1000799313,0.02928201109,1
337,74,0.03521841764,-0.1603994071,1
337,82,0.03824951872,-0.1717194468,1
337,90,0.0809058398,-0.1248884052,1
337,98,0.03129298612,-0.03440049291,1
337,106,-0.0274836719,-0.1683633327,1
337,114,0.02659972012,0.008842747658,1
337,122,0.03298842907,-0.1936400235,1
337,130,0.1148406118,0.1936716288,1
337,138,0.2000375688,0.138717249,1
337,146,0.1903728843,-0.08890654147,1
337,154,0.1686041206,0.1111882105,1
337,162,0.03438435495,0.03581009805,1
337,170,-0.03460966796,-0.007464334369,1
345,10,0.2487070858,-0.01391114853,1
345,18,0.05764852092,-0.1284028292,1
345,26,-0.05799441412,-0.0942722559,1
345,34,0.001656852663,0.01871720329,1
345,42,0.157769978,-0.01745531894,1
345,50,0.1484500617,0.03859447688,1
345,58,0.1071443707,0.1193838939,1
345,66,0.01123635471,0.02240701392,1
345,74,-0.1402892917,-0.07295453548,1
345,82,-0.07044240832,-0.1425338089,1
345,90,0.1362178326,-0.1818485856,1
345,98,0.1452556849,-0.2164499611,1
345,106,0.02111747861,-0.2834572792,1
345,114,-0.007210114971,0.002116192132,1
345,122,-0.009019307792,0.1044299528,1
345,130,0.001097239554,0.1555849314,1
345,138,-0.06724490225,0.06099161506,1
345,146,0.01871247217,0.07988699526,1
345,154,0.07262766361,0.1865544021,1
345,162,0.01243945211,0.06452383846,1
345,170,0.03170610592,0.07625082135,1
353,10,0.1114379764,0.07167585194,1
353,18,0.07699276507,-0.08541487157,1
353,26,0.08481962979,-0.126346916,1
353,34,0.1581623256,0.09266491979,1
353,42,0.1950881183,0.07197225839,1
353,50,0.1220885739,0.08948789537,1
353,58,0.02039020509,0.1489303708,1
353,66,-0.09265885502,-0.05625317246,1
353,74,-0.1251345575,-0.1084877253,1
353,82,0.01804157346,-0.1248886883,1
353,90,0.1237251684,-0.1147508472,1
353,98,0.1947037578,-0.1676625311,1
353,106,0.2388861328,-0.02534367144,1
353,114,0.04307000712,0.02769257128,1
353,122,-0.08045437932,0.09335210174,1
353,130,-0.01852275059,0.05256609246,1
353,138,-0.08322980255,0.1276423484,1
353,146,-0.09540398419,0.1441601366,1
353,154,0.0880831331,0.1177387685,1
353,162,0.02754667401,0.0783341974,1
353,170,-0.04712443426,0.1651238501,1
361,10,-0.01373554766,0.09339726716,1
361,18,-0.04702949524,-0.118469432,1
361,26,0.02565340698,-0.2064537406,1
361,34,0.1732723713,0.1217117757,1
361,42,0.1281962395,0.05008396879,1
361,50,0.06624852121,0.008882126771,1
361,58,-0.02327438444,-0.1066088974,1
361,66,-0.1465526521,-0.09193319082,1
361,74,-0.06295221299,-0.1977591515,1
361,82,0.04334263504,-0.2158465534,1
361,90,0.05047000945,-0.1346221864,1
361,98,0.135333702,-0.03995855153,1
361,106,0.2606751919,0.0278217569,1
361,114,0.05160278827,-0.006197035313,1
361,122,-0.2513232231,0.01797121763,1
361,130,-0.09566870332,-0.001867011189,1
361,138,0.1521554142,-0.02339980751,1
361,146,0.05157623813,0.05512435362,1
361,154,0.08168722689,0.0283311978,1
361,162,0.02806324139,0.09828472137,1
361,170,-0.03699204326,0.1745026708,1
369,10,0.1256577671,-0.01722660661,1
369,18,0.1285559237,-0.1239669695,1
369,26,0.2000651658,-0.1792806834,1
369,34,0.1552897096,-0.272030741,1
369,42,-0.01742272079,-0.05005348474,1
369,50,-0.01199448109,-0.03599921241,1
369,58,-0.06177698821,-0.1273744851,1
369,66,-0.0365491733,-0.03722889721,1
369,74,0.04002834111,0.00837893784,1
369,82,0.133215338,-0.09778148681,1
369,90,0.1750304252,-0.1777261794,1
369,98,0.1418221593,-0.05903856456,1
369,106,0.1416549534,0.001119285822,1
369,114,0.02854508907,-0.0475631766,1
369,122,-0.1084346622,-0.02850905061,1
369,130,-0.1342517734,-0.004233077168,1
369,138,-0.05650831014,-0.1033863202,1
369,146,0.08772522956,-0.05000567436,1
369,154,0.1342535466,0.01467540115,1
369,162,-0.008556457236,0.1331688464,1
369,170,-0.144195646,0.2274831533,1
377,10,-0.06664019078,-0.08359703422,1
377,18,0.1544544101,-0.02376900613,1
377,26,0.1510394812,-0.04383102059,1
377,34,0.1122714877,-0.03961921111,1
377,42,0.07502611727,-0.03732653707,1
377,50,-0.02598332614,-0.06269674003,1
377,58,0.1316026747,-0.03146862984,1
377,66,0.2061241865,-0.0372287184,1
377,74,0.08761098236,-0.01327140629,1
377,82,0.1011689752,-0.01762052625,1
377,90,0.06307721883,-0.06938234717,1
377,98,-0.06037867069,0.05979589373,1
377,106,0.03295223787,0.1479006708,1
377,114,0.03950694948,0.06213586777,1
377,122,-0.1296671778,-0.09009497613,1
377,130,-0.01956868544,0.03097802773,1
377,138,0.001369178295,-0.005334959365,1
377,146,0.01384838298,0.06254725158,1
377,154,-0.003727279603,0.0527734682,1
377,162,-0.009704425931,0.1300520599,1
377,170,-0.03763834387,0.1307279468,1
385,10,-0.06308928132,-0.1238189042,1
385,18,-0.09669116139,0.01925097406,1
385,26,-0.06159304082,0.008580114692,1
385,34,0.1056287289,-0.00818678923,1
385,42,0.1196982414,0.03240841255,1
385,50,0.07630673051,-0.09230511636,1
385,58,0.1173347384,-0.1094957516,1
385,66,-0.03802286461,-0.1026980728,1
385,74,-0.04824604839,-0.07305474579,1
385,82,0.2884690166,-0.00574323535,1
385,90,0.3100505471,0.01496562734,1
385,98,0.0530384928,0.1437579095,1
385,106,-0.02761636674,0.110247016,1
385,114,0.02165572718,0.06606692076,1
385,122,0.2480660975,0.03035691381,1
385,130,0.1747785062,0.06925503165,1
385,138,-0.03018738329,0.0244741533,1
385,146,0.161115095,0.1140136048,1
385,154,0.1367096603,0.1491134614,1
385,162,-0.03439353406,0.1402831078,1
385,170,0.06435647607,0.05902563035,1
393,10,0.004577875137,-0.1549962461,1
393,18,-0.04089526087,-0.07161828876,1
393,26,-0.0102213528,-0.05003839359,1
393,34,-0.02249776572,-0.1554521918,1
393,42,0.003170356154,-0.1920928657,1
393,50,-0.02640302479,-0.0833875984,1
393,58,-0.1361948252,-0.1242454723,1
393,66,-0.1462901235,-0.1671567112,1
393,74,-0.06431160867,-0.2206979394,1
393,82,0.07065573335,-0.2233516276,1
393,90,0.2460787594,-0.05304908752,1
393,98,-0.03264765814,0.0285252668,1
393,106,-0.08376375586,0.04190099239,1
393,114,0.07714360207,0.07840207964,1
393,122,0.3361866474,0.06632373482,1
393,130,0.2782427669,-0.07074706256,1
393,138,0.05641489476,-0.01034375653,1
393,146,-0.002572394907,0.06958828866,1
393,154,0.06149050593,0.103780821,1
393,162,0.05290275067,0.2071842849,1
393,170,0.2237688899,0.09102349728,1
401,10,0.0656554997,-0.1438823193,1
401,18,-0.1219152361,-0.1423747838,1
401,26,-0.04402889311,-0.02338041551,1
401,34,-0.02048242465,-0.002233039588,1
401,42,0.008253119886,-0.0634200424,1
401,50,0.0507928282,-0.05003325641,1
401,58,-0.03700899333,0.07523396611,1
401,66,-0.07358044386,-0.06723356247,1
401,74,-0.1206572205,-0.2356811613,1
401,82,-0.1207904443,-0.3389685452,1
401,90,0.01209463924,-0.04006072134,1
401,98,0.06300201267,0.02162712067,1
401,106,-0.02212144062,0.1660915464,1
401,114,0.01256385446,0.1678738594,1
401,122,0.1558555067,0.09627580643,1
401,130,0.1881777644,0.01235847548,1
401,138,0.09161324799,-0.001597836614,1
401,146,-0.1606486142,0.1063114479,1
401,154,-0.08462560177,0.02266778797,1
401,162,0.2633518577,0.05009380728,1
401,170,0.3887943029,-0.0482795015,1
409,10,0.05583602935,0.09839966893,1
409,18,-0.03720581532,-0.07420894504,1
409,26,-0.05988184735,-0.03799005225,1
409,34,0.07631016523,0.005399227142,1
409,42,0.06487862766,0.0523236841,1
409,50,0.06313055009,0.001053132117,1
409,58,0.1100653857,0.207253322,1
409,66,0.151331678,0.1398461163,1
409,74,0.1009790897,-0.1092574894,1
409,82,0.08365635574,-0.1609665006,1
409,90,0.1880864203,-0.09410649538,1
409,98,0.1941376626,0.09433846921,1
409,106,0.01758151501,0.08043064177,1
409,114,-0.05617550015,-0.01547496766,1
409,122,-0.02802343667,-0.04525787383,1
409,130,-0.1034840047,0.08071999997,1
409,138,-0.07993100584,0.02851257473,1
409,146,-0.08424419165,0.01802355237,1
409,154,-0.08481222391,0.002217613161,1
409,162,0.09140331298,-0.07304538786,1
409,170,0.2241397798,-0.07028867304,1
417,10,0.2537302673,0.262319237,1
417,18,0.3011939526,-0.06880114228,1
417,26,0.1393830031,-0.1616955996,1
417,34,0.03615769744,-0.09515881538,1
417,42,0.03971414641,-0.04226849973,1
417,50,1.157075167e-05,-0.01896078512,1
417,58,0.2569582164,0.0365119651,1
417,66,0.5325840712,0.0873144418,1
417,74,0.3704841137,0.2131249607,1
417,82,-0.03515534103,-0.02965936065,1
417,90,-0.006126157939,-0.1029306054,1
417,98,0.1232394278,0.1244865954,1
417,106,-0.1635565758,-0.08997911215,1
417,114,-0.3877649903,-0.1699521244,1
417,122,-0.4507368505,-0.1201637983,1
417,130,-0.4790814221,0.08174569905,1
417,138,-0.3310058117,0.05899933726,1
417,146,-0.08276444674,0.01600167528,1
417,154,0.007312163711,0.1028485,1
417,162,0.0527477935,-0.03944700956,1
417,170,-0.1594578326,-0.03532154858,1
