PIVlab, ASCII chart output - 02-Aug-2025
FRAME: 190, filenames: A:[190]FullStack_Pos0035_TgUtrmcherry_K4K8MO-1.avi & B:[191]FullStack_Pos0035_TgUtrmcherry_K4K8MO-1.avi, conversion factor xy (px -> m): 1, conversion factor uv (px/frame -> m/s): 1
x [px],y [px],u [px/frame],v [px/frame],Vector type [-]
9,10,0.1536642909,0.211615175,1
9,18,0.2099565417,0.1539069861,1
9,26,0.1765167415,0.07160068303,1
9,34,0.1031938419,0.0137616545,1
9,42,0.0737298727,0.1097930074,1
9,50,-0.04503837228,0.1327276081,1
9,58,-0.1079811454,0.05656714737,1
9,66,-0.06094738096,-0.08701425791,1
9,74,-0.2281566858,-0.1815484464,1
9,82,-0.1862792969,-0.1880241334,1
9,90,0.00188472867,-0.2036882043,1
9,98,0.02974246442,-0.07502387464,1
9,106,0.1026746631,0.06947150826,1
9,114,0.1010958552,0.2206064165,1
9,122,0.07358397543,0.1838572621,1
9,130,0.07169499993,0.11945948,1
9,138,-0.01031327248,0.02600774169,1
9,146,-0.03018655255,-0.08698479831,1
9,154,-0.08238814771,-0.02643418312,1
9,162,-0.07426194102,-0.1101501286,1
9,170,0.0856096074,-0.1798911989,1
17,10,-0.01743056625,-0.089363195,1
17,18,0.1117601022,0.03238265961,1
17,26,0.1602788568,-0.0264190957,1
17,34,0.08801315725,0.02439180389,1
17,42,0.05545690656,0.04918201268,1
17,50,0.03816639632,0.01603019238,1
17,58,0.003736812621,-0.10847307,1
17,66,-0.1319483519,-0.005853997543,1
17,74,-0.2560417652,-0.1124879643,1
17,82,-0.2152196318,-0.126500681,1
17,90,-0.1454719007,-0.1072769836,1
17,98,-0.09359194338,0.01550719514,1
17,106,-0.04668563604,0.03245510906,1
17,114,0.02800993249,0.06177087873,1
17,122,-0.006284199655,0.001524634659,1
17,130,0.007417194545,-0.05345541984,1
17,138,0.06149541587,0.002476451918,1
17,146,0.008434597403,0.007541509345,1
17,154,-0.0533795394,-0.03150372952,1
17,162,-0.05601211265,0.004742443562,1
17,170,-0.08596619964,-0.06264479458,1
25,10,-0.1480731815,-0.2125184238,1
25,18,0.00372787565,-0.05949856341,1
25,26,0.05696482211,0.007296737283,1
25,34,0.07440829277,0.0173523128,1
25,42,0.07727919519,0.06555500627,1
25,50,0.1607368886,0.06096824631,1
25,58,0.07373555005,0.00191302225,1
25,66,0.01819273084,0.03444252908,1
25,74,-0.01776903868,0.0723503232,1
25,82,-0.2215210795,0.04608402029,1
25,90,-0.2471298128,-0.06139787659,1
25,98,-0.03183889389,-0.03751933947,1
25,106,-0.03576987237,-0.06178303808,1
25,114,-0.08773037046,-0.08726140857,1
25,122,-0.03965429962,-0.136434108,1
25,130,-0.06141060591,-0.1099378169,1
25,138,-0.04974148422,-0.1024521068,1
25,146,-0.02075227723,-0.06727226824,1
25,154,0.05189680681,0.06023913622,1
25,162,-0.01139373705,0.1735254228,1
25,170,-0.227618143,0.2206478417,1
33,10,-0.09236744046,-0.1128368825,1
33,18,0.04847063124,0.08438753337,1
33,26,0.08862660825,0.03521371633,1
33,34,-0.02049852908,-0.02884171158,1
33,42,-0.05920467526,-0.1003603563,1
33,50,0.01392266899,0.1168258935,1
33,58,-0.02064336091,0.05749224871,1
33,66,0.04380322993,0.04744940251,1
33,74,-0.04475426674,0.1300139427,1
33,82,-0.2717397213,0.2004402578,1
33,90,-0.1576082259,0.09666790813,1
33,98,-0.05583499372,0.0348233059,1
33,106,-0.1363539696,-0.07744200528,1
33,114,-0.1374264807,-0.07083132118,1
33,122,-0.1187200248,-0.0707584098,1
33,130,-0.1326202452,-0.1260238588,1
33,138,-0.1753093898,-0.1650854945,1
33,146,-0.1152891666,-0.1499547362,1
33,154,0.03755412251,0.21744591,1
33,162,0.006689667702,0.2473302484,1
33,170,-0.1791431457,0.326284349,1
41,10,0.06643198431,0.04606638849,1
41,18,0.1152498722,0.1183034033,1
41,26,0.009818351828,0.06025071815,1
41,34,-0.07797447592,-0.02490113676,1
41,42,-0.2068341821,-0.07955773175,1
41,50,-0.154504329,0.2148921788,1
41,58,-0.1864907742,0.1039612591,1
41,66,-0.1178485677,0.03646296263,1
41,74,-0.1051638499,0.0253350772,1
41,82,-0.1074946672,0.05684664473,1
41,90,-0.001511700451,0.09793845564,1
41,98,-0.07119387388,0.01901623234,1
41,106,-0.07159455866,-0.08271370083,1
41,114,-0.0761577636,0.001674171537,1
41,122,-0.1896780431,0.03843063116,1
41,130,-0.2240259349,-0.1108789891,1
41,138,-0.1056936458,-0.09749408066,1
41,146,-0.06224690378,-0.1656376421,1
41,154,-0.08015332371,-0.0720449388,1
41,162,-0.04993041605,0.07086250186,1
41,170,-0.1687067449,0.1792801023,1
49,10,-0.08961203694,-0.05083756149,1
49,18,-0.1202859432,0.00978874322,1
49,26,-0.05759144574,0.01695674285,1
49,34,-0.02065526694,0.07297863066,1
49,42,-0.1459132731,0.1413955837,1
49,50,-0.2288713455,0.1730324328,1
49,58,-0.2233592868,0.1378376484,1
49,66,-0.1312762499,0.06912300736,1
49,74,-0.09107792377,-0.02418855205,1
49,82,-0.06814055145,-0.1729868948,1
49,90,-0.006327174604,-0.01205394045,1
49,98,-0.07727061957,-0.02969403565,1
49,106,-0.0679403767,-0.06748192757,1
49,114,0.01692437008,0.01261119172,1
49,122,-0.08793385327,0.08857275546,1
49,130,-0.0912386477,-0.1168987304,1
49,138,-0.06929536909,-0.05189292133,1
49,146,-0.05950965732,-0.08767911047,1
49,154,-0.05262091756,-0.09611648321,1
49,162,-0.05729289353,0.06396965683,1
49,170,-0.1223704517,0.05302298069,1
57,10,-0.219175756,-0.1430796981,1
57,18,-0.1761386693,-0.02051359788,1
57,26,-0.01941537112,0.0226546973,1
57,34,0.05417706817,0.138992399,1
57,42,-0.08857497573,0.3239546418,1
57,50,-0.1241361946,0.1005424559,1
57,58,-0.03534758836,0.09898661077,1
57,66,0.01987192035,0.0656022355,1
57,74,-0.05345955119,-0.0547760129,1
57,82,-0.06810447574,-0.1529208422,1
57,90,-0.01803575829,-0.02310873009,1
57,98,-0.08969895542,-0.05008050427,1
57,106,-0.09581871331,-0.08949184418,1
57,114,-0.02185002714,0.03534217179,1
57,122,0.007032912225,0.1178389862,1
57,130,0.09028713405,-0.0383156836,1
57,138,0.001263391227,-0.04568365589,1
57,146,-0.2093464732,0.003562027588,1
57,154,-0.07586994767,0.04210446775,1
57,162,-0.06144843996,0.03856692091,1
57,170,0.000725261867,-0.08216761053,1
65,10,-0.01374711096,-0.09888723493,1
65,18,0.1507617235,0.1759046018,1
65,26,0.08834759891,0.1284999549,1
65,34,-0.03671190143,0.1807767153,1
65,42,-0.09961742163,0.2326391339,1
65,50,-0.08029834926,0.1367035955,1
65,58,-0.02538698167,0.195211634,1
65,66,0.002605356276,0.03574301302,1
65,74,0.03385172784,-0.07497189194,1
65,82,0.002890694886,-0.05307636037,1
65,90,-0.1321785748,0.0795937553,1
65,98,-0.1295794398,0.05295850337,1
65,106,-0.007455933839,-0.03957292065,1
65,114,-0.04262306169,0.003634180408,1
65,122,-0.04731656611,-0.01732716337,1
65,130,0.1418314874,0.05883865803,1
65,138,0.1425199211,0.005385912955,1
65,146,-0.004453863949,-0.02170899697,1
65,154,0.02451844513,0.06687186658,1
65,162,0.1000156328,-0.0153994346,1
65,170,0.08721952885,-0.1185712963,1
73,10,-0.01066628098,-0.05012954026,1
73,18,-0.1374602467,0.1454015821,1
73,26,-0.09290329367,0.09276638925,1
73,34,-0.0266939383,0.2141740322,1
73,42,0.08524782211,0.2474302351,1
73,50,0.01197041012,0.1770133376,1
73,58,-0.12193124,0.1130809709,1
73,66,-0.08608524501,-0.0459315367,1
73,74,0.0009851045907,-0.07014244795,1
73,82,-0.01403309777,-0.01093247905,1
73,90,-0.0686262399,0.04467830807,1
73,98,0.009109184146,0.05382573977,1
73,106,0.0672917515,0.05562799424,1
73,114,-0.03760883585,0.01393842977,1
73,122,-0.04185971245,-0.2526275516,1
73,130,0.303438127,0.0261270795,1
73,138,0.3117114305,0.01825096086,1
73,146,0.1606792212,0.03015238792,1
73,154,0.2535133958,0.1302954406,1
73,162,0.2283703387,-0.0001124087721,1
73,170,0.08667041361,-0.1129844189,1
81,10,0.079714261,-0.09015629441,1
81,18,-0.01401189156,0.1207751781,1
81,26,-0.2458726913,0.2254647166,1
81,34,-0.1730066389,0.2671616673,1
81,42,0.09465899318,0.2455877662,1
81,50,0.06467153132,0.2007965744,1
81,58,-0.22280325,0.1187410355,1
81,66,-0.1249386519,0.01229682565,1
81,74,-0.0808172822,-0.08292296529,1
81,82,-0.1890231371,-0.08835735917,1
81,90,-0.1208429486,-0.06023848057,1
81,98,-0.03202148527,-0.05393014848,1
81,106,-0.1183349639,0.09571599215,1
81,114,-0.1517450511,0.09386963397,1
81,122,-0.04937559739,-0.08330921084,1
81,130,0.1183118746,-0.2354115099,1
81,138,0.1299643517,-0.03261300921,1
81,146,0.1505473256,0.02829868346,1
81,154,0.2438791692,0.1913481504,1
81,162,0.157921344,0.09125650674,1
81,170,0.05546459928,-0.09883826971,1
89,10,0.04593969882,-0.07518665493,1
89,18,0.08160303533,0.09548219293,1
89,26,-0.1369903684,0.3971036971,1
89,34,-0.2215165198,0.06615546346,1
89,42,-0.1328783184,-0.008107185364,1
89,50,-0.1918009818,0.1297912896,1
89,58,-0.09931589663,0.2248080671,1
89,66,-0.03935964406,0.1548316479,1
89,74,-0.02162980288,0.04725176096,1
89,82,-0.280546993,-0.03873718157,1
89,90,-0.4564439952,-0.07477669418,1
89,98,-0.1940068901,-0.09090603143,1
89,106,0.0107193552,0.08014839888,1
89,114,-0.03773334995,0.1649658084,1
89,122,-0.1395430416,0.02657964826,1
89,130,-0.02410247177,-0.02127749659,1
89,138,0.02234792709,0.02338904142,1
89,146,0.05758571625,0.003922842443,1
89,154,0.1246705651,0.168073386,1
89,162,0.08704905957,0.07487134635,1
89,170,0.1210349798,-0.09422081709,1
97,10,-0.02753785998,-0.008921585977,1
97,18,0.01201235503,-0.03768713772,1
97,26,-0.1237850934,0.1888539046,1
97,34,-0.1669583619,0.08906659484,1
97,42,-0.05066750944,0.08368679136,1
97,50,0.1209489256,0.1069343612,1
97,58,0.152471602,0.1828935295,1
97,66,0.1318459213,0.1627295613,1
97,74,0.05437622964,0.145233199,1
97,82,0.07379166782,0.0005128607154,1
97,90,-0.02096027136,-0.01679523289,1
97,98,-0.0947907418,-0.05077721179,1
97,106,0.06036225334,0.04940187931,1
97,114,0.03497276455,0.1442940831,1
97,122,-0.01004295796,0.05857007205,1
97,130,0.0048293937,0.07005916536,1
97,138,-0.04920759797,0.07815187424,1
97,146,0.01596555114,0.02361039817,1
97,154,0.1018463522,0.04145144671,1
97,162,0.0150388889,0.06428384781,1
97,170,-0.02137271315,-0.04978264868,1
105,10,-0.002512253821,0.1144503057,1
105,18,-0.1181151494,-0.05878373235,1
105,26,-0.1901062429,0.1087190285,1
105,34,-0.1914139241,0.1574875712,1
105,42,-0.05125776678,0.1389237642,1
105,50,0.1616429836,0.116563946,1
105,58,0.1300415397,0.0884821564,1
105,66,0.09741037339,0.1787574887,1
105,74,0.1309610307,0.2222505063,1
105,82,0.2252381891,0.1107890755,1
105,90,0.08655818552,0.06974846125,1
105,98,-0.03397259861,0.0728135854,1
105,106,0.001070585102,0.153302446,1
105,114,0.06290462613,0.2848707438,1
105,122,0.1629683375,0.2201482058,1
105,130,0.02152400464,0.03108984977,1
105,138,-0.01391274482,0.05197543278,1
105,146,0.1218065768,-0.01036744192,1
105,154,0.06408277154,-0.009620212018,1
105,162,0.03846558183,0.08876030147,1
105,170,0.0827396214,0.004407323897,1
113,10,-0.06536336243,0.09228045493,1
113,18,-0.04876101762,0.02852702141,1
113,26,-0.09708532691,0.06901606917,1
113,34,-0.2000819147,0.08421564847,1
113,42,-0.1038201451,0.05877432972,1
113,50,0.004460804164,0.1841211617,1
113,58,0.01722887531,0.1556857377,1
113,66,0.01892745495,0.1419710964,1
113,74,0.1223515496,0.1992658973,1
113,82,0.2178438157,0.2173999101,1
113,90,0.1009083837,-0.06457625329,1
113,98,-0.03920650482,0.08181962371,1
113,106,-0.002695914358,0.23575598,1
113,114,0.08653669059,0.2214872837,1
113,122,0.172052592,0.3609442711,1
113,130,0.1053450555,0.06196916848,1
113,138,0.1117859483,0.005974665284,1
113,146,0.05859392136,-0.03957717866,1
113,154,-0.0002342611551,0.03528338671,1
113,162,0.1172450259,0.04347280785,1
113,170,0.1847922653,0.03708329052,1
121,10,0.07163329422,0.03544037044,1
121,18,-0.06272739917,-0.05592025816,1
121,26,-0.05621586367,-0.1097061485,1
121,34,0.006013965234,0.1094092056,1
121,42,-0.03593989834,0.1901639849,1
121,50,-0.09913199395,0.301520437,1
121,58,-0.09492706507,0.1492369473,1
121,66,0.002775629982,0.1199061722,1
121,74,0.03288753331,0.1044334918,1
121,82,0.1480173767,0.04785718769,1
121,90,0.03803219646,-0.01282773912,1
121,98,-0.1127827764,0.07650122792,1
121,106,-0.06139972061,0.05220323801,1
121,114,-0.1747141778,0.06685732305,1
121,122,-0.2556228936,0.09631304443,1
121,130,-0.01619919017,-0.00967168808,1
121,138,0.08323565125,0.06935063004,1
121,146,0.0744420141,0.03302074224,1
121,154,-0.05623176321,0.07139252126,1
121,162,0.1134452224,0.07474854589,1
121,170,0.1772202849,0.1183126867,1
129,10,0.02467213571,0.07485062629,1
129,18,-0.1888497323,-0.036049705,1
129,26,-0.1368990541,0.01329532638,1
129,34,-0.05581286177,0.2448612154,1
129,42,-0.0477404967,0.2866129279,1
129,50,0.01376156881,0.2656694651,1
129,58,0.1085075885,0.07435047626,1
129,66,0.1608939618,0.1093240604,1
129,74,-0.03317942843,0.03918063641,1
129,82,0.01100965589,-0.03532160819,1
129,90,0.2426021397,0.2578207254,1
129,98,0.2535561323,0.2710931599,1
129,106,0.1143397391,0.007807731628,1
129,114,0.06683965027,0.2282077372,1
129,122,-0.1247742698,0.150470376,1
129,130,-0.1230386496,-0.1047340035,1
129,138,0.1024355739,0.177366972,1
129,146,0.117667906,0.1189685017,1
129,154,-0.1310492605,0.1339467615,1
129,162,-0.1933809221,0.1653012633,1
129,170,0.04732015729,-0.009234547615,1
137,10,0.09635022283,-0.04329191521,1
137,18,-0.1706937104,0.01394963358,1
137,26,-0.1780956835,0.202073738,1
137,34,-0.06110524759,0.1667190492,1
137,42,0.04072124511,0.1460363269,1
137,50,0.1981135756,0.2150541991,1
137,58,0.2238545269,0.1081682071,1
137,66,0.1492010951,0.07021992654,1
137,74,-0.03763803467,-0.1100095958,1
137,82,-0.07404929399,-0.04738105834,1
137,90,0.1584412754,0.2221041918,1
137,98,0.2008779347,0.2709138095,1
137,106,0.03520394117,0.147425741,1
137,114,0.1057937592,0.08113063127,1
137,122,0.07648057491,0.07146304101,1
137,130,0.02211158723,0.07791803032,1
137,138,0.08956652135,0.227116704,1
137,146,-0.05676832423,0.1432884485,1
137,154,-0.1029557362,0.1723378152,1
137,162,-0.1310479343,0.07954572141,1
137,170,-0.1117556542,-0.09653532505,1
145,10,0.03292024136,-0.1650721729,1
145,18,0.06067667156,-0.122612901,1
145,26,0.1517015845,0.0229538288,1
145,34,0.06367310882,0.07264848053,1
145,42,0.05053474009,0.06506419927,1
145,50,0.08020304888,0.02243383229,1
145,58,0.1278040111,0.09792144597,1
145,66,0.02531179041,0.06409427524,1
145,74,-0.01318629365,-0.09029772878,1
145,82,-0.04533196613,-0.1123742834,1
145,90,-0.01561998948,0.05190931633,1
145,98,0.05174338073,0.05229473859,1
145,106,0.02144579962,0.198813349,1
145,114,-0.001293435693,0.04251797497,1
145,122,-0.04347675294,-0.04402438551,1
145,130,-0.09937931597,0.1014101356,1
145,138,-0.09738270938,0.07662791759,1
145,146,-0.04451350868,0.09787438065,1
145,154,-0.04663164914,0.03826397657,1
145,162,-0.1991943717,0.0396938026,1
145,170,-0.206972912,-0.05321938917,1
153,10,0.05026167259,-0.02608175203,1
153,18,0.04596633464,-0.1879837811,1
153,26,0.1855073124,-0.08122956008,1
153,34,0.2107895613,0.09617906809,1
153,42,0.1245403141,0.07594971359,1
153,50,-0.05823652446,-0.1976560503,1
153,58,0.04080355167,-0.0799625963,1
153,66,0.07922469079,0.02047583461,1
153,74,0.02835951187,-0.004632834345,1
153,82,-0.0529630892,-0.02539072931,1
153,90,-0.1500763297,-0.03753146529,1
153,98,-0.03421712667,-0.02149153501,1
153,106,0.056982629,0.1095616147,1
153,114,-0.0231337361,0.1186201125,1
153,122,-0.0287874043,0.08754774183,1
153,130,-0.03403780609,0.07772706449,1
153,138,-0.04102896154,-0.05920921639,1
153,146,0.1100775525,-0.1146200523,1
153,154,-0.01989319921,-0.1505492628,1
153,162,-0.1790980399,-0.01860288531,1
153,170,-0.1770274192,0.01516240463,1
161,10,0.06198120862,-0.01356337406,1
161,18,-0.1486439705,0.06457579136,1
161,26,-0.04279979318,-0.02045520395,1
161,34,0.07155895233,0.07124119252,1
161,42,-0.009729377925,0.002410851419,1
161,50,0.02128332108,-0.06720153987,1
161,58,0.07211936265,-0.104943268,1
161,66,0.01587193832,-0.03166252375,1
161,74,-0.07682359219,0.002520862967,1
161,82,-0.1299185455,0.1215379685,1
161,90,-0.2010854334,0.1228802279,1
161,98,-0.1185711026,0.1181696057,1
161,106,-0.03471357375,0.1088371351,1
161,114,-0.06306792051,0.1106638014,1
161,122,0.0008593276143,0.1112276241,1
161,130,-0.09086208045,0.01367796212,1
161,138,-0.1423460543,-0.1092719138,1
161,146,0.0318376869,-0.1501926482,1
161,154,-0.04926473647,-0.1909309626,1
161,162,-0.1957745552,-0.153152585,1
161,170,-0.157333836,0.1497321427,1
169,10,0.1521001011,0.07161149383,1
169,18,0.09296058118,-0.03238081932,1
169,26,0.03506414965,-0.04403561726,1
169,34,0.04481036216,0.0160600245,1
169,42,-0.01490675472,-0.08295758814,1
169,50,0.01783045568,-0.09586455673,1
169,58,-0.00624191016,-0.007767595351,1
169,66,-0.02109581418,-0.05012992769,1
169,74,-0.0224000942,-0.04919656739,1
169,82,0.01570331305,-0.008959334344,1
169,90,-0.03658978641,0.062320292,1
169,98,-0.1293746084,0.1922628731,1
169,106,-0.1013073325,0.136469543,1
169,114,-0.09907275438,0.0522136651,1
169,122,-0.1754318029,-0.01193521544,1
169,130,-0.1678708196,-0.02516198717,1
169,138,-0.05589400232,-0.06031399965,1
169,146,0.01687778533,-0.09713152051,1
169,154,0.0077117607,-0.159623906,1
169,162,-0.03245498985,-0.04768706113,1
169,170,-0.1221977174,0.1769413054,1
177,10,0.08650846034,0.06507716328,1
177,18,0.05718714744,-0.2678262591,1
177,26,0.02432473749,-0.08604577184,1
177,34,-0.07314991951,-0.1297782958,1
177,42,-0.1233696193,-0.2681364417,1
177,50,-0.07021608949,-0.3567260206,1
177,58,-0.05464624614,0.0356105417,1
177,66,0.05024133995,-0.02448203787,1
177,74,0.0094233118,0.02457185835,1
177,82,-0.08087683469,0.005078447983,1
177,90,0.02084054053,-0.0439738147,1
177,98,0.07995510846,0.03366371244,1
177,106,0.02272893488,0.05841429159,1
177,114,-0.009501479566,-0.01021118462,1
177,122,-0.135945797,-0.09476110339,1
177,130,-0.1404042095,-0.06405737996,1
177,138,0.2618569434,0.0899797827,1
177,146,0.05688373744,-0.06762470305,1
177,154,0.07978266478,-0.049322851,1
177,162,-0.02421541512,-0.05672893301,1
177,170,-0.1327029169,0.01628681272,1
185,10,-0.2544935346,0.1085081249,1
185,18,-0.1331488788,-0.02028569952,1
185,26,-0.06832072139,-0.0321431309,1
185,34,-0.2814057171,-0.1490176618,1
185,42,-0.2239984125,-0.1154333949,1
185,50,0.123563841,-0.05955377221,1
185,58,0.09435357153,-0.03674899042,1
185,66,0.08954264969,0.0927908048,1
185,74,0.07717836648,0.161453113,1
185,82,0.04559902474,0.06257396936,1
185,90,0.06099345908,-0.01379184052,1
185,98,0.1927598566,-0.07749153674,1
185,106,0.1505815238,-0.01446016692,1
185,114,0.05231560022,-0.01479122043,1
185,122,-0.08618961275,-0.06911499798,1
185,130,-0.09771233052,-0.07388789952,1
185,138,-0.09883619845,-0.03861447051,1
185,146,0.01395080611,-0.0004250314087,1
185,154,0.1103204787,0.1280478388,1
185,162,-0.01852654293,-0.04090608656,1
185,170,-0.03799077868,-0.1382440478,1
193,10,-0.262898922,0.01415603608,1
193,18,-0.1124034002,0.0164896436,1
193,26,-0.01041606069,-0.009831212461,1
193,34,-0.1628282964,-0.02077015489,1
193,42,-0.1176602244,0.07487412542,1
193,50,0.02243105695,0.1902957559,1
193,58,-0.06850531697,0.07895597816,1
193,66,0.007902152836,0.1658787727,1
193,74,0.04793800786,0.09037286788,1
193,82,0.02569783293,0.04245826229,1
193,90,-0.01258393377,0.03308279067,1
193,98,0.01301284134,-0.02178320847,1
193,106,-5.581602454e-05,0.1097061336,1
193,114,0.02707135677,0.1085781306,1
193,122,0.08966109902,0.07607106864,1
193,130,0.05935443938,-0.02745972201,1
193,138,0.003331176937,0.03542491794,1
193,146,0.042700544,0.05107910931,1
193,154,-0.0138934087,0.001735506579,1
193,162,-0.1482624412,-0.04224993289,1
193,170,0.05036645383,-0.1575511098,1
201,10,-0.276694715,-0.1705931574,1
201,18,-0.1770855635,-0.01841292903,1
201,26,-0.05774517357,0.06763715297,1
201,34,0.0616062507,0.1119776443,1
201,42,0.09887249023,0.04640445486,1
201,50,-0.01925744116,0.08778676391,1
201,58,-0.03534170985,0.158164978,1
201,66,0.07891639322,0.1058828011,1
201,74,0.04605762661,0.04423876852,1
201,82,-0.01337773539,0.004630177282,1
201,90,-0.1123260111,-0.04840963334,1
201,98,-0.08815514296,-0.1320255399,1
201,106,-0.08143978566,0.04214699566,1
201,114,-0.1008536369,0.1112860292,1
201,122,0.06559168547,0.09740420431,1
201,130,0.1324174404,0.02830651402,1
201,138,0.04263269156,0.1272266209,1
201,146,-0.005214159377,-0.03660247102,1
201,154,-0.02747555263,-0.1689026505,1
201,162,0.006834547967,-0.1864534616,1
201,170,0.02865125239,-0.05183371902,1
209,10,-0.1672314703,-0.2990223765,1
209,18,-0.1050382331,-0.1547927707,1
209,26,-0.04335203394,-0.08255212009,1
209,34,0.06689938903,0.1508760154,1
209,42,0.3551954329,0.08893270046,1
209,50,0.1154967472,0.09741038829,1
209,58,-0.065512456,0.06360801309,1
209,66,-0.07711418718,-0.0955940038,1
209,74,0.01707805693,0.03876008093,1
209,82,0.04536112025,-0.001476230333,1
209,90,0.07059299946,-0.1389157772,1
209,98,0.08562067896,-0.09253806621,1
209,106,0.05930285156,0.01663584262,1
209,114,0.01261615008,0.0716996938,1
209,122,0.02792423032,0.008732590824,1
209,130,0.01363023371,0.0386865437,1
209,138,-0.01580627263,0.06563906372,1
209,146,0.004845753312,0.01351466775,1
209,154,0.03291263431,0.002042422071,1
209,162,0.1956034601,-0.1346110702,1
209,170,0.1604305804,-0.02797746286,1
217,10,-0.05251949281,-0.3302124441,1
217,18,-0.1446054578,-0.1797306538,1
217,26,-0.1039541215,-0.07871575654,1
217,34,0.0571713075,-0.08729404211,1
217,42,0.09812931716,0.1027429104,1
217,50,0.08601955324,0.1221505031,1
217,58,0.07726237178,0.05087626725,1
217,66,-0.002281993628,-0.06372945011,1
217,74,0.06707085669,0.01864470355,1
217,82,0.06554663181,-0.0004388808738,1
217,90,0.1671840847,0.04497991502,1
217,98,0.1356967539,0.0400942415,1
217,106,0.08760017157,0.1143822148,1
217,114,0.09859672189,0.02066814154,1
217,122,-0.04809623957,-0.03472341597,1
217,130,-0.1084519997,0.04918638244,1
217,138,0.1242625415,0.1010268703,1
217,146,0.1356983781,0.05944252014,1
217,154,0.06840634346,0.1110908836,1
217,162,0.01066652685,0.05764836818,1
217,170,-0.2028019726,-0.09892367572,1
225,10,0.03226353228,-0.1741040647,1
225,18,-0.1318091601,-0.1712019145,1
225,26,-0.08089235425,0.008085414767,1
225,34,-0.05043358356,-0.09340427071,1
225,42,-0.1087460965,0.02652700432,1
225,50,-0.009644277394,0.1962185353,1
225,58,0.08211217821,0.07282792032,1
225,66,0.09252782166,0.003304310143,1
225,74,0.1060644165,0.03301601484,1
225,82,0.2217325717,0.02810970694,1
225,90,0.1899131238,0.07423631847,1
225,98,0.01544843614,0.06038981676,1
225,106,-0.03723974526,0.1463215649,1
225,114,0.0342191495,0.02601000667,1
225,122,0.03329626843,-0.06527984142,1
225,130,-0.08995196223,0.1516859084,1
225,138,-0.05364106968,0.09292544425,1
225,146,0.05598914623,0.01728566736,1
225,154,-0.1299544424,0.06390450895,1
225,162,-0.1093771309,0.1501000077,1
225,170,-0.02531241626,-0.06845897436,1
233,10,0.1890445054,0.04267299175,1
233,18,-0.002353761345,-0.1082915366,1
233,26,-0.3406640887,0.006375536323,1
233,34,-0.3758236766,-0.05399502814,1
233,42,-0.3909097314,-0.01859231293,1
233,50,-0.3079393208,0.2249072641,1
233,58,0.04759499058,0.02127649449,1
233,66,0.09618872404,0.0646340698,1
233,74,0.04968780279,0.1392873973,1
233,82,0.0954412967,0.07583923638,1
233,90,0.05101898313,0.1291525513,1
233,98,0.07847036421,0.1166283116,1
233,106,-0.008107192814,0.1751580983,1
233,114,-0.1086411476,0.03280073777,1
233,122,0.05952936411,0.03513691574,1
233,130,-0.01867081784,0.3218238354,1
233,138,-0.3147741258,0.09133803099,1
233,146,-0.2128379941,0.1659311354,1
233,154,-0.2702469528,0.08942016959,1
233,162,-0.1566559821,0.1015363932,1
233,170,0.09269564599,0.001522198319,1
241,10,0.09601470828,0.1385226101,1
241,18,0.01507019997,-0.03426168859,1
241,26,-0.1263702214,-0.07061427087,1
241,34,-0.2740203738,-0.07686135173,1
241,42,-0.2457930893,-0.09314697981,1
241,50,-0.1331016719,0.07376028597,1
241,58,0.09709252417,-0.01415707543,1
241,66,0.1958993971,0.05744006485,1
241,74,0.1528225839,0.09066326171,1
241,82,0.05650375038,0.06990619749,1
241,90,0.04049346969,0.1335300207,1
241,98,0.03452810645,0.2394660115,1
241,106,0.0147546716,0.1492025256,1
241,114,0.04167368263,-0.0122516863,1
241,122,0.08146943152,-0.1094936207,1
241,130,0.101402998,0.1067663655,1
241,138,-0.08929249644,0.09467497468,1
241,146,-0.2211020887,0.3017761707,1
241,154,-0.06663398445,0.1565937102,1
241,162,-0.04504945502,0.0831117779,1
241,170,-0.03564809263,-0.03666613996,1
249,10,0.01516553015,-0.02846705168,1
249,18,-0.09885481,-0.1151196808,1
249,26,-0.1758805364,-0.2144935727,1
249,34,-0.142066136,-0.127623558,1
249,42,-0.1620037258,-0.1090128049,1
249,50,-0.07400391996,0.006162276492,1
249,58,0.05974908173,-0.01095313206,1
249,66,0.131137386,-0.09929972887,1
249,74,0.1980968416,0.02649431489,1
249,82,0.1531330347,0.0837970823,1
249,90,0.1248030961,0.07950684428,1
249,98,0.03960338607,0.1200049147,1
249,106,-0.01778114587,0.1138464808,1
249,114,0.02167133242,0.1702657044,1
249,122,0.07235375047,0.04014226049,1
249,130,0.06984724104,-0.02509885281,1
249,138,-0.008432975039,0.08246161789,1
249,146,-0.05384477228,0.2311133742,1
249,154,0.06445322186,0.1536247134,1
249,162,0.08813078701,0.1537631452,1
249,170,0.1150483713,-0.08780319244,1
257,10,0.01083119959,-0.1806023121,1
257,18,-0.07780654728,-0.1406219602,1
257,26,-0.05455473065,-0.1749162376,1
257,34,-0.1528198421,-0.108011432,1
257,42,-0.3727042675,-0.01935296133,1
257,50,-0.1548346281,0.04672712088,1
257,58,-0.04844030365,0.1151218638,1
257,66,-0.06291519105,0.0118423067,1
257,74,0.0770727545,-0.007682222873,1
257,82,0.1097458601,0.06349560618,1
257,90,0.1184707433,0.007331758738,1
257,98,0.08056023717,-0.1312792301,1
257,106,-0.0144906342,0.03453267738,1
257,114,-4.345178604e-05,0.09649461508,1
257,122,0.02792161703,0.08713381737,1
257,130,0.04134739935,0.009540814906,1
257,138,0.04963869601,0.1202549413,1
257,146,0.06058899686,0.1147698238,1
257,154,0.01103877276,0.05296159536,1
257,162,-0.03799452633,0.1539146453,1
257,170,0.1105233878,0.01211679727,1
265,10,-0.1288492829,-0.2044975758,1
265,18,-0.09983183444,-0.05956758186,1
265,26,0.06332638115,0.02447057515,1
265,34,0.01949062943,0.003684345633,1
265,42,-0.2636511922,-0.02717551589,1
265,50,-0.09668281674,0.03376188129,1
265,58,-0.08779814839,0.01595970616,1
265,66,-0.07191193104,0.003279582597,1
265,74,-0.02166752145,-0.07791019976,1
265,82,-0.0280157961,0.04665989801,1
265,90,-0.003754474223,-0.10402143,1
265,98,0.03328760713,-0.1996960491,1
265,106,0.04244569689,-0.002454522997,1
265,114,0.02546620183,-0.04540167004,1
265,122,0.03676734865,0.0229876712,1
265,130,0.02273447439,-0.04265546426,1
265,138,-0.03914447501,0.05635885522,1
265,146,-0.1475564092,0.06549617648,1
265,154,-0.08826366067,-0.03746046871,1
265,162,-0.1247878969,0.1863315403,1
265,170,-0.01940242946,0.1721423417,1
273,10,-0.1542993188,-0.05822502822,1
273,18,-0.006025768816,-0.08993062377,1
273,26,0.07848846167,0.02236076072,1
273,34,0.05446109176,0.1280712485,1
273,42,-0.0114094615,0.001859648153,1
273,50,-0.04944448918,-0.2006709576,1
273,58,0.006475348026,-0.1891909242,1
273,66,-0.09390243888,-0.05085879564,1
273,74,-0.07289958,-0.07803217322,1
273,82,-0.09595786035,0.06689438969,1
273,90,-0.04221700132,-0.06403362751,1
273,98,0.04009854794,-0.1369699538,1
273,106,0.05186526477,0.05436241627,1
273,114,0.06964821368,-0.0200912524,1
273,122,0.047355555,0.07742838562,1
273,130,0.02649019472,-0.1189713553,1
273,138,-0.09512323141,-0.06431522965,1
273,146,-0.2113347203,0.0834942013,1
273,154,-0.05046957731,-0.08364533633,1
273,162,-0.02700841241,0.1252801865,1
273,170,0.0001311376691,0.1236664057,1
281,10,-0.1722479165,0.1239913553,1
281,18,-0.03672952205,0.1189355403,1
281,26,0.1033026129,-0.09588176012,1
281,34,0.05696273223,-0.02246483043,1
281,42,0.0190834403,-0.02933404967,1
281,50,-0.008379461244,-0.1752373278,1
281,58,-0.06237703562,-0.1531336457,1
281,66,0.03648914397,-0.06751266867,1
281,74,0.1301574558,-0.01794006303,1
281,82,0.1243481562,0.155356586,1
281,90,-0.02113291249,0.1857000738,1
281,98,-0.03730527312,0.07529775798,1
281,106,0.06015963852,0.0700866878,1
281,114,0.1096469462,0.08233481646,1
281,122,0.07804968208,0.09293301404,1
281,130,0.1172728166,0.02173097804,1
281,138,-0.02197374776,-0.07815426588,1
281,146,-0.1219393164,-0.06390511245,1
281,154,-0.06224670634,0.009349703789,1
281,162,-0.06829149276,0.05672682077,1
281,170,-0.05100658536,0.06326054037,1
289,10,0.08510199189,0.1262255907,1
289,18,0.04460862279,0.07566232234,1
289,26,-0.03631709516,-0.1594648659,1
289,34,-0.05188989639,-0.2388491482,1
289,42,0.007248509675,-0.2026920915,1
289,50,-0.004564305767,-0.08059903234,1
289,58,-0.07979096472,-0.01355648786,1
289,66,-0.04563992098,-0.08770015836,1
289,74,0.1883635521,-0.07021842152,1
289,82,0.333966136,0.1367962658,1
289,90,-0.05854055285,0.2507734895,1
289,98,-0.1587037295,0.230508104,1
289,106,-0.006708564237,0.0720038861,1
289,114,0.06008634716,0.1051905304,1
289,122,-0.0286921896,-0.01367815863,1
289,130,-0.1049238518,0.004592606798,1
289,138,-0.1003334299,0.01098836306,1
289,146,-0.1068119407,-0.1012228504,1
289,154,-0.07288058847,0.04912904277,1
289,162,-0.1273727417,0.07227048278,1
289,170,-0.2186637074,0.09913310409,1
297,10,0.1287660301,0.00737722218,1
297,18,0.08766064048,-0.07597417384,1
297,26,-0.05914046988,-0.1148235649,1
297,34,-0.09927811474,-0.153898105,1
297,42,-0.08858635277,-0.08528653532,1
297,50,0.06210501119,-0.0101621002,1
297,58,0.1249128133,0.02591273934,1
297,66,-0.08107887208,0.1443481147,1
297,74,0.04553995654,0.02408195473,1
297,82,0.07466714084,0.00675714761,1
297,90,0.05781621113,0.1248406917,1
297,98,0.03173748031,0.1598142236,1
297,106,0.01157125458,0.01926477998,1
297,114,0.03281542659,0.05935612321,1
297,122,-0.1414118409,-0.02329824865,1
297,130,-0.06235660613,-0.1081565842,1
297,138,0.03565410525,0.02720501833,1
297,146,0.03157433122,0.002305932343,1
297,154,-0.0274462346,0.05512753129,1
297,162,-0.04359109327,0.09920645505,1
297,170,-0.107136935,0.1163108721,1
305,10,0.08069066703,-0.09204182029,1
305,18,0.04216482863,-0.06341296434,1
305,26,-0.01296252571,-0.16367428,1
305,34,-0.08121162653,-0.0687173754,1
305,42,-0.1440156102,-0.04718244448,1
305,50,-0.01601568982,-0.002012811601,1
305,58,0.07593355328,-0.03357646614,1
305,66,0.06274174154,0.01844429597,1
305,74,0.06032990664,0.02571290731,1
305,82,-0.113675721,-0.1653143913,1
305,90,-0.1519863605,-0.1307295561,1
305,98,-0.05703303963,0.06747088581,1
305,106,-0.01704645157,-0.07162860036,1
305,114,-0.05708535761,-0.1287915409,1
305,122,-0.1778381914,0.01647760719,1
305,130,-0.1044622362,0.03648906946,1
305,138,0.03462248668,0.006295453757,1
305,146,0.0409078002,0.08454595506,1
305,154,0.06922693551,0.2331795096,1
305,162,0.054203026,0.2464466989,1
305,170,-0.1209400445,0.169282794,1
313,10,-0.06115554646,-0.1425713599,1
313,18,-0.07266391069,-0.06758605689,1
313,26,0.00311176572,-0.07364828885,1
313,34,0.01391864009,0.02142923698,1
313,42,0.04813306034,-0.06299673021,1
313,50,0.06889104843,-0.07382463664,1
313,58,0.01898218319,0.1160824597,1
313,66,0.09305942804,-0.02233031765,1
313,74,0.1405112445,-0.09099027514,1
313,82,0.01352030225,-0.2105607539,1
313,90,0.05864911899,-0.0863750726,1
313,98,0.0566656813,0.04661458358,1
313,106,-0.01072959229,-0.0114429025,1
313,114,-0.009814685211,-0.05681789294,1
313,122,-0.0417429395,0.02064802498,1
313,130,-0.07717251033,0.0681726709,1
313,138,-0.06956402212,-0.01222166792,1
313,146,-0.03562049568,0.03714088351,1
313,154,0.04368576035,0.296112597,1
313,162,0.1043183506,0.2181008905,1
313,170,0.01021747664,0.1948954165,1
321,10,-0.05959016457,-0.08120262623,1
321,18,-0.04372821003,0.003499209881,1
321,26,0.05301084369,0.1706613451,1
321,34,0.1272449493,0.07388953865,1
321,42,0.03089907765,-0.009581882507,1
321,50,-0.1184920594,-0.04462307692,1
321,58,-0.05064494163,0.2297217548,1
321,66,-0.02914203331,0.09540329874,1
321,74,-0.006798353046,-0.02609139681,1
321,82,0.00601590611,-0.1194605306,1
321,90,0.02434706315,0.02366812155,1
321,98,-0.01554415561,0.09576636553,1
321,106,0.06017177552,0.03258572519,1
321,114,0.2031042427,-0.009878668934,1
321,122,0.08201293647,0.05162326619,1
321,130,0.01324915141,0.01404484361,1
321,138,-0.08040048182,0.02298413962,1
321,146,-0.02726225182,-0.07421571016,1
321,154,0.1644081324,0.1291405857,1
321,162,0.1413403749,0.1686078459,1
321,170,0.08166195452,0.1865476817,1
329,10,0.02531431988,-0.03319464624,1
329,18,-0.05349215493,0.02630793862,1
329,26,-0.03884194419,0.008883183822,1
329,34,0.006191778928,-0.03244636208,1
329,42,0.007307277992,-0.06611774117,1
329,50,0.1536086202,-0.05704797059,1
329,58,0.2843614221,0.1208987832,1
329,66,0.1087704524,0.001253122464,1
329,74,-0.005118303001,-0.03822003677,1
329,82,-0.02496991493,-0.01154037938,1
329,90,-0.1043297499,0.07160636783,1
329,98,-0.005395123735,0.2004854083,1
329,106,0.1180640608,0.104732573,1
329,114,0.05478218943,0.0717894882,1
329,122,0.03487909585,0.109080866,1
329,130,0.05706603825,0.04849775136,1
329,138,-0.01848947257,0.01187887788,1
329,146,-0.07033910602,-0.01566591114,1
329,154,0.05339192599,0.1068499461,1
329,162,0.09148865938,0.1774297953,1
329,170,0.09820587933,0.2371780574,1
337,10,0.05501732603,0.01360512897,1
337,18,-0.1373462975,0.0004153903574,1
337,26,-0.07838445902,-0.008605036885,1
337,34,-0.06029465422,0.001444775611,1
337,42,-0.06105009094,-0.06051032245,1
337,50,0.08617616445,-0.06479088962,1
337,58,0.01511653513,-0.004202462733,1
337,66,0.03465186059,-0.129832685,1
337,74,0.01777404547,-0.09286046028,1
337,82,-0.0437201485,0.02122432739,1
337,90,-0.05514134094,0.155637145,1
337,98,-0.05533541366,0.1530636698,1
337,106,0.03500274196,0.138107419,1
337,114,-0.02615849674,0.2142250538,1
337,122,-0.08998217434,0.3216770589,1
337,130,0.03135254607,0.0612702705,1
337,138,0.07397955656,-0.004040353,1
337,146,0.002076007426,-0.00017503649,1
337,154,0.006969466805,0.1915665567,1
337,162,-0.04314789176,0.1596046686,1
337,170,-0.03433728218,0.1255115569,1
345,10,-0.003362363204,-0.08540854603,1
345,18,0.03162687644,-0.05952033401,1
345,26,0.06919062138,0.1035873741,1
345,34,0.03545969725,0.09235703945,1
345,42,-0.03224235773,0.02972130477,1
345,50,0.008729897439,0.04450178891,1
345,58,-0.006662301719,0.04316420853,1
345,66,0.01618686691,0.02802607417,1
345,74,-0.009085729718,0.02806554176,1
345,82,-0.02494986355,-0.03615103289,1
345,90,-0.1510966718,-0.1496764272,1
345,98,-0.1899189353,-0.0119398199,1
345,106,-0.06009589136,-0.07701522112,1
345,114,-0.08005030453,0.06803937256,1
345,122,-0.1004192978,0.3383876681,1
345,130,0.01919707283,-0.02234835923,1
345,138,0.03365873545,-0.09333387017,1
345,146,-0.08798725903,-0.08827239275,1
345,154,-0.01492650062,0.1979275048,1
345,162,-0.04935540259,0.2164357007,1
345,170,-0.1531593502,0.09415763617,1
353,10,-0.02913502604,-0.186599195,1
353,18,0.02830633894,-0.1273209304,1
353,26,0.09940314293,0.1427017599,1
353,34,0.124611266,0.1505334526,1
353,42,0.07138699293,0.1295089126,1
353,50,-0.007260207087,0.09163037688,1
353,58,0.06319664419,-0.07076700777,1
353,66,0.03675546497,-0.1109647155,1
353,74,-0.1401581019,0.06822746247,1
353,82,-0.147243008,-0.04328010604,1
353,90,-0.1937550157,-0.2049769163,1
353,98,-0.1069950014,0.1036035269,1
353,106,0.109410271,-0.10942889,1
353,114,-0.1342065632,0.04203937575,1
353,122,-0.2606011629,0.09887564182,1
353,130,0.05373490602,-0.001176591963,1
353,138,0.08127811551,-0.1015124992,1
353,146,0.04081885517,-0.03591790423,1
353,154,0.07711160928,0.07488631457,1
353,162,0.106931217,0.1300748289,1
353,170,-0.08850368857,-0.03382742405,1
361,10,-0.09169176966,-0.1567899436,1
361,18,-0.1229028553,0.01617360115,1
361,26,0.06636489928,0.07844570279,1
361,34,0.05041465163,0.05467715114,1
361,42,-0.02740726061,0.03106032498,1
361,50,0.005683518946,-0.06802425534,1
361,58,0.03779745102,-0.09945131838,1
361,66,-0.004143096507,-0.08049602807,1
361,74,-0.04044046998,0.06222193316,1
361,82,-0.1251632869,0.02686334588,1
361,90,-0.2837682962,0.007495306432,1
361,98,-0.006674295291,0.07812419534,1
361,106,0.1045943871,0.3243706822,1
361,114,-0.1213777363,0.1378768831,1
361,122,-0.1482624412,0.04700335115,1
361,130,0.0127349142,0.05902789533,1
361,138,0.03166336566,0.03383931518,1
361,146,-0.01385306194,0.059967421,1
361,154,0.004658028483,0.003851674497,1
361,162,-0.003899233416,0.06743704528,1
361,170,-0.07302259654,-0.04098482057,1
369,10,-0.2075940967,-0.1146075428,1
369,18,-0.1671126038,-0.0187025629,1
369,26,0.02800027281,-0.087001957,1
369,34,-0.0439847894,-0.0280027017,1
369,42,-0.1598633826,-0.02030982263,1
369,50,-0.2441676408,-0.1430028826,1
369,58,-0.1295906603,-0.0220499225,1
369,66,-0.03565789759,-0.02278126404,1
369,74,-0.1174461171,-0.06614387035,1
369,82,-0.1127838939,0.08628040552,1
369,90,0.136571154,0.002486944199,1
369,98,0.1338268816,-0.1158199534,1
369,106,0.05246718973,0.3106041849,1
369,114,-0.03370874748,0.09848245978,1
369,122,0.06400965154,0.01113206148,1
369,130,0.08854693919,0.02120240033,1
369,138,-0.02127023041,0.01104357652,1
369,146,-0.07919347286,-0.01572275162,1
369,154,-0.1022435427,-0.04977753013,1
369,162,-0.072533831,-0.03109012544,1
369,170,-0.05858447403,0.06480763108,1
377,10,-0.127833128,-0.07132365555,1
377,18,-0.1258986592,-0.01537391543,1
377,26,-0.02475273237,0.007406432182,1
377,34,-0.01035798341,0.1104854345,1
377,42,-0.08748559654,0.2009436339,1
377,50,-0.2585664392,0.05850026757,1
377,58,-0.2383829653,-0.04915677011,1
377,66,-0.1931060702,-0.06169335172,1
377,74,-0.1029964983,-0.09856313467,1
377,82,0.02561631985,0.05666942894,1
377,90,0.1220727339,0.01528140903,1
377,98,-0.00815539062,-0.1266613305,1
377,106,0.03065195307,-0.1333763152,1
377,114,0.05270855129,-0.04431315511,1
377,122,0.04441119358,0.1236420423,1
377,130,-0.004580494948,0.01256918348,1
377,138,-0.06931623071,-0.04833289608,1
377,146,-0.01663760841,-0.1038584411,1
377,154,-0.07389430702,-0.1548680961,1
377,162,-0.1458375454,-0.1446205974,1
377,170,0.01054373384,0.07979292423,1
385,10,-0.1178891212,0.02296774834,1
385,18,-0.06904754043,0.1620366871,1
385,26,-0.05301961303,0.201859802,1
385,34,0.009362302721,0.134996742,1
385,42,0.05662559718,0.2262735367,1
385,50,-0.05773101747,0.03690481186,1
385,58,-0.1380634308,-0.0733589977,1
385,66,-0.1531231403,-0.06645141542,1
385,74,-0.006116807461,-0.08011803031,1
385,82,0.03577292711,-0.02147281915,1
385,90,0.04402192682,0.0283658579,1
385,98,0.02677682042,-0.09193795174,1
385,106,-0.02886441909,-0.1190234497,1
385,114,0.04649858177,-0.07963518053,1
385,122,0.1135230064,0.034525197,1
385,130,0.03445425257,-0.0284826532,1
385,138,-0.02075973153,-0.05228297412,1
385,146,-0.04936947301,-0.1391498148,1
385,154,-0.1426518708,-0.2567099929,1
385,162,-0.1324691772,-0.1737311929,1
385,170,0.09604222327,-0.09458508343,1
393,10,-0.2519546151,0.07822557539,1
393,18,-0.2820426226,0.2349155843,1
393,26,-0.2086314857,0.2160583138,1
393,34,-0.105752416,0.1010863483,1
393,42,-0.04887187481,0.02716094255,1
393,50,-0.100312829,-0.01863916963,1
393,58,-0.3428175151,-0.02001576312,1
393,66,-0.308200717,-0.05402713269,1
393,74,-0.2050923109,-0.08210956305,1
393,82,-0.1130757406,0.007005289197,1
393,90,0.02613806538,-0.0404426679,1
393,98,0.05483451486,-0.07641102374,1
393,106,-0.07197128981,-0.06227533519,1
393,114,-0.08649258316,-0.1942797601,1
393,122,0.06061506271,-0.1716780066,1
393,130,0.02478630841,-0.09476429224,1
393,138,0.01872076467,-0.1004201025,1
393,146,-0.04477333277,-0.0881780982,1
393,154,-0.0964403227,-0.1428815126,1
393,162,-0.05994636565,-0.1219298393,1
393,170,0.03555835783,-0.1066186205,1
401,10,-0.192382127,-0.08684947342,1
401,18,-0.1963412166,-0.0296872016,1
401,26,-0.07659494877,0.003275215626,1
401,34,-0.1012380719,0.05405024067,1
401,42,-0.1773564816,0.05288347602,1
401,50,-0.09707465023,-0.01741100475,1
401,58,-0.1970986128,0.102564007,1
401,66,-0.3595523238,0.01681211218,1
401,74,-0.1268380284,0.03991658986,1
401,82,-0.03265318274,0.06125148013,1
401,90,0.002209302038,-0.04337733239,1
401,98,-0.06055257842,-0.007167402655,1
401,106,-0.03467436135,-0.008846256882,1
401,114,0.03707047179,-0.2256512344,1
401,122,0.05550682172,-0.2366630435,1
401,130,0.06439828873,-0.1340728551,1
401,138,-0.007960468531,-0.1000758708,1
401,146,-0.2491783053,-0.04253461212,1
401,154,-0.1504812092,-0.05489481241,1
401,162,0.01291969046,-0.0920009166,1
401,170,0.1147418767,-0.09505409002,1
409,10,-0.08575321734,-0.2104510367,1
409,18,0.01035025716,-0.2571272254,1
409,26,-0.3178892136,-0.02858448774,1
409,34,-0.2130795121,0.07817924023,1
409,42,-0.119362399,0.07548125833,1
409,50,-0.08645509183,0.1067280471,1
409,58,0.05729532242,0.2814489901,1
409,66,-0.1465235054,0.06187741458,1
409,74,-0.05520728976,0.1114116311,1
409,82,-0.06877368689,0.05076511949,1
409,90,-0.2096550167,-0.03617488593,1
409,98,-0.1868211627,-0.0358508341,1
409,106,-0.04666963965,0.03787074611,1
409,114,0.07642306387,0.02634161711,1
409,122,0.001941647381,-0.04427810013,1
409,130,-0.01708825305,-0.04396115988,1
409,138,-0.006287368014,0.003350310028,1
409,146,0.08950721473,0.01872199029,1
409,154,0.06255967915,0.1063359752,1
409,162,0.05592323467,0.07634601742,1
409,170,0.09158792347,0.008471526206,1
417,10,0.1262950748,-0.2372870743,1
417,18,0.1587746441,-0.1986067891,1
417,26,-0.1276721358,-0.09889124334,1
417,34,-0.281661272,0.1122525334,1
417,42,-0.2094558477,0.07576709241,1
417,50,0.06013089418,0.05242310464,1
417,58,0.04156337678,0.2283867896,1
417,66,-0.0655400455,0.1608697623,1
417,74,-0.03212153167,0.02361503243,1
417,82,-0.211512953,-0.1421655416,1
417,90,-0.1998375952,0.04109426588,1
417,98,-0.0880458504,0.03382010758,1
417,106,0.1064297259,0.1666437536,1
417,114,0.2450912893,0.2555949986,1
417,122,0.09072459489,0.2624160647,1
417,130,0.009312670678,0.2011270374,1
417,138,-0.1391586959,0.1908211112,1
417,146,-0.1966862977,0.1547591388,1
417,154,-0.07633641362,0.2474996746,1
417,162,-0.06532561779,0.2809464931,1
417,170,-0.01257793978,0.3419929743,1
