PIVlab, ASCII chart output - 02-Aug-2025
FRAME: 71, filenames: A:[71]FullStack_Pos0035_TgUtrmcherry_K4K8MO-1.avi & B:[72]FullStack_Pos0035_TgUtrmcherry_K4K8MO-1.avi, conversion factor xy (px -> m): 1, conversion factor uv (px/frame -> m/s): 1
x [px],y [px],u [px/frame],v [px/frame],Vector type [-]
9,10,-0.3437605798,-0.2739916742,1
9,18,-0.08060242236,-0.07243043184,1
9,26,0.1288996786,-0.122150898,1
9,34,-0.01084831357,-0.3202494085,1
9,42,-0.2574652135,-0.2393084168,1
9,50,-0.376039058,-0.3164492249,1
9,58,-0.2838427424,-0.2173065245,1
9,66,-0.0396631062,-0.1313159168,1
9,74,0.02973859012,-0.02709891647,1
9,82,0.02098916471,0.02421304584,1
9,90,0.1355096698,-0.01804941893,1
9,98,0.1464814246,-0.168103084,1
9,106,0.05709528923,-0.1344304085,1
9,114,0.07678258419,-0.09717274457,1
9,122,0.02899403125,-0.02443537116,1
9,130,-0.1132399142,-0.1117061079,1
9,138,-0.2204852104,-0.1251009852,1
9,146,-0.004369616508,-0.02697496116,1
9,154,0.1430143416,-0.08901107311,1
9,162,-0.2750185132,0.05708137155,1
9,170,0.09802205861,0.3736558557,1
17,10,-0.1777806878,-0.05071502924,1
17,18,-0.1061702371,-0.084007442,1
17,26,-0.004829905927,0.01822809875,1
17,34,-0.07955385745,-0.003351118416,1
17,42,-0.1227203757,0.08068183064,1
17,50,-0.155547604,-0.06012082845,1
17,58,-0.099434793,-0.1197542995,1
17,66,-0.1060975119,0.004155732691,1
17,74,-0.1261274517,0.116185233,1
17,82,-0.109591648,0.1118155196,1
17,90,-0.06472056359,-0.06251831353,1
17,98,-0.0416037403,-0.1065253913,1
17,106,-0.1648168862,-0.08370035142,1
17,114,-0.16688627,-0.05042871833,1
17,122,0.06356217712,-0.1157816499,1
17,130,-0.04027617723,-4.10405919e-05,1
17,138,-0.1677986681,-0.05282797664,1
17,146,-0.1429853588,-0.06783254445,1
17,154,-0.06646676362,-0.01799155399,1
17,162,-0.06807775795,-0.08688270301,1
17,170,0.09708449244,0.1981758475,1
25,10,-0.08934749663,0.08879241347,1
25,18,-0.2583293319,0.02334429324,1
25,26,-0.2351697683,0.1333673,1
25,34,-0.1269077361,0.02725204825,1
25,42,-0.05253458768,0.08961891383,1
25,50,-0.05054965243,-0.007787942886,1
25,58,-0.01073677838,0.001427488402,1
25,66,-0.0392581448,0.06124771014,1
25,74,-0.1528545618,0.05632809922,1
25,82,-0.1112025157,0.07495928556,1
25,90,-0.1008961275,0.08454401046,1
25,98,-0.1377059817,-0.0368710719,1
25,106,-0.2847255766,-0.06563793123,1
25,114,-0.2031487823,0.01862226799,1
25,122,-0.03909358382,-0.2143292576,1
25,130,0.1205948219,0.05813333392,1
25,138,0.1093308926,0.03767738119,1
25,146,-0.04093588144,0.02334363014,1
25,154,-0.1111656129,-0.03605797514,1
25,162,-0.1577328891,-0.1659215689,1
25,170,-0.01075113565,0.02713808417,1
33,10,-0.009284630418,0.1521002799,1
33,18,-0.2101214975,0.1372084767,1
33,26,-0.3311751783,0.09444332123,1
33,34,-0.1044285968,-0.1687735915,1
33,42,0.05073061585,0.05849222094,1
33,50,-0.01983111352,0.06391359866,1
33,58,-0.07194559276,0.0622330755,1
33,66,-0.0167594552,0.07255421579,1
33,74,-0.1086555049,-0.01325155795,1
33,82,-0.1610618681,0.06110113859,1
33,90,-0.1088728756,0.1283146143,1
33,98,-0.1437059939,0.001482903957,1
33,106,-0.22026591,-0.047753077,1
33,114,-0.2425035089,-0.09288793802,1
33,122,-0.1652404666,-0.1453648061,1
33,130,-0.004309549928,0.05581693351,1
33,138,0.09132534266,0.06085506082,1
33,146,0.2001145184,0.1725187302,1
33,154,0.1023358554,0.06691899151,1
33,162,-0.01530921087,-0.0616370514,1
33,170,-0.09347674251,-0.05222179741,1
41,10,0.03030598164,-0.001568756998,1
41,18,0.01816247404,0.01859999076,1
41,26,-0.0928748101,0.008635696024,1
41,34,-0.1543652117,-0.06044150516,1
41,42,0.040551126,0.03672489524,1
41,50,0.06535223871,0.1481529623,1
41,58,-0.1048829332,0.04636185616,1
41,66,-0.1663101315,-0.04003496841,1
41,74,-0.1332365125,0.0754372105,1
41,82,-0.1811181158,0.09333109111,1
41,90,-0.1442120671,0.02330205403,1
41,98,-0.1281643957,-0.02541404031,1
41,106,-0.1376472563,0.02643017657,1
41,114,-0.1626404226,0.05354231223,1
41,122,-0.1424632818,-0.03374016657,1
41,130,0.02644115314,0.08638293296,1
41,138,0.1015707254,0.03328926489,1
41,146,0.1297762096,0.08632715046,1
41,154,0.1187373251,0.07502230257,1
41,162,0.0949344784,0.04495538771,1
41,170,0.03060501814,0.005146989599,1
49,10,0.04894381762,-0.09493638575,1
49,18,0.08854855597,-0.1628148854,1
49,26,-0.02659525722,-0.1495245397,1
49,34,-0.1376505196,-0.1342441291,1
49,42,-0.1171808541,-0.1325596124,1
49,50,-0.06622733176,0.1120902896,1
49,58,-0.194242239,0.09177006781,1
49,66,-0.1786700934,0.03774875402,1
49,74,-0.1760724485,0.09216526896,1
49,82,-0.1540258378,0.0393532142,1
49,90,-0.05980297923,-0.04709376395,1
49,98,-0.08851676434,-0.05734474957,1
49,106,-0.06366512179,0.05592183396,1
49,114,-0.01983460784,0.1606788039,1
49,122,-0.1116469502,0.09964514524,1
49,130,-0.2246279269,0.08323327452,1
49,138,-0.1163999662,0.005419656634,1
49,146,-0.06821663678,0.02100957185,1
49,154,-0.0161228776,0.06582056731,1
49,162,0.01719505712,0.09573072195,1
49,170,-0.01677647233,0.06719128788,1
57,10,-0.1696102917,-0.04946232587,1
57,18,-0.2023800611,-0.1553112119,1
57,26,-0.1322404444,-0.2440400571,1
57,34,-0.1520562917,-0.190341115,1
57,42,-0.1311069429,-0.1654477865,1
57,50,-0.17075409,-0.08004015684,1
57,58,-0.2370654047,0.0671286881,1
57,66,-0.1723383814,0.05724909529,1
57,74,-0.09686857462,0.005203878507,1
57,82,-0.05824804306,-0.07655766606,1
57,90,-0.04090374708,-0.08484086394,1
57,98,-0.01968344301,-0.1366200745,1
57,106,-0.004212856293,-0.1097476408,1
57,114,0.05617253855,0.1411320865,1
57,122,-0.02753737569,0.1190425009,1
57,130,-0.1246450841,0.06637792289,1
57,138,-0.07099123299,0.03201837093,1
57,146,-0.1000125408,-0.004767414182,1
57,154,-0.08527736366,-0.0207195133,1
57,162,0.01102196053,0.08138801157,1
57,170,-0.07923800498,0.1031487286,1
65,10,-0.333882302,0.07658874243,1
65,18,-0.2479325682,-0.1114821881,1
65,26,-0.1114343405,-0.1483282149,1
65,34,-0.03945494443,-0.1790395975,1
65,42,0.01233157516,-0.217014581,1
65,50,-0.1162127331,0.008582552895,1
65,58,-0.2653044462,0.03155034035,1
65,66,-0.3096334934,-0.01609509252,1
65,74,-0.1754607707,-0.06012473255,1
65,82,-0.06391385943,-0.09946552664,1
65,90,-0.1003706455,-0.145711109,1
65,98,-0.0125249438,-0.1156365052,1
65,106,0.03352315724,-0.08875517547,1
65,114,0.03673617169,0.05298817158,1
65,122,-0.01628042385,0.1472485811,1
65,130,-0.05013661087,0.1199248582,1
65,138,-0.04485869408,0.0757990405,1
65,146,-0.1366857588,0.006156049669,1
65,154,-0.1975417882,-0.03286229074,1
65,162,-0.04897288606,0.0429276973,1
65,170,-0.02919826657,0.122366637,1
73,10,-0.2306401283,0.1527215689,1
73,18,-0.0850007385,-0.007803570479,1
73,26,0.03683444113,-0.1006096303,1
73,34,0.03991277516,-0.09083268046,1
73,42,0.003832638264,-0.06049391627,1
73,50,-0.07785572857,0.1866218001,1
73,58,-0.09652528167,0.08709294349,1
73,66,-0.1495357752,-0.03480110317,1
73,74,-0.1012814716,-0.08879342675,1
73,82,-0.1257999986,-0.003931175917,1
73,90,-0.1816777736,-0.1512650102,1
73,98,-0.05357719958,-0.0625346452,1
73,106,0.00664616935,-0.0213710051,1
73,114,0.0282381773,0.07016707212,1
73,122,0.1551246494,0.1571201086,1
73,130,0.06186015531,0.1775532514,1
73,138,-0.07135833055,0.1234807074,1
73,146,-0.1090472788,0.2022754103,1
73,154,-0.1522948295,0.2114904821,1
73,162,0.007428877056,0.1217394546,1
73,170,0.06044042856,0.09874521196,1
81,10,-0.1478468627,0.02873578668,1
81,18,-0.044508636,0.04699625447,1
81,26,-0.0329914391,-0.05356879532,1
81,34,-0.1725423336,0.07162942737,1
81,42,-0.2326620519,0.1692574173,1
81,50,-0.1130136326,0.1179911569,1
81,58,-0.09584055841,0.1048151404,1
81,66,-0.06188748032,-0.06418295205,1
81,74,-0.02827328444,-0.08728595078,1
81,82,-0.1598191261,0.01702436805,1
81,90,-0.2421096861,-0.04151763767,1
81,98,-0.008074730635,-0.09379585087,1
81,106,0.0411519818,-0.06123765558,1
81,114,-0.01889777929,0.09786862135,1
81,122,0.1019817516,0.2194990665,1
81,130,0.06662200391,0.2037214041,1
81,138,0.02363888174,0.20870094,1
81,146,-0.02586196363,0.1775409877,1
81,154,-0.1864197254,0.2047128826,1
81,162,-0.1003705636,0.05252407491,1
81,170,-0.01316193491,0.03822515905,1
89,10,-0.1493373811,-0.093201451,1
89,18,-0.1396687031,-0.09706324339,1
89,26,-0.1323058903,-0.08702627569,1
89,34,-0.1615360975,0.1029763222,1
89,42,-0.1296349913,0.1856689751,1
89,50,-0.112549074,0.0416018106,1
89,58,-0.1045613587,0.01840375364,1
89,66,-0.08800880611,-0.1434237957,1
89,74,0.04981428385,-0.05652143806,1
89,82,-0.01422654837,0.1000998914,1
89,90,-0.1047693118,-0.09173995256,1
89,98,-0.04006985575,-0.1058479249,1
89,106,0.02560007945,-0.01104390994,1
89,114,0.008264075965,0.05186866224,1
89,122,-0.05045561865,0.2021766603,1
89,130,-0.04559455067,0.1783333421,1
89,138,-0.01666277647,0.1634345204,1
89,146,-0.1430735141,0.1086090282,1
89,154,-0.2762635052,0.1258561611,1
89,162,-0.1140440181,-0.01428879797,1
89,170,-0.08691333234,-0.001304924488,1
97,10,-0.0662368834,-0.2166208923,1
97,18,-0.01223398745,-0.1110448837,1
97,26,-0.08571933955,-0.04433961213,1
97,34,-0.123336643,0.1304940879,1
97,42,-0.09418638796,0.1637649834,1
97,50,-0.1437072605,0.06940897554,1
97,58,-0.01962015778,-0.03541808948,1
97,66,-0.003095891327,0.006295062602,1
97,74,-0.03840454668,0.02402443625,1
97,82,-0.05992975831,0.08017835021,1
97,90,-0.1055121273,-0.0820248872,1
97,98,-0.07162606716,-0.008960896172,1
97,106,-0.147366032,0.06873108447,1
97,114,-0.09983008355,0.02790184319,1
97,122,-0.07328543067,0.063916713,1
97,130,-0.2155404091,0.05921888351,1
97,138,-0.1807422042,0.08183795214,1
97,146,-0.09179675579,0.03670823202,1
97,154,-0.1299829632,0.01567049697,1
97,162,0.02999205887,-0.05962058157,1
97,170,0.02707128972,-0.04968254268,1
105,10,0.0883680135,-0.2062203437,1
105,18,0.1231575534,0.01879581064,1
105,26,-0.04293361306,0.05680139363,1
105,34,-0.1760803312,0.05747635663,1
105,42,-0.08822146058,0.1151036099,1
105,50,0.02865066379,-0.01308532711,1
105,58,0.05564873293,-0.06147270277,1
105,66,0.03661354259,-0.02984319627,1
105,74,-0.03365074098,0.02836625278,1
105,82,-0.2309847474,0.09301307797,1
105,90,-0.2866496444,0.05996716395,1
105,98,-0.1723895669,0.01959747076,1
105,106,-0.1705993116,0.03047662973,1
105,114,-0.1762408167,0.0003704540431,1
105,122,-0.1149672493,0.01420715824,1
105,130,-0.2883886993,0.009869240224,1
105,138,-0.2237187326,-0.01178684458,1
105,146,-0.09994775057,-0.03388143331,1
105,154,-0.2179027051,0.0307062529,1
105,162,-0.1130277514,-0.05173146352,1
105,170,-0.04192888737,-0.09331145883,1
113,10,0.1298916936,0.01989121735,1
113,18,0.02874970064,0.1055444852,1
113,26,-0.08245530725,0.07565804571,1
113,34,-0.1436231136,0.07339998335,1
113,42,-0.1234659329,0.03158546612,1
113,50,-0.02745342255,-0.06762436032,1
113,58,-0.02567768842,-0.01475320756,1
113,66,-0.06804516912,-0.03279620782,1
113,74,-0.06324031949,0.03317335621,1
113,82,-0.1072206497,0.07964904606,1
113,90,-0.1533460915,0.102681458,1
113,98,-0.1188022196,-0.006685845554,1
113,106,-0.1139529273,0.08944577724,1
113,114,-0.1616466492,0.02091947198,1
113,122,-0.03096908331,0.05744279921,1
113,130,-0.007235258818,-0.04501257092,1
113,138,-0.005604431033,-0.07820183039,1
113,146,-0.1359729767,0.07538732886,1
113,154,-0.3168712258,0.1367831677,1
113,162,-0.3295223415,0.08412641287,1
113,170,-0.1748884767,0.01764333248,1
121,10,0.06087347865,-0.009553428739,1
121,18,0.1598515511,0.03350570053,1
121,26,0.01077179052,-0.007630117238,1
121,34,-0.04581443965,0.07139383256,1
121,42,-0.06225339323,0.04457434267,1
121,50,-0.09392596036,-0.01467909291,1
121,58,-0.02809102833,0.03758586198,1
121,66,-0.06049877405,0.1223830357,1
121,74,-0.1213054061,0.0949858278,1
121,82,-0.0368469581,7.839873433e-05,1
121,90,-0.07459186763,-0.05096691102,1
121,98,-0.1207530797,-0.04949627817,1
121,106,-0.04837221652,0.1251429021,1
121,114,-0.1427526772,0.03512883186,1
121,122,-0.1162652597,0.1270735413,1
121,130,0.04221382737,0.0590653941,1
121,138,0.03066021204,-0.03789146245,1
121,146,-0.02830675244,0.127495572,1
121,154,-0.2248278558,0.1717014313,1
121,162,-0.2224320471,0.1997369081,1
121,170,-0.1157261729,0.07418787479,1
129,10,0.02852733433,-0.01709864289,1
129,18,0.3541644216,-0.006095921621,1
129,26,0.23534365,-0.1099536717,1
129,34,-0.02551412582,0.03850933909,1
129,42,-0.1659517288,0.112667717,1
129,50,-0.1334643662,0.1361758709,1
129,58,-0.000891700387,0.05297912657,1
129,66,0.01728240401,0.04361600429,1
129,74,-0.1496055722,0.1190181226,1
129,82,-0.1341688633,0.09288395941,1
129,90,-0.1161168367,-0.02911429852,1
129,98,-0.1148087531,-0.03537285328,1
129,106,-0.09707672149,-0.004818502814,1
129,114,-0.2259345651,0.01098323613,1
129,122,-0.2870655358,0.1885267198,1
129,130,-0.1241626441,0.1502377689,1
129,138,-0.1234835386,0.0732717365,1
129,146,-0.06125551462,0.1605239213,1
129,154,-0.01820132881,0.170886308,1
129,162,-0.087965101,0.1560137123,1
129,170,-0.0766762346,0.09749057889,1
137,10,0.2044583857,0.03804699332,1
137,18,0.05641998351,0.01207290217,1
137,26,0.01299947035,-0.04627426714,1
137,34,-0.02150286362,0.1454375386,1
137,42,-0.1081216186,0.1005907133,1
137,50,-0.1357875168,0.09116598219,1
137,58,-0.0812844336,-0.02907316387,1
137,66,-0.0471884869,-0.08130735159,1
137,74,-0.1013077796,0.06777213514,1
137,82,-0.1124437526,0.1710120142,1
137,90,-0.1534938514,0.03210802376,1
137,98,-0.2107533813,-0.05056224763,1
137,106,-0.2161172628,-0.0611499548,1
137,114,-0.2637245655,0.03243004158,1
137,122,-0.2837516665,0.1593874693,1
137,130,-0.2304292172,0.04266960174,1
137,138,-0.1672000885,0.1368431747,1
137,146,-0.01312443614,0.1334214509,1
137,154,0.01792547479,0.09597144276,1
137,162,-0.03128984571,0.02091094106,1
137,170,-0.0577500388,0.06253568828,1
145,10,0.1782036722,-0.05118532106,1
145,18,0.04801495373,-0.04078510404,1
145,26,0.02280185744,0.0238210354,1
145,34,0.03079926595,0.1042230129,1
145,42,0.008302494884,0.03843268007,1
145,50,-0.1414016932,0.08919408172,1
145,58,-0.05952642113,-0.04013151675,1
145,66,0.06277127564,0.002700515091,1
145,74,-0.03594004735,0.1264586449,1
145,82,-0.1381254196,0.2020855099,1
145,90,-0.1347565651,0.09878335893,1
145,98,-0.08211706579,-0.05359508097,1
145,106,-0.08293236047,0.03110690042,1
145,114,-0.1351156831,0.1875695288,1
145,122,-0.06692379713,0.1471083313,1
145,130,-0.1516013145,0.03155906498,1
145,138,-0.05607412755,0.1066350043,1
145,146,-0.01460794359,0.06112109125,1
145,154,-0.0114553608,-0.03374985605,1
145,162,-0.0891585201,0.01417136192,1
145,170,0.05276279896,-0.08620047569,1
153,10,0.121770665,-0.07607547194,1
153,18,0.06096675247,-0.04027581215,1
153,26,0.05070855096,0.0804399848,1
153,34,0.1344607472,0.1082890034,1
153,42,0.07810962945,0.04136498645,1
153,50,0.02677583881,0.1554839909,1
153,58,-0.001776238903,0.1405660212,1
153,66,-0.04585326463,0.03735792637,1
153,74,0.0207048133,0.07617104053,1
153,82,-0.01705782861,0.1176993549,1
153,90,-0.1923061609,0.03923991323,1
153,98,-0.1680176556,0.01964459009,1
153,106,-0.1819231212,0.06269668043,1
153,114,-0.1489112675,0.02659145743,1
153,122,-0.08380137384,0.0359596163,1
153,130,-0.128050074,0.009497623891,1
153,138,-0.07979755104,0.03094702028,1
153,146,-0.05419903994,0.1009251177,1
153,154,-0.07423273474,0.04600601643,1
153,162,0.03084873408,-0.003302039579,1
153,170,0.04608870298,-0.07073813677,1
161,10,0.05090226978,0.01063201018,1
161,18,0.06382889301,-0.02626635507,1
161,26,0.05867563188,-0.06121155992,1
161,34,0.1290045977,0.06470276415,1
161,42,0.01720168442,-0.09807741642,1
161,50,0.0878899321,0.06556537002,1
161,58,0.07044243068,0.1073221043,1
161,66,-0.01656165347,0.156724751,1
161,74,0.002162216231,0.1305625141,1
161,82,-0.02276225388,0.04751054943,1
161,90,-0.08791874349,-0.04367916659,1
161,98,-0.07759943604,-0.1039063781,1
161,106,-0.04912351072,-0.02958033979,1
161,114,-0.06740694493,0.002322789282,1
161,122,-0.1112022698,-0.01205064356,1
161,130,-0.06330946833,-0.0512579754,1
161,138,-0.1093318313,-0.02599434555,1
161,146,-0.08934664726,0.1051902846,1
161,154,-0.05499760434,0.1551877707,1
161,162,0.08702535927,0.0572055541,1
161,170,0.1906886101,-0.05604410172,1
169,10,0.1918143183,0.1350341737,1
169,18,0.07274369895,0.008382283151,1
169,26,0.1294175386,-0.07868996263,1
169,34,0.1190019995,-0.0855108127,1
169,42,0.03721345216,-0.1757695079,1
169,50,0.1252106428,-0.04729966447,1
169,58,0.07851390541,0.02980903164,1
169,66,0.05304101855,0.2479428053,1
169,74,0.07192683965,0.2233631611,1
169,82,-0.2935395837,0.1637560725,1
169,90,-0.1035738885,-0.1044652984,1
169,98,0.05442751199,-0.08464907855,1
169,106,0.06938168406,-0.006191197783,1
169,114,-0.0511931628,0.09374218434,1
169,122,-0.1252143383,-0.03834744543,1
169,130,-0.09488205612,-0.07972872257,1
169,138,-0.08951666206,0.01015077345,1
169,146,0.02459160611,0.01907098293,1
169,154,0.0703958869,0.1313310266,1
169,162,0.1225821078,0.1062632352,1
169,170,0.1017205343,-0.03305194154,1
177,10,0.2214559913,0.2692978382,1
177,18,0.08433669806,0.1060865894,1
177,26,0.03930902854,-0.03369026631,1
177,34,0.08903126419,-0.134675324,1
177,42,0.1035742685,-0.2062675357,1
177,50,0.1101725027,-0.04200748727,1
177,58,0.1765505522,0.07358723879,1
177,66,0.2109307051,0.06159677356,1
177,74,0.1083428711,0.004355102777,1
177,82,0.01766997576,0.02049497887,1
177,90,-0.05876747146,-0.08990977705,1
177,98,-0.02766856924,-0.1008942276,1
177,106,0.02778859437,-0.06696394831,1
177,114,-0.06376451254,-0.08547299355,1
177,122,-0.1092514545,-0.08120889962,1
177,130,-0.02541695908,0.01456943247,1
177,138,0.2387429029,-0.02318245918,1
177,146,0.1181744114,0.08440835774,1
177,154,0.03664741293,0.1805160046,1
177,162,0.06703779101,0.1580449343,1
177,170,0.08289397508,0.09236031771,1
185,10,0.25155738,0.2287847698,1
185,18,0.07704432309,0.09680259228,1
185,26,-0.04174577072,-0.04210523888,1
185,34,-0.05876146629,-0.1448764503,1
185,42,-0.05172678828,-0.1888373047,1
185,50,0.03913211823,-0.004412032664,1
185,58,0.2496130168,-0.01399596035,1
185,66,0.2288662642,-0.06759083271,1
185,74,0.1305372417,-0.1100494415,1
185,82,0.07032500207,-0.01459717937,1
185,90,0.08688143641,-0.09869459271,1
185,98,0.07914734632,-0.15386796,1
185,106,0.05042433366,-0.07061061263,1
185,114,0.008813542314,-0.06785459071,1
185,122,-0.164869681,-0.07185833901,1
185,130,0.03055430949,-0.01183381863,1
185,138,0.2625419796,-0.03289490938,1
185,146,-0.005740143359,-0.03340398893,1
185,154,-0.1336372495,0.1587788165,1
185,162,-0.07532225549,0.1262251735,1
185,170,-0.06814157218,0.1289007664,1
193,10,0.2379817963,0.1530056447,1
193,18,0.2089140713,-0.09661474824,1
193,26,0.1544415206,-0.02906032465,1
193,34,0.01510962844,-0.02450486273,1
193,42,0.03368230164,-0.1298491806,1
193,50,0.1892010272,-0.1064869165,1
193,58,0.2989003658,-0.06904259324,1
193,66,0.2037076652,-0.06054052711,1
193,74,0.1099407971,-0.02643656731,1
193,82,0.1460546106,0.05451549962,1
193,90,0.08834756166,-0.07782278955,1
193,98,0.07244117558,-0.1224141121,1
193,106,0.1004461199,0.0446728617,1
193,114,0.08682975173,0.05658487231,1
193,122,0.0705101341,-0.08927603811,1
193,130,0.1831691712,-0.1590354592,1
193,138,0.2598885298,-0.01392602641,1
193,146,0.01443382353,-0.02085882053,1
193,154,-0.08480489254,0.02725944668,1
193,162,-0.07260084152,0.04682023078,1
193,170,-0.09647919238,0.128705889,1
201,10,0.101188004,-0.006403706968,1
201,18,0.07360057533,-0.1518941969,1
201,26,0.2500253916,0.07995839417,1
201,34,0.1281609684,0.1359373331,1
201,42,0.006468959153,0.006711049005,1
201,50,0.09540306777,-0.1168576032,1
201,58,0.2331636101,-0.1477580518,1
201,66,0.266212523,-0.07902342081,1
201,74,0.1922052503,0.03822220117,1
201,82,0.2716065347,0.1722960323,1
201,90,0.2096368968,0.009316857904,1
201,98,0.08439137787,-0.04824959859,1
201,106,0.07348822057,0.1489503682,1
201,114,0.1554719359,0.01457264274,1
201,122,0.1141790301,-0.0414359495,1
201,130,0.1873799711,-0.07194849849,1
201,138,0.2381898761,0.1060379744,1
201,146,0.1212420687,-0.01166284829,1
201,154,0.04824540019,-0.03884907439,1
201,162,0.02773411572,0.01711219922,1
201,170,-0.0445342809,0.1536918879,1
209,10,0.06943470985,-0.145419836,1
209,18,0.2061644495,-0.01249148324,1
209,26,0.3037438989,0.1671713889,1
209,34,0.2522636354,0.1222951561,1
209,42,0.03313144296,0.13915658,1
209,50,-0.006273411214,0.06962808967,1
209,58,0.1801253557,-0.1702433228,1
209,66,0.1840710193,-0.1516973525,1
209,74,-0.06174237281,-0.01596986502,1
209,82,0.08098933101,0.1652178913,1
209,90,0.1541996002,0.1758163571,1
209,98,-0.06788079441,0.05291394144,1
209,106,-0.0361603722,0.2479768693,1
209,114,0.1123133078,0.07957758009,1
209,122,0.1529003084,0.1603545994,1
209,130,0.2705284357,0.03681486845,1
209,138,0.3312011957,0.1093786284,1
209,146,0.04440721124,-0.1593250632,1
209,154,-0.09529903531,-0.04411683977,1
209,162,-0.1721957922,-0.0132586956,1
209,170,-0.3103675842,-0.05866375566,1
217,10,0.05747231841,-0.1582302451,1
217,18,0.1677785963,-0.04763985798,1
217,26,0.08825992048,0.03429725766,1
217,34,-0.01221551001,0.05283220857,1
217,42,0.007487662137,0.1469097733,1
217,50,-0.05226402357,0.2498520613,1
217,58,-0.04148187116,-0.03404361755,1
217,66,-0.02882065624,-0.08739256859,1
217,74,-0.2101119757,-0.02486598492,1
217,82,-0.1241648793,0.2075270116,1
217,90,-0.09197482467,0.2728114426,1
217,98,-0.175658375,0.06657628715,1
217,106,0.06528873742,0.2411665767,1
217,114,0.2411859483,0.1155232862,1
217,122,0.2171632051,-0.007764738053,1
217,130,0.1582081616,0.07829654962,1
217,138,0.131672889,0.03175781667,1
217,146,0.07713089883,-0.1882381737,1
217,154,0.02587203309,-0.1943378448,1
217,162,-0.1668688357,-0.1801985204,1
217,170,-0.3964833617,-0.2193755358,1
225,10,-0.01749043912,-0.02986449003,1
225,18,-0.02474581823,-0.04418097064,1
225,26,-0.05741801113,0.1930879205,1
225,34,-0.04488477856,0.1198852882,1
225,42,-0.02126973681,0.1625061035,1
225,50,-0.0953797251,0.150565654,1
225,58,-0.1739215851,0.0500966087,1
225,66,-0.2177578807,0.03197717294,1
225,74,-0.1781696081,0.03587450832,1
225,82,-0.09947909415,0.1617699116,1
225,90,-0.1006156802,0.1617453843,1
225,98,-0.08949095011,-0.01059429348,1
225,106,-0.05996255949,0.04850037396,1
225,114,-0.01627285779,-0.009910576046,1
225,122,-0.01085612178,-0.1361959577,1
225,130,0.120413132,0.01999093965,1
225,138,0.2597112656,0.05081503838,1
225,146,0.06083134562,-0.1074049622,1
225,154,-0.09342887253,-0.09902440757,1
225,162,-0.1991655231,-0.1065389812,1
225,170,-0.2985352874,-0.1688486636,1
233,10,-0.1763480157,-0.01922897995,1
233,18,-0.1265806854,0.003285331652,1
233,26,0.08203837276,0.1554968357,1
233,34,0.007769469172,0.1036457941,1
233,42,-0.04174412787,0.1399242282,1
233,50,-0.06638669968,0.1308716983,1
233,58,-0.2307240665,0.08259885013,1
233,66,-0.3291243315,0.2042333782,1
233,74,-0.2073668838,0.1813024879,1
233,82,0.01376414299,0.2077968866,1
233,90,0.03334116191,0.06245835498,1
233,98,0.01017638482,-0.03924493864,1
233,106,-0.02793683112,-0.02479740232,1
233,114,-0.1931212991,-0.0195960328,1
233,122,-0.2101528347,-0.05142437667,1
233,130,-0.08080977201,-0.07865677774,1
233,138,-0.01505490392,0.03089662269,1
233,146,-0.04086669162,0.08101932704,1
233,154,-0.05950288102,0.1290005296,1
233,162,-0.1461990476,0.005000434816,1
233,170,-0.0538507551,-0.03000407293,1
241,10,-0.009811150841,-0.1187000573,1
241,18,0.00495781377,-0.005274306983,1
241,26,-0.03779502958,0.0691171959,1
241,34,-0.01019715145,0.103515543,1
241,42,-0.001492386684,0.1092098355,1
241,50,0.03726188466,0.09419995546,1
241,58,-0.1171249524,0.0127117224,1
241,66,-0.2077519298,0.0691389069,1
241,74,0.005478844047,0.1561101377,1
241,82,0.09870617092,0.2698804438,1
241,90,-0.01854666322,0.05256427824,1
241,98,-0.06503938138,-0.1007897109,1
241,106,-0.03037650883,-0.02893016674,1
241,114,-0.04876627401,0.0859259963,1
241,122,-0.05344798416,-0.003874374554,1
241,130,-0.05210221931,-0.1395273805,1
241,138,-0.02733907104,0.02808013745,1
241,146,-0.03688040003,0.1916739643,1
241,154,-0.03694103658,0.2406870425,1
241,162,-0.03594373167,0.03025063872,1
241,170,-0.01757578552,0.02694711089,1
249,10,0.02305120416,-0.1150566712,1
249,18,0.06703783572,0.03780879453,1
249,26,0.05023192614,0.1753643751,1
249,34,0.04057134315,0.1466169208,1
249,42,0.05010195449,0.07711024582,1
249,50,0.01796980202,0.08445168287,1
249,58,-0.05087376386,0.01852202788,1
249,66,-0.06448187679,-0.05804791674,1
249,74,-0.04333728179,0.06471686065,1
249,82,0.003843305632,0.06162267923,1
249,90,0.08992238343,0.03532407805,1
249,98,0.03703633323,-0.04164509103,1
249,106,0.0151188951,-0.02123553678,1
249,114,0.1458551288,0.06184029579,1
249,122,0.006304098293,-0.002031881362,1
249,130,0.005494486541,-0.1554241776,1
249,138,0.07204164565,-0.0241403766,1
249,146,0.0184969753,0.07156576216,1
249,154,0.0137899844,0.2242676616,1
249,162,0.008588446304,0.0001314617693,1
249,170,-0.03575202823,-0.006109364331,1
257,10,0.1522660404,-0.09436062723,1
257,18,0.1806537807,0.02566810884,1
257,26,0.01490972936,0.09849488735,1
257,34,0.06905685365,0.06667652726,1
257,42,0.1759929061,0.1054701507,1
257,50,0.1263868958,0.150788337,1
257,58,-0.04806995392,0.01778964698,1
257,66,-0.02118399739,-0.05970787257,1
257,74,0.0991089642,-0.0451371707,1
257,82,0.02420404553,-0.005873737857,1
257,90,0.03514767438,0.06245587766,1
257,98,-0.07177495211,0.02784546465,1
257,106,-0.1696398705,0.06111183017,1
257,114,0.01093220711,0.0691235438,1
257,122,0.08781662583,0.009800929576,1
257,130,0.02721355855,-0.1214091778,1
257,138,0.01837548614,-0.03568810597,1
257,146,0.02142265253,-0.08242037147,1
257,154,-0.02128778026,0.04972543567,1
257,162,0.02729013748,-0.08790711313,1
257,170,0.1676686257,0.02073958889,1
265,10,0.1315333396,-0.002399891615,1
265,18,0.05087343603,-0.06623137742,1
265,26,-0.001866079867,-0.001465499401,1
265,34,0.07524991035,0.07392825186,1
265,42,0.1463959813,0.1671177596,1
265,50,0.09205358475,0.2317563593,1
265,58,-0.03050706536,0.06489147246,1
265,66,-0.07494380325,0.01001915708,1
265,74,-0.02546916716,0.001104754396,1
265,82,-0.01742332801,0.01815279014,1
265,90,-0.03037636541,-0.008830385283,1
265,98,-0.107614249,-0.0339490138,1
265,106,-0.04246199131,0.001471888274,1
265,114,0.0936499089,0.1433681995,1
265,122,0.1712235957,0.03657639399,1
265,130,0.02164591104,-0.065220505,1
265,138,-0.08134157956,0.02427533828,1
265,146,-0.08405904472,0.01692116261,1
265,154,-0.03944183886,0.000819472596,1
265,162,0.0382557027,-0.05850299075,1
265,170,0.1308472753,-0.1423330605,1
273,10,-0.02696056664,0.0530802086,1
273,18,0.09747227281,-0.08091282099,1
273,26,0.1201689765,0.06319785118,1
273,34,-0.001516293734,0.1065235883,1
273,42,0.07931603491,0.08737298101,1
273,50,0.06192056835,0.09059487283,1
273,58,-0.03492654115,0.06729486585,1
273,66,-0.07862663269,-0.005066515878,1
273,74,-0.03227057308,-0.04704783112,1
273,82,0.03161716461,-0.1505469233,1
273,90,0.01709771343,-0.08160035312,1
273,98,0.06048771739,0.02173519135,1
273,106,0.1042801067,-0.1128845587,1
273,114,0.1092248708,-0.009499877691,1
273,122,0.155988723,0.08651617914,1
273,130,0.09473378956,0.07657013834,1
273,138,0.01147929579,-0.008150810376,1
273,146,-0.0307750646,0.1021386087,1
273,154,-0.03608167171,-0.03711009398,1
273,162,-0.04675620794,-0.04186549038,1
273,170,-0.008859060705,0.03351692855,1
281,10,-0.02534004301,-0.02659774572,1
281,18,0.1181238517,-0.1148624346,1
281,26,0.07612311095,0.01188281551,1
281,34,0.000345222652,-0.01632637531,1
281,42,-0.01026050746,-0.1269371212,1
281,50,0.007274605334,-0.1075211242,1
281,58,0.1190799326,0.04439002275,1
281,66,0.05693636835,-0.04154336452,1
281,74,0.08804678917,-0.02402466908,1
281,82,0.06764978915,-0.02982476354,1
281,90,-0.03954311833,-0.001340527087,1
281,98,0.01747962832,-0.1113576442,1
281,106,0.1259334981,-0.1429192871,1
281,114,0.1192690805,-0.03294328973,1
281,122,0.1943618059,0.08242706954,1
281,130,0.2193299532,0.06369473785,1
281,138,0.118461974,-0.04327462614,1
281,146,0.06487299502,-0.05732016638,1
281,154,0.03435566649,-0.03904883191,1
281,162,0.06083103269,0.03575506434,1
281,170,-0.009117731825,0.2466851771,1
289,10,0.1242736876,-0.1702129394,1
289,18,0.2038912922,-0.1182914972,1
289,26,0.1836427897,-0.06989888847,1
289,34,0.005287095904,0.006897568703,1
289,42,0.00290184468,-0.1372366548,1
289,50,0.06531986594,-0.1520772278,1
289,58,0.1478150934,0.09591872245,1
289,66,0.1096799523,0.04556933418,1
289,74,0.03136229888,0.06134623662,1
289,82,-0.02312482335,0.04195905849,1
289,90,-0.07284165919,-0.004081659019,1
289,98,0.07637050003,-0.1493111104,1
289,106,0.199614495,-0.1281156093,1
289,114,0.07159430534,-0.01103260554,1
289,122,0.06933836639,0.04987455904,1
289,130,0.07539974153,-0.05512199178,1
289,138,0.03581305221,-0.08004121482,1
289,146,-0.05247142166,-0.05896136165,1
289,154,0.005706060678,-0.01588118449,1
289,162,0.02650650218,0.02835626341,1
289,170,-0.03529729694,0.3067026138,1
297,10,0.1286225468,-0.2808423042,1
297,18,0.1677262634,-0.1495966315,1
297,26,0.1336312443,-0.1484240592,1
297,34,0.009456865489,0.04789486527,1
297,42,0.1142619178,-0.06524579227,1
297,50,0.1307516843,-0.1312611997,1
297,58,0.04039441794,0.02186053805,1
297,66,0.132463932,0.234159112,1
297,74,0.1183754578,0.09601423889,1
297,82,-0.07177393883,0.007456146181,1
297,90,0.03018209338,-0.08466292918,1
297,98,0.1854162216,-0.06209500879,1
297,106,0.1719645113,0.003171689808,1
297,114,0.1066891402,-0.04711712524,1
297,122,0.06391422451,0.09406907856,1
297,130,0.0868935585,-0.02088952623,1
297,138,0.01488827914,-0.1348652244,1
297,146,-0.04752413929,-0.08509090543,1
297,154,0.0334489271,-0.003719776869,1
297,162,0.05966231227,-0.009502068162,1
297,170,-0.03542973846,0.3190646768,1
305,10,0.1243313104,-0.1675139964,1
305,18,0.1227619648,-0.05624776334,1
305,26,0.0679025352,-0.07127390802,1
305,34,0.008662939072,0.03503104299,1
305,42,0.09248194098,-0.05700363219,1
305,50,0.3650364876,-0.09121912718,1
305,58,0.2251540869,-0.007453713566,1
305,66,0.2404298186,0.08873783052,1
305,74,0.1681254208,0.03329770267,1
305,82,0.1215927601,-0.05507136881,1
305,90,0.2957816124,-0.0909833014,1
305,98,0.3297780156,-0.1596396267,1
305,106,0.3076081276,-0.02675539628,1
305,114,0.2203649133,0.02120662853,1
305,122,0.1333624721,0.08111268282,1
305,130,0.07978139818,0.03038433939,1
305,138,0.05698161572,-0.05414177477,1
305,146,0.07058846951,-0.0303809382,1
305,154,0.138143912,-0.01522326469,1
305,162,0.07229202986,0.006908379495,1
305,170,-0.103437081,0.1975443363,1
313,10,0.09196339548,-0.001381747425,1
313,18,0.03444451094,0.1056816056,1
313,26,-0.02894281596,0.1146896482,1
313,34,-0.04687884077,0.154406473,1
313,42,0.04583214968,0.04817047715,1
313,50,0.2424454391,-0.06392268836,1
313,58,0.270357132,-0.08322140574,1
313,66,0.2475259751,-0.214843899,1
313,74,0.3978819251,-0.1307689846,1
313,82,0.3843669891,-0.1746726632,1
313,90,0.2585278749,-0.143964991,1
313,98,0.23936221,-0.1381573081,1
313,106,0.1782351434,-0.1040972769,1
313,114,0.21316652,0.06975785643,1
313,122,0.1576422453,0.06326264888,1
313,130,0.06910158694,0.03151851892,1
313,138,0.1963440925,0.02556164563,1
313,146,0.2106336206,-0.03615706041,1
313,154,0.2663488984,0.03139013797,1
313,162,0.2127549648,-0.02249136195,1
313,170,0.003688104451,0.1313426048,1
321,10,0.1512788236,0.07168197632,1
321,18,0.09815622866,0.126696229,1
321,26,0.02494883165,0.1923704594,1
321,34,0.03754334152,0.1156440303,1
321,42,0.1054204851,-0.06243184581,1
321,50,0.1554403603,-0.07694809884,1
321,58,0.1623852551,-0.1358780265,1
321,66,0.4024809897,-0.1796564311,1
321,74,0.4772853553,-0.1142979264,1
321,82,0.341296196,-0.1765351743,1
321,90,0.3301545382,-0.1484486163,1
321,98,0.2564282417,-0.03165885061,1
321,106,0.009553223848,0.0468262881,1
321,114,0.1909498572,0.08682329208,1
321,122,0.2434711456,0.08717798442,1
321,130,0.1702233106,0.05498502403,1
321,138,0.1653949171,0.04679874331,1
321,146,0.1550551057,-0.01006057486,1
321,154,0.1982341409,0.1035104692,1
321,162,0.1674207449,0.004178311676,1
321,170,0.04850693047,0.0115903616,1
329,10,0.09825353324,0.05611018836,1
329,18,0.08770172298,0.132910639,1
329,26,0.1239593625,0.143381238,1
329,34,0.1702212989,0.0229013972,1
329,42,0.2826322317,0.001995570958,1
329,50,0.3178682923,-0.01148466021,1
329,58,0.2381237,-0.04313921928,1
329,66,0.2897354364,-0.07656297833,1
329,74,0.2906601429,-0.0489821136,1
329,82,0.1698389947,-0.174298048,1
329,90,0.1623239666,-0.1117567569,1
329,98,0.1063891351,-0.02414268255,1
329,106,0.05518119037,0.1337006092,1
329,114,0.05876557529,0.06816866994,1
329,122,0.09096330404,0.01512769796,1
329,130,0.1591903269,0.09698174149,1
329,138,0.1580034196,0.1272198707,1
329,146,0.1340355873,0.07012932003,1
329,154,0.1058726311,0.02427304536,1
329,162,0.1300079823,0.08742056787,1
329,170,0.03475029767,-0.04817426205,1
337,10,-0.07943956554,-0.01178171858,1
337,18,0.108720094,0.1751817167,1
337,26,0.1515125483,-0.006849266589,1
337,34,0.01341827959,0.01485865936,1
337,42,0.09056980163,0.05385585502,1
337,50,0.1398469806,0.003028860316,1
337,58,0.08766551316,0.02991147339,1
337,66,-0.04136893153,-0.02965797484,1
337,74,-0.06859232485,0.1340232491,1
337,82,0.03393964469,-0.01906371489,1
337,90,0.05755701661,-0.01365807652,1
337,98,0.0594612658,-0.03008295968,1
337,106,0.1353997737,0.06265837699,1
337,114,0.2665705979,-0.1168847457,1
337,122,0.2518328428,-0.2095512748,1
337,130,0.08194811642,-0.01629920118,1
337,138,0.01693047583,0.17743963,1
337,146,-0.01178053021,0.1049132496,1
337,154,-0.06575874984,0.006645873189,1
337,162,0.0008155889809,0.05273950472,1
337,170,-0.03376283124,-0.02223734558,1
345,10,-0.02505926229,-0.1709226072,1
345,18,0.1160176918,-0.1158778593,1
345,26,0.1247754693,-0.1093773171,1
345,34,0.035327591,-0.00388693437,1
345,42,-0.002921789885,-0.08218482882,1
345,50,-0.04277035594,-0.108259812,1
345,58,-0.0326301083,0.03237800673,1
345,66,-0.007490217686,-0.03555543721,1
345,74,0.07306180894,0.004295766354,1
345,82,0.1533246338,0.02862317488,1
345,90,0.1147227809,0.09088544548,1
345,98,0.1464586854,0.1069512889,1
345,106,0.1926787198,0.121723175,1
345,114,0.154631108,-0.1131367683,1
345,122,0.1136741042,-0.1668833494,1
345,130,0.04814940691,0.02053891867,1
345,138,-0.085080266,0.1135322079,1
345,146,-0.1057182103,0.06336690485,1
345,154,0.01122940704,0.07484439015,1
345,162,0.01875898428,0.0274992343,1
345,170,-0.00946296379,-0.02464403212,1
353,10,-0.08396843076,-0.1481446624,1
353,18,-0.003393813968,-0.1411732733,1
353,26,0.1257008165,-0.1025744081,1
353,34,0.1241154298,-0.1832028776,1
353,42,0.02647520602,-0.1548365057,1
353,50,-0.0881973356,-0.1349695623,1
353,58,-0.07003220171,-0.02544349432,1
353,66,0.07280794531,-0.03886444122,1
353,74,0.2631924152,-0.2073771358,1
353,82,0.2781750262,-0.1740143299,1
353,90,0.1236238629,-0.07778991759,1
353,98,0.1775076687,0.03432326019,1
353,106,0.196170941,0.01709361747,1
353,114,0.1433126926,-0.08080089092,1
353,122,0.07219338417,0.007464179769,1
353,130,0.05423396453,0.2102788389,1
353,138,0.04505946115,0.05016420037,1
353,146,0.003219876438,-0.08139641583,1
353,154,0.04288459569,0.08010207862,1
353,162,-0.006193198264,0.03546620533,1
353,170,-0.04203969613,-0.1508168578,1
361,10,-0.1116500795,-0.26685673,1
361,18,-0.2089884579,-0.1131328344,1
361,26,-0.01594767533,-0.09389060736,1
361,34,0.09735894948,-0.2112919241,1
361,42,0.0641303882,-0.1683281958,1
361,50,0.04547851533,-0.1209775209,1
361,58,0.08236620575,-0.08224454522,1
361,66,0.2235607952,-0.06345900148,1
361,74,0.3444106877,-0.09421265125,1
361,82,0.1339277774,-0.126727134,1
361,90,0.1245196462,-0.2677593231,1
361,98,0.1656564921,-0.2136451006,1
361,106,0.2081711292,-0.1542931348,1
361,114,0.07829646021,-0.09127848595,1
361,122,0.007227569818,0.0318049565,1
361,130,0.0793966949,0.09459075332,1
361,138,0.08384507149,0.03390074521,1
361,146,0.1434583962,-0.008591765538,1
361,154,0.09746517241,0.031733796,1
361,162,-0.0161575377,0.06687959284,1
361,170,-0.08300235122,-0.2018350959,1
369,10,0.15569067,0.01354816556,1
369,18,0.1566260308,-0.01017777622,1
369,26,0.05991298333,-0.02919789404,1
369,34,0.02702337131,-0.07291738689,1
369,42,0.01584531739,-0.0870955959,1
369,50,0.0657088086,0.0173009634,1
369,58,0.2276362181,-0.1045534611,1
369,66,0.2588869929,-0.2916145623,1
369,74,0.3330881596,-0.1592022777,1
369,82,0.2919823527,-0.1369579434,1
369,90,0.193860665,-0.2359646857,1
369,98,0.1388201416,-0.2851964831,1
369,106,0.0520151183,-0.2199445069,1
369,114,-0.001630306244,-0.1006405205,1
369,122,0.04346261919,-0.008652584627,1
369,130,0.126990661,-0.1313436329,1
369,138,0.08758737892,-0.06079377979,1
369,146,0.1416299343,-0.05004650727,1
369,154,0.1548976451,-0.03260102496,1
369,162,0.02606105059,0.1115817726,1
369,170,-0.1643235683,-0.01829583943,1
377,10,0.24085778,0.1574091762,1
377,18,0.2491376102,0.1293068826,1
377,26,0.15267995,0.1014269739,1
377,34,0.002298455685,-0.05909268558,1
377,42,-0.03273630142,-0.05303867161,1
377,50,0.172251448,0.02762904018,1
377,58,0.2837582231,-0.05873510987,1
377,66,0.2402086109,-0.2969005704,1
377,74,0.2499239743,-0.2235099077,1
377,82,0.2324938476,-0.1338105202,1
377,90,0.1015437394,-0.1309078187,1
377,98,-0.01592317969,-0.09693998098,1
377,106,0.1667729616,-0.1424141228,1
377,114,0.2058696002,-0.05374511331,1
377,122,0.1545767784,0.03407126293,1
377,130,0.1204768568,-0.04816805199,1
377,138,0.05934639275,-0.06439141929,1
377,146,0.1384425312,-0.003046840429,1
377,154,0.1582454294,-0.03666813672,1
377,162,0.04787250608,0.01619666815,1
377,170,-0.0593046248,0.09635221958,1
385,10,0.2708128691,0.05921025574,1
385,18,0.1828017831,0.09475748986,1
385,26,0.06510154903,0.07961993665,1
385,34,0.0390099436,-0.08846464008,1
385,42,0.0703920573,-0.0316407159,1
385,50,0.2354102135,-0.00258404389,1
385,58,0.2379137576,-0.02814793587,1
385,66,0.2098692358,-0.1909880489,1
385,74,0.2676080465,-0.1846055537,1
385,82,0.230454281,-0.1093610004,1
385,90,0.1752186567,-0.03635658324,1
385,98,0.2186717838,-0.03987455368,1
385,106,0.2403550744,-0.01760107279,1
385,114,0.2735111713,0.05951856077,1
385,122,0.1400455534,0.1269446909,1
385,130,0.1100562364,0.03803071752,1
385,138,0.1145900786,0.09070710838,1
385,146,0.1732138246,0.1604103744,1
385,154,0.2214895487,0.1244094744,1
385,162,0.09103830159,-0.01672701538,1
385,170,-0.1312707067,0.03258384764,1
393,10,0.0432882607,0.100130409,1
393,18,0.1720434129,0.2084659487,1
393,26,0.1078774482,0.04000651464,1
393,34,0.1106162742,-0.08670779318,1
393,42,0.1028894484,-0.1514499784,1
393,50,0.1584162116,-0.02793209255,1
393,58,0.3074787855,-0.1046823263,1
393,66,0.1923246086,-0.1615447104,1
393,74,0.1489559412,-0.2111609578,1
393,82,0.08084431291,-0.09532468021,1
393,90,0.2171647251,0.1007704288,1
393,98,0.196386829,0.1612573266,1
393,106,0.09861418605,0.1212708801,1
393,114,0.161082685,0.02463328093,1
393,122,0.106875591,-0.001053145155,1
393,130,0.09231653064,0.01056959946,1
393,138,0.1435950994,0.1139356047,1
393,146,0.1734431386,0.1133118644,1
393,154,0.2350068241,0.09030099213,1
393,162,0.09788025171,0.01628372446,1
393,170,-0.05712004751,-0.0950999707,1
401,10,0.00319263339,0.2044809461,1
401,18,0.1200761423,0.1383731812,1
401,26,0.1077976823,0.1182410493,1
401,34,0.2185355425,-0.1956900805,1
401,42,0.01064418256,-0.3033911288,1
401,50,-0.06560464948,-0.2038040459,1
401,58,0.253144592,-0.1716629267,1
401,66,0.1225261092,-0.08979359269,1
401,74,0.1088912487,-0.1224221364,1
401,82,0.1122407317,-0.09751082212,1
401,90,0.005275316536,-0.0007873289287,1
401,98,0.09010636806,0.1055627018,1
401,106,0.2467854172,0.000734956935,1
401,114,0.1439430118,-0.04331977665,1
401,122,0.002243176103,-0.04878122732,1
401,130,0.09889055789,0.05417777225,1
401,138,0.03229227662,0.03405799344,1
401,146,-0.04541397095,0.07115702331,1
401,154,0.0324228555,0.04327492043,1
401,162,0.07987376302,0.01225753129,1
401,170,0.06049250066,-0.01991335116,1
409,10,0.1802019924,-0.06049102545,1
409,18,0.03435121477,-0.06634765863,1
409,26,-0.005800064653,0.04704096913,1
409,34,0.082883358,-0.04419028014,1
409,42,0.1576544791,-0.02862592414,1
409,50,0.2110021412,-0.1020574346,1
409,58,0.1207968295,-0.1767092496,1
409,66,0.06340627372,-0.02258244157,1
409,74,0.2176393867,0.1220049709,1
409,82,0.1808425337,-0.06702113897,1
409,90,0.001069970429,-0.01064664498,1
409,98,-0.01225951314,0.075910151,1
409,106,0.1382573843,-0.09616851807,1
409,114,0.07500565797,-0.171744138,1
409,122,-0.03529394418,-0.07751573622,1
409,130,-0.05791869015,0.1545478255,1
409,138,-0.05425855517,0.05388757586,1
409,146,-0.07890120149,0.05884865671,1
409,154,0.06694065034,-0.06785301864,1
409,162,0.1694573611,0.02757725492,1
409,170,0.202302292,0.0778690502,1
417,10,0.1811369658,-0.274472028,1
417,18,-0.02664999664,-0.08232870698,1
417,26,-0.1870419383,-0.08864718676,1
417,34,-0.1372187883,0.1818238497,1
417,42,0.2848497629,0.1396899819,1
417,50,0.3365547061,0.1391812414,1
417,58,0.05411089957,-0.04421782494,1
417,66,-0.0822814554,0.05992482603,1
417,74,0.003097012639,0.2245446593,1
417,82,0.05739475787,0.182187736,1
417,90,-0.1057594717,0.1042801142,1
417,98,-0.06488634646,-0.0651255399,1
417,106,0.1082613468,-0.2231616676,1
417,114,-0.006548985839,-0.3785590529,1
417,122,-0.04405600578,-0.1419505924,1
417,130,-0.1570786834,0.1964030266,1
417,138,-0.08554002643,0.1124551594,1
417,146,0.02532741427,0.07824976742,1
417,154,0.07812680304,-0.1458124667,1
417,162,0.08046569675,-0.07183350623,1
417,170,-0.05205732584,0.07705172896,1
