PIVlab, ASCII chart output - 02-Aug-2025
FRAME: 2, filenames: A:[2]FullStack_Pos0035_TgUtrmcherry_K4K8MO-1.avi & B:[3]FullStack_Pos0035_TgUtrmcherry_K4K8MO-1.avi, conversion factor xy (px -> m): 1, conversion factor uv (px/frame -> m/s): 1
x [px],y [px],u [px/frame],v [px/frame],Vector type [-]
9,10,-0.03023666143,0.1585897207,1
9,18,0.1170825362,-0.03135745972,1
9,26,-0.1742806882,0.1469359845,1
9,34,-0.1556758732,-0.03418650478,1
9,42,0.008329764009,0.04252333939,1
9,50,-0.01919409633,0.0339553766,1
9,58,-0.2502505183,-0.1195513755,1
9,66,-0.2027747035,0.01784873009,1
9,74,-0.06142023206,0.02104791999,1
9,82,-0.1195780039,-0.1173631847,1
9,90,-0.1324569881,-0.1313103139,1
9,98,-0.03513246775,-0.130433768,1
9,106,-0.1096432507,-0.0264519006,1
9,114,-0.2594085336,0.08214251697,1
9,122,-0.09101328254,0.3137911856,1
9,130,0.07404869795,0.2177858949,1
9,138,0.05551853776,-0.05737221986,1
9,146,0.06916689128,-0.0706390813,1
9,154,0.01564267278,-0.013990812,1
9,162,0.0002084597945,0.1141028106,1
9,170,-0.0315152891,0.542119503,1
17,10,-0.1812510788,0.01665447652,1
17,18,-0.1398737878,-0.0819446817,1
17,26,-0.1914594769,0.01532543823,1
17,34,-0.186000526,-0.05470164865,1
17,42,-0.0495152846,0.1842202246,1
17,50,-0.08341689408,0.281382978,1
17,58,-0.2710538208,-0.1178645194,1
17,66,-0.2677246332,-0.07455318421,1
17,74,-0.2262639254,-0.03518806398,1
17,82,-0.2576559484,-0.0558404699,1
17,90,-0.1787810475,-0.08739978075,1
17,98,-0.1419983804,-0.1122173816,1
17,106,-0.01913687587,-0.1341214627,1
17,114,0.03019167483,-0.09635311365,1
17,122,-0.04700772464,0.1320833862,1
17,130,-0.1449210942,0.2467629611,1
17,138,-0.1468778402,-0.03761910647,1
17,146,-0.09733921289,0.02746031433,1
17,154,-0.08125004172,0.04131351411,1
17,162,-0.08666469902,0.0281890668,1
17,170,0.05209290981,0.2288100421,1
25,10,0.0805657357,-0.1080195159,1
25,18,-0.02341128141,0.01302674785,1
25,26,-0.07438661158,0.008318811655,1
25,34,0.05345726013,-0.02051389217,1
25,42,-0.1243107319,0.1151093543,1
25,50,-0.1757684648,0.1132125184,1
25,58,-0.1083879173,-0.1036977544,1
25,66,-0.04123599827,-0.155923903,1
25,74,-0.05504573882,-0.1431041956,1
25,82,-0.1864614934,-0.05141150206,1
25,90,-0.171325922,-0.1072971821,1
25,98,-0.1089207828,-0.05357063562,1
25,106,0.1062592864,0.07109077275,1
25,114,-0.003327194601,0.00457463786,1
25,122,-0.09865663946,-0.05671793595,1
25,130,-0.1038240567,0.00505194068,1
25,138,-0.1077695042,-0.05266816542,1
25,146,-0.1004984081,0.07515452802,1
25,154,-0.08302500844,0.1040191352,1
25,162,-0.1203951836,0.0387361832,1
25,170,-0.05831730366,0.03742795438,1
33,10,0.2937842309,-0.08808341622,1
33,18,-0.0270042941,0.04046161473,1
33,26,-0.2875374556,0.08126398921,1
33,34,-0.376114279,0.06304080039,1
33,42,-0.2688682675,0.06779378653,1
33,50,-0.173394382,0.08562381566,1
33,58,-0.1005249918,-0.0638429299,1
33,66,-0.1553726494,-0.09137380123,1
33,74,-0.2065019161,-0.1530789435,1
33,82,-0.1674262732,-0.08533044904,1
33,90,-0.1900814176,-0.09092669189,1
33,98,-0.1955420524,0.001055769622,1
33,106,-0.003805685788,0.04555534571,1
33,114,0.004706710577,-0.09867133945,1
33,122,-0.02934930474,-0.1433239579,1
33,130,-0.1252132952,-0.1177683473,1
33,138,-0.1862881184,-0.0327617228,1
33,146,-0.1710134745,0.08744503558,1
33,154,-0.1679091603,0.07722717524,1
33,162,-0.2091757357,0.0697222501,1
33,170,-0.2621352971,-0.09392721206,1
41,10,-0.03530031815,-0.183743462,1
41,18,-0.06078840047,-0.03254141659,1
41,26,-0.1887007356,0.1399006546,1
41,34,-0.1822332591,0.1485017091,1
41,42,-0.1137068421,0.1066073701,1
41,50,-0.1743770093,0.05787156522,1
41,58,-0.3752737045,0.001611967571,1
41,66,-0.3946605623,0.05132042617,1
41,74,-0.2516841292,-0.09631692618,1
41,82,-0.2428676933,0.00393646583,1
41,90,-0.242665872,0.0243357271,1
41,98,-0.1691587418,0.04865207896,1
41,106,0.01607473195,0.0810348019,1
41,114,-0.02640254796,-0.1726271212,1
41,122,-0.2133687586,-0.1049708351,1
41,130,-0.190717712,-0.09311240911,1
41,138,-0.1361546814,0.02116487175,1
41,146,-0.1530476958,0.09739211202,1
41,154,-0.1169316992,0.1098235175,1
41,162,-0.1648448259,0.07699525356,1
41,170,-0.2527654171,-0.09074039012,1
49,10,-0.1351787746,-0.1524698287,1
49,18,-0.07562106848,-0.1570879817,1
49,26,-0.09124688804,-0.06164765358,1
49,34,-0.1063027382,0.07672330737,1
49,42,-0.129690811,0.2266720235,1
49,50,-0.1613164097,0.05833412707,1
49,58,-0.2049310952,0.03769406304,1
49,66,-0.2864111662,0.01611820608,1
49,74,-0.3650012612,-0.1028968543,1
49,82,-0.285264194,0.06054020673,1
49,90,-0.2644482255,0.09560018778,1
49,98,-0.1462647915,0.102302745,1
49,106,-0.04637348652,0.1778516769,1
49,114,-0.1090478301,0.003933623433,1
49,122,-0.182685256,0.05178461596,1
49,130,-0.1920565963,0.005754716694,1
49,138,-0.1605626792,-0.01880356111,1
49,146,-0.1164218783,0.08191607147,1
49,154,-0.115059182,0.1438754499,1
49,162,-0.156390965,0.06427571177,1
49,170,-0.1415301114,-0.130463019,1
57,10,-0.2074659169,-0.04440969229,1
57,18,-0.0348879844,-0.08654024452,1
57,26,-0.08816681802,-0.02137313038,1
57,34,-0.1181423515,0.003531135619,1
57,42,-0.1220171899,0.06458241493,1
57,50,-0.2140221745,0.1301192492,1
57,58,-0.1676622778,0.157009244,1
57,66,-0.2573075593,0.07614990324,1
57,74,-0.354737103,0.006567778066,1
57,82,-0.2089660913,0.06365673989,1
57,90,-0.2490202338,0.09286798537,1
57,98,-0.2480694354,0.1900376379,1
57,106,-0.180686906,0.312887311,1
57,114,-0.1380015016,0.205389753,1
57,122,-0.07561446726,0.09741279483,1
57,130,-0.1087695509,-0.01573164761,1
57,138,-0.2530284226,-0.2149259746,1
57,146,-0.2334354967,-0.07465282083,1
57,154,-0.2082249969,0.116616942,1
57,162,-0.2110335678,0.06663503498,1
57,170,-0.1424736381,-0.06232284009,1
65,10,-0.2402274907,0.01363235712,1
65,18,-0.1437150538,-0.005290115252,1
65,26,-0.1278927177,0.04507303238,1
65,34,-0.1355609298,0.1583714932,1
65,42,-0.05744953454,0.09756590426,1
65,50,-0.2088746578,0.1133059487,1
65,58,-0.1845810711,0.2706978321,1
65,66,-0.1877288371,0.1931300014,1
65,74,-0.3080963492,0.03975524753,1
65,82,-0.1245092303,0.006843004376,1
65,90,-0.04444698989,-0.00602055341,1
65,98,-0.2391190082,0.2313178778,1
65,106,-0.2979024649,0.3962639272,1
65,114,-0.2674001455,0.2662480175,1
65,122,-0.13462089,-0.01104277372,1
65,130,-0.05726393312,-0.03919631243,1
65,138,-0.1484315544,-0.1065698415,1
65,146,-0.313708365,-0.1160656139,1
65,154,-0.2460538149,0.1350888312,1
65,162,-0.1265797168,0.07782965899,1
65,170,-0.04628907889,0.2363700122,1
73,10,-0.1967371106,0.01763903722,1
73,18,-0.09273897111,-0.1449761093,1
73,26,-0.1365968138,-0.08117710054,1
73,34,-0.3132432401,0.1577684432,1
73,42,-0.2710744143,0.2029898167,1
73,50,-0.2206575274,0.1566846967,1
73,58,-0.3686337769,0.1015606225,1
73,66,-0.3696762919,0.2170989215,1
73,74,-0.3526230752,0.07925692201,1
73,82,-0.03732922673,0.02155663446,1
73,90,-0.05433954298,-0.06088204309,1
73,98,-0.1919414997,0.01615574211,1
73,106,-0.1661650091,0.2318972349,1
73,114,-0.2658641338,0.1168579608,1
73,122,-0.212478444,0.005077518523,1
73,130,-0.05273868144,-0.0352438353,1
73,138,-0.08598721027,-0.05208942294,1
73,146,-0.2540571988,-0.1789686233,1
73,154,-0.3470897675,0.1428152025,1
73,162,-0.192555666,0.09866858274,1
73,170,-0.02985483408,0.2292541414,1
81,10,-0.2774723768,0.003980986774,1
81,18,-0.1007230878,-0.0829116106,1
81,26,-0.002914391458,-0.08844488114,1
81,34,-0.04552923143,0.02227997035,1
81,42,-0.1826020032,0.1761552691,1
81,50,-0.216123715,0.122791037,1
81,58,-0.1595313251,-0.02559387684,1
81,66,-0.156032443,0.03160534799,1
81,74,-0.165803507,0.08453277498,1
81,82,-0.2113541514,0.06460667402,1
81,90,-0.3864449561,0.06721314043,1
81,98,-0.4260749221,-0.04397962242,1
81,106,-0.3309473395,0.1145394593,1
81,114,-0.3222329021,0.1252454072,1
81,122,-0.2525395155,0.008107874542,1
81,130,-0.1539701521,-0.05056769028,1
81,138,-0.1358190477,-0.04244278371,1
81,146,-0.1453273892,-0.1166412234,1
81,154,-0.195853591,0.1244231313,1
81,162,-0.1338325292,0.1057497635,1
81,170,-0.0944917202,0.1234090179,1
89,10,-0.3021498621,0.02195724845,1
89,18,-0.2954455912,-0.0008247047663,1
89,26,-0.1369512975,0.09762343764,1
89,34,0.04155188054,-0.03757086769,1
89,42,0.08835099638,0.02660838887,1
89,50,-0.09717088938,-0.07585406303,1
89,58,-0.1417313665,-0.08506858349,1
89,66,-0.03150311112,-0.1088590696,1
89,74,-0.1127215326,-0.09027332067,1
89,82,-0.2517766058,0.09504055977,1
89,90,-0.3774007261,0.03890899941,1
89,98,-0.3968013823,-0.0328335017,1
89,106,-0.4284765124,0.1055118963,1
89,114,-0.4801297486,0.04641326889,1
89,122,-0.3487578928,0.02787256055,1
89,130,-0.1845851541,-0.1109179035,1
89,138,-0.1562642902,-0.08179950714,1
89,146,-0.1172095835,-0.04756119847,1
89,154,-0.0623794347,0.04214244708,1
89,162,-0.1082380414,0.1247074381,1
89,170,-0.1489986181,0.1479172111,1
97,10,-0.1971016675,-0.05110636353,1
97,18,-0.2144085616,-0.003877677023,1
97,26,-0.1545920372,0.09964603931,1
97,34,-0.1000372469,-0.06953895092,1
97,42,-0.04735021293,0.06020028889,1
97,50,-0.01117183268,-0.0370746851,1
97,58,-0.0464271605,-0.1051885635,1
97,66,-0.1121005416,-0.07722958177,1
97,74,-0.1201458275,0.05297554657,1
97,82,-0.1868184507,0.07440503687,1
97,90,-0.3266333938,-0.07425510138,1
97,98,-0.373565346,-0.1058305576,1
97,106,-0.3727523386,0.1777386516,1
97,114,-0.3436014056,0.03198378161,1
97,122,-0.3821386099,0.01233009994,1
97,130,-0.4101514518,-0.2227500975,1
97,138,-0.09103992581,-0.1934018135,1
97,146,-0.1489019245,-0.06229465455,1
97,154,-0.2151815593,0.01502262428,1
97,162,-0.2180720866,0.14266105,1
97,170,-0.2146939635,0.2017091811,1
105,10,-0.2773233056,-0.04579249769,1
105,18,-0.156554997,0.05388443917,1
105,26,-0.06943388283,0.04778532684,1
105,34,-0.2703211308,-0.06200234592,1
105,42,-0.2626356483,0.002700448036,1
105,50,-0.1244385242,-0.0786640048,1
105,58,-0.2261702418,-0.1165655181,1
105,66,-0.3562178612,0.0560201183,1
105,74,-0.112787962,0.1475157887,1
105,82,-0.1482358426,-0.06459930539,1
105,90,-0.341321677,-0.110540323,1
105,98,-0.4354324639,-0.0982914269,1
105,106,-0.4118160307,0.1445735097,1
105,114,-0.1957456172,0.2199655622,1
105,122,-0.07769089937,0.1766468287,1
105,130,-0.2530041337,-0.1272512525,1
105,138,-0.1382373124,-0.04284834117,1
105,146,-0.1438977569,0.03750757873,1
105,154,-0.2040848881,0.01766282134,1
105,162,-0.2305602431,0.01097737998,1
105,170,-0.3444254398,0.1842131764,1
113,10,-0.3385720253,0.04311459512,1
113,18,-0.2789586782,0.04973938689,1
113,26,-0.2067187726,-0.007729977369,1
113,34,-0.1553739011,-0.06553762406,1
113,42,-0.1886028796,-0.125329718,1
113,50,-0.3920322657,-0.1851007789,1
113,58,-0.3386593461,-0.1474560946,1
113,66,-0.145068571,-0.1619647145,1
113,74,-0.1351639032,0.0719672367,1
113,82,-0.1954056025,-0.07791265845,1
113,90,-0.3637062907,-0.06176637113,1
113,98,-0.4621579647,-0.1123458818,1
113,106,-0.3460017443,0.05679588392,1
113,114,-0.29805848,0.2127538174,1
113,122,-0.2580936849,0.1773952544,1
113,130,-0.2396026254,-0.05755962431,1
113,138,-0.2806089818,-0.00280992873,1
113,146,-0.2279641032,0.1869673729,1
113,154,-0.1898782253,0.05597007275,1
113,162,-0.2676463127,0.01667257026,1
113,170,-0.3187585771,0.1461772919,1
121,10,-0.2634756267,-0.02152246237,1
121,18,-0.2770409882,0.01548573747,1
121,26,-0.2618669271,-0.02099839039,1
121,34,-0.07238423824,-0.1700707525,1
121,42,-0.1055108756,-0.1256142855,1
121,50,-0.3120549917,-0.05778359622,1
121,58,-0.2339362204,-0.160336405,1
121,66,-0.2378947437,-0.2873981595,1
121,74,-0.1977245808,0.05801342055,1
121,82,-0.1850551367,0.02553702891,1
121,90,-0.342761308,0.009755898267,1
121,98,-0.4949863553,-0.003535744734,1
121,106,-0.4027060568,0.05361101776,1
121,114,-0.283688724,0.08724083006,1
121,122,-0.2981641293,0.003874644637,1
121,130,-0.3130380809,-0.02637236193,1
121,138,-0.2779228687,0.01940217242,1
121,146,-0.2778516412,-0.0318300575,1
121,154,-0.3502982855,0.0513310954,1
121,162,-0.4953707159,0.1023308411,1
121,170,-0.4689780772,0.1031958759,1
129,10,-0.3460174203,-0.1464510262,1
129,18,-0.1686036289,-0.08442554623,1
129,26,-0.1855128258,0.01985564083,1
129,34,-0.2007840574,-0.0947323963,1
129,42,-0.1173553765,-0.114233695,1
129,50,-0.1847385764,-0.01135727018,1
129,58,-0.3032699823,-0.08949740231,1
129,66,-0.404276222,-0.1239718944,1
129,74,-0.4248011112,0.1390998363,1
129,82,-0.3637991548,0.02806533687,1
129,90,-0.3616997302,0.02920393646,1
129,98,-0.3762747347,0.06541734189,1
129,106,-0.3442240655,-0.01975268871,1
129,114,-0.3502829671,-0.009924843907,1
129,122,-0.2901450694,-0.02799701691,1
129,130,-0.2633494437,0.01555656828,1
129,138,-0.3514255881,0.06613339484,1
129,146,-0.4025820494,0.03447788954,1
129,154,-0.3699777126,0.1793067902,1
129,162,-0.3572726548,0.1605218947,1
129,170,-0.3094946742,0.02419915795,1
137,10,-0.3145360351,-0.08852657676,1
137,18,-0.1925545335,-0.14937675,1
137,26,-0.2311625481,-0.0232161954,1
137,34,-0.3400270939,-0.01134553924,1
137,42,-0.3920244873,-0.2438131422,1
137,50,-0.3943988681,-0.06228769198,1
137,58,-0.4206625819,0.05448003858,1
137,66,-0.3718195856,-0.08440552652,1
137,74,-0.3039374352,-0.01290911436,1
137,82,-0.3445649147,0.04618787766,1
137,90,-0.3331602812,0.07532975078,1
137,98,-0.1658250093,0.05033606663,1
137,106,-0.2591952682,-0.01573166065,1
137,114,-0.3479673266,-0.08100945503,1
137,122,-0.3760131299,-0.01718840376,1
137,130,-0.3207896352,0.04684571922,1
137,138,-0.3793689907,0.07013364136,1
137,146,-0.3927607834,0.1694669127,1
137,154,-0.2880041599,0.276322633,1
137,162,-0.2305167913,0.1696185768,1
137,170,-0.158438623,0.03334572166,1
145,10,-0.4572384357,-0.1206491143,1
145,18,-0.5152021646,-0.1443282068,1
145,26,-0.3334876001,-0.05145990103,1
145,34,-0.277818203,-0.0003502741456,1
145,42,-0.4277977347,-0.099678047,1
145,50,-0.489884913,0.04779461771,1
145,58,-0.4735692739,0.04744880646,1
145,66,-0.4060993195,0.01212034747,1
145,74,-0.3583693206,-0.06746223569,1
145,82,-0.3535070121,0.06351330876,1
145,90,-0.3214929402,0.08388010412,1
145,98,-0.3370866477,-0.003841429949,1
145,106,-0.3474629521,0.1217937469,1
145,114,-0.2607670426,0.06185569242,1
145,122,-0.2026267648,0.0515348874,1
145,130,-0.3424882889,0.08232729137,1
145,138,-0.3779473305,0.06056135148,1
145,146,-0.3657570481,0.09935159981,1
145,154,-0.2721967101,0.1145381257,1
145,162,-0.2023845613,0.1114938483,1
145,170,-0.2274230123,0.07362191379,1
153,10,-0.3804250062,-0.07268588245,1
153,18,-0.3974849582,-0.02846850455,1
153,26,-0.2331192195,-0.06762418896,1
153,34,-0.3194510937,-0.04280638322,1
153,42,-0.4417418242,0.01915812679,1
153,50,-0.5041671991,0.06893391907,1
153,58,-0.5111451149,0.0211135596,1
153,66,-0.3928691745,0.1445004791,1
153,74,-0.3810323477,-0.0003067925572,1
153,82,-0.4595533013,0.01352178119,1
153,90,-0.4541094601,0.08942757547,1
153,98,-0.3598161042,-0.04258673266,1
153,106,-0.3891560435,0.2162075639,1
153,114,-0.3849303424,0.3371272087,1
153,122,-0.3753961027,0.1185343191,1
153,130,-0.4118351936,0.03411095217,1
153,138,-0.3680658042,0.02671261132,1
153,146,-0.3237085044,0.1310020089,1
153,154,-0.2673640549,0.1837170273,1
153,162,-0.2204720676,0.1051888615,1
153,170,-0.3440968096,0.02703434788,1
161,10,-0.4433637857,0.03900197148,1
161,18,-0.4631669521,0.0427653417,1
161,26,-0.4156774282,-0.08575877547,1
161,34,-0.4970671535,-0.08044137806,1
161,42,-0.5513008833,-0.04326318577,1
161,50,-0.4968490303,-0.0004974678159,1
161,58,-0.467967838,0.02090029418,1
161,66,-0.4449557364,0.1404317021,1
161,74,-0.4813830554,0.02858589217,1
161,82,-0.5480128527,0.07043322176,1
161,90,-0.5537290573,0.110748522,1
161,98,-0.4342346489,-0.009453177452,1
161,106,-0.466137141,0.08846576512,1
161,114,-0.6139655709,0.2187988162,1
161,122,-0.8023256063,0.1373887062,1
161,130,-0.5086756945,-0.03942571953,1
161,138,-0.4631342888,-0.03676963598,1
161,146,-0.3918557763,0.06789778918,1
161,154,-0.2599097192,0.2134164423,1
161,162,-0.2619743347,0.1451657414,1
161,170,-0.459410727,0.02192956582,1
169,10,-0.3183297217,0.01776941121,1
169,18,-0.2564666867,-0.261297673,1
169,26,-0.2707322836,-0.1212770939,1
169,34,-0.3728571534,-0.0053447932,1
169,42,-0.4938891828,-0.01204554923,1
169,50,-0.5904405117,-0.04783410206,1
169,58,-0.5357468128,0.1356491297,1
169,66,-0.5553765297,0.1076570973,1
169,74,-0.5827980042,0.123324126,1
169,82,-0.7036672831,0.1723652631,1
169,90,-0.6642003655,0.1102363393,1
169,98,-0.4778308272,0.06300730258,1
169,106,-0.5846410394,0.06902401894,1
169,114,-0.6756319404,0.1441954374,1
169,122,-0.7265444994,0.1573004276,1
169,130,-0.7186300755,-0.01633435488,1
169,138,-0.4980094135,0.03564655781,1
169,146,-0.365526557,0.02164640278,1
169,154,-0.2925765216,0.1108698994,1
169,162,-0.4233143926,0.0993661806,1
169,170,-0.4519296587,-0.002454429865,1
177,10,-0.3230305016,0.1031067818,1
177,18,-0.2637855411,-0.08469182253,1
177,26,-0.3259569705,-0.1886939108,1
177,34,-0.4078359008,0.07092384994,1
177,42,-0.5076880455,0.0978461802,1
177,50,-0.568721652,0.1764683276,1
177,58,-0.6331820488,0.1708882451,1
177,66,-0.6640298367,0.06247251481,1
177,74,-0.5725659728,0.06303447485,1
177,82,-0.63110286,0.07502652705,1
177,90,-0.6031907201,0.1315586865,1
177,98,-0.4488111734,0.03762871027,1
177,106,-0.4822050929,-0.135143131,1
177,114,-0.5165941715,0.006469503045,1
177,122,-0.5901613235,0.03625310585,1
177,130,-0.4905680716,0.04143183678,1
177,138,-0.3294586539,0.1678588837,1
177,146,-0.2459775507,0.1308859587,1
177,154,-0.3253772259,0.04107329249,1
177,162,-0.3190126419,0.01840811223,1
177,170,-0.2200332582,-0.1296757162,1
185,10,-0.4610346556,0.1707391292,1
185,18,-0.3905716538,-0.05834404379,1
185,26,-0.3277775049,-0.08462747931,1
185,34,-0.4520537853,0.05711018667,1
185,42,-0.6528871059,0.085829705,1
185,50,-0.6232241392,0.1089862809,1
185,58,-0.6695109606,0.09115441889,1
185,66,-0.7143816948,0.07127981633,1
185,74,-0.5686967373,0.001192767173,1
185,82,-0.6145801544,-0.0388148427,1
185,90,-0.5664146543,-0.06416927278,1
185,98,-0.4805879891,-5.509704351e-06,1
185,106,-0.5009199977,-0.1466978639,1
185,114,-0.4082528055,-0.2300349176,1
185,122,-0.4173580408,0.03477026895,1
185,130,-0.3558056951,0.1413590908,1
185,138,-0.2904441953,0.1611355543,1
185,146,-0.289131701,0.1325351894,1
185,154,-0.3635428548,0.07264245301,1
185,162,-0.1661690474,-0.01089865528,1
185,170,-0.1124334931,-0.1115637347,1
193,10,-0.546058476,-0.01628820598,1
193,18,-0.5472974777,-0.04236529768,1
193,26,-0.451186955,0.1104758158,1
193,34,-0.5382819772,0.2102902979,1
193,42,-0.658880949,0.03557128459,1
193,50,-0.4887331724,-0.01808260381,1
193,58,-0.5657536983,0.1911113858,1
193,66,-0.7930636406,0.2324664593,1
193,74,-0.7357049584,0.1037341952,1
193,82,-0.515650034,-0.05655442178,1
193,90,-0.6226611733,-0.03976788372,1
193,98,-0.6610722542,0.0380621925,1
193,106,-0.4663550556,-0.04336351156,1
193,114,-0.3495207131,-0.1797599494,1
193,122,-0.3569610715,0.01098432392,1
193,130,-0.2924356759,0.06583634764,1
193,138,-0.270560503,0.07151319087,1
193,146,-0.3896557689,0.07471930236,1
193,154,-0.3065201044,0.01328740269,1
193,162,-0.1102413535,0.01199610904,1
193,170,-0.002088978887,-0.05642922223,1
201,10,-0.4890585542,-0.08530828357,1
201,18,-0.3106641769,0.07946304232,1
201,26,-0.2897601724,0.1169962436,1
201,34,-0.2929623127,0.1528548747,1
201,42,-0.3949962854,-0.001074325293,1
201,50,-0.537753284,-0.1784286499,1
201,58,-0.4209670722,0.172728911,1
201,66,-0.4917556942,0.3714976013,1
201,74,-0.7250412703,0.396633774,1
201,82,-0.3883286119,0.02471816167,1
201,90,-0.2841414809,-0.07592321932,1
201,98,-0.3441362083,-0.0502763316,1
201,106,-0.3048938513,-0.1083331704,1
201,114,-0.2492043674,-0.2233641446,1
201,122,-0.1862037331,-0.08848970383,1
201,130,-0.2460575402,-0.198935464,1
201,138,-0.2947240472,-0.1314141452,1
201,146,-0.2353340089,-0.06403892487,1
201,154,-0.1631715,-0.09147156775,1
201,162,-0.09216944873,0.02032628097,1
201,170,0.02978317067,0.07525817305,1
209,10,-0.264385879,-0.01209904999,1
209,18,-0.2505062521,0.1847375035,1
209,26,-0.1374273002,0.08446789533,1
209,34,-0.2115087211,0.04060746357,1
209,42,-0.1535204947,-0.03629585728,1
209,50,0.003505080938,-0.3166706264,1
209,58,0.0483944118,-0.1938021332,1
209,66,0.09529483318,0.2845321298,1
209,74,0.003048598766,0.6034909487,1
209,82,-0.08885860443,0.04164787754,1
209,90,0.03840211034,-0.1891180575,1
209,98,0.09786459804,-0.08522865176,1
209,106,0.07169955969,-0.07182808965,1
209,114,0.07579851151,-0.07620982826,1
209,122,0.02536810935,-0.2372922301,1
209,130,-0.1473584622,-0.004611641169,1
209,138,-0.1581441909,-0.07583269477,1
209,146,-0.07444447279,-0.1632624269,1
209,154,-0.1751549691,-0.170366168,2
209,162,-0.4256974757,-0.04460511357,1
209,170,0.06743369997,0.02336409129,1
217,10,0.09642663598,0.001505063847,1
217,18,0.1564089358,0.2206764221,1
217,26,0.4006345868,0.10695526,1
217,34,0.2923391461,0.1017238498,1
217,42,0.1904472411,-0.1460405886,1
217,50,0.3001331389,0.1182442456,1
217,58,0.4115278721,0.08756683767,1
217,66,0.5886979103,-0.01735275984,1
217,74,0.486025393,0.1502154022,1
217,82,0.414495647,-0.0387840867,1
217,90,0.3829435706,0.03710821271,1
217,98,0.3387642503,0.131525591,1
217,106,0.303448379,0.05880551413,1
217,114,0.2609390616,-0.1298882365,1
217,122,0.2111050934,-0.2621301115,1
217,130,0.3146266043,-0.08795465529,1
217,138,0.2587474883,-0.1052965373,1
217,146,0.1085683405,-0.2121530771,1
217,154,-0.03730645031,-0.3821255565,1
217,162,-0.09798026085,-0.1028943062,1
217,170,-0.03045931831,-0.06427959353,1
225,10,0.3724524975,0.08597257733,1
225,18,0.4112014174,0.09948831797,1
225,26,0.6493134499,0.01372291148,1
225,34,0.6211005449,0.1042030826,1
225,42,0.4323721528,0.02715379372,1
225,50,0.3766622841,0.102686055,1
225,58,0.5319084525,0.06424305588,1
225,66,0.7416639328,-0.04460975528,1
225,74,0.6881554723,0.1093897745,1
225,82,0.6997060776,0.01818582416,1
225,90,0.5898035169,0.1753526032,1
225,98,0.4425129592,0.2482616007,1
225,106,0.3944999576,0.07373418659,1
225,114,0.3115396202,-0.1307674646,1
225,122,0.2369604707,-0.1519279778,1
225,130,0.4202772081,-0.07640346885,1
225,138,0.3801078796,-0.06059022993,1
225,146,0.2458993047,-0.1565536261,1
225,154,0.192445308,-0.1817399263,1
225,162,0.04751957953,-0.1580983698,1
225,170,0.05245473981,0.09538653493,1
233,10,0.2719535232,0.2133882791,1
233,18,0.4362325072,-0.004473693669,1
233,26,0.6129689217,-0.03171203658,1
233,34,0.5939151049,0.05781908333,1
233,42,0.5177874565,0.006980717182,1
233,50,0.3626681566,0.08025372773,1
233,58,0.4823460579,0.08567026258,1
233,66,0.602943182,0.05059937388,1
233,74,0.5653553605,0.1827206612,1
233,82,0.573037684,0.1705685705,1
233,90,0.640704751,0.3588514924,1
233,98,0.5203364491,0.2550348938,1
233,106,0.404094547,0.1290262341,1
233,114,0.4640551805,-0.08835630864,1
233,122,0.3428861499,-0.01041914709,1
233,130,0.2749820948,0.1160999164,1
233,138,0.2114560157,0.1047844142,1
233,146,0.2196799964,-0.08446100354,1
233,154,0.2144299448,-0.1197336465,1
233,162,0.08854538202,-0.1758465767,1
233,170,0.1876065135,0.2434782237,1
241,10,0.2700565457,0.1320877373,1
241,18,0.3707343936,-0.08419336379,1
241,26,0.4936709702,0.003739560023,1
241,34,0.595941782,0.05820383877,1
241,42,0.4879710078,-0.09219574928,1
241,50,0.4300787449,0.06877049804,1
241,58,0.502884388,0.1964597851,1
241,66,0.3762158155,0.1720184386,1
241,74,0.4128411412,0.1169477403,1
241,82,0.7409386635,0.1145586073,1
241,90,0.7072356939,0.2210237086,1
241,98,0.4396653771,0.1011884138,1
241,106,0.4267216623,0.08444151282,1
241,114,0.403704077,-0.03323857859,1
241,122,0.3672438562,0.0537548773,1
241,130,0.2226401567,0.0625525713,1
241,138,0.1741888821,-0.06004595757,1
241,146,0.339599669,-0.1066118851,1
241,154,0.1581135392,-0.02902707458,1
241,162,-0.09580823779,0.1059298664,1
241,170,0.1118323803,0.2683541179,1
249,10,0.3402547836,0.07513171434,1
249,18,0.3635520637,-0.003887794912,1
249,26,0.3921962678,0.04043856263,1
249,34,0.6491479874,0.08609537035,1
249,42,0.7242369056,0.009079743177,1
249,50,0.5674628019,0.139701128,1
249,58,0.4233843386,0.1253772676,1
249,66,0.3612861335,0.1427431256,1
249,74,0.4449424446,0.1099898368,1
249,82,0.5084677935,-0.03373155743,1
249,90,0.2868086994,-0.07574991882,1
249,98,0.318105042,0.03869887441,1
249,106,0.4442484081,0.04752438515,1
249,114,0.365976721,0.02283557132,1
249,122,0.310777247,0.1646334231,1
249,130,0.1632372141,0.02974445373,1
249,138,0.08881358802,-0.01499250531,1
249,146,0.2144865096,-0.07595451176,1
249,154,0.2321699858,0.02486427873,1
249,162,0.1190716177,0.3988202214,1
249,170,0.1483279318,0.2450544834,1
257,10,0.2985216379,0.101854682,1
257,18,0.3288164735,0.2670684159,1
257,26,0.3015602827,0.2767887712,1
257,34,0.4253591597,-0.03417714313,1
257,42,0.5749739408,-0.02239131555,1
257,50,0.5120587349,0.1536300033,1
257,58,0.455596745,0.073713772,1
257,66,0.5740506053,0.0704972446,1
257,74,0.4545157254,0.2220864296,1
257,82,0.3143930733,0.02020890266,1
257,90,0.3389109671,-0.1356643736,1
257,98,0.4028371274,0.02850366384,1
257,106,0.388602078,0.06882163137,1
257,114,0.2682245374,0.02398842573,1
257,122,0.07413156331,0.1397114992,1
257,130,0.06815217435,0.2404414862,1
257,138,-0.0004351437092,0.07965288311,1
257,146,-0.07361601293,-0.04229415581,1
257,154,0.1885144114,-0.08123926073,1
257,162,0.3490808308,0.1493462324,1
257,170,0.295460999,0.1837693453,1
265,10,0.2941084206,0.0368340686,1
265,18,0.2745060027,0.1886859089,1
265,26,0.3243031502,0.1437575668,1
265,34,0.2693580687,0.1244910955,1
265,42,0.2944805026,-0.01165305078,1
265,50,0.474078089,0.06447285414,1
265,58,0.3836420476,0.09615385532,1
265,66,0.3992446065,0.1778176129,1
265,74,0.5277628899,0.2628829479,1
265,82,0.4674055278,-0.01479131728,1
265,90,0.4033543468,-0.09590720385,1
265,98,0.3620132506,0.07938204706,1
265,106,0.1706596315,-0.05962838233,1
265,114,0.08532772958,-0.1093911976,1
265,122,0.0854703635,-0.135039404,1
265,130,0.2441166639,0.1253079921,1
265,138,0.2926372588,0.09446080029,1
265,146,0.3831862509,-0.0003950940445,1
265,154,0.3834468722,-0.134119615,1
265,162,0.2586869597,-0.2291406393,1
265,170,0.1362685412,0.104771331,1
273,10,0.3859058022,0.01681198925,1
273,18,0.2456207871,0.0877097249,1
273,26,0.2489973903,0.1001096964,1
273,34,0.2339502871,0.178026408,1
273,42,0.2766049504,0.08868583292,1
273,50,0.3148717582,0.04900849983,1
273,58,0.3087417185,-0.1064607427,1
273,66,0.3035798967,0.0327802822,1
273,74,0.4294195473,0.1874202341,1
273,82,0.4734323919,-0.06064695492,1
273,90,0.4181188345,-0.141956538,1
273,98,0.2641179562,-0.006613377482,1
273,106,0.1974443793,0.02953884564,1
273,114,0.2638370097,0.06452202797,1
273,122,0.32670784,0.2269497067,1
273,130,0.3317617774,0.1708091348,1
273,138,0.3691149354,0.1585753411,1
273,146,0.4018468857,0.0439248085,1
273,154,0.3617986739,0.005478661507,1
273,162,0.2640986145,-0.1185274273,1
273,170,0.08056390285,0.1838797629,1
281,10,0.4487867057,-0.1516153216,1
281,18,0.2770665586,-0.02039205655,1
281,26,0.2629660368,0.1135825217,1
281,34,0.1513816565,0.1204755381,1
281,42,0.1952064931,0.08252464235,1
281,50,0.275783062,0.06519230455,1
281,58,0.3632984459,0.06410265714,1
281,66,0.3628991842,-0.06384293735,1
281,74,0.3763566613,0.03629031032,1
281,82,0.490244329,0.03283163905,1
281,90,0.5441153049,-0.07044014335,1
281,98,0.5344436169,-0.04839600623,1
281,106,0.344452709,0.1220695898,1
281,114,0.2716301978,0.1074180454,1
281,122,0.3047475219,0.1639491618,1
281,130,0.3649332225,0.1928650886,1
281,138,0.396150589,0.2337400615,1
281,146,0.2619363964,0.193949759,1
281,154,0.2951570451,0.08224127442,1
281,162,0.305539012,-0.0230515115,1
281,170,0.09277425706,0.07778797299,1
289,10,0.313524127,-0.3052689731,1
289,18,0.1745640039,-0.09600198269,1
289,26,0.2580038905,0.1186401397,1
289,34,0.3187459707,0.09977735579,1
289,42,0.4133979082,0.03660828248,1
289,50,0.3032506108,0.002620331943,1
289,58,0.2254024148,0.1092281342,1
289,66,0.3254477382,0.02778788656,1
289,74,0.3138173819,-0.03664509207,1
289,82,0.4236457348,0.0510057658,1
289,90,0.512897253,0.02866012603,1
289,98,0.5318724513,0.02829705551,1
289,106,0.4820975363,0.1583500654,1
289,114,0.2999134064,0.07063490152,1
289,122,0.2034536004,0.05441318452,1
289,130,0.2006124556,0.1684435904,1
289,138,0.2127554417,0.1613199711,1
289,146,0.07805547118,0.2114154398,1
289,154,0.1105829775,0.1049728394,1
289,162,0.1126992106,0.09946738929,1
289,170,0.0675124824,-0.09511870146,1
297,10,0.4642179608,-0.1909185052,1
297,18,0.2479200959,-0.0009517949075,1
297,26,0.1730836928,0.09379547834,1
297,34,0.410346508,0.03214725107,1
297,42,0.4867067635,-0.1269333959,1
297,50,0.367531538,-0.09330894053,1
297,58,0.2468267977,-0.002902530134,1
297,66,0.3012402952,0.08640174568,1
297,74,0.32503286,0.0869096294,1
297,82,0.3734919131,0.1417057514,1
297,90,0.4976054728,0.07467597723,1
297,98,0.3733524382,0.01280799508,1
297,106,0.4778551757,0.1697410792,1
297,114,0.3867300749,0.05565468967,1
297,122,0.2625783086,0.0928125456,1
297,130,0.2646868825,0.1731996238,1
297,138,0.2081184983,0.1166835353,1
297,146,0.141136229,0.08149947226,1
297,154,0.1728013456,0.07545439899,1
297,162,0.2168158889,0.05467850715,1
297,170,0.1298884153,-0.1464583874,1
305,10,0.363004446,-0.07800269127,1
305,18,0.2625024021,0.1220604256,1
305,26,0.1853439808,0.2037154436,1
305,34,0.1911184788,0.01116722822,1
305,42,0.2284123898,0.03460147604,1
305,50,0.246555984,0.04047476128,1
305,58,0.2986873984,-0.003685213625,1
305,66,0.361033529,0.0781429112,1
305,74,0.3188873827,-0.001355044544,1
305,82,0.3364445865,0.1758473366,1
305,90,0.3610863984,0.1628125161,1
305,98,0.3245868087,-0.1221571714,1
305,106,0.2943111956,0.005783885717,1
305,114,0.3378875256,0.2094195485,1
305,122,0.3427197337,0.08351300657,1
305,130,0.4192231297,-0.02042278647,1
305,138,0.4300114512,0.104615286,1
305,146,0.3920020163,0.04973974824,1
305,154,0.2454210222,0.06042080373,1
305,162,0.0806363821,0.01025859267,1
305,170,0.2299374342,0.06305349618,1
313,10,0.1824355423,0.01976311952,1
313,18,0.280164212,0.06118001044,1
313,26,0.2605731785,0.2270007581,1
313,34,0.1713685393,0.0730927214,1
313,42,0.2661012411,0.1598388851,1
313,50,0.3044095933,0.07045991719,1
313,58,0.1878861934,-0.027048897,1
313,66,0.1832139045,0.09969674051,1
313,74,0.2949090898,0.08011484891,1
313,82,0.3151273131,0.1391694546,1
313,90,0.2832085788,0.1682252884,1
313,98,0.2144885361,-0.01848232001,1
313,106,0.04908964038,0.006985999644,1
313,114,0.09272354841,0.1525146365,1
313,122,0.3472644985,0.07971666008,1
313,130,0.3911340833,0.01352488995,1
313,138,0.347217381,0.1236694828,1
313,146,0.4125312269,0.03597906977,1
313,154,0.2850892842,0.0581612885,1
313,162,0.2337394059,0.09394827485,1
313,170,0.4287280142,0.1932933629,1
321,10,0.0660059005,0.0402924791,1
321,18,0.04669554532,0.07225188613,1
321,26,0.07937374711,0.1051547825,1
321,34,0.2290161848,0.05373007059,1
321,42,0.2891952395,0.07555312663,1
321,50,0.3993494213,-0.04201419652,1
321,58,0.2111068666,-0.06321975589,1
321,66,0.1524338573,0.2716525793,1
321,74,0.3108535409,0.1769647002,1
321,82,0.3422515392,0.1247769669,1
321,90,0.3524623513,0.1193849817,1
321,98,0.1634146273,0.07776010782,1
321,106,0.1841965765,0.05160254985,1
321,114,0.1346595883,0.01985818148,1
321,122,0.2224865556,0.08827725053,1
321,130,0.3453491032,0.2279011011,1
321,138,0.3484650254,0.1611133963,1
321,146,0.3458502889,0.1541367769,1
321,154,0.3411677182,0.09234413505,1
321,162,0.3574025035,0.06560385972,1
321,170,0.4412997067,0.1775715649,1
329,10,0.08801585436,0.03621831536,1
329,18,-0.0308817327,0.04985181987,1
329,26,0.02155575156,0.03686691821,1
329,34,0.3070721626,-0.001561760902,1
329,42,0.3796589375,0.008849062026,1
329,50,0.3442679942,-0.03325456753,1
329,58,0.2346151173,0.09081523865,1
329,66,0.2014222592,0.1804985702,1
329,74,0.1861815751,0.1314613223,1
329,82,0.1274930835,0.05682201684,1
329,90,0.237949878,0.08742782474,1
329,98,0.3575465977,0.0986764431,1
329,106,0.2595804334,0.04854005203,1
329,114,0.1954638511,0.07628394663,1
329,122,0.1351213902,0.1392940432,1
329,130,0.1677928865,0.201121822,1
329,138,0.1156409234,0.09796503186,1
329,146,0.1976885051,0.1503941268,1
329,154,0.3169749081,0.1871114373,1
329,162,0.3258040249,0.08787236363,1
329,170,0.3552958369,0.1303299963,1
337,10,0.4359137416,-0.1330455244,1
337,18,0.1369632185,-0.1073034257,1
337,26,0.1549157053,-0.02108112723,1
337,34,0.1963606626,-0.1286137551,1
337,42,0.2554279566,-0.006546072662,1
337,50,0.3383724689,-0.02551584318,1
337,58,0.1676764488,0.2111618519,1
337,66,0.04337969422,0.07515285909,1
337,74,0.1997487545,-0.02732879668,1
337,82,0.09162974358,-0.04707895964,1
337,90,0.04666614532,0.0834069103,1
337,98,0.1691357195,0.03045996651,1
337,106,0.256177932,-0.04168849438,1
337,114,0.3655130863,0.01271262765,1
337,122,0.3087154031,0.01660644636,1
337,130,0.2223187089,-0.009147897363,1
337,138,0.1950240731,0.02386473119,1
337,146,0.1953657269,0.1237195134,1
337,154,0.2456873059,0.1913380772,1
337,162,0.2036376745,0.1372789592,1
337,170,0.2017604113,0.008611507714,1
345,10,0.2951022983,-0.2325799614,1
345,18,0.1582742482,-0.1439365149,1
345,26,0.1025942117,-0.07349170744,1
345,34,0.2059583664,-0.1628722996,1
345,42,0.3088160753,0.1745712161,1
345,50,0.3135855496,0.1089406013,1
345,58,0.1929687858,0.06594354659,1
345,66,0.07039271295,0.04087390006,1
345,74,0.02472504973,-0.1565187275,1
345,82,0.0256581828,-0.09004385769,1
345,90,0.1283358186,0.04787139222,1
345,98,0.1963335723,0.03031495959,1
345,106,0.2747653425,-0.07425278425,1
345,114,0.3122696877,0.04307833314,1
345,122,0.2848017812,-0.05628766865,1
345,130,0.3630353212,0.01500675082,1
345,138,0.2663043141,0.08554605395,1
345,146,0.1753588915,0.1805412471,1
345,154,0.2994968295,0.214148134,1
345,162,0.1767416596,0.1508746594,1
345,170,0.09374932945,0.02581683919,1
353,10,0.2459090948,-0.2128708363,1
353,18,0.1585979909,-0.2208355665,1
353,26,0.1558173746,-0.1011849195,1
353,34,0.2974108458,0.05970554799,1
353,42,0.3142567277,0.175457418,1
353,50,0.3043103814,0.09946013987,1
353,58,0.2383482754,0.01241379604,1
353,66,0.1413354874,-0.03544741124,1
353,74,-0.005698695779,-0.0836744383,1
353,82,-0.1000978798,-0.01059440337,1
353,90,0.2650126219,-0.0007036775351,1
353,98,0.3603634536,0.01608929597,1
353,106,0.2680712044,-0.02550503239,1
353,114,0.1449901462,0.05900320411,1
353,122,0.2034540325,-0.02680323273,1
353,130,0.1968843639,0.1052389145,1
353,138,0.1227003187,0.1449948549,1
353,146,0.09406381845,0.1424646974,1
353,154,0.02906557918,0.1988797039,1
353,162,-0.07389768213,0.07165911794,1
353,170,-0.1107516214,-0.05577912182,1
361,10,0.1401566267,-0.2596018314,1
361,18,0.1578879356,-0.1829553843,1
361,26,0.1922682375,-0.02681949735,1
361,34,0.267863512,0.159207046,1
361,42,0.2202071398,0.09503953159,1
361,50,0.1946088672,0.01756295562,1
361,58,0.3273550272,-0.01190072298,1
361,66,0.412460506,0.1228642613,1
361,74,0.2100581825,0.07516179234,1
361,82,0.06055702269,-0.03592932224,1
361,90,0.1723114997,-0.0767621547,1
361,98,0.3079687059,-0.01498753205,1
361,106,0.1974602938,0.03940326348,1
361,114,0.1980081201,-0.002650577575,1
361,122,0.2299848348,-0.004381686449,1
361,130,-0.01072622836,0.105591394,1
361,138,0.04669122398,0.1305468529,1
361,146,0.1599103063,0.1249383092,1
361,154,0.1286141276,0.2015972137,1
361,162,-0.006912708282,-0.09485463798,1
361,170,0.02035528794,-0.2474424243,1
369,10,0.0420101136,-0.08926521242,1
369,18,0.2115672231,-0.1333892196,1
369,26,0.201480642,-0.02720291913,1
369,34,0.1780190468,0.1049589217,1
369,42,0.2043741792,-0.1382742226,1
369,50,0.1895096153,0.1338967085,1
369,58,0.2847776413,0.09405459464,1
369,66,0.4354388714,0.112541005,1
369,74,0.3792470992,0.1700354517,1
369,82,0.1305030435,0.05751822889,1
369,90,0.03614583611,-0.02848060429,1
369,98,0.05693709105,0.1562806815,1
369,106,-0.02559456229,0.2097534239,1
369,114,0.2480340153,0.004139538854,1
369,122,0.1950033307,0.01338905096,1
369,130,0.01281909645,0.09082310647,1
369,138,0.04967644811,0.07599589974,1
369,146,0.1806836724,0.05281680077,1
369,154,0.03859902918,0.3100999594,1
369,162,0.1049375832,-0.1021958888,1
369,170,0.1490542889,-0.2165408432,1
377,10,0.06256470084,0.02510147169,1
377,18,0.01773773134,-0.08303458244,1
377,26,0.1030107811,-0.1683550477,1
377,34,0.07431128621,-0.04005665705,1
377,42,0.2085933238,0.002081401646,1
377,50,0.294703275,0.1444783807,1
377,58,0.212597087,0.1956901997,1
377,66,0.1235086471,0.1456783861,1
377,74,0.1644781679,0.1133189499,1
377,82,0.138789624,0.1382090598,1
377,90,0.09884931892,0.1212452203,1
377,98,0.1476593167,0.1300779581,1
377,106,0.163209796,0.1965105385,1
377,114,0.1926739067,0.0277877748,1
377,122,0.1613736451,0.0377475135,1
377,130,0.1433642954,0.08164475113,1
377,138,0.2303323448,0.02965492383,1
377,146,0.2627413273,0.0146015361,1
377,154,0.2172138244,0.09175373614,1
377,162,0.2276235521,-0.04166396707,1
377,170,0.1514714807,-0.01855856925,1
385,10,0.001074209809,-0.05478939414,1
385,18,-0.06257605553,0.07378083467,1
385,26,-0.007482886314,0.100817129,1
385,34,0.08242863417,-0.0285249576,1
385,42,0.1679131091,-0.0002086013556,1
385,50,0.3441664875,0.1311182231,1
385,58,0.2206525356,0.2545181215,1
385,66,0.07897844911,0.1569141597,1
385,74,0.1300926358,0.0847434327,1
385,82,0.2309355885,0.09979670495,1
385,90,0.1487098038,0.05634997413,1
385,98,0.1406839788,-0.06058011577,1
385,106,0.1806613058,0.07519578934,1
385,114,0.2416087389,0.01558662951,1
385,122,0.1726972461,0.02101475,1
385,130,0.1427284926,0.04364269227,1
385,138,0.2363810986,-0.08034750074,1
385,146,0.2443878353,-0.004321061075,1
385,154,0.2204057872,0.0831310004,1
385,162,0.2041007131,0.03817170858,1
385,170,0.15704,0.07432111353,1
393,10,-0.07257673144,-0.004396040924,1
393,18,0.1169712022,0.02841403708,1
393,26,0.1975711286,0.1143748984,1
393,34,0.1590931714,-0.05216608942,1
393,42,0.2051973641,-0.1527771205,1
393,50,0.1863695979,-0.06554527581,1
393,58,0.08116437495,0.09649323672,1
393,66,0.05298806727,0.1493745148,1
393,74,0.05035690963,0.1477576792,1
393,82,0.2097662985,-0.1077039838,1
393,90,0.1578557491,-0.08438166976,1
393,98,0.1518725753,-0.1207337081,1
393,106,0.2987337112,0.184438318,1
393,114,0.2871001959,-0.04579078779,1
393,122,0.2046643943,-0.01933202893,1
393,130,0.04686158895,0.02003633231,1
393,138,0.1985813975,-0.1482447833,1
393,146,0.2313027829,-0.1190784797,1
393,154,0.2231683433,0.0458435975,1
393,162,0.2057050467,0.05815283954,1
393,170,0.1146442145,0.1567194909,1
401,10,-0.3081941307,-0.08561193198,1
401,18,-0.003112066537,-0.1059686095,1
401,26,0.1456107199,-0.1369884163,1
401,34,0.1139194965,0.142428875,1
401,42,0.1753106713,-0.06251181662,1
401,50,0.1113868952,-0.2489180267,1
401,58,-0.01663496345,0.006592191756,1
401,66,-0.01739484072,0.1899254173,1
401,74,0.05472642183,0.2160644233,1
401,82,0.367357403,-0.04492487758,1
401,90,0.4578614831,0.1159361005,1
401,98,0.2776141763,0.08083814383,1
401,106,0.3807113469,-0.02905894071,1
401,114,0.2065032274,-0.0823867172,1
401,122,0.1243252158,0.0009079184383,1
401,130,0.1624451578,0.05018225685,1
401,138,0.2192400098,-0.01454984397,1
401,146,0.1657680273,-0.08852793276,1
401,154,0.0938539952,-0.03618913889,1
401,162,0.05344405025,0.05472943187,1
401,170,0.05557440221,0.1630352139,1
409,10,-0.07860833406,-0.2031604052,1
409,18,0.07397892326,-0.04452505335,1
409,26,0.1285842955,-0.04439541698,1
409,34,0.2091026604,0.1156299114,1
409,42,0.168486312,0.2143674195,1
409,50,0.1581130624,0.1782373935,1
409,58,0.2455257326,0.06226252019,1
409,66,0.1562376916,0.1344381124,1
409,74,-0.0349625051,0.1779490858,1
409,82,0.156294629,0.3137143254,1
409,90,0.1821382195,0.2769316435,1
409,98,0.02893449366,0.1963448673,1
409,106,0.03193928301,0.1207983196,1
409,114,-0.02121418715,0.06173351407,1
409,122,0.08385461569,0.06579001248,1
409,130,0.2043896019,0.1310042441,1
409,138,0.1824506521,0.1467607766,1
409,146,0.1944301128,-0.002084454522,1
409,154,0.02726657689,-0.05815153196,1
409,162,-0.05575445294,0.01141303405,1
409,170,0.07620720565,0.1618269235,1
417,10,0.03731372952,-0.3041508198,1
417,18,0.369854033,0.2154307663,1
417,26,0.2827214599,0.3019803762,1
417,34,0.4039708078,0.07045570016,1
417,42,0.3053359389,0.2039322853,1
417,50,0.1439594626,0.1349338889,1
417,58,0.2527864873,0.01884825528,1
417,66,0.2441886961,0.06903895736,1
417,74,0.07351393253,0.1862044036,1
417,82,-0.09148181975,0.2526049018,1
417,90,-0.3045642674,0.3089323044,1
417,98,-0.2865929604,0.2864241004,1
417,106,-0.116791442,0.2993457317,1
417,114,0.0001904368401,0.1907780468,1
417,122,0.1389814913,0.09080521762,1
417,130,0.1792542487,0.194534272,1
417,138,0.1520202309,0.1737019867,1
417,146,0.07275467366,0.06513154507,1
417,154,0.03633569181,-0.06428815424,1
417,162,0.02563793957,-0.1467880011,1
417,170,0.1565414071,-0.06873951852,1
