PIVlab, ASCII chart output - 02-Aug-2025
FRAME: 235, filenames: A:[235]FullStack_Pos0035_TgUtrmcherry_K4K8MO-1.avi & B:[236]FullStack_Pos0035_TgUtrmcherry_K4K8MO-1.avi, conversion factor xy (px -> m): 1, conversion factor uv (px/frame -> m/s): 1
x [px],y [px],u [px/frame],v [px/frame],Vector type [-]
9,10,0.3582170606,0.2770195305,1
9,18,0.01414424554,-0.2279342115,1
9,26,0.02608465031,-0.3794007599,1
9,34,0.1308400631,-0.2170982361,1
9,42,0.02585341036,-0.05608451366,1
9,50,0.08817200363,0.09533724189,1
9,58,0.1833087653,-0.06895419955,1
9,66,0.1085152179,-0.1270499825,1
9,74,0.04069778323,-0.001410443336,1
9,82,-0.1213885844,0.07957104594,1
9,90,-0.1103689671,0.1267394125,1
9,98,-0.02429896593,0.1501549184,1
9,106,-0.08611598611,0.04689402878,1
9,114,-0.02144170739,0.0959905535,1
9,122,0.07796770334,0.1804674417,1
9,130,0.01473115385,0.233170256,1
9,138,-0.02883636951,0.08407212794,1
9,146,-0.1665620506,-0.1384806037,1
9,154,-0.261423111,-0.009295742959,1
9,162,0.0009963214397,-0.002502679825,1
9,170,0.3110525012,0.04193498194,1
17,10,0.1958621889,0.1127352789,1
17,18,0.01397412643,-0.1130643338,1
17,26,-0.04303268343,-0.1426868439,1
17,34,-0.02184727043,-0.09480501711,1
17,42,-0.02497335523,0.006247788668,1
17,50,-0.04349786788,0.0008775889874,1
17,58,0.01985570043,-0.1361540705,1
17,66,0.01081512868,-0.05569432676,1
17,74,-0.04683467001,0.1386444718,1
17,82,-0.01096868515,0.0963525176,1
17,90,-0.02360534668,-0.006504923105,1
17,98,-0.1290889829,-0.008460609242,1
17,106,-0.2184105515,-0.02342554927,1
17,114,-0.07481294125,-0.01488654688,1
17,122,-0.01269647479,0.04874628782,1
17,130,0.01067521796,-0.03440817446,1
17,138,-0.03604072332,-0.1506181955,1
17,146,-0.1311971545,-0.1194954515,1
17,154,-0.08669214696,0.130072549,1
17,162,-0.02743873373,0.06143879145,1
17,170,0.05640521646,-0.06872306764,1
25,10,0.003309078515,-0.07789495587,1
25,18,0.06687511504,0.09456927329,1
25,26,-0.02464454994,0.1475263089,1
25,34,-0.08545356244,-0.03360997513,1
25,42,-0.03827704117,-0.01746247895,1
25,50,-0.01936968043,-0.1045590341,1
25,58,0.0555354543,-0.1443796903,1
25,66,0.08378018439,0.05623294413,1
25,74,0.01601859555,0.2769605517,1
25,82,-0.01419756934,0.1142177358,1
25,90,0.00568800047,0.0260778442,1
25,98,-0.09482124448,-0.04285943508,1
25,106,-0.159794271,-0.08000998199,1
25,114,-0.07562480867,0.03674976528,1
25,122,-0.0663465187,0.02890415303,1
25,130,0.02229831554,-0.06297192723,1
25,138,0.04044379666,-0.105507277,1
25,146,-0.01615955681,0.03048466146,1
25,154,0.03718048334,0.1533040702,1
25,162,0.02421613038,0.1517336369,1
25,170,-0.1058378518,0.01987884939,1
33,10,-0.03687149659,-0.2467026114,1
33,18,-0.00116937235,0.03380624205,1
33,26,0.1034297347,0.1978898644,1
33,34,0.1272598356,0.1459170431,1
33,42,0.01443738677,0.05126876011,1
33,50,-0.03485675901,-0.1288042665,1
33,58,0.05611248687,-0.06549987197,1
33,66,0.004657426849,0.0463584587,1
33,74,-0.02881879359,0.1273996383,1
33,82,0.04877933487,0.004028145224,1
33,90,0.06768785417,0.04453760386,1
33,98,0.07770877331,0.07980055362,1
33,106,-0.0358980149,-0.02993503399,1
33,114,-0.08513974398,0.03174064681,1
33,122,-0.06666973978,0.02372195944,1
33,130,-0.02822242863,0.05772978067,1
33,138,-0.01984000579,0.06619855762,1
33,146,-0.08740094304,0.0679243505,1
33,154,-0.1243002936,0.09425634891,1
33,162,-0.03856056929,0.02347901464,1
33,170,0.04309052974,0.05594122037,1
41,10,-0.005925619975,-0.1338625997,1
41,18,-0.09331715107,-0.0554147698,1
41,26,0.04719919711,0.09684414417,1
41,34,0.2106418014,0.1289453804,1
41,42,0.2415781021,0.1014034003,1
41,50,0.1040919423,-0.08720317483,1
41,58,0.05975972116,-0.02661683783,1
41,66,0.02066593431,-0.0149907954,1
41,74,-0.01048433408,-0.04240725189,1
41,82,0.05593097955,-0.01916613802,1
41,90,0.09742818028,0.04593671486,1
41,98,0.004691883922,0.06582722813,1
41,106,-0.08349485695,0.0952681154,1
41,114,-0.05602811277,0.04893997312,1
41,122,0.004593960941,0.02959139645,1
41,130,0.1418381184,0.150259316,1
41,138,0.1438894272,0.200998053,1
41,146,-0.05480650812,0.03976599127,1
41,154,-0.06380160153,-0.03452581912,1
41,162,-0.03675230592,-0.1031857729,1
41,170,-0.1562953591,0.08593950421,1
49,10,0.09764239192,-0.06295532733,1
49,18,-0.1713884771,-0.04996972531,1
49,26,-0.2020545304,0.05846375972,1
49,34,-0.02230706811,0.1460164189,1
49,42,0.01800224371,0.1776431203,1
49,50,0.05957080796,-0.002479385585,1
49,58,0.2350183129,-0.007465293631,1
49,66,0.2540200055,-0.02766072378,1
49,74,0.07018493116,-0.06662243605,1
49,82,0.1768914163,0.1589560211,1
49,90,0.1056103855,0.180467099,1
49,98,-0.1287762076,0.06204872578,1
49,106,-0.08528775722,0.06577838957,1
49,114,-0.05182113498,0.01519071683,1
49,122,0.0426492095,0.0975830555,1
49,130,0.1374020576,0.2634792924,1
49,138,0.1296592206,0.3802649081,1
49,146,-0.01700959355,0.06353147328,1
49,154,-0.07830134034,0.01248406246,1
49,162,-0.102221325,-0.0219687745,1
49,170,-0.1779802442,0.04518126696,1
57,10,0.1859981418,-0.09322679788,1
57,18,-0.02797650173,0.03247838467,1
57,26,-0.1466562003,0.09640579671,1
57,34,-0.02761974931,0.09422757477,1
57,42,-0.01064655744,0.1889494658,1
57,50,0.01403171383,0.06389428675,1
57,58,0.03779364005,-0.01086846646,1
57,66,0.03925605118,-0.08299164474,1
57,74,0.0574372001,-0.1696423143,1
57,82,0.03366811574,0.1295203567,1
57,90,-0.04083871469,0.2791084647,1
57,98,-0.07316969335,0.04581780732,1
57,106,-0.08678434044,-0.01020616479,1
57,114,-0.1391718388,-0.06617637724,1
57,122,-0.05741305649,0.001647844911,1
57,130,-0.080250673,0.265376389,1
57,138,-0.09118162841,0.2521966696,1
57,146,-0.08489323407,0.07110501081,1
57,154,-0.09085793793,0.04587738961,1
57,162,-0.1298249364,-0.07973875105,1
57,170,-0.1321417838,-0.1750407219,1
65,10,-0.0511757955,-0.1148951426,1
65,18,-0.06358022988,0.1123092547,1
65,26,-0.1527751088,0.04222345352,1
65,34,-0.09350824356,0.05073711276,1
65,42,-0.01828026026,0.07161839306,1
65,50,-0.005375422537,-0.00902153179,1
65,58,0.02648346499,0.110384427,1
65,66,0.02244735137,0.1544443667,1
65,74,0.09912636876,-0.06099789217,1
65,82,0.08202887326,0.0003974847496,1
65,90,-0.01446637884,-1.22860074e-05,1
65,98,-0.02121250331,-0.000823520124,1
65,106,-0.05358968675,-0.06859894097,1
65,114,-0.005188908428,-0.04020321369,1
65,122,0.01028084382,-0.04202032834,1
65,130,-0.1033434346,0.02026402205,1
65,138,-0.1191562638,0.0783547312,1
65,146,-0.06570422649,0.102979809,1
65,154,-0.0921767652,0.08686317503,1
65,162,-0.05305316299,0.007992583327,1
65,170,-0.0399895981,-0.1253078133,1
73,10,0.2116042972,0.1435223967,1
73,18,0.2435853183,0.1229337007,1
73,26,0.08950956166,0.1754576117,1
73,34,-0.09008674324,0.1936069131,1
73,42,-0.2470988631,-0.01836911961,1
73,50,-0.1101697758,-0.09829498827,1
73,58,0.002879404463,0.03751910478,1
73,66,0.009878501296,0.1654677689,1
73,74,-0.004412893206,0.1212121844,1
73,82,0.007951386273,0.03599974513,1
73,90,0.03180631995,-0.09701619297,1
73,98,0.05367703736,-0.05152112246,1
73,106,0.06279366463,-0.04702192917,1
73,114,0.05748856813,0.02913594991,1
73,122,0.02570874989,0.08572185785,1
73,130,-0.07764531672,-0.07397598028,1
73,138,-0.05808774382,-0.003473669291,1
73,146,-0.006889827549,0.07147434354,1
73,154,0.0434999913,0.09095282108,1
73,162,0.07277543843,0.09608929604,1
73,170,0.03672162443,0.0241962038,1
81,10,0.2154199481,0.006392918527,1
81,18,0.1719640195,0.0712498799,1
81,26,0.1350124478,0.2510281205,1
81,34,-0.001895271242,0.262419492,1
81,42,-0.06237504259,0.01941674203,1
81,50,-0.0758285597,-0.02094422281,1
81,58,-0.03675911948,0.06326406449,1
81,66,-0.05443178862,0.1731385887,1
81,74,-0.006425127387,0.1814068556,1
81,82,-0.02791060507,0.0382225588,1
81,90,-0.009693924338,0.0365428552,1
81,98,0.05631487817,0.0348142758,1
81,106,0.08838310838,0.0362201035,1
81,114,0.07502397895,0.03035594337,1
81,122,0.04838954657,-0.001641489565,1
81,130,-0.01060284674,-0.1466528773,1
81,138,-0.09855034947,-0.03212237358,1
81,146,-0.03862672299,-0.03548851237,1
81,154,-0.04010896385,-0.02594607323,1
81,162,-0.009053334594,0.06133788079,1
81,170,-0.01234087069,0.1164783463,1
89,10,-0.0175820142,-0.2316222936,1
89,18,0.04562567174,-0.09400165081,1
89,26,0.1850937009,0.1115709171,1
89,34,0.08934782445,0.04376059771,1
89,42,0.2061348706,-0.07811754197,1
89,50,-0.01711686514,-0.1984227747,1
89,58,-0.2111175507,0.1075825393,1
89,66,-0.109602347,0.2172382176,1
89,74,-0.119043082,0.1771519333,1
89,82,-0.224568516,-0.06829555333,1
89,90,-0.1974063814,-0.06272165477,1
89,98,-0.07089690864,0.1041833386,1
89,106,0.01494340412,0.09116121382,1
89,114,-0.05299922824,-0.0479221493,1
89,122,-0.09780825675,-0.1113701537,1
89,130,0.01400133967,0.009857166559,1
89,138,0.01209416986,0.02910373919,1
89,146,-0.007907321677,-0.03520311415,1
89,154,-0.044961676,0.002304635942,1
89,162,-0.02848262526,0.08657374978,1
89,170,0.01599524356,0.1029510647,1
97,10,-0.2185786813,-0.2145295739,1
97,18,0.0007999241352,-0.1972857118,1
97,26,0.1028402448,-0.1252673268,1
97,34,-0.02983896434,-0.0322617963,1
97,42,0.0183628723,-0.126357615,1
97,50,-0.05998087674,-0.3914735615,1
97,58,-0.1946132779,-0.0375514105,1
97,66,-0.1604456604,0.1337379366,1
97,74,-0.1781557798,0.1874373406,1
97,82,-0.1769291908,0.2276618183,1
97,90,-0.1452510059,0.06081989035,1
97,98,-0.1205850244,0.04788377509,1
97,106,-0.05471367389,-0.004988376051,1
97,114,-0.1144784838,-0.0457765758,1
97,122,-0.09594942629,-0.0345658958,1
97,130,0.02886331826,0.118161045,1
97,138,0.08298742771,0.05197037384,1
97,146,0.04395357892,0.1811997592,1
97,154,0.06588534266,0.1781650931,1
97,162,0.02407475933,0.1440838724,1
97,170,0.02763674222,-0.008050233126,1
105,10,-0.3725183606,-0.1974407732,1
105,18,-0.2498571873,-0.1674498022,1
105,26,0.05484775454,-0.169476524,1
105,34,0.05173541605,-0.07497766614,1
105,42,0.02194843441,-0.08657999337,1
105,50,-0.01318576373,-0.1354898214,1
105,58,0.003958873451,-0.01460889168,1
105,66,-0.001345895231,0.03959515691,1
105,74,-0.1038834602,0.1958776265,1
105,82,-0.1297521293,0.217938602,1
105,90,-0.1306506395,0.2194775045,1
105,98,-0.03619432077,0.002911387011,1
105,106,-0.01779149473,-0.02272202075,1
105,114,-0.08815530688,-0.04937333986,1
105,122,-0.09171549231,0.009295050055,1
105,130,-0.02963542379,0.04895316064,1
105,138,0.02476942912,0.0361141786,1
105,146,0.146851182,0.3970732689,1
105,154,0.1690613925,0.1642785072,1
105,162,0.09704171866,0.04148258269,1
105,170,0.01197247952,-0.08789712191,1
113,10,-0.205945909,-0.00696772337,1
113,18,-0.1972262263,-0.1262008697,1
113,26,-0.09196864069,-0.1282916367,1
113,34,-0.07029033452,-0.09330759197,1
113,42,-0.1112672985,-0.04606132954,1
113,50,0.07679840922,0.03723853081,1
113,58,0.05632524565,0.05348115042,1
113,66,-0.01081509143,-0.288864255,1
113,74,-0.03376931697,-0.06453180313,1
113,82,0.03152372688,0.04292506725,1
113,90,0.00567266345,0.03974159807,1
113,98,-0.01571490616,0.03054236993,1
113,106,0.02682411857,-0.05463473126,1
113,114,-0.009008826688,-0.1827905178,1
113,122,0.1658533663,-0.2068371028,1
113,130,0.2427559197,0.06632345915,1
113,138,0.2830442488,0.1259330362,1
113,146,-0.05708467215,0.2980128527,1
113,154,-0.09314407408,0.02493905276,1
113,162,0.06595111638,-0.1233440116,1
113,170,0.1077918708,-0.2508469224,1
121,10,-0.100584954,0.01344034821,1
121,18,0.04807222262,-0.09952215105,1
121,26,0.1240701079,-0.2152889222,1
121,34,0.006364360452,-0.1148050874,1
121,42,-0.003107193857,-0.0278644748,1
121,50,0.05672244728,0.02859821357,1
121,58,0.08467547596,0.03015463427,1
121,66,0.0498325862,-0.1290489435,1
121,74,-0.01726960763,-0.05703040957,1
121,82,0.03075572476,0.1390769929,1
121,90,0.006289393641,0.08153705299,1
121,98,-0.04872456938,0.0002435790375,1
121,106,0.006345652044,-0.1029633582,1
121,114,0.04724022001,-0.1877419949,1
121,122,0.0783264488,-0.0112373475,1
121,130,0.150459826,0.1905859411,1
121,138,0.07024663687,0.1353272796,1
121,146,-0.09856454283,0.1452884376,1
121,154,-0.1242637187,0.03008966148,1
121,162,0.001603945624,-0.1107052118,1
121,170,0.006374897435,-0.2436934263,1
129,10,-0.09652924538,0.06764358282,1
129,18,0.1251846403,-0.05475514382,1
129,26,0.1105967984,-0.1784552187,1
129,34,0.0501839146,-0.07063758373,1
129,42,0.095529899,0.02384423465,1
129,50,-0.006419608369,-0.01988435537,1
129,58,-0.01425554417,-0.01492866874,1
129,66,-0.09072259814,0.1237214357,1
129,74,-0.2202391624,0.05846001953,1
129,82,-0.1259913892,0.2418341637,1
129,90,-0.04910308123,0.1342291832,1
129,98,0.02360453084,-0.06957253069,1
129,106,0.08860762417,-0.0340083763,1
129,114,0.01874411106,0.005401490256,1
129,122,0.06017366052,0.03550773114,1
129,130,0.1882820874,0.08900923282,1
129,138,0.1000294015,0.1045146361,1
129,146,-0.06083503738,0.1158366576,1
129,154,-0.03567998111,0.1704087704,1
129,162,-0.1212692931,0.02940289676,1
129,170,-0.04380355775,-0.06476688385,1
137,10,-0.1547011882,0.07680566609,1
137,18,0.2432876527,0.02599175088,1
137,26,0.2011515349,-0.1794839352,1
137,34,0.04248079658,-0.05739792064,1
137,42,0.09137299657,0.03024734929,1
137,50,0.04926608875,0.04050596431,1
137,58,-0.003426804207,-0.07565315813,1
137,66,-0.1003174782,0.02075465582,1
137,74,-0.1662228554,0.07473897934,1
137,82,-0.06347933412,0.03736020997,1
137,90,-0.04535314813,-0.006868620403,1
137,98,0.02996314317,-0.1859885156,1
137,106,0.1925695837,-0.1038098037,1
137,114,0.1735848933,-0.09847308695,1
137,122,0.1495183408,-0.04422210157,1
137,130,0.007661305368,-0.08557524532,1
137,138,-0.0342586562,0.0575298667,1
137,146,0.03872008622,0.06686151773,1
137,154,0.05888179317,0.07139383256,1
137,162,0.02556394786,0.05340004712,1
137,170,0.04274690896,0.05276490375,1
145,10,-0.1517450958,-0.03370724991,1
145,18,0.03167945892,-0.0007684081793,1
145,26,0.1443507224,-0.08891979605,1
145,34,0.1646546125,-0.05240139365,1
145,42,0.1410635114,-0.1026341543,1
145,50,0.01792762801,-0.03563566878,1
145,58,-0.1016856134,-0.1123180166,1
145,66,0.01653046161,-0.005322855897,1
145,74,0.05003070086,0.09603495896,1
145,82,-0.1089129299,0.01121667773,1
145,90,-0.1367823482,-0.04647269472,1
145,98,0.0536794588,-0.1144804657,1
145,106,0.1125093997,-0.05208907276,1
145,114,0.1343153715,-0.1709453017,1
145,122,0.1944602728,-0.1398478746,1
145,130,0.1543805152,-0.09546751529,1
145,138,0.09120035917,0.07050732523,1
145,146,0.08654554188,0.01597383991,1
145,154,-0.03150059655,0.07300913334,1
145,162,-0.1155854985,0.01057801954,1
145,170,0.05862015486,-0.02333775908,1
153,10,-0.1930751204,-0.0124502182,1
153,18,-0.0783578977,0.00831431523,1
153,26,0.1589079946,0.05338089168,1
153,34,0.1231035069,-0.05502257124,1
153,42,0.05979821831,-0.04044071212,1
153,50,0.1286890656,-8.397176862e-05,1
153,58,0.1079193205,-0.1252382398,1
153,66,0.05342046916,-0.06032288447,1
153,74,-0.1136863455,-0.06711779535,1
153,82,-0.166910097,0.05590778217,1
153,90,-0.07710427046,-0.0207581725,1
153,98,0.02856714092,-0.09340760112,1
153,106,0.06638003886,-0.0661810562,1
153,114,0.1473052204,-0.156216532,1
153,122,0.09872978926,-0.2382831126,1
153,130,-0.0337657854,-0.2332353741,1
153,138,-0.05545495078,-0.04302501306,1
153,146,-0.005486031994,0.1043296456,1
153,154,-0.04583596811,0.1415400356,1
153,162,0.04243203998,-0.03973331675,1
153,170,0.1899495274,-0.1444714367,1
161,10,-0.02402704209,-0.08463763446,1
161,18,-0.1339788586,0.07499995828,1
161,26,-0.03147720546,0.05425396562,1
161,34,-0.01917825639,0.03334347904,1
161,42,0.03714672104,0.02690302208,1
161,50,0.1315067708,0.03918827698,1
161,58,0.004496912472,-0.01926201396,1
161,66,-0.05721899122,0.02177126892,1
161,74,-0.07684077322,0.0169714503,1
161,82,-0.04493926093,0.01675989851,1
161,90,0.04469116777,-0.05742100254,1
161,98,0.01855570078,-0.1471464932,1
161,106,0.05281226337,-0.1809454858,1
161,114,0.1561633945,-0.1374732852,1
161,122,0.03755035996,-0.2190902978,1
161,130,-0.06652341038,-0.1794058681,1
161,138,-0.06966936588,-0.1313127577,1
161,146,-0.05251429603,0.0279256925,1
161,154,0.1293730438,0.004565833136,1
161,162,0.2643886209,-0.05296208709,1
161,170,0.2088015229,-0.1121411622,1
169,10,0.01003203914,-0.2448884994,1
169,18,-0.05028379336,0.06473452598,1
169,26,-0.04560404271,0.055969771,1
169,34,-0.03191410378,0.1361633539,1
169,42,0.03617431596,0.08664956689,1
169,50,-0.05871829018,0.004508035257,1
169,58,-0.1720106751,0.08281891048,1
169,66,-0.03622790426,0.06910981238,1
169,74,0.2149936706,0.0040684212,1
169,82,0.07223256677,-0.1972468942,1
169,90,0.04228674248,-0.09137900174,1
169,98,-0.04958304763,-0.08974729478,1
169,106,-0.02653756365,-0.1821704805,1
169,114,0.3384186625,-0.0972250104,1
169,122,0.1677650809,-0.03869684041,1
169,130,-0.03594473004,-0.08501197398,1
169,138,0.01954131201,-0.03507500887,1
169,146,0.1292708069,0.01743005216,1
169,154,0.165692836,-0.03351315111,1
169,162,0.1337933242,-0.0211911127,1
169,170,0.06454114616,-0.1168629527,1
177,10,-0.05861121789,-0.01183584705,1
177,18,0.04401328415,0.06751807034,1
177,26,0.06171695888,0.03977874666,1
177,34,-0.02239570022,0.0770188123,1
177,42,-0.02590891905,0.1015722007,1
177,50,-0.05241958424,0.06125026569,1
177,58,-0.002388477325,-0.001302434132,1
177,66,0.1052005664,-0.05298339948,1
177,74,0.1864765882,-0.06172682717,1
177,82,0.205318138,-0.166179955,1
177,90,0.1092852652,-0.06732469797,1
177,98,-0.0684735924,-0.03199034929,1
177,106,-0.08075810969,-0.05000881106,1
177,114,-0.03084734082,-0.01464944333,1
177,122,-0.03436406702,0.006090089679,1
177,130,-0.08308035135,-0.1528346241,1
177,138,-0.08639731258,0.07936882973,1
177,146,0.04240075499,0.01383408066,1
177,154,0.1036972255,-0.05660209805,1
177,162,0.1116253287,-0.002585634589,1
177,170,0.01778112352,-0.1269809902,1
185,10,-0.02512654476,0.01821483299,1
185,18,-0.03375686705,0.001423019916,1
185,26,0.04089375585,-0.04884535074,1
185,34,0.1228947639,-0.07646287978,1
185,42,0.06458209455,-0.04831145331,1
185,50,0.04798074812,-0.005980972201,1
185,58,0.03647192568,0.01263211668,1
185,66,0.0810809955,-0.004639066756,1
185,74,0.3059107363,0.01962621883,1
185,82,0.2056267709,-0.04108183458,1
185,90,0.1450991631,-0.04822289944,1
185,98,0.1217329353,-0.1383090764,1
185,106,-0.01591188833,0.01279976964,1
185,114,-0.01745664328,0.06159631908,1
185,122,0.008572572842,-0.1199308485,1
185,130,0.007088813931,-0.3014163673,1
185,138,0.002023644745,-0.02184564807,1
185,146,0.01274400949,-0.03511992842,1
185,154,0.1210710034,-0.02406343445,1
185,162,0.03388579935,0.05536727235,1
185,170,-0.081854105,-0.1357752085,1
193,10,-0.009889706969,0.03983992338,1
193,18,-0.002570299432,-0.04241481423,1
193,26,-0.03097372875,-0.06245162338,1
193,34,-0.02712559327,-0.2257023007,1
193,42,-0.01857157052,0.007904812694,1
193,50,-0.0001930035651,-0.1569630504,1
193,58,0.1273969263,0.1829172969,1
193,66,0.1362310052,0.1087924689,1
193,74,0.105089426,-0.0223319605,1
193,82,0.1199657172,-0.01924284548,1
193,90,0.1646891832,0.02854702249,1
193,98,0.1554110199,-0.02436520159,1
193,106,0.03326269984,0.01355117559,1
193,114,-0.02142362297,0.02310224622,1
193,122,0.003349700943,-0.09083931148,1
193,130,0.09182333946,-0.2232313454,1
193,138,0.0948991999,-0.01975345798,1
193,146,0.03563445061,0.005742006004,1
193,154,-0.02693351731,0.08371476829,1
193,162,-0.05610141903,0.07984408736,1
193,170,-0.03618398309,-0.253515929,1
201,10,-0.02323833853,0.1258832216,1
201,18,0.03412951156,-0.1104929298,1
201,26,-0.04284313321,-0.1447592229,1
201,34,-0.1867082119,-0.03574914485,1
201,42,-0.07894675434,0.1421637386,1
201,50,0.06213509291,0.03004276007,1
201,58,0.195643276,0.2426809222,1
201,66,0.1945262253,0.1932006776,1
201,74,0.04559517279,-0.08240869641,1
201,82,0.04326952621,-0.08476123214,1
201,90,-0.05757131055,0.07923279703,1
201,98,-0.0723426044,0.1099565923,1
201,106,0.03678418696,0.06250282377,1
201,114,0.1021304578,-0.1261562556,1
201,122,0.1427139789,-0.05232197791,1
201,130,0.07999643683,-0.04994115233,1
201,138,0.1037009507,0.03145530447,1
201,146,0.07953864336,0.06096716225,1
201,154,-0.06237726286,0.2310288846,1
201,162,-0.01197065413,0.1876709908,1
201,170,-0.06132871285,-0.3286116719,1
209,10,0.04190915823,-0.1229813918,1
209,18,-0.003996163607,-0.1593161076,1
209,26,-0.07364132255,-0.2179169357,1
209,34,-0.02460985631,-0.1171841472,1
209,42,0.03865037486,0.04339790344,1
209,50,0.1037439704,-0.01453009248,1
209,58,0.1078735292,-0.04966489226,1
209,66,-0.02668557316,-0.1044416353,1
209,74,-0.04227478802,-0.03343418986,1
209,82,0.02781398594,-0.01217678189,1
209,90,-0.1394223571,0.1698144972,1
209,98,-0.3105915785,0.1752623916,1
209,106,-0.03892084956,-0.06007227302,1
209,114,0.1336366534,-0.05850893259,1
209,122,0.01704208925,-0.04319764301,1
209,130,-0.03389105946,-0.07579015195,1
209,138,0.08766633272,-0.04569192976,1
209,146,0.08594879508,0.2136960179,1
209,154,0.02223484591,0.2947438955,1
209,162,0.05641004816,0.3036960065,1
209,170,-0.00284774974,-0.2632870376,1
217,10,0.01212733239,-0.2613488436,1
217,18,0.06276023388,-0.07291822881,1
217,26,0.05973622203,0.008181918412,1
217,34,0.1015781984,0.1068710983,1
217,42,0.1744604856,0.01991996728,1
217,50,0.06058364362,-0.08539645374,1
217,58,-0.05276396126,0.001969403587,1
217,66,-0.1208746135,-0.08019010723,1
217,74,-0.04132990912,-0.03858059645,1
217,82,0.05409087986,-0.04434477165,1
217,90,-0.04829843342,0.1987602711,1
217,98,-0.2026129514,0.2613628507,1
217,106,-0.07596785575,0.0391844511,1
217,114,0.05281974375,-0.06392533332,1
217,122,-0.09523203969,0.03106678836,1
217,130,-0.005117993802,-0.05607365817,1
217,138,-0.01384373568,-0.06969595701,1
217,146,-0.07103647292,0.07845961303,1
217,154,-0.07033158839,0.1833215803,1
217,162,-0.08333060145,0.2107636482,1
217,170,-0.1407643408,-0.1959112883,1
225,10,-0.1579060853,-0.1924499869,1
225,18,-0.0485035032,-0.01177875325,1
225,26,0.0436045453,0.07525539398,1
225,34,0.1497031301,0.07920140028,1
225,42,0.1705364436,-0.001291766763,1
225,50,0.03272949159,-0.04825804383,1
225,58,-0.04033338279,0.02326437831,1
225,66,-0.02540709078,0.02077841945,1
225,74,0.008650157601,0.02028058283,1
225,82,-0.008723117411,-0.03907488659,1
225,90,-0.06257531047,0.0411731042,1
225,98,-0.09762218595,0.1368092895,1
225,106,-0.1404809803,0.1337128431,1
225,114,-0.07841746509,0.0224372521,1
225,122,-0.08211028576,0.1064298153,1
225,130,-0.06477009505,0.04278957844,1
225,138,-0.07284776121,-0.001319296658,1
225,146,-0.1324862093,-0.04597004503,1
225,154,-0.07705110312,0.05049899593,1
225,162,-0.0709580332,0.08424093574,1
225,170,-0.2635335326,-0.1647082269,1
233,10,-0.312440753,-0.1544605345,1
233,18,-0.1582249701,-0.04213153571,1
233,26,0.1363722682,0.0506221056,1
233,34,0.1026039645,0.0161028821,1
233,42,-0.03096353635,-0.05361676216,1
233,50,-0.06668014079,-0.0331658721,1
233,58,-0.0819221288,-0.03332133964,1
233,66,-0.1293401122,0.0151204057,1
233,74,-0.08190213889,0.09505090117,1
233,82,-0.04489187151,-0.01018808596,1
233,90,-0.1009135768,0.01338311844,1
233,98,-0.1618869901,0.08156388253,1
233,106,-0.1761336923,0.1280350685,1
233,114,-0.09494887292,0.08031177521,1
233,122,-0.1114289612,-0.01283927727,1
233,130,-0.2302973121,0.01529760007,1
233,138,-0.1375632733,0.04832261428,1
233,146,-0.01653544046,-0.0101632867,1
233,154,0.08880990744,0.007736962289,1
233,162,0.02713754028,0.05498893932,1
233,170,-0.1666857153,-0.03394248709,1
241,10,-0.3024744987,-0.09816674888,1
241,18,-0.1877189279,-0.0162955448,1
241,26,-0.04446770251,0.1081436425,1
241,34,0.037622042,0.05790226534,1
241,42,-0.002566181123,0.02945097536,1
241,50,-0.08723476529,0.1192247421,1
241,58,-0.2272472084,0.06179525331,1
241,66,-0.2315946966,0.002532649785,1
241,74,-0.1841440797,0.03180832416,1
241,82,-0.1152672321,0.01933647878,1
241,90,-0.1300847679,-0.008543780074,1
241,98,-0.0928549543,0.02924597263,1
241,106,-0.1496600807,-0.04786704108,1
241,114,-0.2206420153,-0.1457705647,1
241,122,-0.2275905907,-0.06295686215,1
241,130,-0.1222877502,0.1533343345,1
241,138,-0.06869555265,0.03558728099,1
241,146,-0.00450566411,-0.002225670964,1
241,154,0.06368792057,-0.00483154878,1
241,162,0.0134283863,0.04227531701,1
241,170,-0.04548421502,0.047499571,1
249,10,-0.1960187703,-0.04040042683,1
249,18,-0.3042322099,0.02556829154,1
249,26,-0.2240992934,0.03360916674,1
249,34,-0.1909478009,0.03799512982,1
249,42,-0.05276881158,0.1035028696,1
249,50,-0.05964633077,0.1675344408,1
249,58,-0.205018878,0.1906358153,1
249,66,-0.1792289764,0.04199716449,1
249,74,-0.1200579852,-0.009593837894,1
249,82,-0.09776033461,0.003721198067,1
249,90,-0.07968240976,-0.0006581107154,1
249,98,0.008973687887,0.03813940287,1
249,106,-0.1078389063,-0.1844441146,1
249,114,-0.1638974845,-0.2395968437,1
249,122,-0.1130210757,-0.01814855263,1
249,130,-0.09641700238,0.1226328611,1
249,138,-0.03250044212,0.03351427242,1
249,146,0.06987821311,0.1029850617,1
249,154,0.02418729663,-0.002043269575,1
249,162,0.0077619683,-0.03233712167,1
249,170,0.105304122,-0.01173894014,1
257,10,-0.1343381107,0.1588583738,1
257,18,-0.1560266316,0.07848599553,1
257,26,-0.1594138741,0.02138906717,1
257,34,-0.1802055091,0.04784152284,1
257,42,-0.0246617496,0.132714808,1
257,50,0.07344693691,0.1319839358,1
257,58,0.0352794975,0.1279794127,1
257,66,0.02531838417,0.02999145165,1
257,74,-0.1095687002,-0.1513777524,1
257,82,-0.1412276626,-0.06401008368,1
257,90,-0.004106264561,-0.01611767709,1
257,98,0.0561879538,0.04108639434,1
257,106,-0.004801519215,-0.03299268708,1
257,114,-0.0615568459,-0.1707943827,1
257,122,0.07062046975,-0.03686769679,1
257,130,0.04481516778,-0.01343167666,1
257,138,0.06915651262,0.05776077136,1
257,146,0.04368045554,0.172967568,1
257,154,0.02052155137,-0.0009286589921,1
257,162,0.03159741685,0.02486655489,1
257,170,0.122895211,-0.04362725466,1
265,10,-0.001774366945,0.3504999578,1
265,18,-0.1230715811,0.1208004877,1
265,26,-0.144849211,0.02901479229,1
265,34,-0.07716862857,0.06084301695,1
265,42,0.1279922575,0.2471245825,1
265,50,0.1517761499,0.1410435587,1
265,58,-0.01825916953,0.1329227984,1
265,66,-0.03999492154,-0.04471084848,1
265,74,-0.1019037813,-0.206552729,1
265,82,-0.07836198062,-0.1135425121,1
265,90,-0.03917918354,0.02805170231,1
265,98,-0.02116042376,0.09524358809,1
265,106,-0.02368828654,0.05126916617,1
265,114,-0.03739221022,-0.1245551184,1
265,122,0.05509306118,0.01040980406,1
265,130,0.03419802338,0.06133345515,1
265,138,0.03014241159,-0.02411974594,1
265,146,-0.02290547639,0.02960995212,1
265,154,0.06027172506,-0.05864267796,1
265,162,0.1631106883,0.1036269516,1
265,170,0.228815794,0.0108397603,1
273,10,0.01655847579,0.3299506307,1
273,18,-0.06549946964,0.0837308839,1
273,26,-0.006144374609,-0.03250148147,1
273,34,0.1423595697,-0.03104478493,1
273,42,0.2246044278,0.2077692449,1
273,50,0.204497546,0.292924881,1
273,58,0.06998477876,0.1136645749,1
273,66,-0.07955368608,-0.187068224,1
273,74,-0.04379177094,-0.2105486393,1
273,82,0.1777679473,-0.1505286992,1
273,90,0.009626597166,0.07574772835,1
273,98,0.01817111298,0.09766893834,1
273,106,0.02315626107,0.05488867313,1
273,114,0.05168613419,0.04607953131,1
273,122,0.08891168237,0.1236709431,1
273,130,0.0579398647,0.07065080851,1
273,138,0.05565652251,-0.1146045923,1
273,146,-0.03453396633,-0.05498227477,1
273,154,0.1510525495,-0.02529525757,1
273,162,0.1136477143,0.009427387267,1
273,170,-0.01265283674,0.0006271153688,1
281,10,-0.06969738007,0.2709302902,1
281,18,0.04794224352,0.11556869,1
281,26,0.05363801122,0.006681557745,1
281,34,0.008218493313,0.03731450811,1
281,42,0.1522503048,0.1865414232,1
281,50,0.1891153455,0.1737487763,1
281,58,0.09428599477,0.0937147513,1
281,66,-0.1042523235,-0.1683019102,1
281,74,-0.2744636834,-0.1579223275,1
281,82,-0.1823900044,-0.008983701468,1
281,90,-0.1563426256,0.09303176403,1
281,98,-0.002494819462,0.03113147616,1
281,106,0.02601340041,-0.004991434515,1
281,114,-0.07485279441,0.1513733864,1
281,122,0.02406381816,0.1306671649,1
281,130,0.05221380666,0.09861204028,1
281,138,0.0509529449,-0.08760537952,1
281,146,-0.06563251466,-0.05237388238,1
281,154,-0.1339931935,0.05101085454,1
281,162,-0.08920202404,0.03366869316,1
281,170,-0.1222561598,-0.02119627222,1
289,10,-0.02772254497,0.09946864843,1
289,18,-0.05344793946,0.1843526363,1
289,26,-0.08843812346,0.09027674794,1
289,34,-0.03335306048,0.1219874248,1
289,42,-0.04183677584,0.1790406406,1
289,50,-0.07370944321,0.1221377626,1
289,58,-0.0156449005,0.1741941273,1
289,66,-0.09859327227,-0.08028978854,1
289,74,-0.2027217299,-0.1308500022,1
289,82,-0.1234310046,-0.05756995082,1
289,90,-0.1020988971,0.1176032275,1
289,98,0.0887093842,0.0496445708,1
289,106,0.1051456705,-0.01691813022,1
289,114,-0.006507961079,0.08225442469,1
289,122,-0.0493334271,0.1004433632,1
289,130,-0.07260080427,0.04524218291,1
289,138,-0.0766467303,-0.1504657418,1
289,146,-0.1496301442,-0.1517030746,1
289,154,-0.1102527604,-0.02852338552,1
289,162,0.002912245691,0.02232694253,1
289,170,-0.04455014318,-0.008999262005,1
297,10,0.05373144895,0.03758402169,1
297,18,-0.04695411399,0.03416106105,1
297,26,-0.02558447048,0.03623074293,1
297,34,-0.04509335011,0.06538703293,1
297,42,-0.1592521518,0.1357308924,1
297,50,-0.1886942089,0.07482269406,1
297,58,-0.265576154,0.1137552932,1
297,66,-0.1724468023,-0.06192006916,1
297,74,-0.06337238103,-0.1021122932,1
297,82,-0.02070982754,-0.04001175612,1
297,90,-0.00645069778,0.1515439898,1
297,98,0.06593319774,0.1739575714,1
297,106,0.06032736227,0.0423338972,1
297,114,0.02606542408,0.075370498,1
297,122,-0.009614486247,0.08666804433,1
297,130,-0.08867430687,0.05910684913,1
297,138,-0.1252119392,0.03007857129,1
297,146,-0.1309145987,-0.03877005726,1
297,154,-0.07118713111,-0.02826350369,1
297,162,-0.02666404098,-0.0323266685,1
297,170,-0.04777979106,-0.008019776084,1
305,10,-0.001794852316,0.2311982512,1
305,18,-0.08218552172,-0.06805004925,1
305,26,-0.1377706081,-0.1295935214,1
305,34,-0.08824937046,0.01795860007,1
305,42,-0.1195020899,0.1468289196,1
305,50,-0.1719809324,0.02476920187,1
305,58,-0.1932985485,-0.02859012783,1
305,66,-0.1748975813,0.02176111005,1
305,74,-0.1130081788,0.006305146962,1
305,82,0.040900141,0.04100716859,1
305,90,0.07419469953,-0.04150509089,1
305,98,-0.01912414283,-0.02387359366,1
305,106,-0.08136725426,0.04188494384,1
305,114,-0.08324441314,-0.03621084616,1
305,122,0.0007584616542,-0.09138435125,1
305,130,0.06287428737,0.01872839779,1
305,138,-0.008971989155,0.09162703902,1
305,146,-0.02427123487,0.04534560442,1
305,154,-0.02368010953,-0.02487047389,1
305,162,-0.03481282294,-0.07323521376,1
305,170,0.06506605446,-0.05543893203,1
313,10,-0.002700194716,0.2117325068,1
313,18,-0.1414135993,-0.04917469993,1
313,26,-0.05719647929,-0.1821154952,1
313,34,-0.04898452759,-0.09921333194,1
313,42,-0.1618548632,0.005820792168,1
313,50,-0.01073168591,0.05251035839,1
313,58,0.05106944591,0.07861049473,1
313,66,-0.0603402704,0.08145049959,1
313,74,-0.144229874,0.08753572404,1
313,82,-0.2128996104,0.05837376416,1
313,90,-0.09481335431,0.00451304391,1
313,98,-0.06166370958,-0.1276875287,1
313,106,-0.141371429,0.03060927615,1
313,114,-0.131862238,-0.07541362941,1
313,122,0.01645062305,-0.138809979,1
313,130,0.1429352313,-0.03883607686,1
313,138,0.0594881624,-0.04719942808,1
313,146,0.01860686205,-0.01429311372,1
313,154,-0.005270620808,-0.06655050814,1
313,162,-0.02866254188,0.03051021695,1
313,170,0.08400006592,0.02842829376,1
321,10,0.1271270812,0.222676158,1
321,18,-0.02131392062,0.07389506698,1
321,26,-0.03554255888,-0.04441674799,1
321,34,0.0917879194,-0.06058995426,1
321,42,0.05365505069,-0.06606975198,1
321,50,-0.03520970047,0.03755326197,1
321,58,-0.02124854922,0.1255573183,1
321,66,-0.0530795902,0.07891599834,1
321,74,-0.06550258398,0.2450837493,1
321,82,-0.09498792887,0.1287203282,1
321,90,-0.1682527363,0.164558351,1
321,98,-0.1237094179,0.03986604884,1
321,106,-0.01355741918,0.05306332558,1
321,114,0.003268167377,-0.1329612583,1
321,122,-0.03854086995,-0.1193391904,1
321,130,0.01923630759,-0.06056529284,1
321,138,0.07390293479,-0.05306001008,1
321,146,-0.01846439391,0.006529214792,1
321,154,0.004132796079,0.03357715532,1
321,162,0.0112483874,0.05362325907,1
321,170,0.05943459272,0.04190826416,1
329,10,0.1588225663,0.2036392391,1
329,18,0.03673901409,0.1026434302,1
329,26,-0.1283222288,0.0224891305,1
329,34,0.1564578712,0.02179139107,1
329,42,0.05805930868,0.01850593463,1
329,50,-0.1244855002,0.06538176537,1
329,58,-0.1550923288,0.10299135,1
329,66,-0.1502606422,0.06629043072,1
329,74,0.01315997541,0.1990166456,1
329,82,0.06981043518,0.05725187063,1
329,90,0.04314577952,0.006814476103,1
329,98,-0.04709926248,0.04160259292,1
329,106,-0.1009681076,0.07909993827,1
329,114,0.05813582242,-0.05607542396,1
329,122,-0.03516004607,-0.1021264493,1
329,130,-0.05673540384,-0.003309874795,1
329,138,0.05760989711,0.01384371892,1
329,146,-0.06691789627,0.03615869582,1
329,154,-0.04947380722,0.08893062919,1
329,162,0.008218389004,-0.06253656,1
329,170,0.05339942873,-0.09167395532,1
337,10,-0.009117372334,0.05313128978,1
337,18,0.01802089624,0.03356969357,1
337,26,-0.05252866447,-0.07403807342,1
337,34,-0.05459930748,0.06373438239,1
337,42,-0.1101951003,0.0003128256649,1
337,50,-0.1791353524,0.05798665434,1
337,58,-0.1842572838,0.06344526261,1
337,66,-0.07610876113,0.06519863755,1
337,74,0.05346041173,0.09637896717,1
337,82,0.2235711664,-0.06480640173,1
337,90,0.2347506732,-0.1353030801,1
337,98,-0.2065691352,0.05511303246,1
337,106,-0.1589554697,0.1118521243,1
337,114,0.06741294265,0.1219361126,1
337,122,0.07393587381,0.08057976514,1
337,130,0.001215208322,0.1802616268,1
337,138,0.01535942592,0.1226761192,1
337,146,-0.02863926999,0.09543550014,1
337,154,-0.0464688465,0.0841666609,1
337,162,0.004980117083,-0.008479878306,1
337,170,0.1215301454,-0.01399683207,1
345,10,-0.0144988317,0.07930257916,1
345,18,0.02312848158,0.09358694404,1
345,26,-0.09390727431,0.09990756214,1
345,34,-0.0929775238,0.2296114713,1
345,42,-0.06417991221,0.05790292472,1
345,50,0.01133091748,0.05098597705,1
345,58,0.01680876687,-0.05395258963,1
345,66,0.0490083769,-0.0659666881,1
345,74,0.09955162555,0.04537455365,1
345,82,0.07388822734,-0.02033006772,1
345,90,-0.1234646514,0.06918925792,1
345,98,-0.223500818,0.1528485566,1
345,106,-0.1342911273,0.1577629447,1
345,114,0.1253454536,0.1424920559,1
345,122,0.1691093594,0.167884469,1
345,130,0.2119309455,0.1327165365,1
345,138,0.08363119513,0.1948938072,1
345,146,-0.001909978688,0.1393949538,1
345,154,-0.08891293406,0.06102834642,1
345,162,-0.1261343062,0.007983867079,1
345,170,0.06256823987,-0.01899104565,1
353,10,0.0348742865,0.1713909656,1
353,18,0.03660833463,0.1727927923,1
353,26,0.08029645681,0.07234837115,1
353,34,-0.08109544218,0.05811024457,1
353,42,-0.29194206,0.1234555095,1
353,50,-0.200229764,0.03818473592,1
353,58,-0.05989038199,-0.03411113098,1
353,66,-0.03368528187,-0.04183989763,1
353,74,-0.06905381382,0.06005840003,1
353,82,0.04409629107,0.1342632473,1
353,90,0.008508423343,0.2239948213,1
353,98,-0.1320586056,0.2662935257,1
353,106,-0.0972077176,0.2827851772,1
353,114,0.02041510493,0.1811957806,1
353,122,0.1138263717,0.18146272,1
353,130,0.1327203512,0.1374855638,1
353,138,-0.06437774003,0.2244743854,1
353,146,-0.193426311,0.02197253704,1
353,154,-0.1101117432,0.07977548987,1
353,162,-0.1065485403,-0.1219146997,1
353,170,0.04758496583,-0.007813744247,1
361,10,-0.02466628514,0.221484378,1
361,18,-0.06466856599,0.1096951067,1
361,26,-0.04957187176,0.004047468305,1
361,34,0.01158150285,-0.08040393889,1
361,42,-0.09574274719,-0.1372028291,1
361,50,-0.3896572888,0.00470174849,1
361,58,-0.1469833255,0.01535001397,1
361,66,-0.08419902623,0.04466335848,1
361,74,-0.05924465507,-0.004635918885,1
361,82,0.02624057047,0.05318976939,1
361,90,0.03398600966,0.1581284851,1
361,98,-0.124574706,0.2567578554,1
361,106,-0.2207148075,0.2007372379,1
361,114,-0.1091234833,0.1649548709,1
361,122,-0.08263134956,0.141897887,1
361,130,-0.05978449434,0.1857066453,1
361,138,-0.08304595947,0.1512790471,1
361,146,-0.1185781211,0.1941593885,1
361,154,-0.114835538,0.172047466,1
361,162,-0.1185889393,0.02501475811,1
361,170,0.01703637838,0.1117767468,1
369,10,-0.05872180313,0.2059670389,1
369,18,0.01097204909,0.1154647171,1
369,26,0.01463895291,0.08242730796,1
369,34,0.08959366381,0.08449362218,1
369,42,0.004826657474,-0.1057957262,1
369,50,-0.08064071834,-0.006599077955,1
369,58,-0.03642774746,-0.02316707559,1
369,66,-0.05878933147,0.001712806523,1
369,74,0.09428359568,-0.03267271072,1
369,82,0.06621857733,0.04470150173,1
369,90,-0.08392618597,0.07288385928,1
369,98,-0.0766729936,-0.06139700115,1
369,106,-0.09295020252,-0.008973106742,1
369,114,-0.0373577401,0.262925446,1
369,122,0.00895409286,0.05801004544,1
369,130,-0.04219860211,0.05328955874,1
369,138,-0.1274249256,0.04251974076,1
369,146,-0.1253887117,0.1080465391,1
369,154,-0.174310565,0.1468604058,1
369,162,-0.1746810377,0.1265904307,1
369,170,-0.1273134649,0.1388548315,1
377,10,-0.1449571848,-0.1326370537,1
377,18,-0.1163603887,0.02880888991,1
377,26,0.0428943783,-0.01451831311,1
377,34,0.1219745427,0.07636015117,1
377,42,0.1713886559,0.05452182889,1
377,50,0.1879352927,-0.0885772109,1
377,58,0.07946898043,-0.09370556474,1
377,66,-0.04597204551,0.06310068071,1
377,74,-0.194666639,0.01293840818,1
377,82,-0.04539271817,0.1088848263,1
377,90,0.03551098704,0.1495286673,1
377,98,0.04667071626,-0.1171722561,1
377,106,0.1139295995,0.05724468455,1
377,114,0.04549891502,0.1643011719,1
377,122,0.06537519395,-0.1105016619,1
377,130,-0.05189755931,-0.05787343532,1
377,138,-0.115815714,0.06903894991,1
377,146,-0.06934212148,-0.004298895597,1
377,154,0.05221566185,0.1273711622,1
377,162,-0.08206892759,0.2450616211,1
377,170,-0.1501836032,0.1380523443,1
385,10,-0.03124801069,-0.4877267182,1
385,18,-0.08639831841,0.02585955337,1
385,26,0.1011374146,0.02321578562,1
385,34,0.1483684033,0.1594340801,1
385,42,0.1684692055,0.08488963544,1
385,50,0.1206055135,-0.03080101311,1
385,58,0.06942453235,-0.08390711248,1
385,66,0.1210895628,-0.02180635929,1
385,74,-0.0432161428,-0.007495447993,1
385,82,-0.0688303709,0.1319067478,1
385,90,0.1106921881,0.03735532612,1
385,98,0.2035519034,-0.1664745957,1
385,106,0.2018301189,0.05196103081,1
385,114,0.126524955,0.2636730373,1
385,122,0.1400361806,-0.09689142555,1
385,130,0.07503601164,0.03003652394,1
385,138,-0.04638211429,0.1522746384,1
385,146,0.02364778891,0.1542549729,1
385,154,0.05727314204,0.1757395267,1
385,162,0.0009644255042,0.1536762416,1
385,170,-0.01340115815,0.1239701137,1
393,10,0.1747658551,-0.4561510086,1
393,18,-0.003487020731,0.06847280264,1
393,26,0.006676211953,0.06095900387,1
393,34,0.06897843629,0.1345979571,1
393,42,0.1074051932,0.1845213175,1
393,50,0.1103160083,0.05854129046,1
393,58,0.1053349599,-0.1004307717,1
393,66,0.09866428375,-0.2817949057,1
393,74,-0.03702232987,-0.1234123781,1
393,82,-0.132850498,-0.08660881966,1
393,90,0.3275446892,-0.02434687875,1
393,98,0.3431300521,-0.110368982,1
393,106,0.2415255755,0.09839661419,1
393,114,0.1373443455,0.2726952434,1
393,122,0.04200581461,0.1072102189,1
393,130,0.005633421242,0.1645185649,1
393,138,-0.01123921201,0.07690881938,1
393,146,-0.03796965629,0.1825278997,1
393,154,-0.0275190305,0.1371658742,1
393,162,0.01077032462,0.112056613,1
393,170,0.0189720653,0.1050455347,1
401,10,0.5407543778,-0.1061988473,1
401,18,0.3445975482,0.02992081642,1
401,26,0.1672629863,-0.01116821915,1
401,34,-0.01106874645,-0.1246770471,1
401,42,-0.05891289562,0.2179044783,1
401,50,-0.07902713865,0.09351890534,1
401,58,0.01558420807,-0.1127266064,1
401,66,0.05121231824,-0.204675138,1
401,74,-0.05467566848,-0.1190411448,1
401,82,0.006642341614,-0.1274158955,1
401,90,0.05385465175,0.06994515657,1
401,98,0.0756611526,-0.006510391831,1
401,106,0.03284427524,0.1312165856,1
401,114,-0.02405209467,0.1387785077,1
401,122,-0.06117646396,0.09867786616,1
401,130,-0.03726726398,0.08521967381,1
401,138,-0.00852772966,0.06159230322,1
401,146,-0.06243046746,0.06526295841,1
401,154,-0.03123127855,0.1259077787,1
401,162,0.05497810245,0.09369085729,1
401,170,0.138888061,-0.02183131501,1
409,10,0.5551857948,-0.03713464737,1
409,18,0.3642322719,0.1218527332,1
409,26,0.09322237968,0.07610689849,1
409,34,-0.06555354595,0.07234664261,1
409,42,-0.124466531,0.1904969513,1
409,50,-0.06760643423,0.02301013097,1
409,58,-0.03928093612,-0.0898136273,1
409,66,-0.07862512767,0.04735765606,1
409,74,-0.335606426,0.007864661515,1
409,82,-0.1464783847,-0.02846190706,1
409,90,-0.1850933731,0.03031823039,1
409,98,-0.2511645555,-0.1167249754,1
409,106,-0.1955305189,-0.04170677066,1
409,114,-0.1105238497,-0.03327959776,1
409,122,-0.09575363994,-0.01723776758,1
409,130,-0.1301396191,0.02558989823,1
409,138,-0.1502952576,0.1240319759,1
409,146,-0.2332567424,0.09785498679,1
409,154,-0.1682337075,0.1255236268,1
409,162,0.009299758822,0.07170371711,1
409,170,0.1660015583,-0.07827623188,1
417,10,0.3863264024,0.322959125,1
417,18,-0.06684390455,0.1228646636,1
417,26,-0.2831486762,0.03741347045,1
417,34,-0.2387371212,-0.07278819382,1
417,42,-0.1193688437,0.0538739562,1
417,50,-0.1051390842,0.04108199477,1
417,58,-0.2595983148,-0.01392018795,1
417,66,-0.318139255,0.09318277985,1
417,74,-0.2506145835,0.21151492,1
417,82,-0.2410196066,0.03172267973,1
417,90,-0.3086141348,-0.09745416045,1
417,98,-0.473493576,-0.2625579536,1
417,106,-0.3558991551,-0.3375301957,1
417,114,-0.2828702331,-0.1404878497,1
417,122,-0.1569845676,-0.1286837161,1
417,130,-0.1141848117,-0.07765173912,1
417,138,-0.2105280757,0.05991651118,1
417,146,-0.2738570869,0.1184873134,1
417,154,-0.3526063263,0.2915593684,1
417,162,-0.2792736292,0.1688943803,1
417,170,0.1629424989,-0.1614291519,1
