PIVlab, ASCII chart output - 02-Aug-2025
FRAME: 241, filenames: A:[241]FullStack_Pos0035_TgUtrmcherry_K4K8MO-1.avi & B:[242]FullStack_Pos0035_TgUtrmcherry_K4K8MO-1.avi, conversion factor xy (px -> m): 1, conversion factor uv (px/frame -> m/s): 1
x [px],y [px],u [px/frame],v [px/frame],Vector type [-]
9,10,0.4465208054,0.1190313995,1
9,18,0.3686224818,0.1239592433,1
9,26,0.2454360127,0.09227602184,1
9,34,0.03375893831,-0.03912071511,1
9,42,-0.003239035606,-0.1269380301,1
9,50,-0.003517284989,-0.1570583582,1
9,58,0.03630495071,0.04351347685,1
9,66,-0.02286083251,0.02149744332,1
9,74,-0.2144865841,0.02165643498,1
9,82,-0.2681410313,0.1281665117,1
9,90,-0.146748811,0.111854583,1
9,98,0.02418036759,0.1764033586,1
9,106,0.1383816749,0.1392115802,1
9,114,0.1868145913,0.07672096789,1
9,122,0.1908362657,0.163684696,1
9,130,0.1307850331,-0.01907999814,1
9,138,-0.02561974712,-0.08942438662,1
9,146,-0.1154194474,-0.006805032492,1
9,154,-0.09264501929,-0.01982827485,1
9,162,-0.1068269312,0.05807194859,1
9,170,-0.04303704202,0.0855814442,1
17,10,-0.04907792807,0.07144097239,1
17,18,0.04830620438,0.1022425145,1
17,26,0.1391134858,0.1742641032,1
17,34,0.129918918,0.1122149751,1
17,42,0.05567930639,-0.02305628359,1
17,50,0.004652243108,-0.06033238769,1
17,58,0.01540616713,-0.0891360864,1
17,66,-0.06975434721,-0.07220194489,1
17,74,-0.1577854455,0.0278718099,1
17,82,-0.1427396685,0.1676170081,1
17,90,-0.1349948645,0.07502405345,1
17,98,-0.02707189694,0.01602614671,1
17,106,0.07954465598,0.01254317164,1
17,114,0.1548030227,0.008963651955,1
17,122,0.1633848548,0.06363421679,1
17,130,0.187316671,0.1344838589,1
17,138,0.06019629166,0.06165965647,1
17,146,-0.1153112203,0.02864401229,1
17,154,-0.0574699454,-0.05286808684,1
17,162,0.02639844641,-0.0771689415,1
17,170,0.08038716018,0.09168819338,1
25,10,-0.240017727,0.1812381148,1
25,18,0.01431471854,0.02083899081,1
25,26,0.0451089479,0.05778641999,1
25,34,0.09502205253,0.1309591085,1
25,42,0.08733701706,0.06652136147,1
25,50,-0.01912924647,-0.03989991918,1
25,58,-0.08440012485,-0.03065343574,1
25,66,-0.05152318999,-0.01150406152,1
25,74,-0.009090840816,0.08497779071,1
25,82,0.01819477975,0.09714730829,1
25,90,0.1201356724,0.09981872886,1
25,98,0.1540637165,0.02441589534,1
25,106,0.008856575936,-0.1296997815,1
25,114,-0.181956172,-0.06306328624,1
25,122,0.129736945,-0.09408003092,1
25,130,0.02750562876,0.06209423766,1
25,138,-0.1044600904,0.104422532,1
25,146,-0.05221932754,0.07381627709,1
25,154,-0.09393770248,0.03718285263,1
25,162,0.02792377956,0.003423318267,1
25,170,0.1793387979,0.1242114529,1
33,10,-0.1788294613,0.1393197328,1
33,18,-0.08983510733,-0.1613853425,1
33,26,-0.1199308708,0.008611492813,1
33,34,-0.02138286829,0.2946560681,1
33,42,0.04954145476,0.02301482111,1
33,50,0.005537740886,-0.05404043943,1
33,58,-0.05547410622,-0.02644161135,1
33,66,-0.01889937744,-0.03308072686,1
33,74,0.1148668081,0.06885869801,1
33,82,0.09110413492,-0.03880105913,1
33,90,0.02450666204,0.04847762734,1
33,98,-0.03254182637,0.07524717599,1
33,106,-0.2576963902,-0.06183067709,1
33,114,-0.141641736,-0.02651039697,1
33,122,0.04965115711,-0.09817139804,1
33,130,0.02680326253,-0.0428962633,1
33,138,0.01216224581,-0.01872059703,1
33,146,-0.02118271776,0.06252078712,1
33,154,-0.1837936342,0.04723721743,1
33,162,-0.1252148896,0.06212094426,1
33,170,0.1747068763,0.105263181,1
41,10,0.05672843009,-0.002895958722,1
41,18,-0.0952892825,-0.06331659853,1
41,26,-0.1170220673,-0.05311709642,1
41,34,-0.02595012262,0.06566086411,1
41,42,-0.09701804072,-0.03157514706,1
41,50,-0.1393167228,-0.06525057554,1
41,58,-0.03786081076,-0.007618375123,1
41,66,-0.02960346639,-0.06857769191,1
41,74,0.01677634194,-0.02077228203,1
41,82,0.08993196487,0.06382456422,1
41,90,0.008863329887,0.1068443358,1
41,98,-0.0133639425,0.1063215584,1
41,106,0.03381915763,0.1157634854,1
41,114,0.03358497471,-0.01974508911,1
41,122,0.1043568999,-0.02555742301,1
41,130,0.1730667353,0.03760805726,1
41,138,0.1982584149,0.01459404826,1
41,146,0.124408327,0.1308685541,1
41,154,-0.06312231719,0.1445375383,1
41,162,-0.1346572042,0.05780278891,1
41,170,0.008575832471,0.09479466081,1
49,10,0.2943788767,0.0151366666,1
49,18,0.1244659647,0.1744772643,1
49,26,-0.004810154438,-0.07599297166,1
49,34,-0.09391961992,-0.2292553484,1
49,42,-0.07774354517,-0.1084293425,1
49,50,-0.1313450187,-0.0570936352,1
49,58,-0.01154725254,-0.01750700921,1
49,66,0.1184582487,-0.06105240434,1
49,74,0.009197179228,-0.04143404216,1
49,82,0.08894263208,0.1534871459,1
49,90,0.1353338361,0.2105402499,1
49,98,0.1277036667,0.1229464114,1
49,106,0.06514828652,0.09668770432,1
49,114,0.016506318,0.02080384642,1
49,122,0.06852269173,0.01304421388,1
49,130,0.1407290995,0.07020007819,1
49,138,0.1484671235,0.1761405021,1
49,146,0.1216138452,0.236395061,1
49,154,0.04522487894,0.120215334,1
49,162,-0.09998051822,-0.005205884576,1
49,170,-0.1733633429,0.1754164547,1
57,10,0.314499557,0.04594860226,1
57,18,0.02113221958,0.1594063342,1
57,26,-0.0977775678,0.07222305238,1
57,34,-0.08568929136,-0.2144668102,1
57,42,-0.05054987222,-0.2687207162,1
57,50,0.00851656124,-0.1477080882,1
57,58,0.01968938485,-0.1421814412,1
57,66,-0.004350140691,0.003857961856,1
57,74,-0.003729390912,-0.02204270288,1
57,82,0.05431354791,0.1175231785,1
57,90,0.1060608849,0.1814261079,1
57,98,0.03052999079,0.09444864094,1
57,106,0.0266254656,0.1407171786,1
57,114,0.08071783185,0.1115065813,1
57,122,0.02111297846,-0.02621490508,1
57,130,0.02781287581,-0.008424889296,1
57,138,0.1083884314,0.08836235106,1
57,146,0.142161876,0.1423070431,1
57,154,-0.007038315758,0.00653732568,1
57,162,-0.04947457835,-0.02521063387,1
57,170,-0.07257898897,0.1184644401,1
65,10,0.08903163671,0.1449978948,1
65,18,-0.06020816416,0.1492623985,1
65,26,0.04057877883,0.08614752442,1
65,34,0.07975126803,-0.04055637494,1
65,42,-0.1250947267,-0.1144785583,1
65,50,-0.1461575627,-0.1046374738,1
65,58,-0.1336757988,-0.1248536333,1
65,66,-0.1359692812,-0.007153833285,1
65,74,-0.02388186939,0.07092231512,1
65,82,0.08793318272,0.04822072014,1
65,90,-0.004045806825,0.1317059994,1
65,98,-0.05566063523,0.1296375692,1
65,106,0.03117940575,0.1080565751,1
65,114,0.04007594287,0.0703067258,1
65,122,-0.06707257777,0.002646058798,1
65,130,-0.004712544382,0.02885497175,1
65,138,0.1305404902,0.02364285663,1
65,146,0.141933471,0.09307938069,1
65,154,-0.01586097479,0.1645597368,1
65,162,-0.05337902531,0.09942762554,1
65,170,0.06936097145,-0.01141051203,1
73,10,-0.02337374911,0.1324622035,1
73,18,0.02529899776,0.2304964066,1
73,26,0.09227121621,0.08131286502,1
73,34,0.04025358334,0.08445148915,1
73,42,-0.1308285892,0.06952688098,1
73,50,-0.1381234229,0.1018275693,1
73,58,-0.1481085271,-0.01711565629,1
73,66,-0.04861263186,-0.07578278333,1
73,74,-0.0254026074,0.106229201,1
73,82,0.01099514682,0.05292261764,1
73,90,-0.00235741958,0.04731002077,1
73,98,-0.05058825016,-0.0806715861,1
73,106,-0.04043251276,0.008689790033,1
73,114,-0.07275688648,-0.06492228806,1
73,122,0.1018170193,0.05108399689,1
73,130,0.1772801578,0.03339853883,1
73,138,0.1242832392,-0.004480019212,1
73,146,0.1305324435,0.07144250721,1
73,154,0.08592578024,0.1795293242,1
73,162,0.04485294223,0.1005427316,1
73,170,0.1146468222,-0.05228023976,1
81,10,-0.1086700112,0.0252629146,1
81,18,0.007000908256,0.1117695495,1
81,26,0.1359234154,0.1336628199,1
81,34,0.06141263247,0.1613194197,1
81,42,-0.06435318291,0.100427039,1
81,50,0.1116156131,0.09302529693,1
81,58,0.09221884608,-0.02837285027,1
81,66,0.02519661188,0.03236681968,1
81,74,0.01030869037,0.03957996517,1
81,82,-0.02974907681,0.08297795802,1
81,90,-0.1507523805,9.699724615e-05,1
81,98,-0.2225601077,-0.1847767979,1
81,106,-0.1783604622,-0.1824756116,1
81,114,-0.06546706706,-0.1267510653,1
81,122,0.06681531668,-0.04473665357,1
81,130,0.1120300815,-0.004318523221,1
81,138,0.05166818202,0.04598559439,1
81,146,0.1198012233,0.1257439852,1
81,154,0.1682714671,0.1426295489,1
81,162,0.172075808,0.05335976928,1
81,170,0.1922850162,-0.06794673204,1
89,10,-0.1524841189,-0.1132845581,1
89,18,0.08017169684,-0.001798097976,1
89,26,0.3093056381,0.1704894155,1
89,34,0.1066194624,0.0508277379,1
89,42,0.06150369719,-0.02914139256,1
89,50,0.1718104184,-0.09740110487,1
89,58,0.05451151729,-0.04356376454,1
89,66,0.1153435409,-0.0545659028,1
89,74,0.1873397231,-0.06735626608,1
89,82,0.08055195212,0.06899815053,1
89,90,-0.08378326893,0.02569693886,1
89,98,-0.09126643091,0.02154289186,1
89,106,-0.003779299557,-0.1599464118,1
89,114,-0.05433857441,-0.1103527024,1
89,122,-0.2195238024,-0.02140320837,1
89,130,-0.04101194069,0.0508800298,1
89,138,-0.00539328903,0.1615225971,1
89,146,-0.003798276186,0.2871822119,1
89,154,0.08496697992,0.1865239739,1
89,162,0.1529255509,0.02527090162,1
89,170,0.1551726758,-0.05247865617,1
97,10,-0.09431000054,-0.116897136,1
97,18,-0.03513236716,0.005659390241,1
97,26,0.002746801823,0.07727561146,1
97,34,-0.00917256996,0.01060453802,1
97,42,0.09503789246,0.08557249606,1
97,50,0.1518635601,0.05266206339,1
97,58,0.1150245667,-0.05198672786,1
97,66,0.1363938302,-0.1548707485,1
97,74,0.210290283,-0.03404633328,1
97,82,0.1196989864,0.03330053389,1
97,90,-0.04173182696,-0.03442876786,1
97,98,0.05539157242,0.0434682481,1
97,106,0.1124233752,-0.0271779988,1
97,114,-0.03002274036,-0.0922229141,1
97,122,-0.1420494169,-0.05110432208,1
97,130,-0.01678681001,-0.02648035809,1
97,138,0.03822405264,0.1457746923,1
97,146,-0.04800619185,0.3354589045,1
97,154,0.06311297417,0.2138307691,1
97,162,0.1377299726,-0.02918960154,1
97,170,0.098476924,0.005472898483,1
105,10,-0.1172926724,0.0559486337,1
105,18,-0.1512029171,0.1223306954,1
105,26,-0.2320145518,0.0789809823,1
105,34,0.01695068553,0.01540549099,1
105,42,0.104539834,0.07929009199,1
105,50,0.03588819131,0.02986810356,1
105,58,-0.01111643761,-0.1559113413,1
105,66,0.1451125443,-0.003328626975,1
105,74,0.1520766318,-0.01294432953,1
105,82,0.04953220487,-0.1103162989,1
105,90,-0.009269822389,-0.1179802269,1
105,98,-0.05150655285,-0.2529332042,1
105,106,-0.05589272827,-0.0503674522,1
105,114,0.04251648486,0.06772783399,1
105,122,0.1390050352,0.1530689448,1
105,130,-0.03373763338,0.001145426184,1
105,138,0.0003578811884,0.07681395859,1
105,146,0.02932717651,0.1909645051,1
105,154,0.07597809285,0.2397958487,1
105,162,0.1074010357,0.01943682134,1
105,170,0.08698325604,-0.02317736484,1
113,10,-0.2476041913,0.1111473441,1
113,18,-0.1032450274,0.1289321631,1
113,26,0.02822273597,0.03037425503,1
113,34,0.174713701,-0.01754665375,1
113,42,0.2781420648,-0.0146302972,1
113,50,0.1206281185,0.09807179868,1
113,58,-0.007867578417,0.05515390635,1
113,66,0.03621520102,0.01706093363,1
113,74,0.04526910931,-0.03186268359,1
113,82,-0.02596229315,-0.1026534438,1
113,90,-0.0679641366,-0.1192816719,1
113,98,-0.07403754443,-0.245974347,1
113,106,-0.004282221198,-0.07953229547,1
113,114,-0.007488900796,0.1002585366,1
113,122,0.012430951,0.410094291,1
113,130,-0.0730644986,-0.0007466599345,1
113,138,-0.1619659066,-0.08161563426,1
113,146,0.1376261115,0.0972186625,1
113,154,0.2401763648,0.197384879,1
113,162,0.1250310838,0.08622777462,1
113,170,-0.05335270613,0.02177150548,1
121,10,-0.158845529,0.1325210035,1
121,18,-0.02646621689,0.02861944586,1
121,26,0.2753224969,-0.089678213,1
121,34,0.3550792336,0.06665424258,1
121,42,0.1678677946,0.02763841487,1
121,50,-0.04502654448,0.2078774869,1
121,58,-0.09656850249,0.1351810992,1
121,66,-0.1991845667,-0.04603674635,1
121,74,-0.1556157321,0.09946613014,1
121,82,-0.1135531887,-0.007583343424,1
121,90,-0.1368540525,-0.06734783947,1
121,98,-0.05931951851,-0.01864744723,1
121,106,-0.02403463237,-0.06030708551,1
121,114,0.01781536266,0.01187190413,1
121,122,0.0993848443,0.08126600087,1
121,130,0.1739067286,-0.08996210247,1
121,138,0.05770736933,0.00133792311,1
121,146,-0.02481994778,0.06099252403,1
121,154,0.06594474614,0.05202105641,1
121,162,0.1114595085,0.1543465555,1
121,170,-0.1616567373,0.07689427584,1
129,10,-0.03881527483,0.1541070789,1
129,18,0.0646532774,-0.03174096718,1
129,26,0.2652174234,-0.1329073161,1
129,34,0.5138061047,-0.02340296656,1
129,42,0.1817957014,-0.02790539339,1
129,50,0.05188797414,0.03903787956,1
129,58,-0.09064675868,0.1043820232,1
129,66,-0.3025466502,0.1210056394,1
129,74,-0.1875574589,0.04995721579,1
129,82,-0.09593471885,-0.004196805879,1
129,90,-0.1078147143,0.04936826229,1
129,98,-0.06018038467,0.03080663085,1
129,106,0.01534004509,-0.1196198091,1
129,114,0.05737796426,-0.1741852462,1
129,122,0.02736560255,-0.1587723196,1
129,130,0.07140529156,-0.03177735209,1
129,138,-0.04038412869,0.1693376601,1
129,146,-0.03246801347,-0.01809430495,1
129,154,0.206738323,-0.02778717503,1
129,162,0.09400394559,0.1724179089,1
129,170,-0.1781319082,0.03818364441,1
137,10,-0.04790826887,0.1923100948,1
137,18,-0.02096564323,0.01530512795,1
137,26,0.1440684199,-0.1078623831,1
137,34,0.2849933505,-0.0922768563,1
137,42,0.2108457983,0.06140793115,1
137,50,0.1888008714,0.01102072373,1
137,58,0.1343384385,0.07920108736,1
137,66,-0.09039714187,0.2111067474,1
137,74,-0.0913926959,0.0196181573,1
137,82,-0.009121544659,-0.04167325795,1
137,90,0.041553922,0.06937329471,1
137,98,0.107069768,-0.02986080945,1
137,106,0.1543287635,-0.09180376679,1
137,114,0.08121756464,-0.130623728,1
137,122,0.03563321382,-0.2147228569,1
137,130,0.08477125317,-0.2341601849,1
137,138,0.01616464183,-0.1089591235,1
137,146,0.07429625839,-0.1583520919,1
137,154,0.1325694919,-0.002493197098,1
137,162,0.06463377178,0.08361820877,1
137,170,-0.1066619679,0.01819050312,1
145,10,0.01950741559,0.02415822446,1
145,18,0.1103999242,0.03204054385,1
145,26,0.08946429193,-0.02498085052,1
145,34,0.0628573969,-0.04907864332,1
145,42,0.2434722781,-0.02404568717,1
145,50,0.1704091281,0.04369919375,1
145,58,0.1814259589,0.04618019238,1
145,66,0.2797074914,0.0768834129,1
145,74,-0.007529862225,0.01909847558,1
145,82,0.02975048125,-0.05633756146,1
145,90,0.113603726,-0.07958530635,1
145,98,0.08051944524,-0.04855181277,1
145,106,0.1067295298,-0.007281184196,1
145,114,0.08382497728,0.03499113768,1
145,122,0.007936630398,-0.1297380924,1
145,130,0.01753547415,0.0009751580656,1
145,138,0.08895055205,0.06046387553,1
145,146,0.05064927042,-0.07934825122,1
145,154,0.1154962853,-0.01280192286,1
145,162,0.1924021244,-0.08580092341,1
145,170,-0.03220155835,-0.1871033609,1
153,10,0.1980586201,-0.03867442161,1
153,18,0.2002382725,0.05002711713,1
153,26,0.06538183242,0.1791442633,1
153,34,0.07583223283,0.0114743188,1
153,42,0.205367282,-0.04506728426,1
153,50,0.1945437342,0.07260342687,1
153,58,0.09224922955,-0.0140026845,1
153,66,0.1736750156,-0.1323328912,1
153,74,0.1623246521,-0.0787223652,1
153,82,0.1723799109,-0.09927201271,1
153,90,0.1477916241,-0.190577507,1
153,98,0.06750173867,-0.01201012731,1
153,106,-0.02919173613,0.1298671067,1
153,114,-0.185773626,0.04278484732,1
153,122,-0.07850542665,-0.06595477462,1
153,130,-0.008378528059,0.1304139495,1
153,138,-0.003830259666,0.1266418099,1
153,146,0.07360875607,0.08790099621,1
153,154,0.1331458986,-0.01633744314,1
153,162,0.1046088338,-0.1843806803,1
153,170,-0.0005668997765,-0.3798573911,1
161,10,0.290933907,0.01152144559,1
161,18,0.1198658943,0.2920954227,1
161,26,0.1780702174,0.188474074,1
161,34,0.2022732645,0.03959828615,1
161,42,0.2707531452,-0.01832601428,1
161,50,0.178233847,0.08978422731,1
161,58,0.06131647527,-0.1116108969,1
161,66,0.1286101937,-0.1408368796,1
161,74,0.0926547572,-0.07361087948,1
161,82,-0.006292246282,-0.1901405901,1
161,90,0.02323237807,-0.07938434184,1
161,98,0.05975853652,0.01416005939,1
161,106,0.02448506653,0.1797898859,1
161,114,-0.1615922898,0.1131083816,1
161,122,-0.1588637829,-0.04227973521,1
161,130,-0.0243582055,0.1507443488,1
161,138,0.03967900574,0.1965597272,1
161,146,0.06621198356,0.1473812759,1
161,154,0.104109548,-0.01774932072,1
161,162,0.02614551038,-0.1400046349,1
161,170,-0.1606509387,-0.06138502806,1
169,10,0.09897590429,0.03848532587,1
169,18,-0.1681263745,-0.05127827823,1
169,26,-0.01432080567,0.01067289338,1
169,34,0.1815728545,-0.08796592057,1
169,42,0.1610103548,0.02891221642,1
169,50,0.1236660033,0.118338488,1
169,58,0.05739766359,-0.01162647642,1
169,66,0.1557357013,-0.1022460684,1
169,74,0.1321355402,-0.07581102103,1
169,82,-0.1535044909,-0.1060890108,1
169,90,-0.01134611014,0.05878871679,1
169,98,0.1169934943,0.0245330967,1
169,106,0.0659449324,0.0022647921,1
169,114,-0.05067619681,-0.03176444024,1
169,122,-0.05774452537,0.02031511813,1
169,130,-0.09536946565,0.0844912082,1
169,138,-0.171359688,0.1704699099,1
169,146,-0.04691205919,0.1799636781,1
169,154,-0.0969099775,0.0547022,1
169,162,-0.271694392,-0.06337992847,1
169,170,-0.2337644845,-0.001793384552,1
177,10,0.1024625823,-0.08557026833,1
177,18,-0.04267029464,-0.09846369177,1
177,26,0.003246180713,-0.07630901039,1
177,34,-0.01522652805,-0.06499181688,1
177,42,-0.002492837608,0.09691105783,1
177,50,0.07262597978,0.03253082186,1
177,58,0.08987244219,-0.08597584814,1
177,66,0.08045972139,-0.05124405026,1
177,74,0.06586754322,-0.0744863227,1
177,82,0.02212950587,-0.0415087007,1
177,90,-0.05306510627,0.07904324681,1
177,98,0.07030431926,-0.001814821735,1
177,106,0.09360828251,-0.07241778821,1
177,114,0.0003187581897,-0.1254839003,1
177,122,-0.01259534061,0.1288470775,1
177,130,-0.06380232424,-0.01495028287,1
177,138,-0.1031105816,-0.1896511018,1
177,146,0.07328033447,0.02325648814,1
177,154,-0.01879318431,0.1303175688,1
177,162,-0.1161306947,-0.09076161683,1
177,170,-0.08292931318,-0.05966733396,1
185,10,0.1410056651,-0.1916831583,1
185,18,0.1655017287,0.0405203402,1
185,26,0.1664843112,8.937157691e-05,1
185,34,-0.008277717978,0.04598901421,1
185,42,0.02870022878,0.1153293625,1
185,50,0.09212310612,-0.1192467362,1
185,58,0.1005117297,-0.2091466486,1
185,66,0.07336215675,0.0109307766,1
185,74,0.003072582185,0.001480095088,1
185,82,0.1549236476,-0.06345858425,1
185,90,0.1525465399,-0.002606732305,1
185,98,0.1497227848,-0.0749367252,1
185,106,0.1381371021,0.03759640455,1
185,114,0.06803573668,-0.02628583089,1
185,122,0.04737379402,-0.08723853528,1
185,130,0.0129842218,-0.1585465819,1
185,138,0.06179457903,-0.1575585902,1
185,146,0.1498604566,-0.1190019175,1
185,154,-0.004692819901,-0.03783221543,1
185,162,-0.08063534647,-0.1355618984,1
185,170,-0.005391567945,-0.07984371483,1
193,10,0.03114978969,-0.3357785344,1
193,18,0.1317671835,-0.03083465248,1
193,26,0.08770821989,-0.01154970005,1
193,34,0.04877857119,0.1389928013,1
193,42,0.05622333288,0.05953587219,1
193,50,0.07043416053,0.03940105066,1
193,58,0.03303740174,-0.04645316303,1
193,66,0.06535710394,0.03929232061,1
193,74,0.06780498475,-0.03072523698,1
193,82,0.09417404234,-0.06719425321,1
193,90,0.09855283052,-0.1352197528,1
193,98,0.1600863934,-0.0286375992,1
193,106,0.2083556652,0.08667214215,1
193,114,0.2168872952,0.03234414756,1
193,122,-0.004944875836,0.001732163131,1
193,130,0.01095321774,-0.1004163027,1
193,138,0.07861717045,-0.02974750102,1
193,146,0.0419325009,-0.1744470596,1
193,154,-0.03212555498,-0.1728959531,1
193,162,-0.03132807463,-0.05443114042,1
193,170,0.0703446269,-0.009531915188,1
201,10,-0.03720247746,-0.3716706038,1
201,18,0.1447058618,0.006427742541,1
201,26,0.2046972811,0.03462200984,1
201,34,0.08525629342,0.03637439758,1
201,42,0.122228466,0.07896633446,1
201,50,0.1458260566,0.1010228693,1
201,58,0.08772940934,0.1224362329,1
201,66,0.0359624587,0.1849962622,1
201,74,-0.03129412979,-0.07070295513,1
201,82,0.02530249953,-0.05690393224,1
201,90,0.02927646786,-0.1559888422,1
201,98,0.05566951632,-0.06243297085,1
201,106,0.1544316858,-0.03289850056,1
201,114,0.05555953085,-0.05421324819,1
201,122,-0.09884759784,0.06668570638,1
201,130,0.01879288256,-0.01051480323,1
201,138,0.06894709915,-0.02455469221,1
201,146,0.08121570945,-0.2184613347,1
201,154,0.09940429032,-0.2185985893,1
201,162,-0.1037902534,0.08849878609,1
201,170,-0.1064476371,0.4261001647,1
209,10,0.05216141418,-0.1186119616,1
209,18,-0.01486712694,-0.002914108336,1
209,26,0.07093651593,0.03498082235,1
209,34,0.05233509094,0.05321345851,1
209,42,-0.01212516427,0.05809317529,1
209,50,0.01178083941,0.03121964633,1
209,58,0.06112001464,-0.1200005561,1
209,66,-0.01798892021,0.06642694771,1
209,74,-0.01689945534,0.01454430446,1
209,82,0.09902365506,-0.05314327404,1
209,90,0.0284402445,-0.0004019662738,1
209,98,0.06109924614,-0.03242072836,1
209,106,0.1630968302,-0.01090142503,1
209,114,0.02354590595,-0.1084122136,1
209,122,-0.005442902446,-0.06708037108,1
209,130,0.02040436864,-0.06793420762,1
209,138,0.1411238462,-0.1847981215,1
209,146,0.07811066508,-0.2555462122,1
209,154,0.03493002802,-0.2537478209,1
209,162,-0.01826468855,-0.1585799456,1
209,170,-0.06052547693,-0.07636529207,1
217,10,0.06798052788,-0.004296287894,1
217,18,-0.03171274811,0.02784426324,1
217,26,-0.03206017241,0.06581893563,1
217,34,-0.06206703931,0.160779655,1
217,42,-0.05032492429,0.113540709,1
217,50,-0.03685462475,0.08979700506,1
217,58,-0.03586175293,-0.03118229285,1
217,66,0.02299487963,0.0953361392,1
217,74,0.03133794293,0.07376518101,1
217,82,0.07378076017,-0.04371166229,1
217,90,0.1559440792,0.1257459223,1
217,98,0.2094335854,0.05252040178,1
217,106,0.1607441306,0.05260293931,1
217,114,-0.03877972439,0.1358537227,1
217,122,-0.1726999283,0.04763756692,1
217,130,-0.1060026959,-0.05668489262,1
217,138,-0.08076717705,-0.1792939305,1
217,146,-0.1236301512,-0.242660895,1
217,154,-0.1227404028,-0.1727247685,1
217,162,-0.06341564655,-0.04371798411,1
217,170,0.05775876343,-0.04172755033,1
225,10,0.07216201723,0.06595088542,1
225,18,0.007577762008,0.03319566697,1
225,26,0.07640001178,0.1952722669,1
225,34,-0.0007113697939,0.1100887582,1
225,42,-0.09033478796,0.1865053177,1
225,50,-0.1064234152,0.2655225396,1
225,58,-0.07811558992,0.05130181089,1
225,66,0.07367263734,0.1569908559,1
225,74,0.1707947701,0.1288984716,1
225,82,0.06758262962,-0.04452551156,1
225,90,0.06882384419,-0.06448596716,1
225,98,-0.04978709295,-0.03526193649,1
225,106,-0.09899926931,-0.004696529359,1
225,114,-0.04492805898,0.1136837676,1
225,122,-0.1241768673,0.1298965216,1
225,130,-0.2173861712,-0.02238020301,1
225,138,-0.2229869515,-0.09910099208,1
225,146,-0.2432339489,-0.1142050922,1
225,154,-0.2263287455,-0.1402359307,1
225,162,-0.1986569464,-0.08054168522,1
225,170,-0.08059666306,-0.002985149622,1
233,10,0.1761205345,0.102044709,1
233,18,0.2857964039,0.03444654495,1
233,26,0.3379217684,0.1862904131,1
233,34,-0.14269045,0.09946942329,1
233,42,-0.1454694867,0.04384865612,1
233,50,-0.03950620815,0.1750306636,1
233,58,-0.09150483459,0.04358005524,1
233,66,-0.03241886944,0.1058279425,1
233,74,0.03882510588,0.1003110409,1
233,82,-0.02552599832,-0.02050937712,1
233,90,-0.07793371379,-0.217723906,1
233,98,0.003711526282,-0.08649271727,1
233,106,0.1051073894,-0.0294303298,1
233,114,0.07775918394,-0.04515556246,1
233,122,-0.02759760991,-0.03645582497,1
233,130,-0.1452593952,-0.02588010579,1
233,138,-0.1369702816,0.01569376886,1
233,146,-0.1858949065,-0.118728511,1
233,154,-0.2561605275,-0.113046892,1
233,162,-0.2691546082,-0.05501184613,1
233,170,-0.301921308,0.02556850761,1
241,10,-0.059413068,0.1025152877,1
241,18,0.0544901751,0.04286598414,1
241,26,0.04085188732,0.05865627527,1
241,34,0.01551140845,0.03171894699,1
241,42,-0.03908807039,-0.03106933087,1
241,50,0.04007199407,0.05789510906,1
241,58,0.06647412479,-0.02267908305,1
241,66,0.001226250082,-0.04558254778,1
241,74,0.01899549365,-0.02884124219,1
241,82,0.06217370927,0.02316408046,1
241,90,0.02761338279,0.05167979747,1
241,98,-0.03571775556,0.01250902563,1
241,106,0.008185110986,-0.08767145872,1
241,114,-0.02162709832,-0.1105444729,1
241,122,-0.0965404436,-0.02760858461,1
241,130,-0.05849385262,-0.1207944453,1
241,138,-0.01939757168,-0.05644588917,1
241,146,-0.03363713622,-0.06960766017,1
241,154,-0.03520765156,-0.07600003481,1
241,162,-0.1392823458,0.1184045821,1
241,170,-0.3887582421,-0.002306161448,1
249,10,-0.1562721133,0.07093585283,1
249,18,-0.01814752072,0.04659252241,1
249,26,0.04494031519,0.06909748912,1
249,34,0.08958375454,-0.02452353016,1
249,42,-0.03313307464,0.1019397676,1
249,50,-0.06969361007,-0.001021215692,1
249,58,-0.02181017771,-0.1158208996,1
249,66,-0.07514513284,-0.09815610945,1
249,74,-0.09710644186,-0.07659290731,1
249,82,-0.1000068188,0.02930883691,1
249,90,-0.1197257712,0.2156779021,1
249,98,-0.2086418122,0.04788536206,1
249,106,-0.1375169754,-0.04650331289,1
249,114,-0.03438413143,0.1718778461,1
249,122,-0.1110269427,0.1318430603,1
249,130,-0.02736556344,-0.007312966511,1
249,138,0.06579953432,-0.04553247988,1
249,146,0.1726645529,0.01519285515,1
249,154,0.09266748279,0.006924813613,1
249,162,-0.04337471724,0.127417326,1
249,170,-0.2193482965,-0.03659481555,1
257,10,-0.009981952608,0.03519703448,1
257,18,0.003939256072,0.02795291319,1
257,26,-0.02954186499,0.09811188281,1
257,34,0.06656514108,0.06516952813,1
257,42,0.08252158016,0.1197771877,1
257,50,-0.07057407498,0.01116180047,1
257,58,-0.1097665355,-0.1130728051,1
257,66,-0.1227025837,-0.1010307819,1
257,74,-0.1005036831,-0.059147764,1
257,82,-0.05471694469,0.09552448243,1
257,90,-0.1947978139,0.1823839843,1
257,98,-0.1842289567,0.08265814185,1
257,106,-0.1432864219,0.0508293286,1
257,114,-0.1442979574,0.2420634925,1
257,122,-0.1473077238,0.1388020515,1
257,130,-0.1107206643,0.09929021448,1
257,138,-0.007484952919,0.01815322414,1
257,146,0.1120505631,0.06664029509,1
257,154,0.02056070045,0.1329577565,1
257,162,-0.07230328023,0.1166578233,1
257,170,-0.1102047116,0.01513969898,1
265,10,0.0549938865,-0.001549124718,1
265,18,-0.008797414601,-0.005867082626,1
265,26,-0.2587711811,0.01576066576,1
265,34,-0.1281080544,0.03530639783,1
265,42,0.05824387074,-0.02023956552,1
265,50,-0.0187536031,0.03304059431,1
265,58,-0.0596257858,-0.0539342463,1
265,66,-0.005937226117,-0.06179200858,1
265,74,-0.1258263737,0.1135869771,1
265,82,-0.08092740923,0.2293581665,1
265,90,-0.02954856306,0.170599848,1
265,98,-0.1081966907,0.0414576605,1
265,106,-0.1361485571,0.02987278998,1
265,114,-0.02913945168,0.09615599364,1
265,122,0.02100533247,0.007566155866,1
265,130,-0.02221386507,-0.04602124915,1
265,138,-0.03412393108,-0.008037220687,1
265,146,-0.08461466432,0.01526994072,1
265,154,-0.009014673531,-0.04245572537,1
265,162,0.001821471378,-0.01820958778,1
265,170,0.0169297643,-0.03033143468,1
273,10,0.08463470638,0.004145313054,1
273,18,-0.08294906467,0.04460588098,1
273,26,-0.2731954157,-0.0008031614125,1
273,34,-0.0821646452,0.01924731955,1
273,42,0.04921137542,-0.02231395617,1
273,50,-0.009892884642,-0.136182338,1
273,58,0.01547123864,-0.1365357935,1
273,66,0.03459978849,-0.03031881154,1
273,74,-0.05730177462,0.2258544713,1
273,82,0.005902044475,0.2824267745,1
273,90,0.1214349121,0.1984253526,1
273,98,-0.08905953914,0.00238802284,1
273,106,-0.1198556274,0.04662781581,1
273,114,-0.07451327145,0.151058659,1
273,122,-0.0327983126,0.09036973119,1
273,130,-0.04794800282,-0.03691192716,1
273,138,-0.1549375951,-0.09348841012,1
273,146,-0.1468245387,-0.06678629667,1
273,154,-0.05652271956,-0.06667111069,1
273,162,-0.0828243047,-0.00710362941,1
273,170,-0.01573373377,-0.01673771255,1
281,10,0.1648309827,-0.05018897355,1
281,18,-0.06654804945,-0.0194522962,1
281,26,-0.1812623292,0.02987054735,1
281,34,-0.02335643023,-0.006779976189,1
281,42,-0.07787659019,0.01950608194,1
281,50,-0.07338408381,-0.106696412,1
281,58,0.04948507249,0.01978740841,1
281,66,0.11959178,0.07002916932,1
281,74,0.1557869315,0.2077530175,1
281,82,0.1791042536,0.2804572582,1
281,90,0.1133139431,0.2161958963,1
281,98,0.07611806691,0.0561331585,1
281,106,0.0357436426,-0.007923237979,1
281,114,0.001427672803,0.1955961138,1
281,122,-0.001612059772,0.1310953051,1
281,130,-0.05920909345,0.03549852967,1
281,138,-0.1532104313,-0.05727672949,1
281,146,-0.07659475505,-0.03583635017,1
281,154,-0.03480534256,0.1130809784,1
281,162,-0.1908918321,0.06945599616,1
281,170,-0.07423205674,0.04767131805,1
289,10,0.1384923458,-0.06012379378,1
289,18,-0.02183128148,0.003164239228,1
289,26,-0.049687244,0.1459328234,1
289,34,-0.05165427923,0.08027523756,1
289,42,-0.08707845956,0.03909303248,1
289,50,-0.0514388755,-0.009775590152,1
289,58,0.003081198782,0.07316169143,1
289,66,0.0425681062,0.08640661836,1
289,74,0.1026303098,0.2351544201,1
289,82,0.169355914,0.1756678224,1
289,90,0.1817582399,0.1787094474,1
289,98,0.01861363091,0.07757261395,1
289,106,-0.08199366927,-0.005833365023,1
289,114,-0.01849140599,-0.01210449636,1
289,122,-0.005142994225,-0.002413183451,1
289,130,-0.09946448356,0.01187623665,1
289,138,-0.08254041523,-0.03960217163,1
289,146,-0.002302631736,0.006675377488,1
289,154,-0.09591498226,0.1350348294,1
289,162,-0.06042408943,0.04064714164,1
289,170,0.1494997889,0.05507779494,1
297,10,-0.07713038474,-0.04884088039,1
297,18,-0.06416840851,0.08779706806,1
297,26,0.08306008577,0.3000718057,1
297,34,0.1091680601,0.2120013535,1
297,42,-0.08667904884,0.1838403195,1
297,50,-0.08348241448,0.09015125036,1
297,58,-0.04263870418,-0.06426822394,1
297,66,0.03087143227,0.02899466455,1
297,74,0.03928013518,0.1366113126,1
297,82,0.0812869817,0.02838464081,1
297,90,0.1254054904,0.1901970208,1
297,98,-0.04157251492,0.2281247675,1
297,106,0.02395342477,0.0001843124628,1
297,114,0.06899134815,-0.0365774259,1
297,122,0.04922292009,0.00745453313,1
297,130,0.006534984335,0.08113733679,1
297,138,0.1025222242,0.1109670103,1
297,146,0.06925631315,0.04344551265,1
297,154,-0.08850614727,0.03159718961,1
297,162,-0.03114111349,0.01756039262,1
297,170,0.0416745916,0.06078876555,1
305,10,-0.06245224178,-0.1715561152,1
305,18,0.07655557245,-0.01143674925,1
305,26,0.01351391338,0.1384118199,1
305,34,-0.06768590957,0.1812152863,1
305,42,-0.2486297935,0.1943764687,1
305,50,-0.3038424253,0.06194841862,1
305,58,0.01091085374,0.1000616401,1
305,66,0.02004434913,0.04909479618,1
305,74,0.005004938692,0.02412133664,1
305,82,0.08694317192,0.005285404623,1
305,90,0.1286240965,0.08304867148,1
305,98,-0.03837367147,-0.04250805825,1
305,106,-0.0851008147,-0.03090522066,1
305,114,-0.002919269726,-0.001545004547,1
305,122,0.08557702601,0.01349584013,1
305,130,0.02935807034,0.08895982802,1
305,138,0.03687587753,0.232224673,1
305,146,-0.01474184915,0.1362468004,1
305,154,-0.08131840825,0.07375358045,1
305,162,-0.0487842299,0.06863103062,1
305,170,-0.008435845375,0.09658177197,1
313,10,-0.2708733678,-0.1428354234,1
313,18,-0.1083761603,-0.1133408248,1
313,26,0.1129800975,-0.08219785243,1
313,34,0.02019616589,0.08200415969,1
313,42,-0.2856432796,0.2020249218,1
313,50,-0.3385816216,0.1047640592,1
313,58,-0.2612450719,0.1118541062,1
313,66,-0.1854469925,0.08777858317,1
313,74,-0.09052779526,0.05414618924,1
313,82,0.06049111485,0.1090508029,1
313,90,0.1000681445,0.1035100669,1
313,98,-0.04729111493,-0.1061351523,1
313,106,-0.1049378067,-0.007873157971,1
313,114,-0.02440929413,-0.04888739064,1
313,122,0.05982035771,0.03419720381,1
313,130,0.1046518832,0.06107906997,1
313,138,-0.1170783117,0.04146992788,1
313,146,-0.1242065951,0.1474380791,1
313,154,-0.03621922433,0.05997185409,1
313,162,0.05019135028,0.07078206539,1
313,170,0.1657826304,0.1581898034,1
321,10,-0.07668313384,0.05077899247,1
321,18,0.05716051161,-0.1005828828,1
321,26,0.1108781546,-0.09412699938,1
321,34,0.03657419235,0.02016001195,1
321,42,0.00635330379,0.2142765671,1
321,50,-0.03138513118,0.357660085,1
321,58,-0.1254506707,0.1127213985,1
321,66,-0.1719118506,0.06103643775,1
321,74,-0.188146472,0.114134416,1
321,82,0.01868639514,0.1172039956,1
321,90,0.05170032755,-0.008842900395,1
321,98,-0.03474800289,-0.05753901601,1
321,106,-0.165531069,-0.002059697174,1
321,114,-0.048744075,-0.05283156037,1
321,122,0.0501351431,0.1372227222,1
321,130,-0.0237926282,0.02865164727,1
321,138,-0.09997078031,-0.07688595355,1
321,146,-0.05741132423,-0.002204701304,1
321,154,0.05830438063,0.01740767434,1
321,162,0.1274887919,0.0733121112,1
321,170,0.2274481505,0.2389996052,1
329,10,0.03562263027,0.1450457871,1
329,18,0.07028930634,-0.02839920297,1
329,26,0.09092903137,0.01431463659,1
329,34,0.1098338142,0.03793153912,1
329,42,0.1077052131,0.1709519476,1
329,50,-0.01988303661,0.313332051,1
329,58,-0.1166252568,0.03611493111,1
329,66,-0.1376114786,0.0226085037,1
329,74,-0.1348654777,0.1818196177,1
329,82,-0.04977695644,0.1220335513,1
329,90,0.03910197318,-0.04262993485,1
329,98,0.1355534047,-0.1653264165,1
329,106,0.003917317837,0.001263167709,1
329,114,-0.05040091649,0.07555343956,1
329,122,0.03790401295,0.1962992549,1
329,130,-0.01153985038,0.006931319833,1
329,138,-0.06749585271,-0.1169129759,1
329,146,0.1589174867,0.08355007321,1
329,154,0.1265706569,0.109373033,1
329,162,0.09798693657,0.06710772216,1
329,170,0.2568788826,0.03643521667,1
337,10,0.0484296158,0.1160436869,1
337,18,0.0653045401,0.02832138538,1
337,26,-0.0725697428,0.08266599476,1
337,34,0.04902411997,0.1023400724,1
337,42,0.2043260783,0.1255347729,1
337,50,0.1861202419,0.1042338908,1
337,58,-0.01567700505,-0.1374223828,1
337,66,-0.1079892814,0.07043878734,1
337,74,-0.05632179603,0.2056539953,1
337,82,0.002972692251,0.1889066398,1
337,90,-0.003999108449,0.03144446015,1
337,98,0.1236322671,-0.002891946584,1
337,106,-0.03476263955,0.147623986,1
337,114,-0.09075421095,0.1013123617,1
337,122,0.1009486318,-0.037779212,1
337,130,0.04265729338,-0.005483757704,1
337,138,-0.03788477182,-0.0002748779953,1
337,146,-0.06753195822,0.200268656,1
337,154,-0.04555034637,0.2300972342,1
337,162,-0.008798867464,0.01160474122,1
337,170,0.06255753338,-0.06988226622,1
345,10,0.07424725592,0.05799734592,1
345,18,0.1313733459,0.110140346,1
345,26,-0.09745528549,0.07974974811,1
345,34,0.05512650311,0.04734764248,1
345,42,0.09645155817,0.02205068991,1
345,50,0.07913985848,-0.01249611191,1
345,58,0.08244428039,-0.07691179961,1
345,66,-0.0191148594,0.07058176398,1
345,74,-0.1154389679,0.1802076101,1
345,82,-0.1209158152,0.2113249004,1
345,90,-0.1557330787,0.03944432735,1
345,98,-0.01995085739,0.08875644952,1
345,106,0.005908838473,0.1436185241,1
345,114,0.01175997406,0.00909397006,1
345,122,0.07185618579,0.003573223948,1
345,130,0.1026671082,0.1400353014,1
345,138,-0.03959774598,0.110759899,1
345,146,-0.1854514778,0.2183221281,1
345,154,-0.111541003,0.1723510176,1
345,162,-0.1671193093,0.002666965127,1
345,170,-0.09666776657,0.09519143403,1
353,10,-0.0002144351602,0.04359587282,1
353,18,0.03216418624,0.06597347558,1
353,26,0.1063687801,0.03486610949,1
353,34,0.0650306046,-0.0004018321633,1
353,42,-0.03446498513,-0.04089618102,1
353,50,-0.0640424341,-0.06861313432,1
353,58,0.01616125554,-0.0247569792,1
353,66,-0.07235054672,-0.07597257942,1
353,74,-0.2991044521,0.1310509741,1
353,82,-0.4113027453,0.3138471246,1
353,90,-0.2145493776,0.1485963762,1
353,98,-0.03484339267,-0.0733730197,1
353,106,0.08648321033,0.0166804716,1
353,114,0.01886182278,0.007776774466,1
353,122,-0.0003603063524,0.06244637072,1
353,130,0.1786206961,0.1611041129,1
353,138,0.08870380372,0.02182513103,1
353,146,-0.0563483648,0.1837965548,1
353,154,-0.06233657897,0.03676534444,1
353,162,-0.2037534416,0.004064030945,1
353,170,-0.04035554081,0.1736807823,1
361,10,0.1089754403,0.004482027143,1
361,18,0.109968178,-0.03766664863,1
361,26,0.074237369,0.001526794396,1
361,34,-0.01805236191,0.01107110269,1
361,42,-0.0988009423,0.1040493995,1
361,50,-0.274307698,-0.0506127812,1
361,58,-0.1264027655,-0.01662262157,1
361,66,-0.0703330338,0.006224051118,1
361,74,-0.1183573902,0.1386615038,1
361,82,-0.218793422,0.1465150118,1
361,90,-0.2577348948,0.0972276926,1
361,98,-0.003144264221,-0.01301017404,1
361,106,0.09952061623,0.1796627045,1
361,114,-0.1455177665,0.1931546032,1
361,122,-0.1154406294,0.04793865979,1
361,130,-0.04471575469,0.09344518185,1
361,138,0.05064749345,-0.05141948536,1
361,146,0.05428858101,-0.1511712074,1
361,154,0.0138644753,-0.139465034,1
361,162,-0.006938520819,0.009865641594,1
361,170,0.02635105513,0.3001918197,1
369,10,0.4497412145,0.04001375288,1
369,18,0.07917853445,0.03404894471,1
369,26,0.002509631217,-0.07441332936,1
369,34,-0.01704694331,0.02033399045,1
369,42,-0.1666414738,0.2215426415,1
369,50,-0.2923627198,0.004944585264,1
369,58,-0.1412736773,0.07023194432,1
369,66,-0.06705545634,0.03391078115,1
369,74,-0.02874018252,0.09928247333,1
369,82,-0.06671142578,0.04934109002,1
369,90,-0.01168277115,-0.08730909973,1
369,98,0.3391251564,-0.00818862766,1
369,106,0.1685734391,0.1854251176,2
369,114,-0.02412760071,0.3813091218,1
369,122,0.003373816609,0.07681542635,1
369,130,0.02277823351,0.04684225097,1
369,138,0.03239517659,-0.06239271536,1
369,146,-0.0302728191,-0.1448021382,1
369,154,-0.07125739008,-0.1649692506,1
369,162,0.006164968014,0.03950449079,1
369,170,0.08085662127,0.3688449264,1
377,10,0.4116561711,0.1293854266,1
377,18,0.1363072991,0.2986367941,1
377,26,0.06591875851,0.02445140481,1
377,34,-0.05706234276,-0.004802457988,1
377,42,-0.115925163,0.1001512408,1
377,50,-0.04166831076,-0.02718212456,1
377,58,0.06287457049,0.04339118302,1
377,66,0.07674199343,0.1049545482,1
377,74,0.04641655087,0.0147661604,1
377,82,-0.02531584725,-0.02055407315,1
377,90,0.1047345325,0.08197244257,1
377,98,0.3789073825,0.2125337124,1
377,106,0.2597756088,0.1889172494,1
377,114,-0.02800176106,0.2522540092,1
377,122,-0.08300633729,0.2295458466,1
377,130,-0.01799666323,0.07847885042,1
377,138,-0.04663854092,0.0584423244,1
377,146,0.001070104074,0.02494954318,1
377,154,0.0812009573,-0.006806515157,1
377,162,-0.01362359524,0.08369666338,1
377,170,-0.04865964875,0.2840298712,1
385,10,0.3356701434,0.1684612036,1
385,18,0.1526650786,0.1583886743,1
385,26,0.007572472095,0.161947161,1
385,34,-0.08020496368,0.06492786855,1
385,42,-0.1709954441,0.1733471155,1
385,50,-0.09485967457,-0.007399812341,1
385,58,0.01849295571,0.00439504534,1
385,66,0.01175981387,0.1760202497,1
385,74,0.006772600114,-0.2150743902,1
385,82,-0.03394438699,-0.1555577219,1
385,90,-0.04211433232,0.05961894616,1
385,98,-0.04121410102,0.1523318589,1
385,106,0.07763695717,0.2040139139,1
385,114,0.1146850958,0.2803992629,1
385,122,-0.1302272081,0.2226950228,1
385,130,0.07712325454,0.0500305742,1
385,138,0.009707568213,0.1030832753,1
385,146,-0.01527625136,0.04428013414,1
385,154,0.04307777435,-0.02734182961,1
385,162,0.04799943417,0.05968407542,1
385,170,-0.06162841991,0.1230342537,1
393,10,0.1650058031,0.2034410834,1
393,18,-0.145943284,0.2231892347,1
393,26,-0.1767859608,0.2045646608,1
393,34,-0.1003395692,0.1165291294,1
393,42,-0.2292129099,0.138628155,1
393,50,-0.261505127,0.02934475243,1
393,58,-0.05490161479,0.08692330867,1
393,66,-0.1506868452,-0.06853403896,1
393,74,-0.1202043295,-0.2377788126,1
393,82,0.07735189795,-0.126786679,1
393,90,0.009661968797,-0.1124320105,1
393,98,-0.1694167256,-0.0873574689,1
393,106,-0.0009671309963,0.08875730634,1
393,114,0.1887607723,0.2042099983,1
393,122,0.05522923172,0.1230301261,1
393,130,0.06201625988,0.0143237263,1
393,138,0.05093545467,0.09237617999,1
393,146,0.01951162145,0.1068780944,1
393,154,-0.02732940763,-0.06232341751,1
393,162,-0.06312403828,0.04122457281,1
393,170,-0.07043138146,0.07373351604,1
401,10,0.3362416029,0.09032507241,1
401,18,0.04600724578,0.318470031,1
401,26,-0.03568833321,0.2142796516,1
401,34,0.1588189304,0.1418518871,1
401,42,-0.1063595489,0.09457907081,1
401,50,-0.1812346727,0.04015680403,1
401,58,-0.1198686063,0.2375495732,1
401,66,-0.1419593245,0.1410289258,1
401,74,-0.3856526613,-0.08609458059,1
401,82,-0.1467173398,-0.02288194746,1
401,90,-0.04207008705,-0.07905137539,1
401,98,-0.01835415885,-0.004941882566,1
401,106,0.1490005851,0.09973067045,1
401,114,0.06170953065,0.1198417097,1
401,122,-0.05039262399,0.162782371,1
401,130,-0.05445976555,0.2140752077,1
401,138,-0.07582041621,0.1444489658,1
401,146,-0.05210468173,0.1563713253,1
401,154,-0.01578319818,-0.05884801969,1
401,162,-0.05199041218,-0.06741908193,1
401,170,-0.04289500415,-0.01639100909,1
409,10,0.112788707,-0.1013438553,1
409,18,0.397392571,0.1212241054,1
409,26,0.2542970777,0.09810350835,1
409,34,0.1572523415,0.09502507746,1
409,42,0.1058025882,0.1524855793,1
409,50,-0.05807036161,0.2100716382,1
409,58,-0.08103366941,0.2234117091,1
409,66,0.08374833316,0.2023693919,1
409,74,-0.1407548338,-0.002166528255,1
409,82,0.003073081374,0.04382056743,1
409,90,0.07921218127,-0.07906994224,1
409,98,0.1152899787,-0.03225678205,1
409,106,0.1254481971,0.0516866222,1
409,114,-0.1011986136,0.01005029678,1
409,122,-0.2173369229,0.09708924592,1
409,130,-0.2053347826,0.2496841252,1
409,138,-0.1807379127,0.1028191,1
409,146,-0.1640660614,0.01810258254,1
409,154,-0.09277617931,-0.05236075073,1
409,162,0.01621446759,-0.07852633297,1
409,170,0.05573103577,-0.1085956842,1
417,10,-0.2253115475,-0.403421402,1
417,18,0.4907086492,-0.2804865539,1
417,26,0.4692749381,-0.06742446125,1
417,34,0.3616497517,0.008038468659,1
417,42,0.3234088421,0.0553701818,1
417,50,0.1455495059,0.1216284037,1
417,58,0.05116450042,0.1040794253,1
417,66,0.03470166773,0.1583865583,1
417,74,0.02626137435,0.08217282593,1
417,82,0.1378266513,0.07888862491,1
417,90,0.2764285803,0.001870065928,1
417,98,0.1703877002,-0.04089397192,1
417,106,-0.03658815473,-0.0868775472,1
417,114,-0.1887488663,-0.03274619579,1
417,122,-0.2167690992,-0.1049482375,1
417,130,-0.2525356412,0.005579695106,1
417,138,-0.2768072188,-0.05878514051,1
417,146,-0.09013900161,-0.1529745907,1
417,154,0.009527847171,-0.08400681615,1
417,162,0.06518683583,-0.03137694299,1
417,170,0.1472715735,-0.02417950332,1
