PIVlab, ASCII chart output - 02-Aug-2025
FRAME: 278, filenames: A:[278]FullStack_Pos0035_TgUtrmcherry_K4K8MO-1.avi & B:[279]FullStack_Pos0035_TgUtrmcherry_K4K8MO-1.avi, conversion factor xy (px -> m): 1, conversion factor uv (px/frame -> m/s): 1
x [px],y [px],u [px/frame],v [px/frame],Vector type [-]
9,10,-0.1702537537,0.05514828861,1
9,18,-0.03473764658,0.07166513801,1
9,26,-0.1257723868,0.03736992925,1
9,34,-0.1264781952,-0.05356729031,1
9,42,-0.1390987039,-0.01525945961,1
9,50,-0.155316323,0.1133891493,1
9,58,-0.2022051811,0.4688431621,1
9,66,-0.2059479356,0.3663873076,1
9,74,-0.1289671063,0.1425114274,1
9,82,-0.1134057641,0.01537185907,1
9,90,-0.1449542046,-0.0505846478,1
9,98,-0.07889851928,0.0285700839,1
9,106,0.05286952853,0.05535295606,1
9,114,-0.006431847811,0.144930169,1
9,122,-0.1757565141,0.05887106061,1
9,130,-0.1025615335,-0.04354906082,1
9,138,0.09664006531,-0.08965554833,1
9,146,0.07002960145,-0.06276600063,1
9,154,-0.0316971615,-0.1131666452,1
9,162,0.02139284834,-0.1079016328,1
9,170,0.02206599712,-0.1265612543,1
17,10,-0.1510045379,0.1224665344,1
17,18,0.008556552231,0.05276811495,1
17,26,0.1031799167,-0.02068702877,1
17,34,0.07355563343,-0.09391275048,1
17,42,-0.1574017406,-0.08316238225,1
17,50,-0.105551742,-0.004393033683,1
17,58,-0.05722260475,0.04654309154,1
17,66,-0.03109086305,0.05984161049,1
17,74,0.007468834519,0.0318698287,1
17,82,0.01229433343,0.01662122086,1
17,90,-0.05805758387,-0.0117595084,1
17,98,-0.03575649858,0.07372348011,1
17,106,0.09561755508,0.05514911562,1
17,114,0.1339594573,0.07098901272,1
17,122,0.04256945103,0.06818103045,1
17,130,0.03409409896,-0.01305134594,1
17,138,0.04347228259,-0.03345352411,1
17,146,0.04482765123,-0.06363612413,1
17,154,-0.06582224369,-0.2102535367,1
17,162,0.02653224953,-0.1404212117,1
17,170,0.211998716,-0.142898649,1
25,10,-0.1596051157,0.01889449358,1
25,18,0.05340289325,-0.05471043289,1
25,26,0.3246179819,-0.1356047392,1
25,34,0.1489850432,-0.1769977212,1
25,42,0.01776107214,-0.008237341419,1
25,50,0.08894445747,0.05636786297,1
25,58,0.1567728668,-0.04269075394,1
25,66,0.0705986917,-0.03019156493,1
25,74,0.06506126374,-0.0530885905,1
25,82,0.03378072381,-0.1151313782,1
25,90,0.09687496722,-0.02998029254,1
25,98,0.171655342,0.1073016077,1
25,106,0.1998142004,0.08171327412,1
25,114,0.06903316081,0.03627416864,1
25,122,0.04436686635,0.01116895396,1
25,130,-0.05536140501,-0.03115844727,1
25,138,-0.04822528362,-0.00541228056,1
25,146,0.04223478585,-0.01529407501,1
25,154,-0.07650966942,0.01059328206,1
25,162,-0.02821541764,-0.05558517575,1
25,170,0.2463642359,-0.07983694971,1
33,10,-0.01717625558,-0.0360352248,1
33,18,0.08617611974,-0.2112029791,1
33,26,0.1578169018,-0.1065471172,1
33,34,0.07820378989,-0.1254936755,1
33,42,0.001024050638,-0.009650142863,1
33,50,0.1196445003,0.1035581902,1
33,58,0.1423529834,0.1034117341,1
33,66,0.09866866469,0.0117142722,1
33,74,0.1053132266,-0.09908382595,1
33,82,0.1258647591,-0.07857267559,1
33,90,0.2336566448,-0.03999044746,1
33,98,0.3970364034,0.007104629651,1
33,106,0.2998476028,-0.006078954786,1
33,114,0.2337960601,5.072727799e-05,1
33,122,0.2022003829,-0.06005959958,1
33,130,0.03899821639,-0.1046911925,1
33,138,0.03635945544,-0.1702628136,1
33,146,0.06560768187,-0.01098091155,1
33,154,0.005779175088,-0.04941029474,1
33,162,0.08227709681,0.07968983054,1
33,170,0.1372906268,0.05726841092,1
41,10,0.03442689776,0.07478543371,1
41,18,0.04437325522,-0.1674261838,1
41,26,-0.04422554374,-0.1071993709,1
41,34,-0.01160782762,-0.002292150632,1
41,42,-0.06052301452,-0.0319904238,1
41,50,-0.1617821604,0.02992033958,1
41,58,0.01465951093,0.1946491897,1
41,66,0.09656369686,0.1459017694,1
41,74,0.04503720999,-0.03936145455,1
41,82,0.05427160114,-0.05370027199,1
41,90,0.1268155873,-0.07492208481,1
41,98,0.2324675024,-0.0601125136,1
41,106,0.2282744199,-0.05294425786,1
41,114,0.245819658,-0.07587660849,1
41,122,0.1207599416,0.01072977856,1
41,130,-0.000767916441,-0.05677844211,1
41,138,0.04925002158,-0.1218886226,1
41,146,0.02989263088,-0.007656678557,1
41,154,0.02826139331,-0.1008218378,1
41,162,-0.00513792038,0.02392083779,1
41,170,-0.04664605856,0.06159253418,1
49,10,-0.01841080748,0.1796422899,1
49,18,-0.02449376136,-0.1095062345,1
49,26,-0.1033839658,-0.1104581654,1
49,34,-0.08208805323,0.0450347513,1
49,42,-0.06073727831,0.06018070877,1
49,50,-0.2072091252,0.1571813226,1
49,58,-0.1852615327,0.1082405597,1
49,66,0.01232659444,0.08543343097,1
49,74,0.006424292922,-0.03085133992,1
49,82,-0.02880946547,-0.08888656646,1
49,90,0.02214185894,-0.1005245224,1
49,98,0.05088843405,0.03199314326,1
49,106,0.1545025408,0.03622096777,1
49,114,0.2329226881,-0.05162828043,1
49,122,0.01611408591,-0.0525357388,1
49,130,0.005716100335,0.0407050401,1
49,138,0.08749498427,0.0738876909,1
49,146,0.04967334867,-0.02113647945,1
49,154,0.03790690005,-0.0006346534938,1
49,162,-0.008471336216,0.03319969773,1
49,170,-0.148772195,0.0714052394,1
57,10,-0.1405079961,0.1707687825,1
57,18,-0.1262505502,0.05979456753,1
57,26,-0.04481845722,0.01729571074,1
57,34,0.1146924347,0.0247560814,1
57,42,-0.01507053152,0.120747447,1
57,50,-0.1460234821,0.1467991173,1
57,58,-0.08606015146,0.1222583354,1
57,66,-0.03976485878,0.05834365636,1
57,74,-0.03155790642,0.02211772837,1
57,82,-0.08898966014,-0.08583142608,1
57,90,-0.05532130599,-0.1797218174,1
57,98,0.03895203024,0.06574685872,1
57,106,0.1139376387,0.0571872741,1
57,114,0.238793999,-0.05830419064,1
57,122,0.1673233658,-0.1451039761,1
57,130,0.1264626086,0.003841675818,1
57,138,0.2327874005,0.09296684712,1
57,146,0.2599892616,-0.03058358841,1
57,154,0.1705863476,0.05680517107,1
57,162,-0.04133854434,0.1557887793,1
57,170,-0.218846485,0.2306514382,1
65,10,0.01513198763,-0.1151857823,1
65,18,0.09182740748,0.1369967908,1
65,26,0.01040448993,0.1311344951,1
65,34,0.06642735004,0.05169101804,1
65,42,0.0789719969,0.133831203,1
65,50,-0.03367771581,0.06259286404,1
65,58,-0.03310278431,0.1521321237,1
65,66,0.004789244384,0.0236935541,1
65,74,0.02144711092,0.07771077752,1
65,82,-0.05854563415,0.03509411961,1
65,90,-0.02127102949,0.03146732599,1
65,98,0.1019287035,0.1037459671,1
65,106,0.02451719344,-0.03443285823,1
65,114,0.05429396033,-0.06561815739,1
65,122,0.2813776135,-0.1073862836,1
65,130,0.2359869182,-0.01502605528,1
65,138,0.2144439667,0.01945924945,1
65,146,0.2773771286,0.005933197215,1
65,154,0.1166255102,0.1070126295,1
65,162,-0.01097993925,0.1440000683,1
65,170,-0.08725947887,0.189260453,1
73,10,-0.01102310792,-0.1600451469,1
73,18,0.05269866064,0.008304264396,1
73,26,0.07440435141,0.1427372545,1
73,34,0.0847266838,0.09255483001,1
73,42,0.06457474828,0.1201487035,1
73,50,-0.02027146518,0.06258233637,1
73,58,-0.03914320096,0.09118561447,1
73,66,0.01433150098,0.005242042243,1
73,74,0.02521972731,0.07953245193,1
73,82,-0.02587045729,0.09051555395,1
73,90,0.043690525,0.1894884259,1
73,98,0.0425446257,0.1469999999,1
73,106,0.03353669494,-0.04515007883,1
73,114,0.06477025151,-0.08670864254,1
73,122,0.04256851226,-0.08352075517,1
73,130,0.0764843896,0.05317107961,1
73,138,0.1277068406,0.05345943943,1
73,146,0.1179892048,0.05007693544,1
73,154,-0.01674452424,0.07783709466,1
73,162,-0.07527441531,0.1682442129,1
73,170,-0.006825529039,0.214869827,1
81,10,-0.0980796665,-0.2015788555,1
81,18,-0.1564439833,0.02368821949,1
81,26,-0.05939871818,0.1119247228,1
81,34,-0.01463228464,-0.01635802537,1
81,42,-0.1076053455,0.04397235811,1
81,50,-0.1133576557,0.1183658987,1
81,58,-0.05692757666,0.002925805748,1
81,66,-0.04520310462,0.05290752649,1
81,74,-0.01091988944,0.06734997779,1
81,82,0.2156226486,-0.02334576845,1
81,90,0.2390858829,0.04171954095,1
81,98,0.1262936741,-0.05833470821,1
81,106,0.2171848118,-0.04409470409,1
81,114,0.371583581,-0.1722787321,1
81,122,0.01844553649,0.0133061707,1
81,130,-0.09153538942,0.009456623346,1
81,138,-0.1074569076,0.0789463371,1
81,146,-0.05170634389,0.06382700801,1
81,154,-0.04362676293,0.001455686986,1
81,162,-0.03029707447,0.1451785117,1
81,170,0.02507712692,0.2446365952,1
89,10,0.05548609048,0.0006953179836,1
89,18,-0.1380362362,0.1251811683,1
89,26,-0.2123560309,0.1580094993,1
89,34,-0.09846895933,0.02418822423,1
89,42,-0.1552709639,0.006733648479,1
89,50,-0.1965663731,0.04571983963,1
89,58,-0.03280727938,-0.02927323058,1
89,66,0.03997697681,0.07844810188,1
89,74,0.002141319215,0.06300725788,1
89,82,0.05038111284,-0.02892662585,1
89,90,0.1113277227,-0.08086976409,1
89,98,0.1031277552,-0.1224501282,1
89,106,0.1997987032,-0.0009004548192,1
89,114,0.1809079945,-0.03550387919,1
89,122,0.002480529249,0.01384500787,1
89,130,-0.03497777134,-0.1151313558,1
89,138,-0.09603021294,0.00964257028,1
89,146,-0.07569357753,0.03020207211,1
89,154,-0.03735776246,-0.02315703407,1
89,162,0.007018052042,0.05541438609,1
89,170,0.02494205721,0.06709188223,1
97,10,0.1334350705,0.1385415941,1
97,18,-0.01804764569,0.1545785517,1
97,26,-0.208342284,0.06681199372,1
97,34,-0.1494316906,0.04209106788,1
97,42,-0.09531951696,0.03380117565,1
97,50,-0.1555926204,0.07275936007,1
97,58,-0.133226037,0.0707519874,1
97,66,-0.03254891559,0.1772630215,1
97,74,-0.004361204803,0.06571820378,1
97,82,-0.06517638266,0.01921473071,1
97,90,0.01221656054,0.005507782102,1
97,98,0.08176614344,0.04560530931,1
97,106,-0.1070864424,-0.02338442206,1
97,114,-0.07324443758,-0.04792953655,1
97,122,0.01838294417,-0.1368905306,1
97,130,0.03002417833,-0.1701025516,1
97,138,-0.03582884371,0.00968137756,1
97,146,-0.03091191314,0.03332724422,1
97,154,-0.005478554405,0.02545982227,1
97,162,0.0123992404,0.0560220778,1
97,170,0.0112672504,0.03628277034,1
105,10,-0.08886849135,0.1320201606,1
105,18,-0.0332082808,0.0955927819,1
105,26,0.02162583172,0.02610164881,1
105,34,-0.02650456503,-0.03514356539,1
105,42,-0.03719179332,0.05852592736,1
105,50,-0.05475870147,0.05548063666,1
105,58,-0.01213482395,0.1554687321,1
105,66,-0.08392269909,0.2122788131,1
105,74,-0.04225611314,-0.07938626409,1
105,82,-0.009687021375,-0.06900928915,1
105,90,-0.05248912424,0.02650284767,1
105,98,0.0890852809,0.08984581381,1
105,106,-0.04198204353,-0.01518069953,1
105,114,-0.1721427143,-0.1020040736,1
105,122,-0.09815719724,-0.07070155442,1
105,130,0.02233687788,-0.001359019428,1
105,138,-0.02449829318,0.1169089451,1
105,146,-0.1357818097,0.02037049457,1
105,154,0.08070740104,-0.09771861881,1
105,162,0.1221699342,0.01071932167,1
105,170,0.08272065967,0.01010573655,1
113,10,-0.06900715083,-0.08057755232,1
113,18,-0.008978039026,0.1360324919,1
113,26,0.0402062051,0.06986135244,1
113,34,-0.001356516033,-0.03794553876,1
113,42,-0.09456782043,0.0963588357,1
113,50,-0.1256909668,0.07121112943,1
113,58,0.06914393604,0.07010984421,1
113,66,0.009098164737,-0.0685466826,1
113,74,-0.1338091195,-0.2370545417,1
113,82,0.07526034862,-0.08611346781,1
113,90,0.06785835326,-0.07681518793,1
113,98,0.1119926125,0.04095357656,1
113,106,0.1189303994,-0.001770129427,1
113,114,-0.006916301325,0.04834471643,1
113,122,-0.0477511771,0.02766488492,1
113,130,0.03471333534,0.04064004868,1
113,138,0.0525271222,-0.01692211255,1
113,146,-0.02119014785,-0.01006960683,1
113,154,-0.01579403132,-0.0159037672,1
113,162,-0.02040666714,-0.05254019797,1
113,170,0.09011564404,-0.1562048048,1
121,10,0.04748958349,-0.1861216426,1
121,18,-0.09519422054,0.2338550985,1
121,26,-0.1635086983,0.2163396478,1
121,34,0.06149953604,0.07570318133,1
121,42,-0.03185974807,0.08911587298,1
121,50,-0.03565687686,0.1861241162,1
121,58,0.08832516521,0.1252941787,1
121,66,0.147872448,-0.06596655399,1
121,74,0.04754750431,-0.03738217801,1
121,82,0.03914897144,-0.0500248,1
121,90,0.07210955024,-0.1335238963,1
121,98,0.02998016775,0.02621197701,1
121,106,0.01584161073,-0.02732945979,1
121,114,0.08308714628,-0.07998505235,1
121,122,0.1205177158,-0.1333609372,1
121,130,0.1137063205,-0.06798498333,1
121,138,0.1356925517,-0.1223907694,1
121,146,0.0716150701,0.1144141704,1
121,154,-0.03127837181,0.1614663154,1
121,162,-0.01609705761,-0.00953060016,1
121,170,0.02318665944,-0.2162024081,1
129,10,0.2505785823,-0.09475140274,1
129,18,-0.08734380454,0.126247108,1
129,26,-0.2801468968,0.2356410027,1
129,34,-0.1003411636,0.1982454956,1
129,42,0.06948699802,0.03992053866,1
129,50,0.1357574314,0.09142997861,1
129,58,0.1498408318,0.2010439634,1
129,66,0.2124092877,0.1190046743,1
129,74,0.1155173853,0.0715598613,1
129,82,0.111294806,-0.07670511305,1
129,90,0.1740510017,-0.1419257522,1
129,98,0.0518258363,-0.07778094709,1
129,106,-0.1248501837,-0.04122693837,1
129,114,-0.1569841951,-0.2744615078,1
129,122,-0.02488159947,-0.2338726372,1
129,130,0.06693723798,-0.1283739358,1
129,138,-0.06724049896,-0.04584062845,1
129,146,-0.1571758986,0.1679939628,1
129,154,-0.1170780361,0.1706903428,1
129,162,-0.06724308431,0.07908424735,1
129,170,-0.03955874965,-0.01641968265,1
137,10,0.08497193456,0.0532868132,1
137,18,-0.06392683834,0.04220222309,1
137,26,0.008556235582,0.2055870891,1
137,34,-0.03062058426,0.1472950876,1
137,42,0.03202882782,0.088753663,1
137,50,0.218656823,0.09849809855,1
137,58,0.2397920787,0.1914594024,1
137,66,0.1701798141,0.06813853979,1
137,74,0.1217425019,-0.0314630121,1
137,82,0.1337908655,-0.1112908199,1
137,90,0.1051537767,-0.1098077744,1
137,98,-0.07971726358,-0.127381593,1
137,106,-0.1626853943,-0.1034216732,1
137,114,-0.1555429995,-0.174040556,1
137,122,-0.03129923344,-0.1104196683,1
137,130,0.1491305381,-0.1976152509,1
137,138,0.05745130032,0.09225602448,1
137,146,0.01797557622,0.02676866762,1
137,154,0.006828124169,-0.01131338626,1
137,162,-0.01474267896,0.08607934415,1
137,170,0.03742396086,0.09217175841,1
145,10,-0.0367846638,0.07515344769,1
145,18,-0.04765381292,-0.02014580369,1
145,26,0.0126083158,-0.0334591493,1
145,34,0.03940281272,0.0182331875,1
145,42,0.04095517099,0.04117637128,1
145,50,0.07314035296,0.1039671823,1
145,58,0.09806323051,0.1440030634,1
145,66,0.0780357793,0.05849079788,1
145,74,0.07477752864,0.03955751285,1
145,82,-0.001603916287,0.02848298848,1
145,90,-0.03260808438,0.007259525359,1
145,98,-0.02156096697,0.01483505219,1
145,106,-0.06271845847,-0.08397077024,1
145,114,0.03426621854,-0.05304709077,1
145,122,0.03935363144,-0.06899785995,1
145,130,0.01950965077,0.03222975135,1
145,138,0.1197409406,0.03626782075,1
145,146,0.0685768947,-0.1109861657,1
145,154,0.07677355409,-0.0513747856,1
145,162,0.080600366,0.06653026491,1
145,170,0.213914752,0.1456146687,1
153,10,0.02627085149,-0.03701327741,1
153,18,0.05703576654,0.001789052039,1
153,26,0.1356977373,-0.03661892936,1
153,34,0.1040792689,-0.01661055908,1
153,42,0.001230381429,0.08899661899,1
153,50,-0.008051246405,0.1330133379,1
153,58,0.03650347888,0.1484022588,1
153,66,0.1053259149,0.1697386503,1
153,74,0.1066033021,0.147053808,1
153,82,0.06908193231,0.1225668713,1
153,90,0.04694414884,0.03149627894,1
153,98,0.09987908602,0.09496096522,1
153,106,-0.007055200636,-0.07035033405,1
153,114,-0.003134455532,0.02825688943,1
153,122,0.1237103492,0.07962118089,1
153,130,0.1225714236,0.1021929607,1
153,138,0.1321401149,-0.0537141934,1
153,146,0.075120911,-0.1166956574,1
153,154,-0.1185248643,-0.02749118581,1
153,162,-0.05362879857,0.004179425538,1
153,170,0.2135128528,-0.03771238029,1
161,10,-0.02948878333,-0.0721391663,1
161,18,-0.09256669879,0.06300999224,1
161,26,0.1121077687,0.06846885383,1
161,34,0.1206700653,0.1534121335,1
161,42,0.08313483,0.1775644273,1
161,50,0.02806244791,0.1906633079,1
161,58,0.0821749419,0.3092173934,1
161,66,0.06760280579,0.180103451,1
161,74,0.01974561065,0.07533782721,1
161,82,-0.002791628242,0.03282849118,1
161,90,0.06473904848,-0.02851770818,1
161,98,0.1056372076,0.08523127437,1
161,106,0.001399889588,-0.03316774592,1
161,114,0.0224775821,-0.01544949412,1
161,122,0.08832482249,0.09121412784,1
161,130,0.1053242311,-0.08488061279,1
161,138,0.046075169,-0.08922509849,1
161,146,0.03684260696,-0.08078935742,1
161,154,-0.1505360305,0.07858386636,1
161,162,-0.04564927146,0.1489351988,1
161,170,0.16986911,0.04260420799,1
169,10,0.003576977178,-0.09582763165,1
169,18,0.06921313703,-0.1312017292,1
169,26,-0.03526988626,0.02967796847,1
169,34,-0.01041157171,0.1374096274,1
169,42,0.03433497995,0.1332423538,1
169,50,-0.004733617418,0.1008717492,1
169,58,-0.04861500114,-0.0222087577,1
169,66,-0.09401282668,-0.04154245183,1
169,74,-0.06526130438,-0.01832257211,1
169,82,0.03898648173,-0.01828675717,1
169,90,-0.01744770072,0.08460656554,1
169,98,-0.09310674667,0.1829170585,1
169,106,-0.05509593338,0.08693133295,1
169,114,0.146165058,0.04324630648,1
169,122,0.05185610056,0.01115467213,1
169,130,-0.07599526644,-0.1390856504,1
169,138,-0.08997373283,-0.1370773017,1
169,146,0.04151798785,-0.07757136226,1
169,154,0.01731896587,0.2483395934,1
169,162,-0.09724800289,0.3137336075,1
169,170,-0.1030129269,0.05548731983,1
177,10,0.1408443749,-0.078036502,1
177,18,0.07495264709,-0.175811708,1
177,26,0.009632468224,-0.002386394888,1
177,34,0.002917777747,0.1782387495,1
177,42,-0.01114561688,0.1997850537,1
177,50,-0.07571908832,0.1247860938,1
177,58,-0.05606145412,-0.04588420689,1
177,66,-0.0132002905,-0.06810131669,1
177,74,0.147476837,0.0536294952,1
177,82,0.1928743422,0.1565629542,1
177,90,0.04399894178,0.1174592078,1
177,98,-0.07786135375,0.03647784144,1
177,106,-0.09254883975,0.005682807416,1
177,114,0.01924104989,0.1371501684,1
177,122,0.08072061837,-0.02517942898,1
177,130,0.0823533237,-0.007007237524,1
177,138,0.07438747585,-0.09598464519,1
177,146,0.12070366,-0.07051596791,1
177,154,0.2177404165,0.250700593,1
177,162,0.1031242907,0.2797998786,1
177,170,-0.01865833998,-0.1031429172,1
185,10,0.1259016097,0.05466924608,1
185,18,-0.01473143697,0.04205390066,1
185,26,-0.07373925298,0.0247434862,1
185,34,0.000964442268,0.2049300075,1
185,42,0.03459633142,0.1719085574,1
185,50,0.01697061211,0.1316801459,1
185,58,0.03709614277,0.09083996713,1
185,66,0.125594452,0.07982096076,1
185,74,0.1282183379,0.1427816153,1
185,82,0.1720342189,0.1576115936,1
185,90,0.1762424111,0.145622611,1
185,98,0.1143458039,-0.04625292867,1
185,106,0.1236026362,-0.04973741993,1
185,114,0.1308010668,0.1247435361,1
185,122,0.05076799542,-0.01793456078,1
185,130,0.01181766018,0.1153001338,1
185,138,0.03666557744,0.1458942443,1
185,146,0.090700984,0.04191203415,1
185,154,0.2914377451,0.1177009717,1
185,162,0.2743465006,0.0762469843,1
185,170,0.1385037452,-0.04933148623,1
193,10,0.1060076356,0.01713913679,1
193,18,0.03713558614,0.1171234399,1
193,26,0.05637992918,0.1238956898,1
193,34,0.09608207643,0.1690510213,1
193,42,0.07234620303,0.09681585431,1
193,50,0.09038532525,0.03363927454,1
193,58,0.156676352,0.06754853576,1
193,66,0.1954767406,0.1043045148,1
193,74,0.1570995897,0.1334462464,1
193,82,0.1810385734,0.1088378504,1
193,90,0.09718981385,0.1281863153,1
193,98,0.05174642801,0.1011926383,1
193,106,0.1368357539,0.05000928044,1
193,114,0.1556335241,0.1465745568,1
193,122,0.165418312,0.0614124462,1
193,130,0.02271684259,0.1576508731,1
193,138,0.03183141351,0.2061085552,1
193,146,0.03560179472,0.05282175168,1
193,154,-0.008201543242,0.07342076302,1
193,162,0.05291503295,0.06546426564,1
193,170,-0.07662825286,0.09141594172,1
201,10,0.08506755531,-0.1141388118,1
201,18,0.1956050545,0.02888543904,1
201,26,0.1781645715,0.1195920855,1
201,34,0.1544403881,0.06530655921,1
201,42,0.1197763532,-0.03187204897,1
201,50,0.07282561064,-0.04172746092,1
201,58,0.03025694937,0.1408241093,1
201,66,0.003330137581,0.1205209196,1
201,74,0.01333875209,0.1485056579,1
201,82,0.03420141339,0.03557612002,1
201,90,0.02228672802,0.1124126464,1
201,98,0.07911360264,0.2042971849,1
201,106,0.1269541234,0.07276938856,1
201,114,0.1609250307,0.05385963991,1
201,122,0.2565784454,0.06153120473,1
201,130,-0.01683229394,0.03140519187,1
201,138,-0.09303356707,0.006082525477,1
201,146,-0.05913196877,-0.000412764959,1
201,154,0.03692662716,0.01153187826,1
201,162,-0.06250517815,0.06518775225,1
201,170,-0.1172920913,0.01651546359,1
209,10,0.1151328981,-0.009407356381,1
209,18,0.1843740791,0.01341708004,1
209,26,0.1322846115,0.06911240518,1
209,34,0.1667553186,0.0258507207,1
209,42,0.1635323167,-0.1263573021,1
209,50,0.1008664072,-0.09472753108,1
209,58,0.07700037211,0.1126375794,1
209,66,4.541128874e-06,0.1065340489,1
209,74,-0.0837155804,0.09322096407,1
209,82,-0.03343213722,0.2430975735,1
209,90,0.05456707999,0.1769671738,1
209,98,0.08948086202,0.2507866323,1
209,106,0.108525157,0.1403037608,1
209,114,0.0767930001,0.05170071125,1
209,122,0.07102850825,0.00717449747,1
209,130,-0.05448143929,-0.05068565533,1
209,138,-0.03725862131,-0.07633751631,1
209,146,0.05004710704,-0.08453482389,1
209,154,0.03966162354,-0.08302136511,1
209,162,-0.04995188862,-0.07876461744,1
209,170,-0.04676103592,-0.03617912531,1
217,10,-0.03632035851,0.003600347787,1
217,18,-0.001508615911,0.1238181442,1
217,26,0.03215912357,0.1699595898,1
217,34,0.1096912697,0.1743396223,1
217,42,0.04449164122,-0.06814308465,1
217,50,0.03858730197,-0.1005672887,1
217,58,0.04932677373,0.01638240367,1
217,66,-0.0429431349,0.06956192851,1
217,74,-0.07652072608,0.1401277781,1
217,82,0.06216289848,0.1686481535,1
217,90,-0.01302080601,0.1557376981,1
217,98,-0.2075801343,0.1832601428,1
217,106,-0.07083784789,0.1701834202,1
217,114,-0.08951021731,0.03889678419,1
217,122,-0.2043386996,0.01351562422,1
217,130,-0.1055022627,-0.05526709557,1
217,138,-0.04150298238,-0.1267252862,1
217,146,-0.01895450242,-0.201662153,1
217,154,0.03943487257,-0.1200426966,1
217,162,-0.05372975767,-0.08138522506,1
217,170,-0.04798664153,-0.1188510433,1
225,10,0.04078450799,-0.04045126215,1
225,18,0.03044302762,0.09453038871,1
225,26,-0.08626697212,0.2635522485,1
225,34,-0.08815851063,0.09339885414,1
225,42,-0.08592612296,0.009454060346,1
225,50,-0.07516539097,-0.07083959132,1
225,58,-0.07386313379,-0.04608308896,1
225,66,-0.04367510602,-0.00113652274,1
225,74,0.06691081077,0.2413540781,1
225,82,0.1475181729,0.06193572283,1
225,90,0.04162499681,0.05745001882,1
225,98,-0.06198514998,0.07486948371,1
225,106,-0.008396491408,0.03033639118,1
225,114,-0.06303266436,-0.08808965981,1
225,122,-0.2015597075,-0.07857571542,1
225,130,-0.1707549244,0.007409129292,1
225,138,-0.03104336374,-0.03741416335,1
225,146,-0.0656382367,-0.1155233532,1
225,154,-0.0441198051,-0.1246961802,1
225,162,-0.0347019136,-0.05240730941,1
225,170,-0.03420446068,-0.01534564421,1
233,10,0.1030102372,0.1010790616,1
233,18,0.1026502401,0.03373394161,1
233,26,0.04851675779,0.08761316538,1
233,34,-0.08051659912,0.04812924564,1
233,42,-0.08436380327,0.06427541375,1
233,50,-0.1140016392,0.001745446585,1
233,58,-0.1854900867,-0.1049162149,1
233,66,-0.1232921705,-0.02347411215,1
233,74,-0.1111977175,0.2525308728,1
233,82,-0.114883408,0.1371148527,1
233,90,-0.04112296179,0.09030062705,1
233,98,-0.02178120799,0.0676895231,1
233,106,0.06389615685,-0.09243114293,1
233,114,-0.01083569974,-0.1240419298,1
233,122,-0.1515629441,-0.04809696972,1
233,130,-0.04184448719,0.05978588015,1
233,138,0.06334033608,0.008648751304,1
233,146,0.01000888273,-0.03948847577,1
233,154,0.07293634117,0.07535916567,1
233,162,0.1117482111,-0.003067277372,1
233,170,0.004825886339,-0.05872108787,1
241,10,0.1597585678,0.1237859949,1
241,18,0.2434503734,0.01220948622,1
241,26,0.2011957765,0.0008423924446,1
241,34,0.08334964514,0.09420179576,1
241,42,-0.03581786901,0.1380752027,1
241,50,-0.06707628071,0.03596844524,1
241,58,-0.1833013147,-0.01539617032,1
241,66,-0.1119092405,0.01425164193,1
241,74,-0.1514085084,0.1944213212,1
241,82,-0.2430834174,0.19842951,1
241,90,-0.144970566,0.1290219426,1
241,98,-0.04555806518,-0.005953509361,1
241,106,0.1088990718,-0.1356159002,1
241,114,0.1581369787,-0.07617498934,1
241,122,-0.1043829471,-0.002389781177,1
241,130,-0.1206411794,0.1850753725,1
241,138,-0.008816078305,-0.0700719282,1
241,146,0.01303975284,0.0204704348,1
241,154,0.04765543342,0.1473918408,1
241,162,0.08249332011,0.1976287961,1
241,170,0.002402283251,0.07097519934,1
249,10,0.1350913644,-2.082809806e-05,1
249,18,0.1680046916,-0.0004125386477,1
249,26,0.143893525,-0.03010626882,1
249,34,0.1005928069,0.07776391506,1
249,42,-0.05744913593,0.07308701426,1
249,50,-0.1206091568,0.04283490032,1
249,58,-0.1058552563,0.06126203388,1
249,66,0.03941402584,0.1067961529,1
249,74,0.1121897697,0.1120746657,1
249,82,-0.09174113721,0.1949072629,1
249,90,-0.1499230862,-0.002309544012,1
249,98,0.2514479458,-0.1744789481,1
249,106,0.2197292894,-0.114082247,1
249,114,0.1930381656,-0.02675979771,1
249,122,0.08251339942,-0.02174993977,1
249,130,-0.0300542675,0.1809570193,1
249,138,-0.05822612345,-0.03138477355,1
249,146,-0.0471726805,-0.1531951576,1
249,154,-0.04471478611,0.0004000589252,1
249,162,-0.01067679003,0.09050666541,1
249,170,-0.0123545453,0.1127660498,1
257,10,-0.1257113814,0.1443965733,1
257,18,-0.06528966129,-0.01045742258,1
257,26,-0.02055771649,0.01679957286,1
257,34,-0.003304496408,0.07359857857,1
257,42,-0.01739296876,0.03607428819,1
257,50,-0.08512346447,0.01512268931,1
257,58,-0.06108189374,0.05221481621,1
257,66,0.1211142763,0.004368532449,1
257,74,0.1855251044,0.03181444854,1
257,82,0.1976183057,0.08940805495,1
257,90,0.1436921954,-0.04997460917,1
257,98,0.08017067611,-0.1612993926,1
257,106,0.09190642834,0.03144744039,1
257,114,0.06537032127,-0.004608374089,1
257,122,0.01894554123,-0.004996772856,1
257,130,-0.02235195786,0.01822378114,1
257,138,-0.03316207975,0.02294416167,1
257,146,-0.03926205635,-0.0605436638,1
257,154,0.004774264991,-0.01372669637,1
257,162,-0.03250299022,-0.1843389571,1
257,170,-0.0698896721,-0.02998821437,1
265,10,-0.177833572,0.1288183928,1
265,18,-0.1556929052,-0.07330469787,1
265,26,-0.1624695659,-0.04114934802,1
265,34,-0.03698718548,-0.01838930324,1
265,42,-0.04449154809,0.05791086704,1
265,50,-0.1242005527,-0.09371383488,1
265,58,-0.09334643185,-0.006558425725,1
265,66,0.07257906348,-0.03477475792,1
265,74,0.2208934128,-0.005049346015,1
265,82,0.05283045769,-0.01544948295,1
265,90,-0.1047416255,-0.06205772236,1
265,98,-0.007386151701,-0.1015762314,1
265,106,-0.004051614553,0.002742011566,1
265,114,-0.03371061012,-0.08140915632,1
265,122,0.08126873523,0.004191108048,1
265,130,-0.02734427899,-0.0451734066,1
265,138,-0.04270585626,0.0876859352,1
265,146,-0.004459328949,0.1469825208,1
265,154,-0.1708995402,0.0380746685,1
265,162,-0.08417579532,-0.04609307647,1
265,170,0.0004487670958,-0.03015469387,1
273,10,-0.05553600192,0.02240686864,1
273,18,-0.04183939099,-0.1068046391,1
273,26,-0.0703284815,-0.08515978605,1
273,34,0.06471794844,-0.1521962434,1
273,42,0.137655139,-0.002154052258,1
273,50,0.1104003116,0.05281730741,1
273,58,0.1741822511,0.03828378767,1
273,66,0.2501046062,0.01001807861,1
273,74,0.2587332129,-0.1066880897,1
273,82,0.06157698855,-0.1938589215,1
273,90,-0.1448042393,-0.169611603,1
273,98,-0.1081335545,-0.1190283671,1
273,106,-0.1068222746,0.004981003702,1
273,114,-0.04432567954,-0.01244726218,1
273,122,-0.01868038997,0.03902929276,1
273,130,-0.1015341207,0.0193977952,1
273,138,-0.1521029472,0.09431505203,1
273,146,-0.1643055081,0.09923359752,1
273,154,-0.1589909643,0.06626734883,1
273,162,-0.09220536053,-0.1142238975,1
273,170,-0.02587354556,-0.07384444773,1
281,10,-0.08502147347,0.1057141721,1
281,18,0.005428273231,-0.0381161198,1
281,26,0.1407445967,0.03065780364,1
281,34,0.1535724103,-0.001631364226,1
281,42,0.1653741002,0.0224661082,1
281,50,0.1345928162,0.03438866884,1
281,58,0.1904677451,0.04564050585,1
281,66,0.2523698509,-0.03137040138,1
281,74,0.198633045,-0.09041833133,1
281,82,-0.02880490012,-0.211673826,1
281,90,-0.2459354252,-0.2342886627,1
281,98,-0.2247593403,-0.1435838193,1
281,106,-0.2058363855,0.0772588402,1
281,114,0.01188109815,0.1217502281,1
281,122,0.1414673626,0.1296498626,1
281,130,0.06492105126,0.1387215406,1
281,138,-0.01365089044,0.07899720967,1
281,146,-0.1067773476,0.06131952628,1
281,154,-0.1471122056,0.09306843579,1
281,162,-0.1542863548,0.02770940959,1
281,170,-0.332059443,-0.0836506784,1
289,10,-0.08371176571,0.1412540078,1
289,18,0.06961347163,0.02006437629,1
289,26,0.3131235242,0.01200484205,1
289,34,0.3160564601,-0.05317213759,1
289,42,0.2994339466,-0.00571392104,1
289,50,0.1122778356,0.04539789632,1
289,58,0.1033072174,-0.08311023563,1
289,66,0.1335994154,-0.01311714202,1
289,74,0.1968587339,0.06556010246,1
289,82,0.04243707284,-0.0835576579,1
289,90,-0.3375372291,-0.2066648006,1
289,98,-0.2255477011,-0.1303277612,1
289,106,-0.1790693402,-0.01311846823,1
289,114,-0.08904275298,-0.1559977233,1
289,122,-0.01165099535,0.1211335808,1
289,130,0.03190346807,0.1318731606,1
289,138,0.1405222565,0.05401127785,1
289,146,0.03578136116,-0.008741751313,1
289,154,-0.06136450171,0.09996926785,1
289,162,-0.03789172322,0.1216302365,1
289,170,-0.2705218196,0.009017385542,1
297,10,0.1276670396,0.118632853,1
297,18,0.2726256847,0.04473502189,1
297,26,0.271058321,-0.0516330041,1
297,34,0.2731787562,-0.1067383736,1
297,42,0.09280832112,-0.1404883265,1
297,50,0.03024052083,-0.0212588869,1
297,58,0.08458974212,-0.08126890659,1
297,66,-0.08911907673,0.04971946031,1
297,74,0.07355233282,0.2194474638,1
297,82,0.03811456263,0.1287334561,1
297,90,-0.2030982226,-0.1345460713,1
297,98,-0.09891153872,-0.07485943288,1
297,106,-0.2585912943,-0.03211282194,1
297,114,-0.1759854555,-0.05117328465,1
297,122,-0.02099107578,0.02364999056,1
297,130,0.05997575074,0.1035407186,1
297,138,0.143480733,0.06158032268,1
297,146,0.08079983294,-0.01192334667,1
297,154,0.04567861557,0.1128759757,1
297,162,-0.00437631458,0.1552406549,1
297,170,-0.09855937958,0.07788039744,1
305,10,0.2142172754,0.0310755372,1
305,18,0.3691639304,0.004664679989,1
305,26,0.2279212326,0.05531319231,1
305,34,0.2132595927,-0.01631144062,1
305,42,0.1140039861,-0.2434727103,1
305,50,0.02484565973,-0.08395838737,1
305,58,0.2692960501,-0.08365892619,1
305,66,0.02826143801,0.06748816371,1
305,74,-0.07991334796,0.2145899832,1
305,82,-0.1445533335,0.2604034543,1
305,90,-0.0162191689,-0.2489023358,1
305,98,0.005535401404,-0.07995195687,1
305,106,-0.2934920192,0.05100115761,1
305,114,-0.2154976726,0.08806851506,1
305,122,0.04690663889,0.1015807837,1
305,130,0.09105671942,0.1446193308,1
305,138,-0.003069361672,0.06985292584,1
305,146,-0.1851900369,-0.06548269838,1
305,154,-0.07669132203,0.06831435859,1
305,162,-0.05427596718,0.07355759293,1
305,170,-0.06306618452,0.1007191911,1
313,10,0.07715389132,-0.1157746166,1
313,18,0.1576776206,-0.02617647126,1
313,26,0.1824242473,0.08870194852,1
313,34,0.2438825667,0.006608165801,1
313,42,0.250341177,-0.1294110864,1
313,50,0.2597057521,-0.03850026429,1
313,58,0.2327026427,-0.07813830674,1
313,66,0.03892307356,0.124203071,1
313,74,-0.1730992049,0.145855844,1
313,82,-0.2780771255,0.1120081916,1
313,90,-0.1134669334,-0.1076864302,1
313,98,-0.06528706849,0.07835648954,1
313,106,-0.2538748384,0.1486829519,1
313,114,-0.2820375264,0.1169259548,1
313,122,-0.1040744036,0.208082065,1
313,130,0.01422773581,0.04179294407,1
313,138,-0.004885591567,0.03769036382,1
313,146,-0.1006739661,0.0241111163,1
313,154,-0.02766827494,0.03337083757,1
313,162,-0.01879009604,0.003846332431,1
313,170,-0.02483841404,0.1046645045,1
321,10,0.04653227329,-0.08921904862,1
321,18,0.1171073765,0.04135361314,1
321,26,0.3444207907,0.1852587759,1
321,34,0.5060343742,0.1620317101,1
321,42,0.2908774018,-0.0179944858,1
321,50,0.2703606784,0.02072572708,1
321,58,0.2792231143,-0.006225630641,1
321,66,0.212696895,0.09667702019,1
321,74,-0.008312541991,0.0958205089,1
321,82,-0.2756498158,0.06747125089,1
321,90,-0.2854376733,0.01674985141,1
321,98,-0.2682286203,-0.1418099552,1
321,106,-0.1575388163,-0.2453901321,1
321,114,-0.1443299651,0.01544161141,1
321,122,0.06755280495,0.1572531164,1
321,130,0.1493454874,0.01862222701,1
321,138,0.1153880283,0.006571397185,1
321,146,0.03844825923,0.001579627395,1
321,154,-0.03760065138,-0.006086096168,1
321,162,-0.08852554113,0.04775765166,1
321,170,-0.01412064582,0.08424410224,1
329,10,0.1951179653,-0.008848831058,1
329,18,0.01723660529,0.02487836406,1
329,26,0.0808596462,0.09952640533,1
329,34,0.322058022,0.1807273328,1
329,42,0.1837863624,0.1091103777,1
329,50,0.09714981914,0.1240788847,1
329,58,0.1629020721,-0.108269535,1
329,66,0.1029221639,-0.07323266566,1
329,74,-0.0692428723,0.07267528772,1
329,82,-0.1688079983,0.07043725252,1
329,90,-0.2208153456,-0.03169093281,1
329,98,-0.08275608718,-0.1875419021,1
329,106,-0.1710181236,-0.06137859821,1
329,114,-0.2171316743,-0.06546682119,1
329,122,-0.1058773994,-0.0004251524806,1
329,130,-0.07523677498,0.003285447136,1
329,138,-0.04439724237,-0.02414475754,1
329,146,-0.005273874849,-0.1399279386,1
329,154,-0.01304719597,-0.1183759645,1
329,162,-0.07680668682,0.01163502317,1
329,170,-0.04995256662,0.118374154,1
337,10,0.2071345299,-0.1735142618,1
337,18,-0.0865027532,-0.23157233,1
337,26,-0.1748579293,0.03933548927,1
337,34,-0.01446859539,0.1806817949,1
337,42,-0.03964407742,0.2183514237,1
337,50,0.008493028581,0.1949623823,1
337,58,0.2435149252,-0.1143136248,1
337,66,0.2208974957,-0.1093784422,1
337,74,0.04935316369,0.004138961434,1
337,82,-0.03361897916,0.1624358594,1
337,90,-0.1416453123,0.0127110295,1
337,98,-0.06786572933,0.05763000622,1
337,106,-0.06552119553,0.1950799376,1
337,114,-0.1026039869,0.06534700841,1
337,122,-0.1151376888,0.04193547368,1
337,130,-0.07994754612,-0.05953678489,1
337,138,-0.06560365856,-0.03973733634,1
337,146,-0.1054218709,-0.08132272214,1
337,154,-0.1379991174,-0.09894371778,1
337,162,-0.2356375158,-0.05863696337,1
337,170,-0.1816138327,0.03301542252,1
345,10,0.08286482096,-0.2665560842,1
345,18,-0.02857260779,-0.4028928876,1
345,26,-0.01770596951,-0.06465230882,1
345,34,0.06914031506,0.04323608801,1
345,42,-0.07684272528,0.1555381715,1
345,50,-0.01281705871,0.1828849614,1
345,58,0.1345906109,-0.04354748502,1
345,66,0.1954021901,-0.09689093381,1
345,74,0.0554488115,-0.06779100001,1
345,82,-0.05061199144,0.005865901709,1
345,90,-0.03087670542,0.05977945775,1
345,98,0.03527747095,0.2275102139,1
345,106,0.1450241655,0.1720813513,1
345,114,0.0920098722,0.156025514,1
345,122,-0.008750982583,0.1998165101,1
345,130,-0.02804506943,0.2046837211,1
345,138,-0.07139023393,0.05641077459,1
345,146,-0.1004564539,-0.07793265581,1
345,154,-0.09473513067,-0.07676532865,1
345,162,-0.1004748866,-0.05023455992,1
345,170,-0.0706044361,-0.01169354469,1
353,10,-0.09894713759,-0.196246013,1
353,18,-0.1628099382,-0.412158519,1
353,26,-0.05306603387,-0.2190105319,1
353,34,0.1461898983,-0.2372026592,1
353,42,0.1880604923,-0.0837642625,1
353,50,0.07135871053,0.04869566485,1
353,58,0.02250362933,-0.06064749137,1
353,66,0.03073630854,-0.007863266394,1
353,74,-0.03027378395,-0.1284101605,1
353,82,-0.01061812416,-0.1100569591,1
353,90,0.1652703583,0.112433821,1
353,98,0.1375673264,0.04909204692,1
353,106,0.157431826,-0.05459178239,1
353,114,0.1282591522,0.1322190464,1
353,122,0.003234513104,0.1470148563,1
353,130,0.1796346009,0.2369409353,1
353,138,0.008560270071,0.1549091488,1
353,146,-0.03400497884,0.06850379705,1
353,154,0.1238447726,-0.04981225356,1
353,162,0.1508553624,-0.106519565,1
353,170,0.02082446218,0.01628579199,1
361,10,-0.003700405359,-0.01244209707,1
361,18,-0.08327175677,-0.01522736996,1
361,26,-0.1132734492,-0.02750703692,1
361,34,0.01954796538,-0.07207018137,1
361,42,0.03550063819,-0.06082217395,1
361,50,-0.04883501679,0.04326523095,1
361,58,-0.05775710195,-0.04872034863,1
361,66,-0.04356740788,0.1392918676,1
361,74,-0.1095285788,0.004579924047,1
361,82,-0.02541193366,-0.05005320534,1
361,90,0.04444292933,0.1215517223,1
361,98,0.05039267987,-0.03674630821,1
361,106,0.1571731418,-0.07620929182,1
361,114,-0.41588521,-0.04881320894,1
361,122,0.03669706732,0.0687738359,1
361,130,0.09604818374,0.1405512989,1
361,138,0.03460756317,0.1398420781,1
361,146,0.1347664893,0.07006809115,1
361,154,0.08851420879,-0.01073112711,1
361,162,0.03501022607,-0.08825060725,1
361,170,0.1406156868,0.03941381723,1
369,10,0.141569525,0.03595957905,1
369,18,0.1081636474,0.0964910984,1
369,26,-0.008071418852,0.0450521633,1
369,34,-0.1017448604,0.01719705388,1
369,42,-0.1493445188,0.05016671494,1
369,50,-0.09538441151,0.02629294619,1
369,58,0.00157739222,-0.04963956773,1
369,66,0.06590397656,0.05877037346,1
369,74,0.0864520371,0.0893124789,1
369,82,0.06568160653,0.04407126456,1
369,90,-0.01825020462,0.08681305498,1
369,98,-0.03127584606,0.05234782398,1
369,106,0.04272293672,0.07037658989,1
369,114,0.1655182093,0.08358798921,1
369,122,0.2318138778,0.02869054675,1
369,130,0.02118790336,0.1192810386,1
369,138,-0.04912116006,0.1617126167,1
369,146,0.09314166009,0.02233805507,1
369,154,0.0789000839,-0.06890203059,1
369,162,0.07345395535,-0.06590870023,1
369,170,0.131177485,-0.03068584204,1
377,10,-0.01531989872,-0.05441398919,1
377,18,0.01832822524,-0.02291695774,1
377,26,0.03643289953,-0.04288453609,1
377,34,-0.03828054294,0.04514447972,1
377,42,-0.05777163804,-0.03584733605,1
377,50,-0.1184505373,-0.1651084274,1
377,58,-0.2366591394,-0.1390244961,1
377,66,0.05132639781,-0.04976377636,1
377,74,0.1548686326,0.02787189558,1
377,82,0.2135163695,0.06308440864,1
377,90,-0.001010663807,0.05303562433,1
377,98,-0.1815616637,0.1353667676,1
377,106,-0.2254458517,0.2075742781,1
377,114,0.03619278967,-0.03118167818,1
377,122,0.08191141486,-0.1234181747,1
377,130,-0.08327203244,0.06029945239,1
377,138,-0.2122974694,0.0957774967,1
377,146,-0.2318938375,0.02836832032,1
377,154,-0.1106422767,0.02602145076,1
377,162,-0.01433809102,0.01356431656,1
377,170,0.02393962443,0.005119718611,1
385,10,-0.07146425545,-0.07192181051,1
385,18,-0.002798215486,-0.05078001693,1
385,26,0.03266153112,0.1421243846,1
385,34,0.005973897874,0.1653590649,1
385,42,0.0355958119,-0.000470649451,1
385,50,-0.09431873262,-0.1490904838,1
385,58,-0.2707509995,-0.1401878595,1
385,66,-0.06096075475,-0.1649944186,1
385,74,-0.01763669401,0.02129315957,1
385,82,0.0306837298,0.1296804845,1
385,90,-0.09090983868,0.05631485581,1
385,98,-0.1953282654,0.1119780391,1
385,106,-0.159987554,0.1806806773,1
385,114,-0.2487232685,-0.0885809958,1
385,122,-0.1889662743,-0.1798919886,1
385,130,-0.1649365574,-0.01006772742,1
385,138,-0.1292405725,0.0997241959,1
385,146,-0.1078814194,0.1526197195,1
385,154,-0.1015943289,0.1523703039,1
385,162,-0.02557091415,0.2028117776,1
385,170,-0.03507407755,0.0579855144,1
393,10,-0.0515255928,-0.05979661644,1
393,18,-0.05326654017,-0.001425010152,1
393,26,-0.04564315826,0.1136568189,1
393,34,-0.08320240676,0.1434278339,1
393,42,-0.05136474594,0.1397479773,1
393,50,-0.0832093209,0.05213657767,1
393,58,-0.1389952004,-0.04211499542,1
393,66,-0.2087387592,-0.3579439521,1
393,74,-0.172239393,0.01487203315,1
393,82,-0.1303575784,0.1730732322,1
393,90,-0.09971211851,0.1316181123,1
393,98,-0.1113983169,0.09119531512,1
393,106,-0.1765950918,0.1021332294,1
393,114,-0.1303854883,0.0184847638,1
393,122,-0.1020553559,-0.1675682962,1
393,130,-0.08797094226,-0.03426837176,1
393,138,-0.02492172271,0.02676665597,1
393,146,-0.09320263565,0.1545324326,1
393,154,-0.1037898213,0.04091267288,1
393,162,-0.08290380239,-0.04521396384,1
393,170,-0.06627507508,-0.06513337791,1
401,10,0.1672454476,-0.02120822668,1
401,18,0.01391830388,-0.007033180445,1
401,26,-0.04077808559,0.0589126274,1
401,34,-0.03439154476,0.04161845148,1
401,42,-0.02436261252,0.09189355373,1
401,50,-0.005383834243,0.2553540468,1
401,58,-0.1709780991,0.00741975382,1
401,66,-0.2815626264,-0.07574513555,1
401,74,0.009739592671,-0.03991515189,1
401,82,0.1374071091,0.1023323536,1
401,90,0.06295958161,0.2186208367,1
401,98,0.03400377557,0.1003723666,1
401,106,0.01314990222,-0.01977267116,1
401,114,-0.03571818024,-0.09398449957,1
401,122,-0.03564196825,-0.07863067836,1
401,130,-0.06293655187,-0.1618187129,1
401,138,-0.0009576678276,-0.02583936602,1
401,146,-0.02277339995,0.04608825222,1
401,154,-0.03252530843,-0.0780897215,1
401,162,-0.04809495807,-0.04186931998,1
401,170,-0.0344940871,-0.1772584617,1
409,10,0.2300963402,-0.1475340724,1
409,18,0.07530171424,-0.02386718616,1
409,26,-0.1265020669,0.06396118551,1
409,34,-0.1605919749,0.02337104827,1
409,42,0.01065774262,0.2688625157,1
409,50,0.01243434846,0.3679098785,1
409,58,-0.1405953467,0.1561809778,1
409,66,-0.1535169184,0.1528166384,1
409,74,0.08567739278,0.1172429472,1
409,82,0.07653991133,0.0588684231,1
409,90,0.1204607338,0.07865763456,1
409,98,0.03518564999,0.1689724624,1
409,106,0.04683832079,-0.02733517066,1
409,114,0.1242901906,-0.1140460074,1
409,122,0.06647036225,-0.01324242353,1
409,130,0.07301451266,-0.1247049421,1
409,138,0.1526650935,-0.06236532331,1
409,146,0.1154427826,-0.05021634698,1
409,154,-0.2528587282,-0.006278403103,1
409,162,-0.2173241228,-0.04697035998,1
409,170,-0.1047657356,-0.09149416536,1
417,10,0.3759167492,-0.2131422162,1
417,18,0.4361343384,0.03407336026,1
417,26,0.01830102876,-0.08577206731,1
417,34,-0.1791705638,-0.1022129357,1
417,42,-0.2238761783,0.1942767501,1
417,50,-0.2610743046,0.3931821883,1
417,58,-0.1243577376,0.2027396858,1
417,66,0.1255517751,0.3200416565,1
417,74,0.1365144849,0.1384833753,1
417,82,0.07547602057,-0.07736545801,1
417,90,0.2176938206,-0.01487106085,1
417,98,0.1728708148,-0.006798788905,1
417,106,0.2293337286,0.08216881007,1
417,114,0.3719388545,0.1045068353,1
417,122,0.3646402657,0.05341979116,1
417,130,0.2599279284,-0.02573328465,1
417,138,0.1774646491,-0.1233223006,1
417,146,0.05700553954,-0.2256500721,1
417,154,0.004060223699,-0.1787539721,1
417,162,-0.0204217881,-0.1396042109,1
417,170,0.0433909893,0.05977343768,1
