PIVlab, ASCII chart output - 02-Aug-2025
FRAME: 172, filenames: A:[172]FullStack_Pos0035_TgUtrmcherry_K4K8MO-1.avi & B:[173]FullStack_Pos0035_TgUtrmcherry_K4K8MO-1.avi, conversion factor xy (px -> m): 1, conversion factor uv (px/frame -> m/s): 1
x [px],y [px],u [px/frame],v [px/frame],Vector type [-]
9,10,-0.2097999901,-0.1923561096,1
9,18,-0.0115205422,-0.00135178864,1
9,26,0.1611860991,0.1724338233,1
9,34,0.2139199972,0.1165480092,1
9,42,0.04860583693,0.2498091459,1
9,50,-0.02132245526,0.1616204679,1
9,58,-0.05485399067,0.1656621844,1
9,66,-0.01369904727,0.05879080296,1
9,74,-0.00578109175,0.007852673531,1
9,82,0.06231936812,0.1857701689,1
9,90,-0.09281823039,0.07047569752,1
9,98,-0.0940657407,0.0767621994,1
9,106,0.07180897146,0.009576465935,1
9,114,0.1448005587,-0.002103213221,1
9,122,0.1308183521,-0.1004802585,1
9,130,0.05203616619,-0.04067435861,1
9,138,-0.06679650396,-0.1289096624,1
9,146,-0.09902068973,-0.1594646871,1
9,154,-0.09079237282,-0.08643905818,1
9,162,0.01673551835,-0.1045300514,1
9,170,0.05730887502,-0.1093273908,1
17,10,-0.02464224026,-0.1217847019,1
17,18,-0.009031057358,-0.04507663101,1
17,26,0.108995527,-0.02311002091,1
17,34,0.06535434723,0.1165105179,1
17,42,-0.07904274762,0.2026334703,1
17,50,-0.06310673803,0.161454618,1
17,58,0.04503883421,0.1288728416,1
17,66,0.006265472621,0.02907973528,1
17,74,-0.06299541891,-0.02303777635,1
17,82,-0.0590775758,0.05969908834,1
17,90,-0.1038737819,0.002559373155,1
17,98,-0.07481214404,-0.03672062606,1
17,106,0.0531328842,0.02577928826,1
17,114,0.02394460514,0.0529903248,1
17,122,0.008137663826,-0.01393089071,1
17,130,-0.02793584764,0.0611894317,1
17,138,-0.1288618743,0.02814959735,1
17,146,-0.1953526586,-0.09185799211,1
17,154,-0.1252917796,0.005877904594,1
17,162,0.00755963102,0.01159045845,1
17,170,0.01412979886,-0.09829618782,1
25,10,0.08216460049,-0.05979280174,1
25,18,0.04368522763,-0.06793875992,1
25,26,0.1285852194,-0.03335108608,1
25,34,-0.04760918021,0.06055713445,1
25,42,-0.1363519132,0.06104321778,1
25,50,-0.07189279795,0.1520410627,1
25,58,0.04177425057,0.1040904,1
25,66,-0.05492535233,0.04827523232,1
25,74,-0.03319179267,0.09345240891,1
25,82,-0.0117309615,-0.0002241134644,1
25,90,-0.1140012443,0.0163439475,1
25,98,-0.06403329223,-0.001531098038,1
25,106,0.03677612543,0.03846140206,1
25,114,0.03245673329,0.05742894113,1
25,122,-0.07230260223,0.1133899838,1
25,130,-0.05585308373,0.1178364903,1
25,138,-0.08401408792,0.07398082316,1
25,146,-0.05759617686,-0.003848254681,1
25,154,-0.04684355482,0.09594564885,1
25,162,-0.03407448903,0.1293152869,1
25,170,-0.0549720265,-0.02350854129,1
33,10,0.09604697675,0.0756238997,1
33,18,0.06997463107,0.07542011142,1
33,26,0.09708175063,0.04882707819,1
33,34,-0.03235673159,0.09149386734,1
33,42,-0.07041475177,0.0674277544,1
33,50,-0.09735608101,0.03159214556,1
33,58,0.04787109792,0.06381625682,1
33,66,0.07280176133,0.08832088858,1
33,74,-0.008457606658,0.05176126957,1
33,82,-0.01202822477,0.02618467063,1
33,90,-0.01234298572,0.03670655191,1
33,98,-0.02073475718,0.09589840472,1
33,106,0.01740631089,0.08105612546,1
33,114,-0.05651752278,0.08910022676,1
33,122,-0.1640127152,0.1063287109,1
33,130,-0.1058234423,0.07745981216,1
33,138,-0.01001494005,0.007690906525,1
33,146,-0.04699409753,0.1260739863,1
33,154,-0.07325547934,0.1771214306,1
33,162,-0.02132819965,0.1234423667,1
33,170,0.03404859826,0.02973671444,1
41,10,0.05746217072,0.2804998159,1
41,18,0.04053720459,0.1474970877,1
41,26,-0.1333163828,0.0694809705,1
41,34,-0.1628210843,0.01520216465,1
41,42,0.1378812343,0.1206515282,1
41,50,0.1269051731,0.150715664,1
41,58,0.02722094394,0.2141400576,1
41,66,0.03963942826,0.1360242367,1
41,74,-0.005594345741,0.04070591927,1
41,82,-0.08978377283,0.0784906894,1
41,90,-0.03573198617,0.07666955888,1
41,98,0.008927340619,0.1273064166,1
41,106,-0.0663106218,0.1520665586,1
41,114,-0.09009669721,0.1427933723,1
41,122,-0.1671444774,0.02813306451,1
41,130,-0.02777458355,-0.08685673773,1
41,138,0.07691820711,0.02633517236,1
41,146,-0.08591124415,0.1534702629,1
41,154,-0.1932055354,0.01120086014,1
41,162,-0.04635894299,-0.1506519467,1
41,170,0.008598532528,0.003326185048,1
49,10,0.1013250649,0.3553412557,1
49,18,-0.003010785207,0.1632803231,1
49,26,-0.09381635487,0.05320254341,1
49,34,-0.001389086246,-0.09755347669,1
49,42,0.1610108167,0.02878440171,1
49,50,0.1713260263,0.2224576026,1
49,58,0.03811956197,0.1883727461,1
49,66,0.06289700419,-0.02470520139,1
49,74,0.01587704569,0.09344664216,1
49,82,-0.07733086497,0.1274777353,1
49,90,-0.04270625114,0.1201768816,1
49,98,0.00844374951,0.1013304517,1
49,106,-0.06247286499,0.0937782079,1
49,114,-0.01007342152,0.07006233931,1
49,122,-0.01614288986,-0.008331414312,1
49,130,0.0371251218,-0.02744602412,1
49,138,0.1198518425,0.1181715131,1
49,146,-0.04267534614,0.1521438062,1
49,154,-0.06305724382,0.05103480071,1
49,162,-0.0443283841,-0.08875478804,1
49,170,-0.0382175073,-0.0155736655,1
57,10,0.1002423614,0.3227986097,1
57,18,-0.05036238208,0.2407813668,1
57,26,-0.06448107213,-0.02715276182,1
57,34,0.06271587312,-0.1099306643,1
57,42,0.1518634856,-0.0293911323,1
57,50,0.1145668328,0.0186310485,1
57,58,0.06528674811,0.05800537765,1
57,66,0.007898684591,0.05596216768,1
57,74,-0.04955905303,0.1672989428,1
57,82,-0.05052856356,0.1209713891,1
57,90,-0.00569633767,0.08644230664,1
57,98,0.01676271856,0.03477035463,1
57,106,0.008094197139,0.01612690836,1
57,114,0.04583845288,0.008285747841,1
57,122,0.02272969298,-0.04452501237,1
57,130,0.09840627015,0.006957627833,1
57,138,0.1354647577,0.1384655237,1
57,146,0.1295576394,0.01672101021,1
57,154,0.1450739652,0.102656886,1
57,162,0.03460418433,0.0571542196,1
57,170,-0.004015959799,-0.04635686427,1
65,10,0.08099576831,0.3283470869,1
65,18,0.052101098,0.1865922213,1
65,26,0.03578088805,-0.02499148995,1
65,34,-0.06956332922,-0.06341081858,1
65,42,-0.003903388977,0.0038655065,1
65,50,0.05998571217,-0.01259953156,1
65,58,0.04579730332,0.08317399025,1
65,66,0.01371403411,0.1360581666,1
65,74,0.0005566030741,0.1139715016,1
65,82,-0.03842153773,0.09319219738,1
65,90,-0.06393061578,0.06430381536,1
65,98,-0.02534889057,-0.05176515505,1
65,106,-0.01313606277,-0.03480480239,1
65,114,0.02507242188,0.04399387166,1
65,122,0.08877863735,-0.02951898798,1
65,130,0.05742250383,-0.008949398994,1
65,138,0.03569762781,0.08841945231,1
65,146,0.05279992521,-0.004635632038,1
65,154,0.1061152369,0.07284064591,1
65,162,0.1347704083,0.039154917,1
65,170,0.07633014023,-0.02546489239,1
73,10,0.168034777,0.1841429621,1
73,18,0.04065541178,0.1089247391,1
73,26,-0.06541922688,0.0897821188,1
73,34,0.09407830238,-0.0432186909,1
73,42,0.1036082208,-0.003075585701,1
73,50,0.001906849444,0.0416576229,1
73,58,-0.1135365665,0.01114481874,1
73,66,-0.01376618817,-0.002718124539,1
73,74,0.02094048634,-0.1013708562,1
73,82,0.01986282133,-0.01678720489,1
73,90,-0.1198546141,0.0554632321,1
73,98,-0.03708405793,-0.05865179375,1
73,106,-0.01239006128,-0.02024914697,1
73,114,-0.04412604868,0.08738034964,1
73,122,0.04958617315,0.1247232854,1
73,130,0.04334133118,0.07812523842,1
73,138,0.02231962979,0.1383334994,1
73,146,0.07218050957,0.1306654811,1
73,154,0.0796930939,0.0858393088,1
73,162,0.1054679751,0.01715521142,1
73,170,0.1269305497,0.02261018194,1
81,10,0.1998898089,0.1070230603,1
81,18,0.09037729353,0.1812236905,1
81,26,-0.009945221245,0.1675325334,1
81,34,-0.02274857461,0.03924829513,1
81,42,0.01275604218,0.04681796953,1
81,50,0.03617919236,-0.006954750046,1
81,58,0.1548853219,-0.04728120565,1
81,66,0.2112500519,-0.04156546295,1
81,74,0.1162070706,-0.01080249995,1
81,82,-0.08150240034,0.02470479533,1
81,90,-0.3375423849,0.03538708389,1
81,98,-0.07009901106,0.04770801216,1
81,106,0.05480742827,0.05724360049,1
81,114,0.05543229729,0.0092844842,1
81,122,0.09955931455,0.01857229508,1
81,130,0.08191460371,0.07454057038,1
81,138,0.04871902615,0.1320114881,1
81,146,0.02905540168,0.103402473,1
81,154,0.02254743874,0.07475845516,1
81,162,0.1183411852,0.05622330308,1
81,170,0.04932908714,0.02391953021,1
89,10,0.09880152345,0.1073398963,1
89,18,-0.04202938825,0.09197081625,1
89,26,-0.01896830276,0.1327545643,1
89,34,-0.252168417,0.1896259487,1
89,42,-0.3640010357,0.1074656472,1
89,50,-0.03903795034,-0.02450189739,1
89,58,0.1871760488,0.07999555767,1
89,66,0.2857202291,0.1123859137,1
89,74,0.1605523825,0.02572314069,1
89,82,-0.04613295197,0.02712655813,1
89,90,-0.1805761158,-0.04965362325,1
89,98,-0.1075539961,0.02357783541,1
89,106,-0.08860521019,0.09474912286,1
89,114,0.01413122192,-0.005129944067,1
89,122,0.1915380359,-0.07182261348,1
89,130,0.1607817709,-0.1021948978,1
89,138,0.08421150595,-0.01983665675,1
89,146,0.005391594023,-0.06745539606,1
89,154,0.005583956838,0.1096201167,1
89,162,0.09708365798,0.01087653637,1
89,170,-0.08736231178,-0.105096668,1
97,10,-0.01095673442,0.05512278527,1
97,18,-0.1204138994,0.003793984652,1
97,26,-0.1441063434,0.04177436978,1
97,34,-0.42770648,0.2169372439,1
97,42,-0.3043573499,0.09766559303,1
97,50,-0.05105537176,-0.01425531507,1
97,58,-0.004946365952,0.1654722542,1
97,66,0.0755610019,0.1486509144,1
97,74,-0.01407714561,0.001248975284,1
97,82,-0.0174412895,-0.04641729221,1
97,90,0.1394164562,-0.1268193871,1
97,98,0.1007776707,0.009873100556,1
97,106,0.0009221127257,0.08753614873,1
97,114,0.00291832909,0.08028397709,1
97,122,0.1562847346,-0.05553013086,1
97,130,0.1721513867,-0.02865162678,1
97,138,0.1340516955,0.07794923335,1
97,146,0.1376106441,-0.0682162866,1
97,154,0.1112974584,0.03234734759,1
97,162,0.04500942305,0.01444678754,1
97,170,-0.07781923562,-0.1127560139,1
105,10,-0.02701953426,-0.05583115667,1
105,18,-0.05120633543,-0.09353791922,1
105,26,-0.1174987406,0.1054491997,1
105,34,-0.3117959499,0.2618263662,1
105,42,-0.256991148,0.08620747179,1
105,50,0.0495346114,0.07550136,1
105,58,0.06083297729,0.1442773938,1
105,66,0.0205302611,0.08317887783,1
105,74,0.06698140502,-0.1212424487,1
105,82,0.05801628157,-0.1400635093,1
105,90,-0.01827806234,-0.1112888455,1
105,98,-0.05644968897,-0.001344177872,1
105,106,0.01637260243,0.06902647018,1
105,114,0.02952935174,0.1114497185,1
105,122,-0.04961530864,0.04079075158,1
105,130,0.03495465964,0.07931587845,1
105,138,0.05622821301,0.09109741449,1
105,146,0.05024367571,0.004009395838,1
105,154,0.0287161842,0.06112547219,1
105,162,0.0623723492,0.06736794114,1
105,170,0.1699931175,-0.125824526,1
113,10,-0.1043419093,-0.1033828408,1
113,18,-0.07591441274,-0.08870947361,1
113,26,-0.01615311205,0.01164487377,1
113,34,-0.09012262523,0.1606906354,1
113,42,-0.1839798391,0.1010173783,1
113,50,-0.01805291325,0.1498235166,1
113,58,0.1119273305,0.2441051453,1
113,66,0.007562465966,0.08460955322,1
113,74,0.07705689967,-0.2116368115,1
113,82,0.09734299779,-0.2268736511,1
113,90,-0.08436686546,-0.1794350594,1
113,98,-0.1346005052,-0.1268109232,1
113,106,0.05159083381,-0.03210793808,1
113,114,0.1577986479,0.06213695556,1
113,122,0.08038203418,-0.0002099946141,1
113,130,-0.06794147193,0.04933139682,1
113,138,-0.04473219812,0.01185081899,1
113,146,0.01847753674,0.09181007743,1
113,154,0.01251904666,0.2553287148,1
113,162,0.1252169162,0.1414865255,1
113,170,0.08824852854,-0.1501377821,1
121,10,0.004708521068,0.1740280092,1
121,18,-0.08944099396,-0.02976145223,1
121,26,-0.1459923089,-0.1828630567,1
121,34,-0.03598622233,-0.04071715474,1
121,42,-0.1089963764,0.1879134774,1
121,50,-0.07498897612,0.08315695077,1
121,58,0.07779526711,0.1834319532,1
121,66,0.04542842507,0.1319901049,1
121,74,0.01153915375,0.03222344071,1
121,82,0.04209114611,-0.1215318665,1
121,90,-0.01478552818,-0.05884632468,1
121,98,-0.07032486051,-0.08715441823,1
121,106,0.06561529636,-0.007140893489,1
121,114,0.2018305659,0.1789072752,1
121,122,0.1989109367,0.06882491708,1
121,130,0.07015541196,0.1039458066,1
121,138,0.05503286421,0.1689706445,1
121,146,0.07571617514,0.2008234859,1
121,154,0.1777357906,0.2421451658,1
121,162,0.2420084178,0.1124328524,1
121,170,0.09520483017,0.04376620799,1
129,10,0.03688254952,0.3102123737,1
129,18,-0.1547092944,0.01596498489,1
129,26,-0.141381219,-0.1427020878,1
129,34,-0.009419005364,-0.07057766616,1
129,42,-0.09353873134,0.07088424265,1
129,50,0.02041724138,0.03446089476,1
129,58,0.2742952704,0.03366829455,1
129,66,0.131044507,0.1127943695,1
129,74,0.0510982424,0.1573327184,1
129,82,0.08619681001,0.1474435329,1
129,90,-0.0274065733,0.04876066744,1
129,98,-0.08274701238,0.03053297289,1
129,106,-0.03442117944,-0.01081782952,1
129,114,0.0677152276,0.2289567143,1
129,122,0.1335476339,0.1125059351,1
129,130,0.1458289921,0.1085704193,1
129,138,0.1721970737,0.1735755205,1
129,146,-0.009724371135,0.2294677347,1
129,154,0.01951278746,0.245928213,1
129,162,0.06852157414,0.1215883642,1
129,170,-0.01641298644,0.07394442707,1
137,10,0.153886646,0.3026752472,1
137,18,-0.06331385672,0.04498406872,1
137,26,-0.04803674296,-0.04726852104,1
137,34,-0.04591801763,0.01269609109,1
137,42,-0.1275229007,-0.002079062164,1
137,50,0.04755119979,0.1717091501,1
137,58,0.1030228063,0.0542435348,1
137,66,-0.003732316196,0.04132431746,1
137,74,-0.04778716713,0.1736158431,1
137,82,-8.111074567e-05,0.2104217112,1
137,90,-0.04644570127,0.01327674463,1
137,98,-0.06393311173,0.05334258825,1
137,106,-0.06322543323,-0.06772680581,1
137,114,-0.09297356009,0.04887522385,1
137,122,-0.04505699873,0.06840935349,1
137,130,0.07126834989,0.1047005206,1
137,138,0.0564006418,0.1073421985,1
137,146,0.1713601053,0.1413163096,1
137,154,0.1271003634,0.2166670561,1
137,162,-0.01252641529,0.2345872521,1
137,170,-0.02826489508,0.04925253987,1
145,10,-0.02016388625,0.2403718829,1
145,18,-0.02036441118,-0.03797941655,1
145,26,0.1584495753,-0.08018837869,1
145,34,0.06135671586,0.01513946801,1
145,42,0.001352373511,-0.08015844226,1
145,50,0.06590221077,0.005623519421,1
145,58,-0.03610293567,0.0464162007,1
145,66,-0.1895145774,0.1203296259,1
145,74,-0.1574177444,0.2906818986,1
145,82,-0.02697812952,0.2097270936,1
145,90,0.08321230859,0.03380762041,1
145,98,0.01215177123,0.202115953,1
145,106,0.00633666385,0.1526600271,1
145,114,-0.0001391246915,0.01833443344,1
145,122,0.1283471137,0.05652607232,1
145,130,0.200517565,0.1766670942,1
145,138,0.1396193355,0.1252075434,1
145,146,0.1994405389,0.02847150713,1
145,154,0.1029449478,0.06675733626,1
145,162,-0.1139373034,0.08905981481,1
145,170,0.05536315963,0.05131112784,1
153,10,-0.1724606901,0.1564312279,1
153,18,-0.0303176716,-0.01300166361,1
153,26,0.1452768296,-0.06299759448,1
153,34,0.09206644446,0.05865191668,1
153,42,0.06761216372,0.1600700319,1
153,50,0.07427079231,-0.02674901485,1
153,58,-0.1053043604,-0.08726838976,1
153,66,-0.1602523029,0.07474208623,1
153,74,-0.1838348806,0.2283113897,1
153,82,-0.1075151712,0.2143262625,1
153,90,0.07285745442,0.08404705673,1
153,98,0.00658274442,0.1621845961,1
153,106,0.04152471572,0.1713732928,1
153,114,-0.04862754047,-0.01547344029,1
153,122,-0.0571774058,0.01612488925,1
153,130,0.1685405374,0.04800894856,1
153,138,0.1428377926,0.2011531591,1
153,146,0.1338258088,0.044126831,1
153,154,0.07794151455,-0.04632041603,1
153,162,0.003620930016,0.0454393141,1
153,170,0.09291698039,0.09088338912,1
161,10,-0.2378151417,0.1029111296,1
161,18,-0.1719715297,0.09233517945,1
161,26,-0.05473934487,-0.02112938464,1
161,34,0.06466798484,0.2105651498,1
161,42,0.1498725563,0.2438883632,1
161,50,0.01209267229,0.1387873739,1
161,58,-0.1899085045,-0.02646547556,1
161,66,-0.1189278141,0.0109712556,1
161,74,-0.004259560257,0.09291054308,1
161,82,0.004283668939,-0.0142473951,1
161,90,-0.03799319267,0.03175622225,1
161,98,-0.07618420571,0.05736427754,1
161,106,-0.006958505139,0.07732008398,1
161,114,-0.07627595961,0.08481810987,1
161,122,-0.1113371253,0.09221109748,1
161,130,0.07960003614,0.0882511884,1
161,138,-0.02160869539,0.234496206,1
161,146,-0.09619479626,0.01795500517,1
161,154,-0.001966945827,-0.006463758647,1
161,162,0.07575343549,0.1075927243,1
161,170,0.1546545327,0.1809270382,1
169,10,-0.07582436502,0.1122415289,1
169,18,-0.1942184865,0.1846792698,1
169,26,-0.184966296,0.1883425266,1
169,34,-0.1285479963,0.2574087381,1
169,42,0.1140949801,0.1148176119,1
169,50,-0.02968215942,0.1683329046,1
169,58,-0.1797692776,0.0771317929,1
169,66,-0.0724619776,0.09071137011,1
169,74,0.0939149037,0.08371403068,1
169,82,0.03222869337,0.003132537007,1
169,90,-0.01452614646,0.04243586212,1
169,98,-0.05465860665,0.08570804447,1
169,106,-0.005882707424,0.04498573393,1
169,114,0.1064802706,0.1102391705,1
169,122,0.02533604205,0.1929238141,1
169,130,-0.05854615942,0.2066359967,1
169,138,-0.3344439268,0.09026432782,1
169,146,-0.085062325,-0.02354125306,1
169,154,-0.03891196102,0.04281911254,1
169,162,0.03843203932,0.0818420276,1
169,170,-0.004488788545,0.2028528452,1
177,10,-0.2103035748,0.129906565,1
177,18,-0.2394388169,0.1024822965,1
177,26,-0.145364821,0.05880481005,1
177,34,0.02594664134,-0.006130769849,1
177,42,0.01171831228,0.06789379567,1
177,50,-0.01208345592,0.2448210418,1
177,58,0.02200981975,0.06940509379,1
177,66,0.08692345023,0.0573592484,1
177,74,0.09569521248,0.1077328026,1
177,82,0.00882793963,0.204518348,1
177,90,0.009360019118,0.04796653986,1
177,98,-0.04294088483,0.1458926201,1
177,106,0.02370262332,0.06715738028,1
177,114,0.09152911603,0.08518010378,1
177,122,0.0346243009,0.165014714,1
177,130,-0.08728387952,0.08817763627,1
177,138,-0.07044927776,-0.03423339128,1
177,146,-0.1071558371,0.01702547073,1
177,154,-0.1382254958,0.08182010055,1
177,162,-0.06389842927,-0.001495212317,1
177,170,-0.02270849422,0.1380284876,1
185,10,-0.03019801341,0.1098670512,1
185,18,-0.1208416075,0.0391780436,1
185,26,-0.1872424036,-0.08251926303,1
185,34,0.02323939651,-0.08477629721,1
185,42,0.05587949231,0.0808109194,1
185,50,-0.0155191496,0.1040180996,1
185,58,0.09446053207,0.009978607297,1
185,66,0.04977179691,0.03106001765,1
185,74,-0.005840766244,0.1064231843,1
185,82,-0.05851548165,0.1814239919,1
185,90,-0.1511644721,0.0461403057,1
185,98,-0.1209430993,0.1039046571,1
185,106,0.008319482207,0.03555347025,1
185,114,0.003615086898,-0.0409870781,1
185,122,0.02439515293,-0.02240281738,1
185,130,-0.02965055779,0.02166387066,1
185,138,0.07822008431,0.1541159898,1
185,146,-0.02817828208,0.04631951451,1
185,154,-0.1144548655,0.09034633636,1
185,162,-0.003282923251,0.1099766865,1
185,170,0.05106274784,0.1309189349,1
193,10,0.02769483253,0.08282593638,1
193,18,-0.05119920522,0.07543308288,1
193,26,-0.1177689508,0.1397894174,1
193,34,-0.08386686444,0.01008507609,1
193,42,0.02249711007,0.1146992221,1
193,50,0.01715072244,0.1372352839,1
193,58,0.03385287523,0.005222707987,1
193,66,0.007377218455,0.07652981579,1
193,74,-0.02251663432,0.05310317874,1
193,82,-0.05102278665,0.1199416071,1
193,90,-0.1485242844,0.05914404243,1
193,98,-0.1954013109,0.1468543559,1
193,106,-0.1010133773,0.0398908034,1
193,114,-0.006774366833,-0.09395767748,1
193,122,0.03968881443,-0.04464101046,1
193,130,-0.03654886782,0.002785935998,1
193,138,-0.05246924609,0.1056502312,1
193,146,-0.02480848879,-0.03256454319,1
193,154,-0.02923092246,0.08150807768,1
193,162,-0.1172347665,0.2248296738,1
193,170,-0.06425717473,0.07875977457,1
201,10,-0.07962347567,0.114085719,1
201,18,-0.1027961895,0.08679795265,1
201,26,-0.05836939812,0.1034810469,1
201,34,-0.1331871003,-0.0337459892,1
201,42,-0.108837001,0.1102114171,1
201,50,0.0179566443,0.1460050046,1
201,58,-0.1123061627,0.03643454239,1
201,66,-0.118516013,0.07264706492,1
201,74,0.01255891565,0.02241312712,1
201,82,0.03742448241,0.06947597116,1
201,90,0.00477289781,0.1042876989,1
201,98,-0.09240862727,0.1832692027,1
201,106,0.001202125102,0.1494512707,1
201,114,0.1808130145,0.06970839202,1
201,122,0.001841219608,0.03520588204,1
201,130,-0.1040715501,0.005242481362,1
201,138,-0.08851137757,-0.03762476891,1
201,146,-0.05038589239,-0.003873359412,1
201,154,0.01802649722,0.03565566242,1
201,162,0.02228211984,0.1527937949,1
201,170,0.08668543398,-0.0723810792,1
209,10,0.03296146542,0.07837837189,1
209,18,-0.01499023288,0.05075606704,1
209,26,-0.01380255818,0.0003478899598,1
209,34,-0.1063514948,-0.05401538685,1
209,42,-0.1633201391,0.05903339386,1
209,50,0.02432804182,0.01881311089,1
209,58,0.01998449862,-0.02821130678,1
209,66,0.01891538315,0.02977464721,1
209,74,-0.0762129128,0.0245109424,1
209,82,-0.06842139363,0.06839703023,1
209,90,0.02173137292,0.1586823463,1
209,98,0.008820291609,0.06787063181,1
209,106,0.02705953084,0.1792440414,1
209,114,0.07513591647,0.07633737475,1
209,122,-0.08907801658,-0.07259812951,1
209,130,-0.06571196765,-0.01504640374,1
209,138,0.05642157048,-0.07022186369,1
209,146,0.06957863271,0.21414195,1
209,154,-0.02252691612,0.1459977925,1
209,162,0.1030698493,0.1026639268,1
209,170,0.0553531833,0.1479057521,1
217,10,0.09931317717,-0.01748910546,1
217,18,-0.01523702778,-0.01596094668,1
217,26,-0.09226054698,0.002028152347,1
217,34,-0.05255883187,0.02499082312,1
217,42,0.0221112296,0.05909603089,1
217,50,0.01661224477,0.01666925475,1
217,58,0.02538059279,0.03273571655,1
217,66,0.0934676975,0.0315522179,1
217,74,0.09289180487,0.03418442607,1
217,82,0.01780644059,0.03303101659,1
217,90,0.04160466418,0.07869048417,1
217,98,5.487725139e-05,0.183420971,1
217,106,0.008336427622,0.1406184882,1
217,114,-0.03774836659,0.05810490251,1
217,122,-0.07053218782,0.07741401345,1
217,130,0.03453658894,0.009456576779,1
217,138,0.1725341827,-0.02993711829,1
217,146,0.1410739124,0.2041045129,1
217,154,0.03626053035,0.1502331793,1
217,162,0.03970711678,0.1203696504,1
217,170,-0.001868352294,0.1069500223,1
225,10,0.06886774302,0.01430299506,1
225,18,0.02067363262,-0.05700571835,1
225,26,0.03647045791,0.08312854171,1
225,34,0.005539304577,0.0109622702,1
225,42,0.02503366396,-0.03093197569,1
225,50,0.004969435744,-0.05668123811,1
225,58,0.05132095516,0.03218445182,1
225,66,0.0585655719,0.0960149318,1
225,74,0.02773622423,0.1597827971,1
225,82,0.1577277929,0.041177582,1
225,90,0.1602989584,0.09023871273,1
225,98,0.0332615003,0.1398931891,1
225,106,-0.02891619876,-0.1749744862,1
225,114,0.003119904548,0.02389724553,1
225,122,0.03338962793,0.1712706387,1
225,130,0.02854929492,0.07542483509,1
225,138,0.03318054974,0.05855505913,1
225,146,-0.09623731673,0.114638336,1
225,154,0.006224106997,0.05157256126,1
225,162,0.1116169393,0.1307162941,1
225,170,0.09234980494,0.08459945023,1
233,10,0.2011520863,0.02399124578,1
233,18,0.1484104842,-0.06011958793,1
233,26,0.122451812,0.0379306376,1
233,34,0.04339455813,0.009914418682,1
233,42,-0.03990245983,-0.07377465069,1
233,50,0.01492422633,-0.03540194407,2
233,58,-0.03108093143,-0.008004410192,1
233,66,0.06664474308,0.1208268255,1
233,74,0.1335566491,0.1438404769,1
233,82,0.1402911842,0.02755495533,1
233,90,0.05206199735,0.01892137155,1
233,98,-0.01543509029,0.02800568193,1
233,106,-0.008733851835,0.07906526327,1
233,114,0.09471978247,0.1524525136,1
233,122,0.02519009262,0.2692722082,1
233,130,0.04301581532,0.1332105994,1
233,138,0.04099036008,0.01542563736,1
233,146,-0.007549639791,0.09262882173,1
233,154,0.03115258738,0.07012014836,1
233,162,-0.01658695936,0.04044096172,1
233,170,0.05124963075,0.08856423199,1
241,10,0.1144493967,-0.03343064338,1
241,18,0.09639791399,-0.05055411905,1
241,26,0.01107348502,-0.01827792823,1
241,34,-0.007686726749,0.02765215747,1
241,42,0.008802802302,-0.01536314003,1
241,50,0.1257108599,-0.003147482872,1
241,58,0.05376065522,0.07574297488,1
241,66,0.07165756822,0.09973499179,1
241,74,0.1436710656,0.02128700167,1
241,82,0.1886915565,-0.05156322941,1
241,90,0.004270620644,-0.1072180271,1
241,98,-0.07999340445,0.04472863674,1
241,106,0.1253131479,0.1925766468,1
241,114,0.1512734145,0.2841492295,1
241,122,0.1047435552,0.4436587691,1
241,130,0.1307718754,0.1410229802,1
241,138,0.08636979759,0.0153125748,1
241,146,0.02642458677,-0.006027244031,1
241,154,0.01273530349,0.01866448671,1
241,162,-0.06721161306,0.02736946195,1
241,170,0.06843180209,0.04535345733,1
249,10,-0.145781666,0.03693959117,1
249,18,-0.001786783338,-0.06486234069,1
249,26,0.07301930338,-0.007632941008,1
249,34,0.1183250397,-0.07112862915,1
249,42,0.1096699536,0.05019463226,1
249,50,0.1040974781,0.1102422774,1
249,58,0.1707905233,0.1542572677,1
249,66,0.2231195867,0.05787834525,1
249,74,0.325640738,-0.03495924547,1
249,82,0.1467683762,-0.03202588484,1
249,90,0.003920707852,-0.005655795336,1
249,98,0.03130025044,0.04853544012,1
249,106,0.1405484676,0.1243505776,1
249,114,0.3446633816,0.1822051108,1
249,122,0.1920811534,0.1944160163,1
249,130,0.0676272884,0.007868915796,1
249,138,0.03507140651,0.00341206789,1
249,146,0.09046436846,0.1095183641,1
249,154,0.06219461188,0.0473514311,1
249,162,-0.02100151964,0.07646412402,1
249,170,-0.02918377519,0.05940992385,1
257,10,-0.1509795189,0.06127530336,1
257,18,0.03119471669,-0.04191794991,1
257,26,0.1836935729,-0.0213076286,1
257,34,0.2634828389,-0.09880849719,1
257,42,0.1471831352,0.1388280392,1
257,50,0.05988578498,0.2166516632,1
257,58,0.1721672416,0.1717272252,1
257,66,0.1054192185,0.05053715035,1
257,74,0.1170054823,-0.03282754868,1
257,82,0.1102568358,-0.05631879717,1
257,90,-0.005517482758,0.03391810134,1
257,98,-0.01162705198,0.05398656428,1
257,106,0.08132846653,0.1397070885,1
257,114,0.1025941446,0.08102718741,1
257,122,0.07197513431,-0.007954746485,1
257,130,-0.01442056894,-0.03260073811,1
257,138,-0.002953998744,-0.03398995847,1
257,146,0.1389322728,0.05107488483,1
257,154,0.0842942819,0.09945976734,1
257,162,-0.117180191,0.07910276949,1
257,170,-0.1734832972,0.04328244179,1
265,10,-0.1113646328,0.1136042252,1
265,18,-0.08007634431,0.07046966255,1
265,26,0.06781246513,0.07132283598,1
265,34,0.2381794453,-0.0269176662,1
265,42,0.2722002268,0.05149570853,1
265,50,0.1509200484,0.1747339368,1
265,58,0.09248562157,0.1687081754,1
265,66,0.08969430625,0.06890846789,1
265,74,0.1082685143,0.03005818278,1
265,82,-0.009152673185,-0.04801127315,1
265,90,-0.07938827574,-0.01350976154,1
265,98,0.1018590331,0.0822366327,1
265,106,0.142302081,0.09940825403,1
265,114,0.08572325855,0.04885429889,1
265,122,-0.04867812991,-0.02392269671,1
265,130,-0.0670658052,0.05393218994,1
265,138,-0.04654424638,0.08667827398,1
265,146,-0.05669715255,0.08055949956,1
265,154,0.04999769107,0.0704754144,1
265,162,0.0361032486,0.01249197125,1
265,170,-0.1114064828,0.1659387946,1
273,10,-0.03502989188,0.1546129882,1
273,18,-0.01971470751,0.2337847352,1
273,26,-0.02501226589,0.1471043527,1
273,34,0.275285095,0.07468862832,1
273,42,0.2963237464,0.05452058837,1
273,50,0.2851668894,0.08987526596,1
273,58,0.2627202272,0.1118287221,1
273,66,0.2804633081,0.1518633366,1
273,74,0.2876781225,0.2202319801,1
273,82,-0.08556173742,0.08860567212,1
273,90,-0.1516673714,0.139931038,1
273,98,0.02001195587,0.1284610331,1
273,106,0.06342682242,0.09549990296,1
273,114,0.1573072076,0.09028068185,1
273,122,0.1685976982,0.1321435571,1
273,130,0.0547337383,0.1227186248,1
273,138,-0.01291776821,0.1283431798,1
273,146,-0.1718088537,0.1552748382,1
273,154,-0.02826385386,0.07840593159,1
273,162,0.0896063447,0.1142196208,1
273,170,0.02773837,0.2301594466,1
281,10,0.1247283071,0.08455482125,1
281,18,0.139717415,0.1975037605,1
281,26,0.03326387703,0.1062861085,1
281,34,0.02387819812,0.2085624188,1
281,42,0.06203023717,0.1077980623,1
281,50,0.1712670326,0.06135094166,1
281,58,0.1887579113,0.1134212166,1
281,66,0.09474512935,0.3160040379,1
281,74,0.0491219312,0.5335490704,1
281,82,-0.08357329667,0.1237081587,1
281,90,-0.04332985356,0.1239482462,1
281,98,-0.07375023514,0.2040017992,1
281,106,-0.0822429508,0.1717320681,1
281,114,0.1727021039,0.07098607719,1
281,122,0.2254507393,0.04892711341,1
281,130,0.105597131,0.06672579795,1
281,138,0.03796305507,0.08564825356,1
281,146,0.008442774415,0.1017344072,1
281,154,-0.1043200195,0.199966222,1
281,162,-0.09331347793,0.2896903455,1
281,170,0.06848540902,0.1748657227,1
289,10,0.1197744012,0.02901811525,1
289,18,0.1295958608,0.08761975169,1
289,26,0.08585295826,-0.01039928943,1
289,34,-0.02016066015,0.1064363196,1
289,42,-0.01923198998,-0.002702638507,1
289,50,0.09312383831,0.04331509769,1
289,58,0.07668960094,0.1310517043,1
289,66,0.04019949585,0.3515725136,1
289,74,0.09039639682,0.5253369808,1
289,82,0.08403922617,0.2888134122,1
289,90,-0.04670660943,0.02988153696,1
289,98,0.0008831527084,0.2344366908,1
289,106,0.02830708027,0.05711389333,1
289,114,0.05360209569,0.005319394171,1
289,122,0.09864656627,-0.05382330716,1
289,130,0.007049702108,0.02680577338,1
289,138,-0.03123075515,0.0565861389,1
289,146,0.01708541065,0.0352518335,1
289,154,-0.04759867489,0.1401821822,1
289,162,-0.03231511638,0.2439182997,1
289,170,0.1295945793,0.1500821114,1
297,10,0.08868996054,0.03270088881,1
297,18,0.05901094899,-0.006538007408,1
297,26,0.0108060874,-0.0410367921,1
297,34,-0.04372951761,0.04349208623,1
297,42,0.006016506813,0.1491283476,1
297,50,0.03701969236,0.1446847618,1
297,58,0.1517245322,0.08558101952,1
297,66,0.1382677555,0.03154221177,1
297,74,0.1239624918,0.2542904615,1
297,82,0.128087163,0.4159700871,1
297,90,0.1409409344,0.2080674917,1
297,98,0.213429451,0.2008676529,1
297,106,0.05848341063,0.08853702992,1
297,114,-0.0346426107,0.06763105839,1
297,122,-0.03202857822,-0.003573656082,1
297,130,-0.05330879614,0.09366109967,1
297,138,-0.07988321781,0.122792691,1
297,146,-0.04713858664,0.1102944463,1
297,154,-0.08967150748,0.02411802113,1
297,162,-0.04613054171,0.09188820422,1
297,170,0.1515215486,0.09638360143,1
305,10,0.08394734561,0.09793074429,1
305,18,-0.123067528,0.04582100362,1
305,26,-0.134019196,-0.001260533929,1
305,34,-0.0320937857,0.09191955626,1
305,42,0.1072606593,0.2658010125,1
305,50,0.03895367682,0.1110692099,1
305,58,0.01573921368,0.1141006351,1
305,66,0.03228501976,0.01841142029,1
305,74,-0.003112342209,0.1536702812,1
305,82,0.06905296445,0.1776703447,1
305,90,0.06162256747,0.08752027899,1
305,98,0.1107946336,0.0251807496,1
305,106,0.148709923,0.1058236063,1
305,114,-0.07680617273,0.1836614311,1
305,122,-0.1350598633,0.09167095274,1
305,130,-0.07812008262,0.1033634618,1
305,138,-0.07969816029,0.09545598179,1
305,146,-0.05099800229,0.1857068986,1
305,154,-0.06353923678,0.09486429393,1
305,162,-0.0336471945,0.05726043135,1
305,170,-0.07902319729,0.08163873106,1
313,10,0.04408568144,0.227345854,1
313,18,-0.173524648,0.1393514574,1
313,26,-0.2337111831,0.1140678078,1
313,34,-0.1541891992,0.03405112773,1
313,42,0.02289663628,0.1135712638,1
313,50,0.03173263371,-0.04518154636,1
313,58,0.07572623342,0.03669977188,1
313,66,-0.01481151581,-0.03740715235,1
313,74,-0.07756584883,0.1609558612,1
313,82,-0.04083880782,0.101587601,1
313,90,-0.08686295152,0.02379239351,1
313,98,0.06331722438,-0.05429265276,1
313,106,0.09748564661,0.008622538298,1
313,114,-0.07301919162,0.1070367545,1
313,122,-0.1223569959,0.1416016668,1
313,130,-0.1126357093,0.08792810887,1
313,138,-0.01727094874,0.01926482469,1
313,146,0.02515195683,0.1520162374,1
313,154,0.02401237562,0.2471134961,1
313,162,0.04655292258,0.1756352186,1
313,170,-0.07996163517,0.09890700877,1
321,10,0.02769489586,0.3427165151,1
321,18,-0.1024850234,0.1936079711,1
321,26,-0.3322255015,0.1451282501,1
321,34,-0.2722823322,-0.03248623386,1
321,42,-0.16360493,0.0001671239734,1
321,50,-0.2332009822,-0.0626354292,1
321,58,0.04590107128,-0.2582383752,1
321,66,0.05713069439,-0.3261951804,1
321,74,-0.03662417457,0.07061624527,1
321,82,-0.05023339763,0.1481945366,1
321,90,-0.077061221,0.09984649718,1
321,98,-0.06087815017,0.01854477823,1
321,106,0.021650685,0.01773498952,1
321,114,0.1414213628,0.08363880217,1
321,122,0.05328907818,0.144885689,1
321,130,-0.1444462389,0.1397543103,1
321,138,0.07565721869,0.09015397727,1
321,146,0.06548842788,0.1136700362,1
321,154,-0.01377930678,0.3022679687,1
321,162,0.07591445744,0.1371888816,1
321,170,0.07794213295,0.07275728881,1
329,10,-0.02972224727,0.2449071407,1
329,18,-0.1789112687,0.08974250406,1
329,26,-0.2760191858,0.007804147899,1
329,34,-0.2444578111,-0.1321875602,1
329,42,-0.1048822999,-0.03095410019,1
329,50,-0.08110614866,0.02825115435,1
329,58,-0.02484114282,-0.08933047205,1
329,66,-0.04361111298,-0.1811545044,1
329,74,0.04997942969,0.04144952074,1
329,82,0.05409860238,0.2588933706,1
329,90,-0.1194409579,0.1763755083,1
329,98,-0.1259050965,0.0752446577,1
329,106,0.01652529649,0.06174551323,1
329,114,0.07144940645,0.0446999073,1
329,122,0.0603772141,0.02829290181,1
329,130,0.03023636714,0.1376929581,1
329,138,0.07568021119,0.08055572212,1
329,146,0.1165037006,0.06759232283,1
329,154,0.1119003519,0.1555980593,1
329,162,0.05661573261,0.08603864163,1
329,170,0.02669898793,0.1613577157,1
337,10,0.08673083037,0.1901106238,1
337,18,-0.08017154783,0.02811599523,1
337,26,-0.14668639,0.05662700534,1
337,34,-0.00137334317,-0.1078477204,1
337,42,0.02494532987,-0.05603402108,1
337,50,-0.01039287634,0.06256929785,1
337,58,0.03650184721,0.1767348647,1
337,66,0.04108173028,0.1206673011,1
337,74,-0.02459016442,0.1003673896,1
337,82,-0.00421108678,0.1747685671,1
337,90,-0.02331763133,0.08494997025,1
337,98,-0.0477348268,0.05242406577,1
337,106,0.006755938753,0.04933146015,1
337,114,0.07920268178,-0.03863012046,1
337,122,0.07969889045,0.05599564314,1
337,130,0.01956034452,0.02113588154,1
337,138,0.03498895466,0.02814569324,1
337,146,0.08204445243,0.0674418509,1
337,154,0.1554516554,0.04371060431,1
337,162,0.06149503589,0.05657213926,1
337,170,-0.02317573503,0.1771937609,1
345,10,-0.04490778595,0.1415893435,1
345,18,-0.08875291795,-0.0496719107,1
345,26,-0.0668906197,-0.07336439192,1
345,34,0.08863863349,-8.265674114e-05,1
345,42,0.04027678445,-0.07225044072,1
345,50,-0.0139574036,0.0975073725,1
345,58,0.03411521018,0.1030773669,1
345,66,-0.02729984745,0.1402650177,1
345,74,-0.06711314619,0.1652531028,1
345,82,0.0190275237,0.07145148516,1
345,90,-0.03104079142,-0.08838252723,1
345,98,-0.06273405254,0.100262478,1
345,106,0.06735050678,0.01161137223,1
345,114,-0.02689639106,-0.1690839827,1
345,122,-0.04086343944,0.02952917665,1
345,130,0.05709509924,-0.03883798793,1
345,138,0.05710652471,-0.02249430493,1
345,146,0.1262077689,-0.1078270972,1
345,154,0.07779385895,-0.1168500632,1
345,162,0.01961905509,-0.01407494396,1
345,170,-0.02759473026,0.08602128178,1
353,10,-0.1684714556,-0.07309031487,1
353,18,-0.05925822258,-0.04049871862,1
353,26,0.0003640055656,-0.09691932797,1
353,34,0.179717198,-0.01243217289,1
353,42,0.1472030282,0.1131393611,1
353,50,-0.01936255023,0.1726848334,1
353,58,-0.1197436079,-0.06900270283,1
353,66,-0.1126307175,0.03368353099,1
353,74,-0.01168723032,0.1803197563,1
353,82,-0.03212324902,0.1065920219,1
353,90,-0.06450332701,-0.00592456013,1
353,98,-0.09001948684,0.1080342308,1
353,106,0.01156769693,0.00942382589,1
353,114,0.07076579332,-0.04030510038,1
353,122,0.04189474508,0.03982652724,1
353,130,0.08815189451,-0.02204669639,1
353,138,0.1183731109,-0.01870240271,1
353,146,0.2046802938,-0.05601897091,1
353,154,0.1275686622,0.05706053227,1
353,162,0.0542816855,-0.03606111184,1
353,170,-0.01758052781,-0.003554135561,1
361,10,-0.114551425,-0.1253547519,1
361,18,-0.1910514683,-0.03214237839,1
361,26,-0.2101188451,-0.01999447867,1
361,34,0.03464828804,0.04922295362,1
361,42,0.1551941633,0.08072708547,1
361,50,0.06115430593,0.05109090731,1
361,58,-0.1189994514,0.05684182793,1
361,66,-0.06424112618,0.07738870382,1
361,74,-0.01347329095,0.1959332228,1
361,82,0.03338527307,0.2265142798,1
361,90,0.0004151910543,0.1615985334,1
361,98,0.01173675805,0.04342440888,1
361,106,0.01045650989,0.1177913696,1
361,114,0.1077934206,0.1011980623,1
361,122,0.1240726709,0.1039796099,1
361,130,0.06450474262,0.03380570933,1
361,138,-0.001952826977,0.06169422716,1
361,146,0.1209143177,0.0644043684,1
361,154,0.1465387046,0.1199192926,1
361,162,0.01263897121,0.007731623948,1
361,170,0.07512944192,-0.006841406226,1
369,10,0.03820747137,-0.1116363108,1
369,18,-0.02009694278,-0.07399060577,1
369,26,-0.07428477705,-0.04655225947,1
369,34,-0.0009728446603,0.08566537499,1
369,42,0.06495373696,-0.00212366879,1
369,50,0.01634360477,-0.04094103351,1
369,58,-0.104446888,0.08562888205,1
369,66,-0.05456499755,0.1422813237,1
369,74,0.1170507818,0.2384587526,1
369,82,0.3178239763,0.08314621449,1
369,90,0.09515626729,0.1204036623,1
369,98,0.01657461375,0.05487600714,1
369,106,0.09419011325,0.1211835146,1
369,114,0.1220491827,0.07803557068,1
369,122,0.1006681323,0.03872683644,1
369,130,0.06515669823,-0.06464607269,1
369,138,0.02224847488,-0.01150083169,1
369,146,0.055653736,0.06297361851,1
369,154,0.08366624266,0.07335910201,1
369,162,0.001120325178,0.05453773588,1
369,170,-0.009400393814,0.0368559733,1
377,10,-0.1664503664,-0.1969789416,1
377,18,-0.1197398379,-0.1661208272,1
377,26,-0.1170290709,-0.05044160411,1
377,34,-0.08444197476,0.005591679364,1
377,42,-0.05545378476,0.05954786763,1
377,50,-0.02369805798,-0.05044274777,1
377,58,0.04809366167,-0.04921668395,1
377,66,0.0528030321,0.1928063333,1
377,74,0.1937885135,0.3030251265,1
377,82,0.2576458156,0.02475710958,1
377,90,0.1008164883,-0.05627033859,1
377,98,-0.03078974783,0.05366909131,1
377,106,0.2867650688,0.1140688062,1
377,114,0.3018012643,0.0311383903,1
377,122,0.2830368578,-0.02014915645,1
377,130,0.08612691611,-0.09341713041,1
377,138,0.002888258547,-0.002202884294,1
377,146,0.002775207162,0.104502216,1
377,154,0.2240225226,0.05936647952,1
377,162,0.1042395383,0.04286035523,1
377,170,-0.03269959614,0.08896993101,1
385,10,-0.1078782231,-0.02679567039,1
385,18,-0.1067704856,0.02766627073,1
385,26,-0.0732415393,0.05940212309,1
385,34,0.06439904869,0.06430287659,1
385,42,0.08215211332,0.1350250244,1
385,50,0.06728923321,0.03282133862,1
385,58,0.2657167315,0.09047945589,1
385,66,0.287953794,0.09800031036,1
385,74,0.1601635218,0.0899342373,1
385,82,0.1218635961,-0.01052257046,1
385,90,0.1671743393,-0.01385009289,1
385,98,0.2666061819,-0.002800822258,1
385,106,0.291821003,0.1208831966,1
385,114,0.2416736931,0.03230837733,1
385,122,0.216984272,0.03690102696,1
385,130,0.230240196,-0.1157245338,1
385,138,0.1173973382,-0.06814136356,1
385,146,0.1029854268,-0.004687787965,1
385,154,0.2492389679,-0.009074427187,1
385,162,0.1173405647,0.05120987445,1
385,170,-0.08499325067,0.09481956065,1
393,10,0.1052256748,0.158436805,1
393,18,-0.01127564162,0.1701321006,1
393,26,0.07940358669,0.02698337473,1
393,34,0.1423914433,0.07135593891,1
393,42,0.08046554774,0.0268493183,1
393,50,0.08894886822,0.04214043915,1
393,58,0.2126635611,0.1465809196,1
393,66,0.1782497317,-0.02572676167,1
393,74,0.126636982,-0.06923019141,1
393,82,0.1441245675,-0.02822116762,1
393,90,0.05021482706,-0.09699063003,1
393,98,0.1275056452,-0.1330101937,1
393,106,0.2341174185,0.0005389312282,1
393,114,0.1249224991,-0.07636609674,1
393,122,0.1040702015,0.01106326468,1
393,130,0.171699509,-0.09472620487,1
393,138,0.1897145808,-0.1933237016,1
393,146,0.1249039918,-0.04430560023,1
393,154,0.1950157732,-0.005812689662,1
393,162,0.05005462468,0.006494257599,1
393,170,-0.1277233362,0.1272445917,1
401,10,-0.02420112863,0.1592440903,1
401,18,-0.07899722457,0.1374996752,1
401,26,-0.09453508258,0.0009166970849,1
401,34,0.08151780069,0.01063932478,1
401,42,0.147629872,0.09960851073,1
401,50,0.1354070455,0.05327089131,1
401,58,0.04827550054,-0.003288224339,1
401,66,0.1482477784,0.0589007698,1
401,74,0.1439844668,-0.03371931612,1
401,82,0.1094760895,0.1367020309,1
401,90,0.1098756343,-0.09477301687,1
401,98,0.03156158328,-0.08646963537,1
401,106,0.09679205716,-0.06891041994,1
401,114,0.1732435822,-0.1905611008,1
401,122,0.1467316896,0.02075258642,1
401,130,0.1492957026,-0.03973858058,1
401,138,0.1660917252,-0.09931828082,1
401,146,0.1627665311,-0.03338725865,1
401,154,0.08676207066,-0.07545883954,1
401,162,0.002306349576,-0.07429882139,1
401,170,0.0362065658,0.1356406659,1
409,10,-0.03829745576,0.08851551265,1
409,18,-0.06211734563,0.211353153,1
409,26,-0.1419806331,0.1284500211,1
409,34,-0.08597948402,0.02516581863,1
409,42,0.01107649505,0.1174779683,1
409,50,0.03752342984,0.201354295,1
409,58,0.006831713021,0.090326868,1
409,66,0.1473670453,0.1931929737,1
409,74,0.1363277584,0.03957680613,1
409,82,0.1678804457,0.03601412475,1
409,90,0.1280390471,0.06160993129,1
409,98,-0.141050905,0.1144640222,1
409,106,-0.01612192392,0.06927221268,1
409,114,0.06086754799,-0.007985178381,1
409,122,0.02347238362,0.0161654111,1
409,130,0.07801003754,-0.0004499852657,1
409,138,0.04281983525,-0.03773512319,1
409,146,0.1895508319,-0.0330420807,1
409,154,-0.09341937304,-0.05716916174,1
409,162,-0.1196327657,0.002793557942,1
409,170,0.07168345153,0.02779947221,1
417,10,0.1693889201,-0.2337598354,1
417,18,0.1841917187,0.03868371993,1
417,26,0.1751226932,0.1747416705,1
417,34,0.0891007483,0.02514107525,1
417,42,0.1009097844,-0.2307682186,1
417,50,0.0712126866,0.05682928488,1
417,58,-0.09966515005,0.1702217162,1
417,66,-0.1633682251,0.09597761929,1
417,74,-0.01359402388,-0.03605896235,1
417,82,0.1351124048,0.0420884192,1
417,90,-0.09162978828,0.1834723949,1
417,98,-0.3532266617,0.1956668049,1
417,106,-0.2864905596,0.2550580502,1
417,114,-0.3355891705,0.1700612009,1
417,122,-0.3487312198,0.02808364108,1
417,130,-0.09610071778,0.08596289158,1
417,138,-0.1067588776,0.08458416164,1
417,146,-0.1869299412,-0.02051800489,1
417,154,-0.3418717086,0.02211105824,1
417,162,-0.2575498819,0.08122181892,1
417,170,0.1862244904,-0.1575078666,1
