PIVlab, ASCII chart output - 02-Aug-2025
FRAME: 17, filenames: A:[17]FullStack_Pos0035_TgUtrmcherry_K4K8MO-1.avi & B:[18]FullStack_Pos0035_TgUtrmcherry_K4K8MO-1.avi, conversion factor xy (px -> m): 1, conversion factor uv (px/frame -> m/s): 1
x [px],y [px],u [px/frame],v [px/frame],Vector type [-]
9,10,0.211325556,0.123258546,1
9,18,0.1456778795,0.01727711782,1
9,26,0.07882426679,-0.004034880549,1
9,34,0.07481268048,-0.08259887993,1
9,42,0.1256601214,-0.04863005877,1
9,50,0.1470695883,0.007418997586,1
9,58,0.04368686676,-0.0803835839,1
9,66,-0.03283363581,-0.1286774874,1
9,74,0.2932731211,-0.06359513104,1
9,82,0.3299816847,-0.01358462125,1
9,90,0.1431910098,-0.1141628549,1
9,98,0.01722856984,-0.1214671135,1
9,106,-0.02108240128,0.01924272627,1
9,114,-0.1121647358,0.1320714355,1
9,122,-0.1096252277,0.0611980781,1
9,130,0.06036306918,0.07451450825,1
9,138,0.1408910453,0.01345946267,1
9,146,0.06993532181,0.1591682136,1
9,154,-0.0168539919,0.3793308139,1
9,162,0.04883938283,0.156868875,1
9,170,0.07042351365,-0.3509262204,1
17,10,0.02248906717,0.03775578365,1
17,18,0.1279510111,-0.003593859263,1
17,26,-0.09624699503,-0.148339808,1
17,34,-0.1100016236,-0.04449981451,1
17,42,0.1447004378,0.09093765914,1
17,50,0.1475301236,0.1791562885,1
17,58,0.03148631006,-0.007104773074,1
17,66,0.05095425248,0.005347784609,1
17,74,0.2238462269,0.04868389666,1
17,82,0.04245907068,0.01641860604,1
17,90,-0.06030064821,0.06282903254,1
17,98,-0.02445973083,0.04368825257,1
17,106,-0.03540186584,0.1140869558,1
17,114,-0.05585362017,0.08111573011,1
17,122,-0.00240392983,0.03257447481,1
17,130,0.06866250932,0.1885991395,1
17,138,0.09887068719,0.02065756544,1
17,146,0.01955619082,0.05362772942,1
17,154,-0.006639868952,0.2031229585,1
17,162,-0.02338856459,0.1123346835,1
17,170,-0.09894097596,-0.148422569,1
25,10,0.115307644,0.1418895125,1
25,18,0.097610645,0.07385381311,1
25,26,-0.05328159407,-0.01273556426,1
25,34,-0.1049453989,0.03857205808,1
25,42,0.09727743268,0.09767591953,1
25,50,0.1464043707,0.2103613615,1
25,58,0.06549833715,0.06590747833,1
25,66,0.0356426388,0.1508291066,1
25,74,0.1494143903,0.1329639554,1
25,82,0.011180114,0.1639211476,1
25,90,-0.01643947326,0.2166286856,1
25,98,0.04783308879,0.1456261575,1
25,106,0.0441173017,0.2201306373,1
25,114,0.004844997078,0.0577044785,1
25,122,0.02973805368,-0.155905962,1
25,130,0.01833527163,-0.1074501351,1
25,138,0.009785317816,-0.04652380943,1
25,146,-0.0684819147,0.004957754165,1
25,154,-0.07232538611,0.04582945257,1
25,162,0.04757208377,-0.0130321458,1
25,170,-0.06345637888,0.01453235373,1
33,10,-0.0323128812,-0.09678862244,1
33,18,-0.03259431571,0.01174018532,1
33,26,-0.03242400289,0.02777837217,1
33,34,0.2157475054,0.1278256178,1
33,42,0.1972320676,0.2192786038,1
33,50,0.09009253979,0.214557901,1
33,58,0.01919338852,0.002268582582,1
33,66,0.01972413808,0.03909226507,1
33,74,-0.05763120204,0.1381226778,1
33,82,-0.119291082,0.2231457084,1
33,90,-0.05078842863,0.2319381237,1
33,98,0.01428605989,0.1448711455,1
33,106,0.1177343652,0.1246955618,1
33,114,0.1219634265,0.1363770366,1
33,122,0.04429222643,-0.04764921963,1
33,130,-0.0620168373,-0.1068757027,1
33,138,-0.1216005683,-0.0196862109,1
33,146,-0.08914981782,0.06466336548,1
33,154,0.000860447064,0.0104348883,1
33,162,0.02124186978,-0.1281692684,1
33,170,-0.07626017928,-0.03197222203,1
41,10,0.04807093367,-0.116027087,1
41,18,0.02689890005,0.02206971496,1
41,26,0.01511314511,-0.1207248867,1
41,34,0.2036942542,0.1360545754,1
41,42,0.1830292344,0.2738092542,1
41,50,0.08456460387,0.08397613466,1
41,58,-0.02637852728,-0.01801606268,1
41,66,-0.01799566671,-0.04548594356,1
41,74,0.0113268625,0.1127758548,1
41,82,0.0200233981,0.1676553637,1
41,90,0.02368947119,0.2280098051,1
41,98,0.03452138975,0.1317733526,1
41,106,0.1521720588,0.08371812105,1
41,114,0.2495563626,0.2286354452,1
41,122,0.1288051456,0.04140533507,1
41,130,0.01176562347,-0.05161796883,1
41,138,-0.08730688691,0.02902546339,1
41,146,-0.03292692825,0.04875408113,1
41,154,0.03883840144,-0.03143851459,1
41,162,-0.00302923657,-0.06516633928,1
41,170,-0.09977082163,0.01129591092,1
49,10,0.1116590947,0.05903952569,1
49,18,0.01592946053,0.1888914406,1
49,26,-0.1236787811,0.156821698,1
49,34,-0.1282283217,-0.2655188441,1
49,42,0.01808836684,0.01215086877,1
49,50,-0.1074282825,0.005616553128,1
49,58,-0.07235118747,-0.01844938844,1
49,66,-0.06491492689,0.03998986259,1
49,74,-0.01827136427,0.02248853445,1
49,82,0.1612473577,0.1528340578,1
49,90,0.1299311668,0.2918343544,1
49,98,0.08226059377,0.1432161331,1
49,106,0.04981254786,0.06739097089,1
49,114,-0.07988849282,0.1009202749,1
49,122,-0.04532770067,0.02678650431,1
49,130,0.06590237468,-0.03340316191,1
49,138,0.01135557797,-0.03227757663,1
49,146,0.03069065139,0.04389221221,1
49,154,0.01516662631,0.0340227671,1
49,162,-0.009986252524,-0.003358196467,1
49,170,0.003192123026,0.06759237498,1
57,10,0.0919938162,0.1083620563,1
57,18,-0.1430236101,0.30201298,1
57,26,-0.1304153204,0.1299833953,1
57,34,-0.0008210092783,-0.08218926936,1
57,42,0.007167492062,0.04748036712,1
57,50,-0.09511600435,0.01211030781,1
57,58,-0.1082353741,-0.1260956675,1
57,66,-0.07205684483,0.01300574094,1
57,74,-0.09482102096,0.09547628462,1
57,82,0.08533813804,0.1925054789,1
57,90,0.1079351082,0.1823257208,1
57,98,0.0277185142,0.1420633197,1
57,106,-0.01357399672,0.05180837214,1
57,114,-0.1180184036,0.07303506136,1
57,122,-0.04736163467,-0.02817777544,1
57,130,-0.07552561909,-0.0597012639,1
57,138,-0.03430873156,-0.2802339196,1
57,146,0.01460918225,-0.05416220427,1
57,154,-0.03098051623,0.06046110392,1
57,162,-0.003734239377,0.07903434336,1
57,170,-0.08440428972,0.1286597252,1
65,10,0.01583591849,0.2110389471,1
65,18,-0.08880522847,0.3112400174,1
65,26,-0.02222335339,0.1139845401,1
65,34,0.05569192022,0.1139444038,1
65,42,0.06578712165,0.06001055241,1
65,50,-0.02187305316,-0.05272743478,1
65,58,-0.1234172434,0.003751095384,1
65,66,-0.05399653316,0.07861057669,1
65,74,-0.03965198621,0.3491981626,1
65,82,0.0003332011402,0.2718892992,1
65,90,0.01365512237,0.05085334927,1
65,98,-0.04634836316,-0.006686203182,1
65,106,-0.0290007554,0.0364164412,1
65,114,-0.002659402788,0.002350650728,1
65,122,0.03862310573,-0.04537014291,1
65,130,-0.05167232454,-0.06469785422,1
65,138,-0.02649921365,-0.2499492913,1
65,146,0.0357613191,-0.07655028999,1
65,154,0.01728022657,-0.01950116269,1
65,162,0.01703201234,0.0349076353,1
65,170,-0.07489877939,0.1936755776,1
73,10,0.02203036472,0.273437053,1
73,18,0.07085998356,0.2238868773,1
73,26,0.1020792425,0.1893025488,1
73,34,0.137750715,0.2570423484,1
73,42,0.07302099466,0.1143666431,1
73,50,-0.06353753805,0.05396360159,1
73,58,-0.1431999207,0.1228839085,1
73,66,0.1428388804,0.1575293988,1
73,74,0.1275136471,0.1824050546,1
73,82,-0.1512617469,0.1643871814,1
73,90,-0.1789761037,0.1431793422,1
73,98,0.06587603688,-0.04690252244,1
73,106,0.05091962591,-0.03479418904,1
73,114,0.01320291962,-0.02408307046,1
73,122,0.05250199139,0.03303536773,1
73,130,0.03550245985,-0.01274634153,1
73,138,-0.04875259474,-0.005267675966,1
73,146,-0.06955894083,0.04349762946,1
73,154,-0.02235448919,-0.1074915752,1
73,162,-0.008949026465,-0.05099726468,1
73,170,-0.1488725692,0.1258967817,1
81,10,0.03812092543,0.1179316193,1
81,18,0.1422943622,0.1907235682,1
81,26,0.1632573456,0.1430023909,1
81,34,0.1987344921,0.2421203405,1
81,42,0.08328875899,0.1724018455,1
81,50,-0.03060195595,0.1600700319,1
81,58,-0.06278632581,0.08123855293,1
81,66,0.03664891794,-0.04759679735,1
81,74,0.02395338565,0.02176665515,1
81,82,-0.03894878179,0.01353231817,1
81,90,-0.1219334304,0.0564949587,1
81,98,-0.07945021242,0.1404020637,1
81,106,0.03071122617,-0.06495569646,1
81,114,-0.006672205403,-0.04840032011,1
81,122,-0.0457967557,-0.03331823274,1
81,130,-0.03812462091,-0.01653631032,1
81,138,-0.04754356295,0.05633782223,1
81,146,-0.05358235911,-0.06833545864,1
81,154,0.001350756735,-0.1582759768,1
81,162,0.007597887889,-0.109296374,1
81,170,-0.02945332602,0.1075630188,1
89,10,0.05051451176,-0.0066710338,1
89,18,0.1970885843,0.2213692218,1
89,26,0.1809520572,0.1846342683,1
89,34,0.1618789136,0.1031897664,1
89,42,0.07341721654,0.1478011012,1
89,50,0.003450077027,0.08485103399,1
89,58,-0.08181732893,0.06054380536,1
89,66,-0.1019813865,0.01342397183,1
89,74,0.02532815561,0.09692390263,1
89,82,0.1726970375,0.002480760217,1
89,90,0.1557253301,-0.01089227945,1
89,98,-0.03245693445,0.0733840093,1
89,106,-0.004671057686,-0.04423964769,1
89,114,0.000481438823,-0.1179601699,1
89,122,-0.06279215217,-0.1466076225,1
89,130,-0.01728131622,-0.01732941717,1
89,138,-0.02669670433,0.1464019269,1
89,146,0.04944476485,-0.03388633952,1
89,154,0.1374910474,-0.1062410101,1
89,162,0.0192665197,-0.0936005339,1
89,170,-0.01358735561,0.1119588614,1
97,10,0.06048186496,0.01369158179,1
97,18,0.2100998014,0.189792335,1
97,26,0.1608559489,0.1843703389,1
97,34,0.127595678,0.04166255891,1
97,42,0.1819691509,0.1139189228,1
97,50,0.09831766039,0.1156988144,1
97,58,-0.04068616033,0.1499557793,1
97,66,-0.117753759,0.07440330833,1
97,74,0.0235510692,0.1363885254,1
97,82,0.1287146509,0.1254440844,1
97,90,0.1523252577,-0.009974941611,1
97,98,0.02419609949,-0.007951099426,1
97,106,-0.02751632221,0.06698474288,1
97,114,-0.05446445942,-0.08235837519,1
97,122,-0.1152950898,0.05053521693,1
97,130,0.02370124683,0.1765123904,1
97,138,0.05452417955,0.1970939338,1
97,146,0.117170155,0.02775257081,1
97,154,0.125485003,-0.04468566552,1
97,162,0.07207381725,0.1703699827,1
97,170,0.05810218304,0.07791054994,1
105,10,0.02800113894,0.1627459675,1
105,18,0.2460245788,0.1465504467,1
105,26,0.07564245164,0.1285811514,1
105,34,0.1498288214,0.1040453315,1
105,42,0.1462297887,0.08608984947,1
105,50,0.02495547011,0.114787586,1
105,58,-0.0266717039,0.2136817425,1
105,66,6.885454059e-05,0.1189424843,1
105,74,-0.006654174998,0.1144263595,1
105,82,0.02128937095,0.09210950136,1
105,90,0.09049694985,0.03377465904,1
105,98,0.02255200781,-0.008353665471,1
105,106,-0.1018068939,0.06630019099,1
105,114,-0.02849984542,0.1147022843,1
105,122,-0.0104859313,0.1225503236,1
105,130,0.09446197748,0.2793345451,1
105,138,0.152184397,0.08433707058,1
105,146,0.0960323289,0.0304518491,1
105,154,0.07763847709,0.0218063686,1
105,162,0.04724815115,-0.03508197516,1
105,170,0.0006092898548,-0.1268871427,1
113,10,0.1082271785,0.2002309859,1
113,18,0.2487202585,0.1860025972,1
113,26,0.1023040786,0.1432011575,1
113,34,-0.01248639822,0.1912760735,1
113,42,-0.03803954273,0.0551360026,1
113,50,-0.1371569633,0.06053209305,1
113,58,-0.1406525075,0.2110908478,1
113,66,-0.1150505543,0.1378501207,1
113,74,-0.08801175654,0.0696337074,1
113,82,-0.1150413901,0.08881759644,1
113,90,-0.02889639884,0.1031387299,1
113,98,0.1465494484,0.09786592424,1
113,106,0.008998261765,0.05514355749,1
113,114,-0.07970119268,0.1020360962,1
113,122,0.09074095637,0.0682092011,1
113,130,0.1349832118,0.2611072063,1
113,138,-0.1029782817,0.08833735436,1
113,146,-0.02714976296,0.04154544696,1
113,154,0.1661366522,0.02104949951,1
113,162,0.04278361052,-0.1125406176,1
113,170,-0.1533459127,-0.1649196148,1
121,10,0.1666920781,0.2332265377,1
121,18,0.1090577021,0.1075842232,1
121,26,0.08570035547,0.1353963464,1
121,34,0.1337884218,0.2334720492,1
121,42,0.2070189565,0.1116187871,1
121,50,0.07025964558,0.1009075344,1
121,58,-0.1894539595,0.1534447074,1
121,66,-0.1134248823,0.1343832016,1
121,74,-0.06351257116,0.0004839450121,1
121,82,-0.01001254376,0.08041950315,1
121,90,0.08923222125,0.05828278139,1
121,98,0.1139175147,0.1703930795,1
121,106,0.02379881963,0.06216420978,1
121,114,0.02937781066,0.02628060058,1
121,122,0.07916177809,0.0460755378,1
121,130,0.02298082225,0.04422285408,1
121,138,-0.1163579151,0.02681794763,1
121,146,-0.0463453643,-0.1060031503,1
121,154,0.1858053654,0.0157648623,1
121,162,0.1620630473,0.04284225777,1
121,170,-0.007699074224,-0.005725437775,1
129,10,0.180000931,0.177817747,1
129,18,0.1203252301,0.06511777639,1
129,26,0.0881107077,0.1641595364,1
129,34,0.1121548861,0.08036714792,1
129,42,0.1768035591,-0.01022709906,1
129,50,0.1671670079,0.04917345941,1
129,58,0.09514664114,0.1377302706,1
129,66,0.07659472525,0.2284516245,1
129,74,0.09565316886,0.2882546186,1
129,82,0.1529110074,0.1139202267,1
129,90,0.1832768023,0.02731091529,1
129,98,0.1439095885,-0.002509877086,1
129,106,0.1085178554,-0.01465851068,1
129,114,0.04994423687,-0.1742801815,1
129,122,0.008905926719,-0.03457593918,1
129,130,0.0649317503,-0.0800652504,1
129,138,-0.2019677311,-0.110652402,1
129,146,-0.1918437481,-0.1186877489,1
129,154,-0.06153677404,-0.09146462381,1
129,162,-0.04651492089,-0.08082582057,1
129,170,0.08320498466,0.003127668053,1
137,10,0.1887123585,0.1075806543,1
137,18,0.2804343104,0.02698744088,1
137,26,0.1687326282,0.05996084958,1
137,34,0.04393321648,0.04252511263,1
137,42,0.04573231936,-0.1291397065,1
137,50,0.1144243628,-0.02578201145,1
137,58,0.08322815597,0.1013036147,1
137,66,0.02435843274,0.157263726,1
137,74,0.03633797914,0.2411012053,1
137,82,0.08091512322,0.1266206205,1
137,90,0.1984962523,0.0420056805,1
137,98,0.1417596042,-0.09730946273,1
137,106,0.1221696511,-0.1223103628,1
137,114,0.04326581582,-0.1869888902,1
137,122,-0.0832644999,-0.07734496146,1
137,130,-0.04917863756,-0.137694031,1
137,138,-0.1012515724,-0.1932190508,1
137,146,-0.1418581605,-0.0141056478,1
137,154,-0.1259176284,-0.128397733,1
137,162,-0.02044568211,-0.1624955088,1
137,170,0.1339727193,-0.07581742108,1
145,10,0.1869202405,0.03856526315,1
145,18,0.210126698,0.06513188034,1
145,26,0.08081772923,0.04873140901,1
145,34,0.06257440895,0.06995472312,1
145,42,-0.07862749696,0.005956821144,1
145,50,-0.02121398225,0.0776245445,1
145,58,0.02115755901,0.0193714574,1
145,66,-0.03622039407,-0.008276514709,1
145,74,-0.1148829907,0.06011027843,1
145,82,-0.03098152205,-0.09485445917,1
145,90,0.1232961863,-0.09054587781,1
145,98,0.07013764232,-0.07476358116,1
145,106,0.076616548,-0.1306703985,1
145,114,0.03270764649,-0.2148294747,1
145,122,-0.0951577872,-0.1275311261,1
145,130,-0.1065455377,-0.07520596683,1
145,138,-0.1552485526,-0.1607592702,1
145,146,-0.1558946222,-0.03513811901,1
145,154,-0.09300282598,-0.05080446973,1
145,162,-0.01908823103,-0.06229068711,1
145,170,0.03290346265,-0.1430898905,1
153,10,0.05915359408,-0.03799320012,1
153,18,0.1239796132,0.1341541111,1
153,26,0.04893347993,0.2050263882,1
153,34,0.07560805976,0.2526187897,1
153,42,0.1150517315,0.170892179,1
153,50,-0.03484533355,0.1662921011,1
153,58,-0.1360187232,0.02471612021,1
153,66,-0.1124718189,-0.02922844142,1
153,74,-0.05752222985,0.04063429683,1
153,82,-0.001058844849,-0.1625285596,1
153,90,-0.06610675901,-0.304033041,1
153,98,-0.007825911045,-0.1517497897,1
153,106,0.04044892639,-0.0587875098,1
153,114,-0.0920580402,-0.1152239516,1
153,122,-0.06625113636,-0.1327435076,1
153,130,0.04032287747,-0.02924360335,1
153,138,0.01729722321,-0.2990246713,1
153,146,0.02949567512,-0.07794264704,1
153,154,-0.02516620979,0.008361602202,1
153,162,-0.0756457001,0.0487848334,1
153,170,-0.04580651224,-0.1610272527,1
161,10,0.133729592,-0.06364709884,1
161,18,0.1192383915,0.1203336418,1
161,26,0.05593746901,0.2518994212,1
161,34,-0.01616870053,0.3290437162,1
161,42,-0.0279924199,0.2458314598,1
161,50,0.04200189561,0.1038165689,1
161,58,-0.03824421763,-0.01377313584,1
161,66,-0.1155444533,0.02930730581,1
161,74,-0.007247049361,0.0922524482,1
161,82,0.1800282151,-0.04215469956,1
161,90,0.05580852181,-0.2391673923,1
161,98,-0.0001784935594,-0.1328443289,1
161,106,0.0726242587,-0.01228436455,1
161,114,0.08553125709,0.007985547185,1
161,122,0.0600797832,-0.03264455497,1
161,130,-0.00439427793,-0.1313754916,1
161,138,0.05673831701,-0.1619174182,1
161,146,0.07507379353,-0.09575721622,1
161,154,0.03757174686,-0.03932337463,1
161,162,0.01126615703,0.05282918364,1
161,170,-0.1074280664,-0.1060850173,1
169,10,0.1589424312,-0.03744146973,1
169,18,0.1371901929,0.0667983368,1
169,26,0.0673699826,0.1387344897,1
169,34,-0.1644437611,0.2097149342,1
169,42,-0.387588799,0.1937342137,1
169,50,-0.1095015109,0.004327148199,1
169,58,0.03126068786,0.1217274219,1
169,66,-0.02219370753,0.1014022082,1
169,74,0.02432720736,-0.04561524466,1
169,82,0.174672842,-0.0005558971316,1
169,90,0.2174305618,-0.06658283621,1
169,98,0.1300443262,-0.07172989845,1
169,106,0.02570322528,-0.09470828623,1
169,114,-0.1013596281,0.1487372667,1
169,122,-0.1295508295,0.2049415708,1
169,130,-0.08400334418,-0.03849166259,1
169,138,-0.07053588331,-0.09667184949,1
169,146,0.009864382446,-0.03329777718,1
169,154,0.02682543546,-0.1534107029,1
169,162,-0.007766080089,-0.01347475499,1
169,170,-0.1041249335,-0.01765798777,1
177,10,0.1638178974,0.0368040055,1
177,18,0.05683402717,0.03190087527,1
177,26,-0.084694013,0.09333823621,1
177,34,-0.1608151495,0.08107648045,1
177,42,-0.2770855725,0.09643860161,1
177,50,-0.1412372291,0.0100222379,1
177,58,-0.005596168339,0.2160327733,1
177,66,0.0497731939,0.1354535818,1
177,74,0.06650219858,-0.05917162076,1
177,82,0.1256980002,-0.05230524391,1
177,90,0.1350194216,0.04107866436,1
177,98,0.06272235513,-0.04394152015,1
177,106,-0.06828473508,-0.1384400278,1
177,114,-0.1362028569,0.1428466588,1
177,122,-0.1227608249,0.1572481543,1
177,130,-0.1103384718,0.02936547063,1
177,138,-0.1258051395,-0.1428412944,1
177,146,-0.02292777225,-0.1281786561,1
177,154,0.016878061,-0.05027280003,1
177,162,-0.03594391793,-0.05374700576,1
177,170,-0.1490279287,0.07951794565,1
185,10,0.2052044719,0.1935693622,1
185,18,0.02228410915,0.1524988711,1
185,26,-0.1140582934,0.1280644834,1
185,34,-0.07728052139,-0.03198523074,1
185,42,-0.0847620368,-0.04577961564,1
185,50,-0.1217398494,0.01016690955,1
185,58,-0.0128040202,0.08112519234,1
185,66,0.09825122356,0.08789481223,1
185,74,-0.0430104658,0.05903496593,1
185,82,-0.02980543301,-0.04105022177,1
185,90,-0.0134607479,-0.008408719674,1
185,98,-0.01716039702,-0.006499872543,1
185,106,-0.09969670326,-0.1056213751,1
185,114,-0.1571841389,-0.1728925407,1
185,122,-0.1500789821,-0.1225740314,1
185,130,-0.1869337708,-0.0113122277,1
185,138,-0.1676811725,-0.1013738364,1
185,146,-0.07587069273,-0.1900510788,1
185,154,0.1088127941,-0.07860322297,1
185,162,0.2293887287,-0.09171748906,1
185,170,-0.08962741494,0.04012669623,1
193,10,0.101108402,0.340018481,1
193,18,-0.09694755077,0.2184502482,1
193,26,-0.1921775639,0.2373111844,1
193,34,-0.07609313726,-0.06700348854,1
193,42,0.04114583507,-0.07076302171,1
193,50,0.08179244399,-0.02700376883,1
193,58,0.009225029498,0.06650348753,1
193,66,-0.03504974023,0.07193087041,1
193,74,-0.1577320099,0.04057878628,1
193,82,-0.09782870114,0.02580101416,1
193,90,0.05341441929,0.06797257811,1
193,98,-0.02392392792,0.04961743206,1
193,106,-0.1392629743,-0.07520969957,1
193,114,-0.1065371409,-0.19321087,1
193,122,-0.1102812737,-0.2405771911,1
193,130,-0.12015903,-0.1812254488,1
193,138,-0.123834908,-0.0338947475,1
193,146,-0.1206869781,-0.1403940469,1
193,154,-0.07347409427,-0.3021218181,1
193,162,-0.1041280627,-0.1841088533,1
193,170,-0.1749156266,-0.08267624676,1
201,10,0.01062731817,0.2177812457,1
201,18,-0.04786986113,0.2329083532,1
201,26,-0.04931505024,0.1862480491,1
201,34,-0.0306001585,-0.03476325795,1
201,42,0.0433328636,-0.02865869924,1
201,50,0.184182778,-0.02129357867,1
201,58,0.04584872723,0.1253528297,1
201,66,-0.1096713841,0.1106700003,1
201,74,-0.1980201006,0.141510725,1
201,82,-0.07963708043,0.2228357494,1
201,90,-0.01043882221,0.2853728533,1
201,98,0.03142306209,0.2455908954,1
201,106,0.05860274658,0.08702258021,1
201,114,0.198275283,-6.768107414e-05,1
201,122,0.1782501787,-0.3359895945,1
201,130,0.06169608235,-0.2435444593,1
201,138,0.03071454167,-0.06148834527,1
201,146,0.01641342789,-0.07292301208,1
201,154,-0.02942037582,-0.2616446018,1
201,162,-0.1320450306,-0.1503296345,1
201,170,-0.1567084193,-0.0972077474,1
209,10,0.1417358667,0.1350488216,1
209,18,0.1598391682,0.3163924217,1
209,26,0.06437698752,-0.03241544217,1
209,34,0.005805138499,-0.1562050879,1
209,42,-0.00128673017,0.003068603575,1
209,50,0.04833452776,0.1182226762,1
209,58,0.03983002901,0.1242839098,2
209,66,0.02274849266,0.1868491769,1
209,74,0.07324185222,0.1642452776,1
209,82,-0.09772829711,0.2108884901,2
209,90,-0.2726840973,0.2258058488,1
209,98,-0.07895059884,0.5409246683,1
209,106,0.01289230399,0.125440836,2
209,114,-0.000311492011,-0.5521885753,1
209,122,0.09643703699,-0.3674441576,1
209,130,-0.008283771574,-0.2675923407,1
209,138,0.04741967469,-0.2998601794,1
209,146,-0.05222409964,0.07565498352,1
209,154,-0.1667183638,0.05731292814,1
209,162,0.006508685648,0.02709970996,1
209,170,-0.02467946708,-0.1422979832,1
217,10,-0.1484111845,0.2985340357,1
217,18,-0.06890270114,0.4052373767,1
217,26,0.003939040937,0.2023140192,1
217,34,-0.007513110992,-0.2289059758,1
217,42,-0.01958851516,0.01605910808,1
217,50,-0.02456334233,0.05378723145,1
217,58,0.04238837585,0.0667109713,2
217,66,0.1303308755,-0.004069596529,1
217,74,0.1906322986,0.07863277942,1
217,82,-0.111833863,0.2306670696,1
217,90,-0.1238950938,0.2219509631,1
217,98,-0.04394413531,0.1827284992,1
217,106,0.07222855836,0.426004678,1
217,114,-0.04018228129,0.1662595719,1
217,122,-0.03016977012,-0.0465510115,1
217,130,0.06778010726,-0.1043890938,1
217,138,0.09466377646,-0.09356558323,1
217,146,0.08764359355,0.1411783993,1
217,154,0.2137678266,0.2081827074,1
217,162,0.06243468821,0.07324907184,1
217,170,-0.09417359531,-0.1124569774,1
225,10,-0.2399431765,0.1645269692,1
225,18,-0.1055717468,0.272644341,1
225,26,0.0148604624,0.1658050716,1
225,34,0.004113646224,0.04261222482,1
225,42,0.01404152997,0.1626724601,1
225,50,0.02099124156,0.1845668554,1
225,58,0.02395593375,0.09284232557,1
225,66,0.07934403419,0.005318582058,1
225,74,0.1538977027,0.02098853886,1
225,82,0.08517636359,0.1775917858,1
225,90,-0.06198946387,0.1144032776,1
225,98,-0.05108618364,0.2548500896,1
225,106,-0.03472298384,0.2493807077,1
225,114,-0.051759433,0.13297683,1
225,122,0.05785795301,-0.004338525236,1
225,130,0.148815155,-0.0640379712,1
225,138,0.1235805005,0.07853239775,1
225,146,0.1337773204,0.1660629809,1
225,154,0.06663535535,0.1832762659,1
225,162,0.008160591125,0.07811913639,1
225,170,-0.1210281551,-0.1334989071,1
233,10,-0.1742131263,0.1118579358,1
233,18,-0.1303205788,0.2577655613,1
233,26,-0.1004597843,0.2025143504,1
233,34,-0.02419802174,0.2448374629,1
233,42,0.1274509579,0.1230022758,1
233,50,0.037176162,0.2022731006,1
233,58,0.02001432329,0.1079978347,1
233,66,0.1592647731,-0.03533545882,1
233,74,0.2074249238,-0.03101620823,1
233,82,0.2189284563,0.1008786261,1
233,90,0.1361742914,0.06221240759,1
233,98,-0.002733834088,0.2167619318,1
233,106,-0.124641642,0.1520837098,1
233,114,-0.09300694615,0.1053360552,1
233,122,-0.007187776268,-0.01447238401,1
233,130,0.04350439832,-0.05904476345,1
233,138,0.02963225171,0.09926231205,1
233,146,0.02030417323,0.1470964849,1
233,154,0.05946435034,0.197013855,1
233,162,0.03975556046,0.02019702643,1
233,170,-0.1159030795,-0.1036016643,1
241,10,-0.2065067291,0.04258850217,1
241,18,-0.1481033862,0.1885550022,1
241,26,-0.04188784212,0.1952030659,1
241,34,0.008034558967,0.2578945756,1
241,42,-5.597248673e-05,0.1228537261,1
241,50,-0.1087489575,0.1986085922,1
241,58,-0.07454680651,0.107025668,1
241,66,0.08483313024,-0.02452017367,1
241,74,0.1056679189,0.005905214697,1
241,82,0.1494514495,0.01357262582,1
241,90,0.1070973873,0.1021559387,1
241,98,-0.01617345214,0.1424323022,1
241,106,-0.1747079492,0.1345189065,1
241,114,-0.1157386974,0.05754485726,1
241,122,-0.07489522547,0.08039061725,1
241,130,-0.04359450564,-0.02481733263,1
241,138,0.1787681282,0.02436791733,1
241,146,0.1761379838,0.1687164605,1
241,154,0.05300842971,0.2182419449,1
241,162,0.07165722549,0.09149474651,1
241,170,0.01982913166,-0.01166848838,1
249,10,-0.1001745909,-0.05878077447,1
249,18,-0.04435308278,-0.005673199892,1
249,26,0.01124900579,0.1351950616,1
249,34,0.03749023378,0.244590342,1
249,42,-0.0343445316,0.07572311908,1
249,50,-0.07459852099,0.04581487924,1
249,58,-0.06797880679,-0.01239195652,1
249,66,-0.009720608592,0.03394950181,1
249,74,0.09164583683,0.114269048,1
249,82,-0.0178212449,0.01961893588,1
249,90,-0.1103192493,0.08064249158,1
249,98,-0.05636279285,0.08758956939,1
249,106,-0.07158075273,0.05120943487,1
249,114,-0.0865175277,-0.002380792052,1
249,122,-0.07048758864,0.08907687664,1
249,130,0.0119723659,-0.03823605552,1
249,138,0.06662528217,-0.09886600822,1
249,146,0.006614983082,0.006634570658,1
249,154,-0.02384529263,0.05863348395,1
249,162,0.03791185096,0.2577818632,1
249,170,0.01740838587,0.05780930072,1
257,10,-0.09729778767,-0.1177506596,1
257,18,-0.09870617837,0.0616183579,1
257,26,-0.02660293691,0.1391755939,1
257,34,0.08897586912,0.2137381583,1
257,42,-0.07212787867,-0.02860711515,1
257,50,-0.1274451017,-0.06965535879,1
257,58,-0.1792366505,-0.06010855362,1
257,66,-0.110334985,0.01985528693,1
257,74,0.01181105524,0.01858033985,1
257,82,0.05352067947,0.02238658071,1
257,90,-0.006976630539,0.02305267751,1
257,98,-0.1352514327,-0.002000972629,1
257,106,-0.09252878278,-0.0779107511,1
257,114,0.07006822526,-0.08511989564,1
257,122,0.09703014791,0.001468468457,1
257,130,0.01862230897,-0.01245826669,1
257,138,-0.05735112727,-0.1144132689,1
257,146,-0.1550859213,-0.08841069043,1
257,154,0.01717371494,-0.2245774418,1
257,162,0.03740033135,0.07148008049,1
257,170,-0.02178844437,0.1103086397,1
265,10,0.002857662737,-0.07411585748,1
265,18,0.01702892408,0.1626555622,1
265,26,0.05016832054,0.2119260877,1
265,34,0.07154528797,0.2194399536,1
265,42,0.02846330404,0.03121767193,1
265,50,-0.01716444641,0.005809184164,1
265,58,-0.1080692708,-0.06722509861,1
265,66,-0.1764038652,0.00358235836,1
265,74,-0.09867259115,0.002979088575,1
265,82,0.03019621223,0.0538385585,1
265,90,0.05168990046,0.08373478055,1
265,98,-0.02242724225,0.003157785162,1
265,106,0.03607284278,-0.02748184279,1
265,114,0.07133509219,-0.01776888967,1
265,122,-0.01836217567,0.02213482559,1
265,130,-0.1203953475,0.06288795918,1
265,138,-0.2332324088,-0.02820759267,1
265,146,-0.1853069812,-0.07593378425,1
265,154,-0.1292800605,-0.06746456772,1
265,162,-0.01477443054,-0.01195228286,1
265,170,0.07046934962,0.07117107511,1
273,10,0.04810284078,-0.01760479808,1
273,18,-0.007982417941,0.1440286934,1
273,26,-0.07660134137,0.2398310751,1
273,34,-0.1675999612,0.2899761498,1
273,42,-0.1080812439,0.1356959641,1
273,50,-0.04301542789,0.111834839,1
273,58,-0.004657648504,0.02729532123,1
273,66,-0.0646789968,-0.007950499654,1
273,74,-0.0656992346,0.1217084453,1
273,82,-0.01266051177,0.1426547915,1
273,90,0.008617037907,0.07101331651,1
273,98,0.05545280874,0.03919330239,1
273,106,0.09464643896,0.08201032877,1
273,114,0.02306559496,0.02376723289,1
273,122,-0.07661832124,0.07265938818,1
273,130,-0.1230975017,0.1331184506,1
273,138,-0.1963135749,-0.05725246295,1
273,146,-0.1795627177,-0.07153592259,1
273,154,-0.1199273244,0.027943803,1
273,162,-0.002226332203,-0.01677430794,1
273,170,0.1395432204,-0.06076869369,1
281,10,0.02271388099,-0.1604964286,1
281,18,-0.02199399471,0.1089756116,1
281,26,-0.05774661154,0.2376886606,1
281,34,-0.1097516045,0.3523450494,1
281,42,-0.1861506402,0.2422982007,1
281,50,-0.1967987418,0.1561576277,1
281,58,0.05330588296,0.0609036535,1
281,66,0.1115641743,0.1044012606,1
281,74,0.07628069818,0.1650124788,1
281,82,0.03435114771,0.1121944487,1
281,90,0.06738239527,0.08918718249,1
281,98,-0.155661121,0.1119850278,1
281,106,-0.1425375789,0.09694810212,1
281,114,-0.05227930844,0.1025334224,1
281,122,-0.05043599755,0.1159636304,1
281,130,-0.07195819914,0.1250983328,1
281,138,-0.202218473,-0.01305245236,1
281,146,-0.1519341469,-0.1355961561,1
281,154,-0.05336213112,-0.03964118659,1
281,162,0.01062761247,-0.08155630529,1
281,170,0.1963809878,-0.09178844094,1
289,10,-0.1249350905,-0.1359746903,1
289,18,-0.1056420207,-0.04510354251,1
289,26,-0.09690178931,0.1407069415,1
289,34,-0.05452818424,0.2301646769,1
289,42,-0.04627726227,0.3256768584,1
289,50,-0.09214793146,0.0799588412,1
289,58,0.1160416156,0.07244972885,1
289,66,0.05726283789,0.2745331824,1
289,74,0.00125066191,0.2108089328,1
289,82,-0.007533472031,0.08330447972,1
289,90,-0.02144315839,0.1307096481,1
289,98,-0.1064880788,0.1287267357,1
289,106,-0.1834579706,0.06510806829,1
289,114,-0.1154531911,0.1466031969,1
289,122,-0.02824148536,0.1457508206,1
289,130,-0.03045675159,0.1399608403,1
289,138,-0.1084166542,0.01188350096,1
289,146,-0.01940514147,-0.1868227571,1
289,154,0.01190935075,-0.04654742405,1
289,162,-0.004759021103,-0.06216755882,1
289,170,0.1231442988,-0.01274278015,1
297,10,-0.2764486969,0.04937175661,1
297,18,-0.1940131932,-0.02284546196,1
297,26,-0.1105226353,0.006701216102,1
297,34,-0.07985193282,0.1492443383,1
297,42,-0.01125223935,0.2070015371,1
297,50,-0.005300858989,0.1097005606,1
297,58,0.102864705,0.09263247252,1
297,66,0.08119075,0.02627236396,1
297,74,0.05472223833,-0.05134973302,1
297,82,-0.01789861731,0.04827429354,1
297,90,-0.1148321554,0.09470593929,1
297,98,-0.1918368638,0.1748740524,1
297,106,-0.2238924801,0.05281419307,1
297,114,-0.1238735169,0.1386052519,1
297,122,-0.02997991443,0.1229850948,1
297,130,0.05821417272,0.1184689254,1
297,138,0.03862594068,0.0397827886,1
297,146,-0.02402788773,-0.07582241297,1
297,154,-0.08446864039,-0.0791176036,1
297,162,-0.06825523823,-0.006500682794,1
297,170,0.08432295173,0.09011609107,1
305,10,-0.4138022661,0.1608475149,1
305,18,-0.2617854476,0.1172415614,1
305,26,-0.1077164263,-0.001058623195,1
305,34,0.00527317822,0.09414030612,1
305,42,-0.1172629073,0.1339418739,1
305,50,-0.2327926606,0.1392340362,1
305,58,-0.06269402802,0.09440466762,1
305,66,-0.09579671919,-0.2283934802,1
305,74,-0.03804376721,-0.1202236563,1
305,82,-0.01598639786,-0.006596907973,1
305,90,-0.06827515364,0.005443572998,1
305,98,-0.1956420839,0.1234011278,1
305,106,-0.2890589833,0.01831547171,1
305,114,-0.1771429479,0.052479662,1
305,122,-0.05814860761,0.02009795606,1
305,130,0.03079465032,0.1158122122,1
305,138,-0.001302085817,0.1746609509,1
305,146,-0.0603290312,0.04497314245,1
305,154,-0.1345092952,-0.116245985,1
305,162,-0.1020596623,-0.004227956757,1
305,170,-0.03243431449,0.08991805464,1
313,10,-0.2069611549,0.136616379,1
313,18,-0.1284795403,0.1272233725,1
313,26,-0.07851786166,0.001295380294,1
313,34,-0.1616806984,0.07471995801,1
313,42,-0.1561508179,0.0947792083,1
313,50,-0.2060711831,0.08749993145,1
313,58,-0.1506366432,0.08507010341,1
313,66,-0.02491074055,-0.09971918166,1
313,74,-0.01761992276,-0.06320896745,1
313,82,-0.13927719,-0.06489606947,1
313,90,-0.2373282164,-0.1852136254,1
313,98,-0.2343762219,-0.1724054962,1
313,106,-0.2000864148,-0.02070469223,1
313,114,-0.1417110264,-0.03436672688,1
313,122,-0.002002134919,-0.03269476816,1
313,130,0.02323867008,0.04292207584,1
313,138,-0.0407975167,0.04705634713,1
313,146,0.02155337855,0.01871033013,1
313,154,0.004119381309,0.03185673058,1
313,162,-0.03273193538,0.00956837181,1
313,170,-0.06134686619,0.02063759416,1
321,10,-0.1774254143,0.07277391851,1
321,18,-0.1668524444,0.1110213399,1
321,26,-0.09085063636,-0.05164368451,1
321,34,-0.1401393116,0.03438594937,1
321,42,-0.1677856445,0.02113091201,1
321,50,-0.1810325831,0.1331130266,1
321,58,-0.09620654583,0.06356215477,1
321,66,0.0505630672,-0.07964579761,1
321,74,0.1537244916,-0.03862960637,1
321,82,-0.04750721902,-0.1534628868,1
321,90,-0.2479700744,-0.2294856012,1
321,98,-0.2836405337,-0.1613066643,1
321,106,-0.2352330983,0.002768648323,1
321,114,-0.1968656331,0.002396397293,1
321,122,-0.08353899419,-0.01580139622,1
321,130,-0.02925465256,-0.130517289,1
321,138,0.08759694546,0.01248938404,1
321,146,0.04998900369,-0.01092600077,1
321,154,-0.04622237384,-0.004345038906,1
321,162,-0.09724172205,-0.07984770834,1
321,170,-0.2059586942,-0.003861412406,1
329,10,-0.06843364984,0.07069604099,1
329,18,-0.04696625471,0.07825171202,1
329,26,-0.08167841285,0.01842113584,1
329,34,-0.4526249766,0.07678419352,1
329,42,-0.2909301519,0.07783295959,1
329,50,-0.1190737486,0.1529462039,1
329,58,-0.05623995513,0.09477625787,1
329,66,0.05205677822,0.05027157813,1
329,74,0.08850543201,-0.08257682621,1
329,82,0.07811957598,-0.2403258532,1
329,90,-0.1951946765,-0.08106587827,1
329,98,-0.5179183483,0.06750351936,1
329,106,-0.3649583459,0.03108566999,1
329,114,-0.1877183616,-0.0650215745,1
329,122,-0.09598861635,-0.03207574785,1
329,130,-0.1698538512,-0.05061293393,1
329,138,-0.06096122041,0.05906727538,1
329,146,-0.1050762832,0.00051471591,1
329,154,-0.1568388045,-0.1069972366,1
329,162,-0.1514788121,-0.1172796488,1
329,170,-0.2039348185,-0.09531281888,1
337,10,0.1204244122,0.03769698739,1
337,18,0.07129859924,0.06982759386,1
337,26,-0.08701592684,0.0612693876,1
337,34,-0.2000866532,0.1378508955,1
337,42,-0.1120238304,0.2034701109,1
337,50,-0.08951560408,0.1247154474,1
337,58,-0.09529012442,0.1573594213,1
337,66,0.09823087603,0.07101691514,1
337,74,0.07557781041,-0.1318665594,1
337,82,-0.06569816917,-0.0882376954,1
337,90,-0.1092103869,0.01518210769,1
337,98,-0.1832234114,0.1155688465,1
337,106,-0.2284162939,0.008796628565,1
337,114,-0.1461321115,-0.06261567771,1
337,122,-0.09941145033,-0.03730539978,1
337,130,-0.08131751418,-0.008153662086,1
337,138,-0.1348045468,-0.095777601,1
337,146,-0.1968647242,-0.138402909,1
337,154,-0.1398195624,-0.1176106334,1
337,162,-0.1092583537,-0.06362688541,1
337,170,-0.07736951113,-0.09248458594,1
345,10,-0.1072399914,0.05807074904,1
345,18,-0.23355259,0.04479151964,1
345,26,-0.234762311,0.05334441364,1
345,34,-0.2097172737,0.105137378,1
345,42,-0.2029204816,0.3314769268,1
345,50,-0.03620530665,0.1627017856,1
345,58,0.02813786268,0.1425471604,1
345,66,-0.04816090316,-0.02712188289,1
345,74,-0.1600984782,-0.1291892529,1
345,82,-0.2216774076,0.06054601818,1
345,90,-0.1335379332,0.002026218921,1
345,98,-0.1572983563,0.01676933467,1
345,106,-0.1750502586,-0.09060564637,1
345,114,-0.06000109762,-0.05855838209,1
345,122,-0.05991455168,-0.02160217986,1
345,130,-0.01154434308,0.0009275954217,1
345,138,0.02083352208,-0.1355074048,1
345,146,-0.06052684784,-0.1015172005,1
345,154,-0.07383626699,7.433630526e-05,1
345,162,-0.1367373019,-0.0487395227,1
345,170,-0.09094122052,-0.0212290436,1
353,10,-0.08168045431,0.1007203311,1
353,18,-0.2073841393,0.07800858468,1
353,26,-0.4005331993,0.05991896242,1
353,34,-0.432787925,0.09783840925,1
353,42,-0.1996336579,0.06962712109,1
353,50,0.1020163968,0.2339693606,1
353,58,-0.06643697619,0.07538627088,1
353,66,-0.1431482434,-0.05768626928,1
353,74,-0.2416840345,-0.04377997667,1
353,82,-0.2328740656,0.0662343055,1
353,90,-0.09773007035,0.06628853083,1
353,98,-0.2187070101,-0.02985647321,1
353,106,-0.1805126965,-0.1106510162,1
353,114,-0.05158500373,-0.08560442924,1
353,122,0.07492459565,-0.02875806391,1
353,130,0.07302546501,0.05001351237,1
353,138,0.03078524396,0.07379965484,1
353,146,-0.03484010696,0.154355675,1
353,154,-0.1622459292,0.1102594137,1
353,162,-0.1306913644,0.03506259993,1
353,170,0.0008203014731,0.0809135586,1
361,10,0.0595151484,0.08314853907,1
361,18,-0.02079597116,0.03535971791,1
361,26,-0.1414308548,0.04537214339,1
361,34,-0.1799061,0.0637261793,1
361,42,0.07174430788,0.01714607328,1
361,50,0.1478880644,0.1662069261,1
361,58,-0.1368849576,0.09240859002,1
361,66,-0.2200877368,-0.03317050263,1
361,74,-0.1527426094,0.07643432915,1
361,82,-0.1196036637,0.08221229911,1
361,90,-0.1446034461,0.188241899,1
361,98,-0.272682488,-0.00888376683,1
361,106,-0.2100100517,-0.01370082889,1
361,114,-0.07192838192,0.0504055284,1
361,122,0.03809387237,-0.0760974884,1
361,130,0.0583390668,0.07327887416,1
361,138,0.008156262338,0.02747296542,1
361,146,-0.07105736434,5.62351197e-05,1
361,154,-0.1158799604,0.1158557162,1
361,162,-0.1127163172,0.0809314698,1
361,170,-0.08984037489,0.1109604016,1
369,10,-0.1840121746,-0.07547799498,1
369,18,0.01998023689,-0.08783893287,1
369,26,0.1245809197,-0.03900566697,1
369,34,0.177390486,0.1501650214,1
369,42,0.199533686,0.09928364307,1
369,50,0.108285822,0.08799675107,1
369,58,0.02618513256,-0.001595124602,1
369,66,-0.02520525455,-0.09801284224,1
369,74,-0.09790021926,0.1941515654,1
369,82,-0.0103353858,0.1098654941,1
369,90,-0.1058248878,0.1781493723,1
369,98,-0.2108300477,0.06568930298,1
369,106,-0.3124032319,-0.02424122207,1
369,114,-0.2822788954,-0.01851792634,1
369,122,-0.1224940643,-0.1276580393,1
369,130,-0.08704133332,-0.01684342697,1
369,138,-0.06726317853,-0.1360003054,1
369,146,-0.08607003093,-0.1693469286,1
369,154,-0.02618552744,0.02029386908,1
369,162,0.004379242659,-0.03450547159,1
369,170,-0.08661589026,0.03837940842,1
377,10,-0.1355992556,-0.1261856705,1
377,18,0.0953553617,0.01077849977,1
377,26,0.3150115311,0.01436985284,1
377,34,0.2059079707,0.02158936858,1
377,42,0.1396951079,0.1068665087,1
377,50,0.09772831947,0.07771826535,1
377,58,0.05286628753,0.003909420222,1
377,66,0.04785090685,-0.02416539937,1
377,74,-0.05088231713,0.08796070516,1
377,82,-0.07121262699,-0.01237230748,1
377,90,-0.08414444327,0.01981724799,1
377,98,-0.06282016635,0.2193180174,1
377,106,-0.1681493968,0.07956507057,1
377,114,-0.2627493441,-0.09106652439,1
377,122,-0.1504790783,-0.147858575,1
377,130,-0.112632893,-0.08133066446,1
377,138,-0.1052574143,-0.08736557513,1
377,146,-0.01860943437,0.04090338945,1
377,154,-0.07107229531,-0.01773576997,1
377,162,-0.02365952358,0.07643941045,1
377,170,0.01003623009,0.2430912256,1
385,10,0.03982952237,-0.09926985949,1
385,18,0.05774901807,0.05864197388,1
385,26,0.1519638002,0.1098139584,1
385,34,0.1228965074,-0.004628233612,1
385,42,0.1242774725,0.116595611,1
385,50,0.1571461856,0.09448176622,1
385,58,-0.09804426134,0.2313020229,1
385,66,-0.127737686,0.1371500343,1
385,74,-0.04173900932,-0.04500205815,1
385,82,-0.08767855167,-0.06718933582,1
385,90,-0.03725526482,0.119753249,1
385,98,-0.16003941,0.2174524814,1
385,106,-0.2548626065,0.08657776564,1
385,114,-0.1877543479,-0.06586618721,1
385,122,-0.05796927214,-0.2864973843,1
385,130,-0.01701704413,-0.1626262367,1
385,138,-0.02268961444,-0.001977816224,1
385,146,0.06170964986,0.09278452396,1
385,154,-0.008251294494,-0.009677013382,1
385,162,-0.07871385664,0.02725825831,1
385,170,-0.06881462038,0.1727793813,1
393,10,-0.06169413775,-0.1497564614,1
393,18,0.01295147836,0.02524415962,1
393,26,0.1045454144,0.1189839467,1
393,34,0.1540418267,0.266325891,1
393,42,0.04633981735,0.177642107,1
393,50,-0.0240072906,0.1185071468,1
393,58,-0.1452741027,0.1258397698,1
393,66,-0.1536907554,0.1350076795,1
393,74,-0.106249027,-0.04933191091,1
393,82,-0.04786155373,-0.1403038055,1
393,90,-0.09548726678,0.201854527,1
393,98,-0.2003482431,0.138744235,1
393,106,-0.2851946056,0.05446324125,1
393,114,-0.2507786751,-0.01279430464,1
393,122,-0.05516820401,-0.2479825318,1
393,130,0.003670457751,-0.1444153786,1
393,138,-0.03376012668,-0.02366911992,1
393,146,0.03131955862,0.02672638372,1
393,154,-0.06395576149,-0.08630301803,1
393,162,-0.1673655808,-0.1150950789,1
393,170,-0.2088370174,0.03472264111,1
401,10,-0.2512333989,-0.1233153567,1
401,18,0.0414045155,0.02960822545,1
401,26,0.04837238044,0.06489420682,1
401,34,-0.06017846987,0.08806449175,1
401,42,-0.152239874,-0.00148332119,1
401,50,-0.2800430357,-0.08524874598,1
401,58,-0.417645216,-0.005720861256,1
401,66,-0.256660223,-0.02281128615,1
401,74,-0.1513884813,-0.04135827348,1
401,82,-0.1305222511,-0.1070969999,1
401,90,-0.08945253491,0.1683143228,1
401,98,-0.1156414747,0.160861671,1
401,106,-0.3070986271,0.1044497639,1
401,114,-0.2408427447,-0.03380843997,1
401,122,-0.021433644,-0.06506022811,1
401,130,0.07314095646,0.06689065695,1
401,138,-0.1721305251,0.04235350341,1
401,146,-0.0424686484,0.0202302672,1
401,154,0.02587680705,-0.03969165683,1
401,162,-0.0832317248,-0.09162636101,1
401,170,-0.119125776,0.067505382,1
409,10,-0.3346662521,-0.006038293242,1
409,18,0.04180534557,0.04143101722,1
409,26,0.08707848191,0.01549053937,1
409,34,0.07761660218,0.06644748151,1
409,42,-0.001132655889,0.03637479991,1
409,50,-0.06613101065,-0.2285508215,1
409,58,-0.2229529619,-0.008436843753,1
409,66,-0.2608446479,0.02820191532,1
409,74,-0.1942390203,-0.04817716405,1
409,82,-0.2071683705,-0.01524195075,1
409,90,-0.1718218327,0.08849921077,1
409,98,-0.1667056978,0.07918044925,1
409,106,-0.1994736791,-0.06876049936,1
409,114,-0.106319204,-0.002406783402,1
409,122,-0.07276144624,0.0745960176,1
409,130,0.0337690115,0.1050855666,1
409,138,-0.03858007491,0.1063438058,1
409,146,-0.1336074919,0.1223814115,1
409,154,0.05194311589,0.07275554538,1
409,162,0.03169349581,-0.04545811936,1
409,170,-0.004013061523,0.05170508847,1
417,10,-0.07056482136,0.05829522014,2
417,18,0.1935366094,0.1226287335,1
417,26,0.3833585382,0.01123671979,1
417,34,0.3691518903,0.07742778957,1
417,42,0.3340747356,-0.07743564248,1
417,50,0.05804943666,-0.2069684565,1
417,58,-0.2338560522,-0.1651188284,1
417,66,-0.3246338069,-0.04052961618,1
417,74,-0.1265179217,-0.05072581768,1
417,82,-0.2216304541,-0.08374882489,1
417,90,-0.4033183753,0.01158365607,1
417,98,-0.4042407274,0.03264886141,1
417,106,-0.3537101746,0.06196931005,1
417,114,-0.241846025,0.2029591203,1
417,122,-0.2102411389,0.2948723733,1
417,130,-0.1122397482,0.2112781256,1
417,138,-0.007682234049,0.1834006011,1
417,146,0.02288977802,0.1377448738,1
417,154,0.1339193881,0.03853338957,1
417,162,0.2453767955,0.03962509334,1
417,170,0.4212293029,0.1633364558,1
