PIVlab, ASCII chart output - 02-Aug-2025
FRAME: 139, filenames: A:[139]FullStack_Pos0035_TgUtrmcherry_K4K8MO-1.avi & B:[140]FullStack_Pos0035_TgUtrmcherry_K4K8MO-1.avi, conversion factor xy (px -> m): 1, conversion factor uv (px/frame -> m/s): 1
x [px],y [px],u [px/frame],v [px/frame],Vector type [-]
9,10,0.08869599551,0.0292577818,2
9,18,0.1258619428,-0.01472817361,1
9,26,0.1569478065,-0.1728904247,1
9,34,0.1789910793,-0.08750718832,1
9,42,0.1393496543,0.04706577212,1
9,50,0.1558946371,0.1190914735,1
9,58,0.113010779,0.3062759042,1
9,66,0.04826077446,0.03735589981,1
9,74,-0.008316755295,0.03457129002,1
9,82,-0.005587399006,-0.02354777977,1
9,90,0.04562268406,0.01408340782,1
9,98,0.1221575662,0.1991711706,1
9,106,0.1035668254,0.1269553453,1
9,114,-0.06336146593,0.05909573287,1
9,122,-0.3685002923,-0.08946487308,1
9,130,-0.1837454438,-0.08316619694,1
9,138,-0.08578276634,0.00159652438,1
9,146,-0.07094845176,0.176733315,1
9,154,-0.0543037951,0.2121237069,1
9,162,-0.07024715096,0.181447044,1
9,170,0.02115187049,-0.002468019724,1
17,10,0.0515300557,0.07324373722,1
17,18,0.1169982478,-0.007850702852,1
17,26,0.0782674253,-0.009014211595,1
17,34,0.04248151183,0.0421076566,1
17,42,0.1068242267,0.04056166857,1
17,50,0.134911105,0.1254913509,1
17,58,0.101587303,0.2244095355,1
17,66,0.08498363197,-0.03815469891,1
17,74,0.07174956053,-0.04600077122,1
17,82,0.06912594289,-0.00681758672,1
17,90,0.0413820371,0.09018588811,1
17,98,-0.02361659333,0.1921487898,1
17,106,-0.05194223672,0.1461924464,1
17,114,-0.04846474528,0.09900051355,1
17,122,-0.1991286427,0.1652388275,1
17,130,-0.1857320517,-0.03488288447,1
17,138,-0.09766310453,0.02012312785,1
17,146,-0.03785166144,0.1568172425,1
17,154,-0.1000140309,0.1258094013,1
17,162,-0.2691705227,0.06335641444,1
17,170,-0.1404469907,0.01013017073,1
25,10,-0.07073873281,-0.2742637992,1
25,18,-0.004971452057,-0.01108149346,1
25,26,0.01311521046,0.1335010231,1
25,34,-0.07899491489,0.1092983484,1
25,42,-0.03010012396,0.08941552043,1
25,50,0.02382951975,0.09043389559,1
25,58,-0.07694568485,0.07376540452,1
25,66,-0.04660518467,-0.03266170248,1
25,74,0.01626827195,-0.022774674,1
25,82,0.05006485432,0.02948031016,1
25,90,0.08394487947,0.07702554762,1
25,98,0.02212558128,0.09460884333,1
25,106,-0.01778860018,0.1508356482,1
25,114,0.03319450468,0.1038208976,1
25,122,-0.1021218002,0.1456317604,1
25,130,-0.1035139263,-0.0380422473,1
25,138,-0.06619038433,0.008952559903,1
25,146,-0.1233709231,0.1667577773,1
25,154,-0.1639603376,0.1492114961,1
25,162,-0.2107716501,-0.07512176037,1
25,170,-0.1647936851,-0.04159900919,1
33,10,-0.2298849374,-0.2502025962,1
33,18,-0.1253780723,0.01773111522,1
33,26,0.01207531616,0.1567115188,1
33,34,-0.0225177072,0.2604542971,1
33,42,-0.0409119688,0.229557991,1
33,50,-0.018671114,0.112061061,1
33,58,-0.07578064501,0.04517741501,1
33,66,-0.03605786711,0.01583995298,1
33,74,0.02090111375,0.01303279772,1
33,82,-0.02509561554,0.05938545987,1
33,90,-0.09802979231,0.06573542953,1
33,98,-0.006032744423,0.08770940453,1
33,106,0.2047751695,0.1611232758,1
33,114,0.04686640203,0.2492600679,1
33,122,0.01498882473,0.04032440111,1
33,130,0.0498148948,-0.07955884933,1
33,138,0.02425501496,-0.0112420423,1
33,146,-0.09311255068,0.1047606617,1
33,154,-0.1719673723,0.06298810244,1
33,162,-0.1373021007,0.03412927687,1
33,170,-0.1436511874,0.02056490257,1
41,10,-0.2870362401,-0.1266544908,1
41,18,-0.06946057081,0.138300702,1
41,26,0.02056262083,0.1169694811,1
41,34,0.07912687957,0.2742034197,1
41,42,0.2222404033,0.2982550859,1
41,50,0.1660166681,0.1518913805,1
41,58,0.006923656911,0.0204251036,1
41,66,-0.1372137666,0.03466923907,1
41,74,-0.03658893704,0.004722140264,1
41,82,0.06855352968,0.04702493176,1
41,90,-0.1246330664,0.0592642054,1
41,98,-0.1394023299,0.06014047563,1
41,106,0.003096848726,0.04672274739,1
41,114,0.03537901491,0.1337783635,1
41,122,0.04296585172,-0.01934286766,1
41,130,0.0544628799,-0.08495921642,1
41,138,0.0278375335,-0.1122062057,1
41,146,-0.06216352433,-0.1457588971,1
41,154,-0.2433317602,-0.01347473636,1
41,162,-0.1091563106,0.09309469163,1
41,170,-0.117580615,0.1345994323,1
49,10,-0.1027937979,-0.1120092571,1
49,18,-0.06676715612,0.05998187512,1
49,26,-0.04447326064,-0.04039779305,1
49,34,-0.03960172087,0.008253104985,1
49,42,-0.009430631995,0.1318601966,1
49,50,-0.0353092216,0.03540176526,1
49,58,-0.09914790094,-0.06441456079,1
49,66,-0.138023302,0.1292123497,1
49,74,-0.1265366971,0.02347776666,1
49,82,-0.09422805905,-0.03178121522,1
49,90,-0.1514356136,0.009329179302,1
49,98,-0.1975487173,0.03707431257,1
49,106,-0.03335211426,0.01308929175,1
49,114,0.07772279531,-0.030465886,1
49,122,0.09920304269,-0.06375943124,1
49,130,0.08022020012,0.0007455609739,1
49,138,0.04523213208,-0.05612754822,1
49,146,-0.01486966759,-0.1548368633,1
49,154,-0.1122449487,6.356090307e-05,1
49,162,-0.09627274424,0.08348567784,1
49,170,-0.01751536131,0.1159349382,1
57,10,0.01426334679,-0.0244903937,1
57,18,-0.0470280163,0.01944228448,1
57,26,-0.02953314409,-0.05267096311,1
57,34,-0.03484919667,-0.1315312535,1
57,42,-0.09650480747,-0.07093915343,1
57,50,-0.1009882838,-0.01096922159,1
57,58,-0.09309406579,0.005411531776,1
57,66,-0.1398174018,0.05965856463,1
57,74,-0.2125022411,-0.007220576517,1
57,82,-0.1228314191,0.01042456552,1
57,90,-0.1313737184,-0.004736524075,1
57,98,-0.1798664331,0.05058746785,1
57,106,-0.1187261716,0.06167647988,1
57,114,-0.01189843006,-0.04374594241,1
57,122,0.1072496474,-0.01020011399,1
57,130,-0.05462419614,0.04072281346,1
57,138,-0.06295101345,0.1327359974,1
57,146,0.03957251832,0.02825241163,1
57,154,0.01871845499,0.006078153849,1
57,162,-0.04074854031,0.07878494263,1
57,170,-0.09809017181,0.08237268031,1
65,10,0.1679970026,0.09072932601,1
65,18,0.0008410438895,0.02320531942,1
65,26,-0.1554786861,-0.05848200619,1
65,34,-0.01260766387,-0.1483092308,1
65,42,-0.04817871749,-0.05450488627,1
65,50,-0.2078203559,-0.1216915622,1
65,58,-0.1733467728,-0.08124942333,1
65,66,-0.1782678068,-0.08656974882,1
65,74,-0.2077899426,-0.0761025697,1
65,82,-0.1398245245,0.0356705226,1
65,90,-0.1009709686,0.04704451934,1
65,98,-0.09028191119,0.07556636631,1
65,106,-0.02734477818,0.01425543241,1
65,114,0.0272924602,-0.07161398977,1
65,122,-0.122341767,-0.09030674398,1
65,130,-0.2927964032,-0.0119443126,1
65,138,-0.1462884247,-0.02912467718,1
65,146,0.06992390007,0.08577552438,1
65,154,0.08234095573,-0.03074914962,1
65,162,-0.05545326322,0.05905489251,1
65,170,-0.1231000498,0.03986471146,1
73,10,0.03424315527,-0.1430574358,1
73,18,-0.2246994227,-0.02203517593,1
73,26,-0.2424427122,-0.04056445137,1
73,34,-0.1740157008,0.0257983543,1
73,42,-0.1616557091,0.005240414292,1
73,50,-0.1680794954,-0.1469472945,1
73,58,-0.1193442121,-0.1471326351,1
73,66,0.04220538586,-0.1462198198,1
73,74,-0.02323717624,-0.1397935748,1
73,82,-0.1340756416,-0.01300260797,1
73,90,-0.04148517549,0.1146451384,1
73,98,-0.03367133439,-0.0008591674268,1
73,106,-0.05234970152,-0.07572589815,1
73,114,-0.05244952813,-0.0001596920192,1
73,122,-0.1114363596,0.04096562788,1
73,130,-0.1295620501,0.04515592754,1
73,138,-0.09555514157,-0.03841255978,1
73,146,-0.07103842497,-0.045882985,1
73,154,-0.0447008349,0.02869183943,1
73,162,-0.01672688499,0.06486387551,1
73,170,-0.02949927002,-0.04008419812,1
81,10,0.05296150595,-0.1253654063,1
81,18,-0.06979198009,-0.05455201864,1
81,26,-0.1406525075,0.04997918755,1
81,34,-0.09691622108,0.07194685191,1
81,42,-0.09011927247,0.05018950254,1
81,50,-0.03742285818,-0.09405573457,1
81,58,0.07620254904,-0.07565394044,1
81,66,0.0671602115,-0.1312198937,1
81,74,-0.1088436842,-0.1065551713,1
81,82,-0.2680408061,0.04233641177,1
81,90,-0.05789296329,0.06665591896,1
81,98,0.05998864025,0.009618386626,1
81,106,-0.005002360791,0.0122731477,1
81,114,-0.09895654768,0.09697037935,1
81,122,-0.1629322022,0.0948625952,1
81,130,-0.123939909,0.04673529416,1
81,138,-0.07693905383,0.0329445675,1
81,146,-0.06817114353,0.00484408997,1
81,154,-0.01839097962,0.1299841255,1
81,162,-0.04858202487,0.007638540119,1
81,170,-0.1490715146,-0.1139549166,1
89,10,0.03891861439,0.01795374975,1
89,18,0.141877681,0.08694449067,1
89,26,0.2209958434,0.04023850709,1
89,34,0.219440341,0.02770931832,1
89,42,0.1132659093,0.03054738231,1
89,50,0.006438840181,-0.06497795135,1
89,58,-0.002232208848,-0.04218971357,1
89,66,-0.108309865,-0.07481756806,1
89,74,-0.152664572,0.003814246505,1
89,82,-0.1608797312,0.0318194516,1
89,90,-0.0787705332,0.08096304536,1
89,98,0.07828544825,0.1389386356,1
89,106,0.101301223,0.1394207478,1
89,114,-0.04916725308,0.1292630732,1
89,122,-0.1013188064,0.0890295729,1
89,130,-0.08512600511,0.04345463961,1
89,138,-0.08086264133,0.07501961291,1
89,146,-0.002281349152,0.05516103283,1
89,154,-0.03215600178,0.1207364947,1
89,162,-0.07950827479,-0.0338393189,1
89,170,-0.1842153966,-0.1249946132,1
97,10,-0.07544364035,0.100037232,1
97,18,0.08719507605,0.006982860155,1
97,26,0.1852949262,-0.04504195601,1
97,34,0.1107828617,0.07474477589,1
97,42,0.1661312282,0.01936186291,1
97,50,0.04330912977,0.001562461257,1
97,58,-0.2468586713,-0.05936811864,1
97,66,-0.1972339749,-0.09167332202,1
97,74,-0.01496046782,-0.04584549367,1
97,82,-0.05077818036,-0.002660945058,1
97,90,-0.0749912709,0.1073924303,1
97,98,-0.0777541399,0.1422710121,1
97,106,-0.1333470345,0.1421197057,1
97,114,-0.2225191593,0.1285699308,1
97,122,-0.1754874885,0.1370530725,1
97,130,0.007399812341,0.1304781139,1
97,138,-0.0435128659,0.1243365556,1
97,146,0.01616336778,0.09027461708,1
97,154,-0.05990279466,0.02197004482,1
97,162,-0.07198630273,0.005543084815,1
97,170,-0.09716415405,-0.08692865074,1
105,10,-0.1849211603,0.01608073711,1
105,18,-0.03291512653,-0.1035245955,1
105,26,0.06117778271,0.03052906506,1
105,34,-0.0613315925,0.1145708263,1
105,42,0.1195070073,0.05304535478,1
105,50,0.1288852394,0.102509141,1
105,58,-0.1043500677,0.04191684723,1
105,66,-0.02558382973,-0.09640302509,1
105,74,-0.01901758462,-0.1600790918,1
105,82,-0.1005255803,-0.0375290513,1
105,90,-0.1011678576,0.08434523642,1
105,98,-0.1315085441,0.1082681119,1
105,106,-0.2439309359,0.01482353359,1
105,114,-0.2714899182,0.04696377367,1
105,122,-0.1329591572,0.06463118643,1
105,130,-0.09342751652,0.1633779556,1
105,138,0.01437120885,0.172279641,1
105,146,0.123045668,0.07056511939,1
105,154,-0.02647883631,0.08365243673,1
105,162,-0.07557357848,0.03089174628,1
105,170,-0.01514671743,-0.07761757076,1
113,10,-0.074527964,-0.07101322711,1
113,18,-0.02135834843,-0.02024214715,1
113,26,-0.004181362689,0.0525451526,1
113,34,-0.06977596134,0.08704540133,1
113,42,-0.009704470634,0.1253389716,1
113,50,0.150097698,0.1544686705,1
113,58,0.1467035264,0.02968437783,1
113,66,0.03579455242,-0.04678010568,1
113,74,-0.1670046449,-0.06140652299,1
113,82,-0.1988868862,-0.01268667728,1
113,90,-0.1505245566,0.2503290772,1
113,98,-0.1318522692,0.07553499937,1
113,106,-0.253605783,0.004318863153,1
113,114,-0.1160377711,-0.0332121402,1
113,122,-0.124714762,-0.02180763707,1
113,130,-0.0893285051,0.1479140222,1
113,138,0.1829612106,0.2665259838,1
113,146,0.2876034975,0.187535584,1
113,154,0.1283062249,0.2083001435,1
113,162,-0.04453063756,0.01785852015,1
113,170,-0.1826240718,-0.0539460443,1
121,10,0.02522853948,-0.1869064718,1
121,18,0.04023451731,0.0007965257391,1
121,26,0.07898894697,0.1125220805,1
121,34,-0.006254403386,0.03541751206,1
121,42,-0.01007711142,0.1120258272,1
121,50,-0.02555125579,0.3237698376,1
121,58,0.09769809246,0.06096531451,1
121,66,0.02864994295,0.01667649299,1
121,74,-0.1745225191,0.06541013718,1
121,82,-0.08707455546,0.1912402809,1
121,90,-0.06189355999,0.1320451796,1
121,98,0.02833627164,0.04904625937,1
121,106,0.02711953968,0.01697517745,1
121,114,-0.103997156,-0.1076826751,1
121,122,-0.2515788674,-0.007381692529,1
121,130,-0.2144128382,0.1537196636,1
121,138,-0.06075282395,0.4133275747,1
121,146,0.06499539316,0.2485583872,1
121,154,0.2488863915,0.1957036108,1
121,162,0.08748614043,0.03888791427,1
121,170,-0.2303332686,0.01030650735,1
129,10,-0.07398487628,-0.2098779976,1
129,18,0.006103642285,0.06727138162,1
129,26,0.07114030421,0.1551201642,1
129,34,-0.02293294296,-0.02826242149,1
129,42,-0.03404670209,0.07891822606,1
129,50,-0.01818624139,0.2871110737,1
129,58,0.05955757201,0.1809735596,1
129,66,-0.01739601418,0.07325202227,1
129,74,-0.05914074183,0.02552535385,1
129,82,0.01522123069,0.0945404619,1
129,90,0.1725678444,0.02808548138,1
129,98,0.1725842208,0.06144139916,1
129,106,-0.06029768288,0.001772442833,1
129,114,-0.2051434368,-0.1035783216,1
129,122,-0.2600486279,0.0392608121,1
129,130,-0.2053625584,0.1533686817,1
129,138,-0.3755757511,0.2274954021,1
129,146,-0.1078857258,0.1206797361,1
129,154,0.04549018294,0.05133904517,1
129,162,-0.03091599047,0.07195226103,1
129,170,-0.1962293535,0.01727830246,1
137,10,0.04850484431,0.007656719536,1
137,18,0.06112814695,0.09286810458,1
137,26,0.06260870397,0.02965883911,1
137,34,0.06639631838,-0.03443695605,1
137,42,0.06313654035,0.03549394011,1
137,50,0.02548289299,0.1558340788,1
137,58,-0.0001413524151,0.1097570211,1
137,66,-0.1524384618,0.009883306921,1
137,74,-0.1370520443,0.04344069213,1
137,82,-0.08173148334,0.055686865,1
137,90,0.06289458275,0.04863173515,1
137,98,0.2274652719,0.05110839754,1
137,106,-0.01841898263,-0.05146351457,1
137,114,-0.3121072352,-0.1094134599,1
137,122,-0.3480648994,0.02212893963,1
137,130,-0.2763609588,0.05409935862,1
137,138,-0.14225474,0.091399014,1
137,146,-0.07277805358,0.06301230192,1
137,154,0.02442570031,0.06614479423,1
137,162,0.1034704,0.09354230762,1
137,170,-0.1195891649,-0.09328481555,1
145,10,-0.09760712087,0.1794772148,1
145,18,-0.00367635116,-0.07352613658,1
145,26,0.01128897443,0.05591567233,1
145,34,0.1059033424,0.0980874449,1
145,42,0.02439447865,0.08630862832,1
145,50,-0.1389608681,0.1491506994,1
145,58,-0.02064943314,0.05052299798,1
145,66,-0.2089584768,0.1490454674,1
145,74,-0.1190296486,0.09348866343,1
145,82,-0.01909823343,0.02832075581,1
145,90,-0.1469804198,0.01934539527,1
145,98,-0.04109665006,0.01116606593,1
145,106,0.00201497972,-0.1808804572,1
145,114,-0.14130494,-0.1827303022,1
145,122,-0.3777580261,0.02504274063,1
145,130,-0.218907088,0.07728078961,1
145,138,-0.01610443741,0.182775557,1
145,146,-0.1383509338,0.1130169779,1
145,154,-0.03964570165,0.07356643677,1
145,162,0.1166214123,0.03612056375,1
145,170,-0.1630280316,-0.05110539123,1
153,10,-0.1821287125,0.1795226038,1
153,18,-0.03616417944,-0.0294014588,1
153,26,0.02654282749,0.02709138952,1
153,34,-0.003449700773,0.1689773202,1
153,42,-0.1523493975,0.2377616763,1
153,50,-0.1401008964,0.1771751642,1
153,58,-0.03908717632,-0.08127748966,1
153,66,-0.09847130626,0.05470137671,1
153,74,-0.02283691242,0.1912705004,1
153,82,0.03926094621,0.1051834673,1
153,90,-0.05429118127,-0.005127940327,1
153,98,-0.160418123,-0.0646995008,1
153,106,-0.2205316573,-0.1179028898,1
153,114,-0.144703716,-0.0914709866,1
153,122,-0.08768510818,-0.03684163839,1
153,130,-0.05699455738,0.1300419718,1
153,138,-0.06334806234,0.1467940211,1
153,146,0.03128702193,0.1022449359,1
153,154,0.1204294413,0.05603218079,1
153,162,0.04925906658,0.007439956069,1
153,170,-0.07096914947,0.02462774143,1
161,10,-0.08929163963,0.07886077464,1
161,18,-0.03435676172,0.0014885813,1
161,26,-0.04540519416,-0.01477403939,1
161,34,-0.02923571691,0.1115151197,1
161,42,-0.02373629808,0.1334977746,1
161,50,-0.06088597327,0.1569042802,1
161,58,-0.07900711149,0.02327683568,1
161,66,-0.09151884168,0.01738363504,1
161,74,-0.03814956173,0.08396850526,1
161,82,-0.005390606821,0.1905280799,1
161,90,-0.04370778054,0.06186348945,1
161,98,-0.1059067473,-0.08140769601,1
161,106,-0.01203364506,-0.01543746889,1
161,114,-0.02112834901,0.01640401036,1
161,122,-0.1115679368,-0.08034961671,1
161,130,-0.01799853891,-0.0416293554,1
161,138,0.007636398077,0.03176000714,1
161,146,0.0394122079,0.1247603893,1
161,154,0.02327748761,0.05439098179,1
161,162,0.00487793982,0.06127686799,1
161,170,-0.03126075119,0.182488054,1
169,10,-0.03468882665,-0.1481744051,1
169,18,-0.03177578002,-0.04970496148,1
169,26,-0.1136312783,-0.05566053465,1
169,34,-0.1573840678,-0.03707701713,1
169,42,-0.01397495717,0.06214609742,1
169,50,-0.04397501051,0.1527760327,1
169,58,0.001784838736,0.09709528089,1
169,66,0.01381134428,0.06714179367,1
169,74,-0.02790569887,-0.0007961802185,1
169,82,-0.2113870382,-0.0004915632308,1
169,90,-0.1275871098,0.1331826746,1
169,98,0.002012519166,0.1121546179,1
169,106,-0.0269837454,0.027930893,1
169,114,-0.08538456261,0.006951645948,1
169,122,-0.02795637585,-0.02038428187,1
169,130,0.01288035139,-0.1015913337,1
169,138,0.003053026274,-0.04671617597,1
169,146,-0.1629524082,0.09117787331,1
169,154,-0.09752526134,0.1486264467,1
169,162,-0.02477870509,0.1432737112,1
169,170,-0.1302679181,0.1749332994,1
177,10,0.1481948644,-0.05025565252,1
177,18,0.2081508189,-0.04293482006,1
177,26,-0.007943700999,-0.08046109974,1
177,34,-0.08302860707,0.01736464351,1
177,42,-0.1116433144,0.1171409935,1
177,50,-0.1239494756,0.1323253363,1
177,58,-0.08186103404,0.06586681306,1
177,66,0.01960270852,0.005119159818,1
177,74,0.1088005453,0.01971476525,1
177,82,0.05973442644,-0.04310078174,1
177,90,-0.004951730371,0.08417857438,1
177,98,0.07260346413,0.02520919591,1
177,106,0.05608343333,0.03610365465,1
177,114,-0.0005587209016,0.1226455122,1
177,122,0.03088221885,0.09572709352,1
177,130,0.01220202819,-0.1469976902,1
177,138,0.06166934595,-0.1994901299,1
177,146,-0.04253913462,4.108250141e-05,1
177,154,-0.0442318432,0.1238986924,1
177,162,-0.1129440963,0.1695960015,1
177,170,-0.3121244907,0.1464747638,1
185,10,0.1630597711,0.1741499752,1
185,18,0.07413063943,0.09250281751,1
185,26,-0.005829131231,0.08348533511,1
185,34,-0.02519774809,0.09274490178,1
185,42,-0.1219276339,0.1489576995,1
185,50,0.006937213242,0.01016140357,1
185,58,-0.04973043501,0.08061423153,1
185,66,-0.04596395046,0.1454578042,1
185,74,-0.03382361308,-0.0006327964365,1
185,82,0.006869994104,0.05611719564,1
185,90,0.1224075407,0.0171411112,1
185,98,0.2047768831,-0.1364774704,1
185,106,0.2690659463,0.05043176934,1
185,114,0.1624670029,0.1402924955,1
185,122,0.02708431706,0.08655960858,1
185,130,-0.05240975693,-0.1750097424,1
185,138,-0.02576523088,-0.2961610258,1
185,146,0.04441481829,-0.02481107228,1
185,154,0.06693875045,0.1065223068,1
185,162,-0.1021423414,0.07258735597,1
185,170,-0.2437517047,0.1182863116,1
193,10,-0.05566867441,0.040721789,1
193,18,0.01027358137,0.1458810568,1
193,26,0.03635638952,0.2333824188,1
193,34,-0.08273132145,0.01738923043,1
193,42,-0.1578698754,0.01556023955,1
193,50,-0.08458869159,-0.03204134107,1
193,58,-0.06455272436,0.05568195134,1
193,66,0.03145651519,0.01794035546,1
193,74,0.07315500826,-0.01791723631,1
193,82,0.03886324912,0.07875276357,1
193,90,0.09663929045,0.04770161957,1
193,98,0.04082636535,-0.08874186873,1
193,106,0.06043798476,0.02330537513,1
193,114,0.07667052001,0.07762409747,1
193,122,-0.08192699403,0.02703112736,1
193,130,-0.17628178,0.03795933351,1
193,138,-0.06673725694,-0.163493976,1
193,146,0.0403535217,0.01061457768,1
193,154,0.08081334829,0.0952039212,1
193,162,0.04099258035,0.06219230592,1
193,170,-0.06025726348,0.07309314609,1
201,10,-0.1472210884,-0.3392278552,1
201,18,0.02774745412,0.05817651749,1
201,26,0.1068732589,0.2970814109,1
201,34,-0.09041139483,-0.01892615855,1
201,42,-0.1291079968,-0.02577439696,1
201,50,-0.1302530169,0.05494080484,1
201,58,-0.1123601943,0.07188660651,1
201,66,0.01851300895,-0.11895179,1
201,74,0.1694827527,-0.006118290126,1
201,82,0.2607179582,-0.07786336541,1
201,90,0.138708353,0.002140110359,1
201,98,0.08002254367,-0.05250103399,1
201,106,-0.009386517107,0.03087678924,1
201,114,-0.03605425358,-0.08747951686,1
201,122,-0.05017144606,-0.1357877851,1
201,130,-0.04357961565,0.03813218325,1
201,138,-0.08056311309,0.03797994554,1
201,146,-0.0966104418,0.05295212939,1
201,154,-0.05413351208,0.08022806793,1
201,162,-0.03709575534,0.1029585749,1
201,170,0.09566089511,-0.04262006283,1
209,10,-0.160680443,-0.07109567523,1
209,18,-0.1582483649,0.06269106269,1
209,26,-0.08187747002,0.114806354,1
209,34,-0.01436876506,0.01339820772,1
209,42,-0.02420953661,-0.005323760211,1
209,50,-0.176660791,0.02462834865,1
209,58,-0.4747895002,-0.0725287199,1
209,66,-0.3653770089,-0.2240509689,1
209,74,0.1076644212,0.03192731366,1
209,82,0.08228331804,0.08473145217,1
209,90,0.1421639174,-0.0344902426,1
209,98,0.1504251659,-0.02494028956,1
209,106,0.03196328133,0.06968310475,1
209,114,-0.02425761707,-0.05308470875,1
209,122,-0.007858032361,-0.2325862348,1
209,130,-0.0322675854,-0.02531822398,1
209,138,-0.1550569683,0.1135509759,1
209,146,-0.05928745121,0.212747246,1
209,154,0.04190835357,0.05319482088,1
209,162,0.04841393232,-0.00329512544,1
209,170,0.0937820822,-0.1348885596,1
217,10,-0.06675990671,0.1395805031,1
217,18,-0.02882643417,0.09910164773,1
217,26,-0.01393085718,0.06820733845,1
217,34,0.06000170112,0.1689617634,1
217,42,-0.008836045861,0.08696004003,1
217,50,-0.05061784014,0.05203539133,1
217,58,-0.06998598576,0.0351572521,1
217,66,-0.0917731896,-0.1420782357,1
217,74,0.06212894619,-0.02312709019,1
217,82,0.007614821196,0.01858975366,1
217,90,-0.0155874975,-0.002012703568,1
217,98,0.02727145702,-0.06977216899,1
217,106,0.0442423597,-0.08492644131,1
217,114,-0.002402541693,0.01798834838,1
217,122,-0.1268132776,0.09251476824,1
217,130,-0.1329522878,0.06594890356,1
217,138,0.07759640366,0.008566580713,1
217,146,0.1651287824,0.1343283653,1
217,154,0.1951758265,0.03208120912,1
217,162,0.1609523594,-0.01957252249,1
217,170,0.06903036684,-0.05268222839,1
225,10,-0.01914577186,0.2072015256,1
225,18,0.1423977315,0.05538140237,1
225,26,0.1221869364,0.1004699543,1
225,34,0.1271344721,0.04083938152,1
225,42,0.09609614313,0.1919082254,1
225,50,0.03897452727,0.1019489542,1
225,58,-0.0574946776,0.09800132364,1
225,66,-0.08977264911,0.02770349756,1
225,74,-0.08472533524,0.04988462478,1
225,82,0.03668403625,-0.03886795044,1
225,90,0.09926319122,-0.08740661293,1
225,98,0.03616041318,-0.1947461963,1
225,106,0.07382123917,-0.1588964611,1
225,114,0.04185742512,-0.06978094578,1
225,122,-0.1026805788,0.09768043458,1
225,130,-0.08432757109,0.003385744989,1
225,138,0.1864804327,-0.2252129167,1
225,146,0.09888666868,-0.0269231014,1
225,154,0.06081715971,0.0979308784,1
225,162,0.1336174458,0.08205766976,1
225,170,0.07708121836,0.08215732872,1
233,10,0.04653605074,0.1623739153,1
233,18,0.2270732075,-0.01866859756,1
233,26,0.03518636525,-0.05499754474,1
233,34,0.1962012053,-0.02023568749,1
233,42,0.2626386285,0.2785089612,1
233,50,-0.2240459919,0.3837654591,1
233,58,-0.09324385226,0.1405189037,1
233,66,-0.05452103913,0.08208687603,1
233,74,-0.06329362094,0.1178380698,1
233,82,0.04084026068,-0.0286700055,1
233,90,0.08584870398,-0.1117937565,1
233,98,0.123923853,-0.182804659,1
233,106,0.110992983,-0.07115182281,1
233,114,-0.0009475471452,-0.02547830902,1
233,122,-0.08652809262,0.04078732058,1
233,130,-0.08517142385,-0.08804582804,1
233,138,0.04067279398,-0.1281532198,1
233,146,-0.05688889325,-0.01732656918,1
233,154,-0.06679822505,0.1144022644,1
233,162,0.04453060031,0.138602674,1
233,170,0.09700785577,0.09321916103,1
241,10,0.1669398546,0.009492844343,1
241,18,0.3074552119,-0.08287249506,1
241,26,0.2397431135,-0.1133991629,1
241,34,0.06715200841,-0.04934856296,1
241,42,0.04688275978,-0.04724832624,1
241,50,-0.04093550146,0.2356328964,1
241,58,0.02702862211,0.1275006533,1
241,66,0.1040627807,0.08546242118,1
241,74,0.03196483478,0.06120168045,1
241,82,0.03421054408,-0.08156123012,1
241,90,0.008791413158,-0.1217037216,1
241,98,-0.03820794076,-0.01428230852,1
241,106,-0.07745562494,-0.02273997664,1
241,114,0.0008573699743,0.05498269573,1
241,122,0.008911052719,-0.05390365049,1
241,130,-0.1188008115,-0.09212159365,1
241,138,-0.09067363292,-0.09450083971,1
241,146,-0.1537558287,0.03260937333,1
241,154,-0.1767553091,0.1538677216,1
241,162,-0.01658589207,0.2697179317,1
241,170,0.1186509356,0.226565361,1
249,10,0.09424646199,-0.1940547526,1
249,18,0.1532418728,-0.1162391156,1
249,26,0.1353944689,-0.05635018647,1
249,34,0.04909465462,-0.1187709719,1
249,42,-0.003526672721,-0.06336387992,1
249,50,-0.08505821973,0.05758352578,1
249,58,-0.1226353645,-0.03837801516,1
249,66,0.07263751328,0.08152747154,1
249,74,0.06381502748,-0.07958995551,1
249,82,0.05218617618,-0.1333668381,1
249,90,-0.05750459805,-0.03673336655,1
249,98,-0.09423099458,0.03904850036,1
249,106,-0.09757986665,-0.08878226578,1
249,114,0.0113278348,-0.006963563152,1
249,122,0.001705376431,-0.04503703862,1
249,130,-0.1050251648,-0.05085903034,1
249,138,-0.1206831858,-0.1043326482,1
249,146,-0.2614498138,-0.08931542933,1
249,154,-0.1058970094,0.2265737951,1
249,162,0.02721569315,0.2767373919,1
249,170,0.1277596951,0.2573894262,1
257,10,0.09299264103,-0.1989740133,1
257,18,0.1428850293,-0.09590758383,1
257,26,0.06192605942,-0.1555772722,1
257,34,0.02080003917,-0.1845714599,1
257,42,0.1014662087,0.0729586035,1
257,50,-0.04862168804,0.004350446165,1
257,58,-0.0314273946,-0.08338014781,1
257,66,0.05281543732,0.2904917896,1
257,74,0.03023788333,0.1388128996,1
257,82,0.08989394456,-0.1128411964,1
257,90,0.01207892038,-0.01656627283,1
257,98,-0.05025938153,0.01538102888,1
257,106,-0.1007657871,-0.07895732671,1
257,114,-0.03904556483,0.1563161314,1
257,122,-0.04552611709,0.09419752657,1
257,130,-0.1236333773,-0.04623835906,1
257,138,-0.2149335444,-0.06944685429,1
257,146,-0.2051903009,-0.07029503584,1
257,154,-0.1057887822,0.1987021714,1
257,162,-0.09571762383,0.204035446,1
257,170,-0.01415887475,0.2303602397,1
265,10,0.1276412457,-0.09505034238,1
265,18,0.1484072506,-0.1095184907,1
265,26,0.07091708481,-0.1652033925,1
265,34,0.08047479391,-0.1277911365,1
265,42,0.1898208261,0.1363207698,1
265,50,-0.09671765566,0.1147539914,1
265,58,-0.1088149175,0.006908193231,1
265,66,-0.0126838889,0.1057217643,1
265,74,0.1505991518,0.03610568121,1
265,82,0.06167640537,-0.1398164779,1
265,90,-0.01685633883,-0.1937030703,1
265,98,-0.0887677893,0.005794606172,1
265,106,-0.06138994545,0.1454998255,1
265,114,-0.1546938121,0.2659619153,1
265,122,-0.1329185665,0.04263778776,1
265,130,-0.1519415677,-0.09073100239,1
265,138,-0.2647156715,-0.06085136533,1
265,146,-0.1756933033,0.05734455213,1
265,154,-0.005494493991,0.159945935,1
265,162,-0.01010097377,0.1180709451,1
265,170,0.0486785844,0.1775039583,1
273,10,-0.004147261381,-0.08327892423,1
273,18,0.09228277206,-0.1675905883,1
273,26,0.1413275748,-0.09853130579,1
273,34,0.02380400896,-0.02752304263,1
273,42,0.08582096547,0.1079299003,1
273,50,0.06212387607,0.1122608781,1
273,58,0.02844354883,0.09856496751,1
273,66,0.01361978985,0.1010264978,1
273,74,-0.05425778776,-0.04095415771,1
273,82,-0.09428201616,-0.1266272217,1
273,90,-0.03420750052,-0.02771910094,1
273,98,-0.1687990427,0.06284108013,1
273,106,-0.1684921831,0.06864276528,1
273,114,-0.1548610777,0.07086978853,1
273,122,-0.185617581,0.05818025023,1
273,130,0.03986286372,0.2063369304,1
273,138,-0.07440790534,0.1914583147,1
273,146,-0.06706535816,0.08030773699,1
273,154,-0.04744853452,0.1418873072,1
273,162,-0.1629423648,0.04964186251,1
273,170,-0.01883279346,0.07659323514,1
281,10,-0.1312537789,0.1006775871,1
281,18,0.03811553866,-0.02600643039,1
281,26,0.1890477836,-0.1136493832,1
281,34,0.2625388503,-0.06387245655,1
281,42,0.2297521979,0.03297863901,1
281,50,0.09092210233,0.1128233522,1
281,58,0.06532144547,0.1785447747,1
281,66,-0.01572747156,0.2555660605,1
281,74,-0.1204810962,0.06335525215,1
281,82,-0.03176593035,-0.09260454774,1
281,90,0.0994271636,0.04138804972,1
281,98,-0.09002473205,0.08291114867,1
281,106,-0.1369183362,-0.02153632231,1
281,114,-0.08291230351,0.01939482242,1
281,122,0.002330571413,0.1379024982,1
281,130,0.04146506637,0.177759558,1
281,138,0.01021057181,0.08533062786,1
281,146,0.01675084978,0.1665226221,1
281,154,-0.01138274744,0.09893385321,1
281,162,-0.1237392277,0.04244332016,1
281,170,-0.04962183535,0.07943445444,1
289,10,0.06313794106,0.0710233748,1
289,18,0.08784534782,0.009434245527,1
289,26,0.1182189286,-0.07643803954,1
289,34,0.1185027063,-0.05010696873,1
289,42,0.1410706937,-0.04864272103,1
289,50,0.116649121,0.1166005358,1
289,58,0.1481536478,0.1770759821,1
289,66,0.130446285,0.2550631166,1
289,74,0.01754769683,0.2447538227,1
289,82,-0.0023217462,-0.1284236908,1
289,90,0.03865448013,-0.04430691898,1
289,98,-0.07071556896,0.02595704608,1
289,106,-0.1432774663,0.01209057868,1
289,114,-0.1972088665,0.1756213605,1
289,122,-0.06369112432,0.09533941001,1
289,130,0.01183656603,-0.06698921323,1
289,138,-0.01372526586,0.01145187765,1
289,146,0.004361657426,0.08425891399,1
289,154,0.07754439116,0.1602808386,1
289,162,-0.03362171724,0.149171114,1
289,170,0.00405625999,0.2269110084,1
297,10,0.1206938028,-0.06995841116,1
297,18,0.002131409943,-0.08761271089,1
297,26,0.06215771288,-0.06942079961,1
297,34,0.1355528831,-0.01161745563,1
297,42,0.1730219126,-0.04103552923,1
297,50,0.1333054304,0.01143252663,1
297,58,0.0527318269,0.1168271899,1
297,66,-0.05119184777,0.1884835362,1
297,74,-0.1353165805,0.1632872969,1
297,82,-0.1082929447,0.08637670428,1
297,90,-0.0750150457,-0.01597709954,1
297,98,-0.130643338,0.02975068986,1
297,106,-0.1308739781,0.09525226802,1
297,114,-0.1612878144,0.2394572794,1
297,122,-0.1091255695,0.1435365379,1
297,130,0.02573340014,0.02606105804,1
297,138,0.1068762392,0.08525810391,1
297,146,0.06507650018,0.09955347329,1
297,154,0.03433983773,0.2189931571,1
297,162,-0.02139876038,0.2845383286,1
297,170,-0.03960962594,0.2578966618,1
305,10,0.04959271848,-0.01568805799,1
305,18,-0.06546293199,-0.04775754735,1
305,26,-0.04617063701,-0.05345120281,1
305,34,0.03920783103,0.03888645023,1
305,42,0.1156672761,0.07237333059,1
305,50,0.1886878014,-0.04392607883,1
305,58,0.1316537559,-0.06751099974,1
305,66,-0.03565690666,0.05241375417,1
305,74,-0.1685299873,0.04436177015,1
305,82,-0.08565458655,0.08920947462,1
305,90,0.08902277052,-0.02831463516,1
305,98,0.08140670508,0.007596317679,1
305,106,-0.06454148144,0.05639221892,1
305,114,-0.01813336834,0.1791743338,1
305,122,-0.02399594709,0.1830233783,1
305,130,-0.03436441347,0.1466263533,1
305,138,0.09187994152,0.1267174482,1
305,146,0.1407471597,0.08635934442,1
305,154,0.09274098277,0.1691870689,1
305,162,-0.04696045816,0.2677131891,1
305,170,-0.1422156841,0.08680339158,1
313,10,-0.04474817216,-0.0119859539,1
313,18,-0.0379203856,-0.03443190455,1
313,26,0.006305525079,-0.08564829826,1
313,34,0.02293571457,-0.04882864654,1
313,42,0.07621352375,-0.1185134575,1
313,50,0.1741755754,-0.09716674685,1
313,58,0.0651223734,-0.08182388544,1
313,66,-0.0128226243,0.0905174315,1
313,74,-0.02756664157,0.0389894098,1
313,82,-0.008241914213,-0.03589264303,1
313,90,-0.02347305417,-0.01062593795,1
313,98,-0.007158141583,0.01527823322,1
313,106,-0.01063297316,-0.01912379637,1
313,114,-0.02790657617,-0.03142170608,1
313,122,-0.02674832754,0.07475171238,1
313,130,-0.01653306931,0.1942808479,1
313,138,0.06823798269,0.1242142096,1
313,146,0.1204667911,0.07342331111,1
313,154,0.1557646394,0.1214859113,1
313,162,0.05507065728,0.1270830333,1
313,170,-0.1299368739,0.1371462643,1
321,10,-0.0435430482,-0.07790178806,1
321,18,0.137966603,-0.0327360183,1
321,26,0.1439607739,-0.1240118518,1
321,34,0.07064370811,-0.1016754732,1
321,42,-0.0006567239761,-0.1961151063,1
321,50,0.0338454172,-0.1059177592,1
321,58,-0.07090221345,-0.05591258407,1
321,66,-0.1065072492,0.06329069287,1
321,74,0.04545994475,-0.09691616148,1
321,82,0.07035881281,-0.01504950598,1
321,90,-0.02096128464,0.05973276496,1
321,98,-0.02673521638,-0.01052646153,1
321,106,0.04349510744,-0.005029074848,1
321,114,0.04263972491,-0.002266854048,1
321,122,0.07341201603,0.1430021375,1
321,130,0.02499954402,0.1937387586,1
321,138,-0.02978742123,0.1062202826,1
321,146,0.07844831049,0.09677351266,1
321,154,0.179259181,0.1233693063,1
321,162,0.1096543521,0.1521496028,1
321,170,-0.04633431882,0.2038551569,1
329,10,-0.1401013881,-0.07875443995,1
329,18,0.1835367978,-0.07829381526,1
329,26,0.2749384046,-0.1211599633,1
329,34,0.08772786707,-0.05546642095,1
329,42,-0.06517155468,-0.1306567192,1
329,50,0.003946812823,-0.05487645417,1
329,58,0.05838940665,0.01406629384,1
329,66,0.004578843713,0.1067360938,1
329,74,0.101341255,-0.0364728719,1
329,82,0.1188029349,0.02308266982,1
329,90,-0.113970533,0.1427730322,1
329,98,-0.02485623956,0.06373131275,1
329,106,0.1108852997,0.04978081584,1
329,114,0.1924351156,0.2625525594,1
329,122,0.1517680287,0.4154717326,1
329,130,0.1369995624,0.2387474477,1
329,138,0.1138403118,0.2216325104,1
329,146,0.07640570402,0.1368070543,1
329,154,-0.03304164857,0.1714578718,1
329,162,0.0163083747,0.2128889412,1
329,170,-0.002844901755,0.1638193727,1
337,10,-0.1151255369,0.05982585251,1
337,18,0.116561003,0.03156392276,1
337,26,0.1771128178,-0.1251247525,1
337,34,0.142290473,-0.1019384861,1
337,42,-0.004166513681,-0.04608479142,1
337,50,0.03719432652,-0.03844216838,1
337,58,0.1278618127,0.1078491211,1
337,66,0.05655582994,0.2181925178,1
337,74,-0.08483500779,0.2337435633,1
337,82,-0.1361586004,0.06632523984,1
337,90,-0.149514541,0.07696112245,1
337,98,0.03485409915,0.1613847613,1
337,106,0.2549954057,0.2094874978,1
337,114,-0.05885951966,0.2710683942,1
337,122,-0.004593960941,0.1697286367,1
337,130,0.1820615381,0.15397425,1
337,138,0.1048898399,0.2209930718,1
337,146,0.006670884788,0.1388533562,1
337,154,-0.306076318,0.1467036754,1
337,162,-0.04160615057,0.1702179015,1
337,170,0.03365098685,0.1820164621,1
345,10,-0.1599728465,0.1144307703,1
345,18,-0.1163230613,0.07370901108,1
345,26,-0.03264464438,-0.1312724054,1
345,34,0.05828327686,-0.1370874494,1
345,42,0.08217290789,-0.0462439023,1
345,50,0.1391339302,-0.00420874171,1
345,58,0.2374819815,0.1400603652,1
345,66,0.27752918,0.1069334298,1
345,74,0.139811933,0.1344214976,1
345,82,-0.07026810944,0.07233469188,1
345,90,-0.1352737248,0.1165813431,1
345,98,-0.05947160348,0.1569150984,1
345,106,0.05949132517,0.1799213588,1
345,114,-0.05812117085,0.05711470544,1
345,122,0.02732039988,0.04011555761,1
345,130,0.1025581658,0.1312227547,1
345,138,0.03004830144,0.1253313124,1
345,146,-0.02438169345,0.1346617937,1
345,154,-0.1029388905,0.2065324932,1
345,162,-0.08475680649,0.1400078535,1
345,170,-0.0410265848,0.1477675736,1
353,10,-0.2086668909,0.02416649461,1
353,18,-0.1365842968,-0.1625604331,1
353,26,-0.05642002448,-0.1933405846,1
353,34,0.04215814546,-0.15191935,1
353,42,0.0669901073,-0.05399552733,1
353,50,0.04961781949,0.02221682481,1
353,58,0.210617587,0.1602118462,1
353,66,0.2346404791,-0.004182145,1
353,74,0.05291897431,-0.08804568648,1
353,82,-0.07344445586,-0.0078882128,1
353,90,-0.07304872572,0.1721181571,1
353,98,-0.07624994218,0.1738290042,1
353,106,-0.06412991136,0.1304116845,1
353,114,-0.02562795952,0.07636414468,1
353,122,-0.05689013749,-0.05062131584,1
353,130,0.01911618561,0.02323870733,1
353,138,-0.01821732149,0.07672063261,1
353,146,-0.1123512834,0.1758099049,1
353,154,-0.09058229625,0.152025789,1
353,162,-0.04793096706,0.09101790935,1
353,170,0.0763028115,0.2278728187,1
361,10,-0.1390953362,-0.06534990668,1
361,18,-0.05700648203,-0.1931340545,1
361,26,-0.108882919,-0.225444898,1
361,34,0.1275273561,-0.06607583165,1
361,42,0.2023535967,0.01315114647,1
361,50,0.125586763,-0.003441457637,1
361,58,0.1606930792,0.07534942031,1
361,66,0.195660919,-0.01129482873,1
361,74,0.08894345909,-0.236942485,1
361,82,-0.02310924977,-0.01402532589,1
361,90,0.05982034281,0.03951615095,1
361,98,0.08583566546,0.09071621299,1
361,106,0.2707864642,0.09691463411,1
361,114,0.1499740928,0.06720801443,1
361,122,-0.06172873452,-0.02267779782,1
361,130,-0.03916358203,0.0160340555,1
361,138,0.07209856808,-0.008598277345,1
361,146,-0.004701729864,0.08541807532,1
361,154,-0.06647222489,0.02565493435,1
361,162,-0.06640975177,0.06165675074,1
361,170,0.0704966113,0.2303129435,1
369,10,0.01030124724,-0.01065804064,1
369,18,0.02550693974,-0.1306230873,1
369,26,0.01397339627,-0.09901773185,1
369,34,0.2629938424,0.1781532317,1
369,42,0.2755654454,-0.08417668939,1
369,50,0.3036116064,-0.1145630628,1
369,58,0.2652874291,0.05006640777,1
369,66,0.1527967155,0.06097112596,1
369,74,0.1092210412,-0.1222054064,1
369,82,0.04545994848,-0.02305872366,1
369,90,0.09006953239,-0.04812248796,1
369,98,0.0877033174,0.08075041324,1
369,106,0.1629498601,0.03670267761,1
369,114,0.1384014189,0.02679530159,1
369,122,0.07169008255,0.04456114769,1
369,130,0.06409354508,-0.02094648778,1
369,138,0.3011738956,-0.04414691031,1
369,146,0.304084599,-0.0335865058,1
369,154,0.4081447124,-0.02134942263,1
369,162,0.1169223264,0.02143715695,1
369,170,-0.1034508348,0.2120783329,1
377,10,-0.02166071162,-0.1150000095,1
377,18,0.07106979936,-0.07614691556,1
377,26,0.08355493844,-0.0429983139,1
377,34,0.1436989903,-0.08388411999,1
377,42,0.1631586701,-0.1985326707,1
377,50,0.2228602767,-0.02166485228,1
377,58,0.2932877541,0.07949078083,1
377,66,0.2599337697,0.07741817832,1
377,74,0.1390198171,0.05156248435,1
377,82,0.2655735314,-0.03238991648,1
377,90,0.3728724718,-0.07889447361,1
377,98,0.1376207173,0.07101374865,1
377,106,0.04070488364,0.1097258329,1
377,114,0.01045425981,0.02149660513,1
377,122,0.285825789,0.2588578761,1
377,130,0.1489742249,-0.08241501451,1
377,138,0.1945383102,-0.02519841492,1
377,146,0.190157339,0.07055865228,1
377,154,0.2773794532,0.03657684103,1
377,162,0.1809208542,-0.04667824879,1
377,170,-0.006078831851,0.07983258367,1
385,10,-0.1366011202,-0.1505912095,1
385,18,-0.06243625283,-0.1093788221,1
385,26,0.08789201826,-0.0792998448,1
385,34,0.06570394337,-0.1485704631,1
385,42,0.06325495243,-0.1653823107,1
385,50,0.09048362821,-0.005955521017,1
385,58,0.06355124712,0.005509872921,1
385,66,0.1097132266,-0.004630388692,1
385,74,0.1040562689,-0.0141658783,1
385,82,0.4105047584,0.009372349828,1
385,90,0.5255362988,-0.01280102506,1
385,98,0.1934578866,-0.1034211069,1
385,106,0.01834716648,0.008783105761,1
385,114,0.09217014909,0.08053451031,1
385,122,0.1266402304,0.2370694727,1
385,130,0.112983048,0.03876067698,1
385,138,0.1557023525,0.06328178942,1
385,146,0.3207639754,0.05336276069,1
385,154,0.2667838633,0.0883224085,1
385,162,0.02067361772,-0.05000865459,1
385,170,0.04418611526,0.06459982693,1
393,10,-0.05736118183,-0.1132652164,1
393,18,-0.03527922928,-0.1389413774,1
393,26,-0.01874414459,-0.04410087317,1
393,34,-0.01485256851,0.03212939948,1
393,42,0.0512900278,0.1965055615,1
393,50,0.05567796901,0.01678224653,1
393,58,-0.01457735896,0.01950017735,1
393,66,-0.000308573246,-0.06587683409,1
393,74,0.1168579608,-0.1403173804,1
393,82,0.2082941085,-0.09640479088,1
393,90,0.2877176404,-0.03425213695,1
393,98,0.1546461582,-0.1362119019,1
393,106,0.007024750113,-0.1840169281,1
393,114,0.03710961342,-0.1147944778,1
393,122,-0.01229100302,0.1553999931,1
393,130,0.03672216833,0.04826012626,1
393,138,0.1011548489,0.07475040853,1
393,146,0.126985684,0.01063210331,1
393,154,0.1011412367,0.02893701568,1
393,162,0.03690865636,0.07277181745,1
393,170,0.06483499706,0.1159915328,1
401,10,-0.1104748324,-0.1747516096,1
401,18,-0.02087211236,-0.1315757483,1
401,26,-0.0602645874,-0.1006837338,1
401,34,-0.06017276645,-0.05691180378,1
401,42,-0.01572098583,0.1451230347,1
401,50,-0.0721752122,0.20857732,1
401,58,-0.02917323634,0.1855091453,1
401,66,0.01929377019,-0.1710710824,1
401,74,-0.01108273864,-0.1753811836,1
401,82,0.01286762208,-0.2350442708,1
401,90,0.173536405,-0.1095134839,1
401,98,0.110817112,-0.08213467151,1
401,106,-0.0223614648,-0.2202832997,1
401,114,0.06539711356,-0.3050656617,1
401,122,0.01873309538,0.09379235655,1
401,130,0.0523560904,0.008987512439,1
401,138,0.09953530133,0.0102349408,1
401,146,-0.0702534616,0.03631269559,1
401,154,-0.1473924965,0.08317098022,1
401,162,-0.06769310683,0.0631237179,1
401,170,0.08220116794,0.1187361479,1
409,10,0.1472879052,-0.1078694314,1
409,18,0.07297519594,-0.03453289717,1
409,26,-0.0446614176,-0.1017647982,1
409,34,-0.1715055406,0.0295906812,1
409,42,-0.08426122367,-0.06471073627,1
409,50,-0.0509923771,0.03173058853,1
409,58,0.1358625591,0.07699604332,1
409,66,0.1414533705,-0.3035745919,1
409,74,-0.01194413006,-0.1792636216,1
409,82,-0.02298718691,-0.2099417448,1
409,90,0.1307861656,-0.2322403044,1
409,98,0.1427665204,-0.1421627998,1
409,106,0.1073158011,-0.06518892944,1
409,114,0.1164221242,-0.1699393094,1
409,122,-0.1271208078,0.04820037261,1
409,130,0.04229252785,-0.00690616481,1
409,138,0.01528342068,0.05616480857,1
409,146,-0.01710227877,0.03268490359,1
409,154,0.08577015251,0.1089542732,1
409,162,0.03930526972,0.05222088844,1
409,170,-0.07290148735,-0.03706867993,1
417,10,0.3908999264,-0.127194941,1
417,18,-0.09759095311,0.001883730292,1
417,26,-0.2720686793,-0.04508949816,1
417,34,-0.0826805383,0.1122039109,1
417,42,0.08183860034,0.05679070204,1
417,50,0.1555805653,-0.05082863569,1
417,58,0.2676455975,-0.03882948682,1
417,66,0.2568031549,-0.1119366437,1
417,74,0.2405664325,-0.1371916533,1
417,82,0.1552639604,-0.2819884717,1
417,90,-0.02022278309,-0.4191629291,1
417,98,-0.06523329765,-0.2109656483,1
417,106,0.02961710095,-0.04970666766,1
417,114,0.02015048265,-0.07897330076,1
417,122,0.1064988375,0.1341838241,1
417,130,0.12648803,0.04162315279,1
417,138,0.0760152787,0.09950041771,1
417,146,0.1138787866,0.04741386697,1
417,154,0.2489475608,0.0743624419,1
417,162,0.1485821605,0.03193017095,1
417,170,-0.2164189965,-0.1381765902,1
