PIVlab, ASCII chart output - 02-Aug-2025
FRAME: 95, filenames: A:[95]FullStack_Pos0035_TgUtrmcherry_K4K8MO-1.avi & B:[96]FullStack_Pos0035_TgUtrmcherry_K4K8MO-1.avi, conversion factor xy (px -> m): 1, conversion factor uv (px/frame -> m/s): 1
x [px],y [px],u [px/frame],v [px/frame],Vector type [-]
9,10,-0.1412522793,0.2665504217,1
9,18,-0.04319530725,0.002460189164,1
9,26,0.1064884663,-0.0697118938,1
9,34,0.09601119161,-0.2001455724,1
9,42,0.07834731042,-0.1529526412,1
9,50,0.006735615432,-0.1781305373,1
9,58,-0.03917355835,-0.1093720198,1
9,66,-0.09620852768,0.05345742404,1
9,74,-0.1868539006,0.03982204944,1
9,82,-0.1480562389,0.1133343205,1
9,90,-0.1387881339,0.2310380936,1
9,98,-0.3400713503,0.2432355583,1
9,106,-0.4005111754,0.2854677439,1
9,114,-0.2398231179,0.2493510842,1
9,122,-0.08491539955,0.1345500797,1
9,130,0.007450416684,0.1794015467,1
9,138,0.06990083307,0.06103250384,1
9,146,0.04654125869,0.05037317052,1
9,154,-0.02943789959,-0.00779478997,1
9,162,-0.1456305236,0.1066329405,1
9,170,-0.03511133045,-0.04836818948,1
17,10,-0.05462920666,0.1832729727,1
17,18,0.02597331256,-0.005248468369,1
17,26,-0.02607245743,-0.04265537113,1
17,34,-0.05019183829,-0.1557490826,1
17,42,-0.1078656018,-0.1068248078,1
17,50,-0.1792537719,-0.1181195676,1
17,58,-0.1910513788,-0.04412151873,1
17,66,-0.2210371345,0.02508029714,1
17,74,-0.1746631712,0.009490644559,1
17,82,-0.146580264,0.1029277146,1
17,90,-0.1367764771,0.1945991814,1
17,98,-0.2206761986,0.07239905,1
17,106,-0.2967236042,-0.001142844558,1
17,114,-0.1402912885,0.08583047986,1
17,122,-0.05035528541,0.1544138789,1
17,130,-0.08472397923,0.05092959106,1
17,138,-0.04288108647,0.1335845888,1
17,146,-0.08829274774,0.1209124327,1
17,154,-0.1600153744,0.01133458316,1
17,162,-0.1895150393,-0.03133650124,1
17,170,-0.1251684576,0.04458713531,1
25,10,-0.1468397677,0.237452656,1
25,18,0.01584024727,0.1244415492,1
25,26,-0.03492826968,0.01579971798,1
25,34,-0.1918809116,-0.08521140367,1
25,42,-0.1531855613,-0.06581236422,1
25,50,-0.1208600998,-0.0855654031,1
25,58,-0.1347664595,0.03076374158,1
25,66,-0.1997845918,0.09219305217,1
25,74,-0.2367365807,-0.0400121659,1
25,82,-0.203455776,-0.006363419816,1
25,90,-0.1076205969,-0.02236844227,1
25,98,-0.08460971713,0.03231985122,1
25,106,-0.1235613227,0.008046273142,1
25,114,-0.2570473254,0.06905103475,1
25,122,-0.3018019795,0.1771432608,1
25,130,-0.2070703954,-0.001419745386,1
25,138,-0.2005262971,0.09921501577,1
25,146,-0.1910549551,0.1820659637,1
25,154,-0.1917075217,0.05013936013,1
25,162,-0.1930541843,-0.01402634382,1
25,170,-0.09025185555,-0.0003955177963,1
33,10,-0.2125789821,0.1988084018,1
33,18,-0.1078459397,0.1069330871,1
33,26,0.003212668002,0.06180196628,1
33,34,-0.02172920853,0.04294792935,1
33,42,-0.1267182529,-0.06152489036,1
33,50,-0.1398953795,-0.1071008146,1
33,58,-0.1368381083,-0.07992912084,1
33,66,-0.09921588004,0.04883514345,1
33,74,-0.100489527,0.08582921326,1
33,82,-0.1377242357,-0.08760386705,1
33,90,-0.117214635,-0.1480571926,1
33,98,-0.09203858674,0.01685502008,1
33,106,-0.1085901409,0.008782535791,1
33,114,-0.2777896821,-0.02919457853,1
33,122,-0.2002893239,0.05181378499,1
33,130,-0.04818801582,-0.04191778973,1
33,138,-0.0664710626,0.08430974931,1
33,146,-0.2557814419,0.1139563322,1
33,154,-0.2158129513,0.04130476713,1
33,162,-0.1584868729,-0.02935767919,1
33,170,-0.03161189705,0.04105104133,1
41,10,-0.2135406733,0.2111121714,1
41,18,-0.04937490821,0.1900634617,1
41,26,0.02549987286,0.05693018809,1
41,34,-0.04664274305,0.02644377016,1
41,42,-0.1505736709,-0.06514337659,1
41,50,-0.1274179518,-0.0682682246,1
41,58,-0.06187194586,-0.04749960452,1
41,66,-0.001010492444,-0.05317005515,1
41,74,0.006704546511,-0.02634451538,1
41,82,-0.03934789449,-0.07512818277,1
41,90,-0.2418039143,-0.02236523852,1
41,98,-0.2342633307,0.01451379806,1
41,106,-0.0732011795,-0.002388145775,1
41,114,-0.06968392432,-0.05749220774,1
41,122,-0.04859600216,-0.04964876175,1
41,130,-0.00317222625,0.01190602034,1
41,138,-0.02188890427,0.1975049376,1
41,146,-0.1139049381,0.1390093565,1
41,154,-0.05641166866,0.01613837481,1
41,162,-0.1264736056,-0.008776180446,1
41,170,-0.03900338337,0.1179081351,1
49,10,-0.1908197105,0.1963026673,1
49,18,-0.01964432746,0.1807586849,1
49,26,0.06449604034,0.0529178679,1
49,34,0.01203881204,-0.0575376302,1
49,42,-0.1678885818,-0.02315435186,1
49,50,-0.09340646118,-0.03747322783,1
49,58,0.2256627381,-0.05089281127,1
49,66,0.007435761392,0.01944210939,1
49,74,-0.02061674371,-0.08501191437,1
49,82,-0.06731308997,0.01771332696,1
49,90,-0.2149881423,0.15177688,1
49,98,-0.3072071671,0.07341199368,1
49,106,-0.2610391676,-0.008102167398,1
49,114,-0.04909385741,0.008872890845,1
49,122,-0.01235564053,-0.08089269698,1
49,130,-0.1221391484,-0.02062894031,1
49,138,-0.208983466,0.1279640794,1
49,146,-0.1972733289,0.1141284704,1
49,154,0.006659220904,0.04236855358,1
49,162,-0.003225021064,0.07052571326,1
49,170,0.06684757024,0.0969761163,1
57,10,-0.1545606554,0.1733550429,1
57,18,-0.08143384755,0.09979991615,1
57,26,-0.03958386183,0.1372447312,1
57,34,-0.03933586925,0.07158979774,1
57,42,-0.1355297565,-0.05371434614,1
57,50,-0.05211278051,-0.09288692474,1
57,58,-0.02170787752,-0.09462323785,1
57,66,-8.272752166e-05,0.02556617558,1
57,74,0.01141503453,0.03458407521,1
57,82,-0.07938922197,-0.008632272482,1
57,90,-0.157460466,0.0530840382,1
57,98,-0.246666044,0.1029784977,1
57,106,-0.301963836,0.03330947831,1
57,114,-0.1789988279,0.07605136931,1
57,122,-0.1212250292,0.0004598591477,1
57,130,-0.1449264884,-0.05258073658,1
57,138,-0.1420851052,0.02928841114,1
57,146,-0.1468974948,0.05209122598,1
57,154,-0.101027891,0.05573944747,1
57,162,-0.03364391625,0.1140898764,1
57,170,-0.00935652107,0.2087475657,1
65,10,-0.1853384823,0.1301582754,1
65,18,-0.1677605361,0.1227257475,1
65,26,-0.09429518133,0.0944077149,1
65,34,0.002294905484,0.04794117063,1
65,42,-0.043983154,0.033316724,1
65,50,-0.1805210114,0.02754219621,1
65,58,-0.1370332837,0.07472166419,1
65,66,-0.0843218714,0.03392343596,1
65,74,-0.1631709486,0.06317600608,1
65,82,-0.16969648,-0.004291020334,1
65,90,-0.04798558354,0.01939740032,1
65,98,-0.05225132406,0.04699565098,1
65,106,-0.1770679355,-0.004189163446,1
65,114,-0.1477100551,0.05764854699,1
65,122,-0.1363739967,0.08730587363,1
65,130,-0.07014811784,0.09469460696,1
65,138,-0.05018633604,0.08263666928,1
65,146,-0.1295776665,0.1231492087,1
65,154,-0.1422124356,0.08004495502,1
65,162,-0.09811516106,0.09875379503,1
65,170,-0.1142162383,0.1344247162,1
73,10,-0.2768698931,9.845197201e-05,1
73,18,-0.1698909104,0.02444100752,1
73,26,-0.1119681671,-0.07536224276,1
73,34,-0.1573634148,-0.06375361234,1
73,42,-0.09215949476,0.1127052084,1
73,50,-0.1551035643,0.1467624158,1
73,58,-0.2543321848,0.06056917459,1
73,66,-0.1373617053,-0.01308747381,1
73,74,-0.1514361799,-0.02951569296,1
73,82,-0.1859692335,-0.02913262323,1
73,90,-0.06277184933,-0.0008757784963,1
73,98,-0.09505588561,0.01900595799,1
73,106,-0.1966279447,-0.006385605782,1
73,114,-0.1265971512,0.06819767505,1
73,122,-0.1215134263,0.08534544706,1
73,130,-0.1302971095,0.08492636681,1
73,138,-0.1436567307,0.06021270901,1
73,146,-0.2341454774,0.1054702699,1
73,154,-0.2475788444,0.2207321823,1
73,162,-0.1859546751,0.165073365,1
73,170,-0.1748193055,0.06019189954,1
81,10,0.003434330225,-0.04161711782,1
81,18,-0.1311790943,-0.06713076681,1
81,26,-0.1250442117,-0.1682795882,1
81,34,-0.1769248992,-0.1247862428,1
81,42,-0.1981714815,0.1126937717,1
81,50,-0.118171066,0.1078549176,1
81,58,-0.1539780796,0.06459164619,1
81,66,-0.1505717039,0.02361918986,1
81,74,-0.0643125847,-0.04400974512,1
81,82,-0.09269171953,-0.06276063621,1
81,90,-0.1309351027,-0.05569504201,1
81,98,-0.1578963399,0.05743892863,1
81,106,-0.09412363917,-0.002024248242,1
81,114,0.03627121449,0.05434014276,1
81,122,-0.1023477018,0.01699135453,1
81,130,-0.3101114929,0.03638666123,1
81,138,-0.322068423,0.1430703849,1
81,146,-0.2539750338,0.1293107867,1
81,154,-0.2572275996,0.1979857087,1
81,162,-0.3351588249,0.09268625081,1
81,170,-0.3023721576,-0.001679796726,1
89,10,0.1112836525,-0.06613557786,1
89,18,-0.06906686723,-0.09239702672,1
89,26,-0.06875362992,-0.2515369356,1
89,34,-0.1462098956,-0.2633832097,1
89,42,-0.1434527338,-0.1145856827,1
89,50,-0.09395888448,0.02375953831,1
89,58,-0.1656463146,0.1653131098,1
89,66,-0.172877416,0.1090102568,1
89,74,-0.1189600751,0.1630742252,1
89,82,-0.117812328,0.1090203449,1
89,90,-0.1141803414,-0.07843601704,1
89,98,-0.04810177535,0.06000899151,1
89,106,-0.06285177171,0.08735729754,1
89,114,-0.06758540124,0.07370764762,1
89,122,-0.07317234576,0.0522717163,1
89,130,-0.04603209347,0.05363091826,1
89,138,-0.112724185,0.1788786948,1
89,146,-0.1191659272,0.1330350339,1
89,154,-0.1519636959,0.001953817904,1
89,162,-0.3268310428,-0.09879653901,1
89,170,-0.1502132416,-0.03096159548,1
97,10,0.05312076956,-0.09938901663,1
97,18,-0.05070501566,-0.1569761932,1
97,26,-0.1250428557,-0.2709358335,1
97,34,-0.1437399089,-0.2617069483,1
97,42,-0.1246354133,-0.1207386404,1
97,50,-0.1353551,0.07382531464,1
97,58,-0.1455004662,0.09921448678,1
97,66,-0.1619924158,0.03838533163,1
97,74,-0.1361062527,0.08785507083,1
97,82,-0.1301490963,0.1312332898,1
97,90,-0.1867688298,0.001074932516,1
97,98,-0.04549692571,0.1507441849,1
97,106,-0.05067498237,0.1951132864,1
97,114,0.01074227318,0.1399924457,1
97,122,0.07037839293,0.09383139014,1
97,130,0.008458070457,0.01744200289,1
97,138,-0.11449752,0.1192664132,1
97,146,-0.1256110668,0.08626745641,1
97,154,-0.04235318303,-0.04841965437,1
97,162,-0.1264018565,0.09865924716,1
97,170,-0.1870596409,0.1646022648,1
105,10,0.104557693,-0.1494919062,1
105,18,-0.03342777491,-0.04710128158,1
105,26,-0.2357910126,-0.02821911126,1
105,34,-0.1832324266,-0.06623918563,1
105,42,-0.1319128126,-0.02656592987,1
105,50,-0.1233781129,0.08010105044,1
105,58,-0.1378976703,-0.02711352706,1
105,66,-0.1484168917,-0.02980848216,1
105,74,-0.05483596027,0.01479287259,1
105,82,-0.1370149404,0.005961317569,1
105,90,-0.1853582263,0.07163801044,1
105,98,-0.1008453742,0.1712787747,1
105,106,-0.03699630499,0.180162698,1
105,114,0.006538277492,0.1425665468,1
105,122,-0.02152120508,0.006097972393,1
105,130,-0.1283055842,-0.1503813714,1
105,138,-0.1468468904,0.1117181033,1
105,146,-0.1656666696,0.1721208394,1
105,154,-0.0815628469,0.0003262907267,1
105,162,0.05590894073,0.1944797635,1
105,170,-0.117980063,0.1886545271,1
113,10,-0.1242846772,-0.05726213753,1
113,18,-0.1478466988,0.118383497,1
113,26,-0.1010014266,0.1317891628,1
113,34,-0.09070669115,0.02531696856,1
113,42,-0.1651768535,0.03002977744,1
113,50,-0.1440610439,-0.05717649683,1
113,58,-0.1581250727,-0.08460305631,1
113,66,-0.1281869411,-0.05799393356,1
113,74,-0.1374316812,-0.007682535797,1
113,82,-0.2170753479,-0.04308214039,1
113,90,-0.1714252532,0.07592834532,1
113,98,-0.09904744476,0.130353719,1
113,106,-0.0293950215,0.1348499358,1
113,114,0.02810278907,0.009523913264,1
113,122,-0.06674952805,-0.07545930892,1
113,130,-0.1387931705,-0.179154411,1
113,138,-0.1826916933,0.02211252227,1
113,146,-0.1617753208,0.1220694259,1
113,154,-0.1618956178,0.1632911712,1
113,162,-0.1499122977,0.1552372128,1
113,170,-0.12349163,0.1762146652,1
121,10,-0.359562844,-0.03427850828,2
121,18,-0.394914031,0.1173506677,1
121,26,-0.1268405318,0.01883821934,1
121,34,-0.04808863997,0.02192790061,1
121,42,-0.1208782271,0.06067086384,1
121,50,-0.1053494513,-0.036573641,1
121,58,-0.01867132634,-0.02742958069,1
121,66,-0.04458485544,-0.08052664995,1
121,74,-0.1630552262,-0.1209328324,1
121,82,-0.1909835488,0.01746250317,1
121,90,-0.1811171174,-0.01750947908,1
121,98,-0.07370248437,0.008263833821,1
121,106,-0.0228060931,0.04581055045,1
121,114,-0.04122309387,0.0005873031914,1
121,122,-0.08763438463,-0.01456726529,1
121,130,-0.1599330306,0.0493975319,1
121,138,-0.2041458338,-0.1221212223,1
121,146,-0.1782720387,-0.008026585914,1
121,154,-0.161555618,0.1037673205,1
121,162,-0.06711807102,0.2086630166,1
121,170,-0.016207017,0.1642675549,1
129,10,-0.5594898462,-0.1629240513,1
129,18,-0.281242609,0.06004790962,1
129,26,-0.1548116058,0.01644084603,1
129,34,-0.006995588541,0.04520639032,1
129,42,-0.0479894504,0.04603382945,1
129,50,-0.07885702699,-0.03049666807,1
129,58,0.02084126696,-0.05019356683,1
129,66,-0.02435713261,-0.1172908545,1
129,74,-0.1405345052,-0.1510169208,1
129,82,-0.1521711051,0.06316589564,1
129,90,-0.09441514313,-0.06162239239,1
129,98,-0.08189275116,-0.01414117962,1
129,106,-0.08900298178,0.0370362252,1
129,114,-0.04306085408,0.1304439157,1
129,122,-0.06927250326,0.2296102494,1
129,130,-0.1826131344,0.103938818,1
129,138,-0.2711610198,-0.06632784009,1
129,146,-0.2616526186,-0.1613060832,1
129,154,-0.1673803627,0.001520063728,1
129,162,-0.05251523107,0.1215323359,1
129,170,-0.002348262817,0.03774658591,1
137,10,-0.2309862971,-0.08389401436,1
137,18,-0.1629966497,0.03826146573,1
137,26,0.07747514546,0.09208021313,1
137,34,0.07283732295,0.07337125391,1
137,42,-0.04398573935,0.003693768755,1
137,50,-0.1212365031,-0.1130427122,1
137,58,-0.1541667283,-0.1407885551,1
137,66,-0.03881987184,-0.1117224544,1
137,74,0.08994564414,0.01045623329,1
137,82,0.1705975085,0.1615200043,1
137,90,0.04936525226,-0.003552787937,1
137,98,-0.1578653902,0.06664403528,1
137,106,-0.2047998458,0.06195192039,1
137,114,-0.1410951018,0.1809871048,1
137,122,-0.1406207979,0.2879370451,1
137,130,-0.1849340945,0.08120046556,1
137,138,-0.325147599,0.03612616286,1
137,146,-0.1733859777,-0.03068230487,1
137,154,0.007408589125,-0.114487268,1
137,162,-0.05287013948,0.007753562182,1
137,170,-0.005128622986,-0.004773635417,1
145,10,-0.2389441282,-0.01344393939,1
145,18,-0.1664220691,0.04435882717,1
145,26,0.000778734684,0.05460821465,1
145,34,0.006917327642,0.01569623128,1
145,42,0.01111159474,-0.05828572437,1
145,50,-0.01651121676,-0.03786119446,1
145,58,-0.1042627543,0.02582133561,1
145,66,0.01759972796,-0.02906810865,1
145,74,0.08761455119,0.06949355453,1
145,82,0.06249466166,0.1183501184,1
145,90,0.0303747803,-0.02343182825,1
145,98,-0.09117175639,0.02507712319,1
145,106,-0.2274090946,0.07078381628,1
145,114,-0.1503011286,0.06552688032,1
145,122,-0.1343274415,0.02909270674,1
145,130,-0.05787819624,-0.03471545875,1
145,138,-0.3504548073,-0.01598284021,1
145,146,-0.1045233384,0.06360059977,1
145,154,0.06260011345,0.03142677248,1
145,162,-0.03377660364,0.05305954069,1
145,170,-0.08265437186,0.02986922674,1
153,10,-0.07894174755,0.04707187414,1
153,18,-0.0970819816,-0.02674275637,1
153,26,-0.1133697331,-0.01781157404,1
153,34,-0.1478550881,-0.02789906785,1
153,42,-0.01060717553,-0.05016530678,1
153,50,-0.02514953539,0.01874720678,1
153,58,-0.03550445288,0.1435347795,1
153,66,-0.03393609077,0.02927573025,1
153,74,0.02536352351,0.1066548526,1
153,82,0.04617065936,0.004925597459,1
153,90,0.03663329035,-0.0261018388,1
153,98,-0.05120283365,0.009039007127,1
153,106,-0.1450476646,0.0190062169,1
153,114,-0.1132072285,-0.01623310149,1
153,122,-0.1998874694,0.03028139472,1
153,130,-0.1860493124,0.009324454702,1
153,138,-0.2415263206,-0.04544502497,1
153,146,-0.1911007911,0.08614125848,1
153,154,-0.02204320207,0.1585186124,1
153,162,-0.1110426262,0.2068630904,1
153,170,-0.1026666686,0.04677962139,1
161,10,-0.1579996943,0.04708188772,1
161,18,-0.04007387161,-0.04266346991,1
161,26,-0.001865373924,-0.0005356008187,1
161,34,-0.04205793887,0.004374297336,1
161,42,-0.006718784571,0.08024626225,1
161,50,-0.02677096426,0.168259576,1
161,58,-0.0007762014866,0.1211028993,1
161,66,-0.003197524697,0.1305528879,1
161,74,-0.003682620823,0.05886908248,1
161,82,0.04692207649,0.05217379704,1
161,90,-0.005280099809,0.004520209506,1
161,98,-0.1000265926,-0.01990623772,1
161,106,-0.1098992601,-0.1043621823,1
161,114,-0.06432048976,-0.1094667986,1
161,122,-0.07464847714,0.03661118075,1
161,130,0.02770921588,0.08775316179,1
161,138,-0.2533812225,-0.01466842368,1
161,146,-0.1977686882,0.05225534737,1
161,154,-0.09381873906,0.2647806406,1
161,162,-0.1308445632,0.2611737847,1
161,170,-0.1236447617,0.1342891306,1
169,10,-0.1397014558,0.08774683625,1
169,18,-0.05757609382,0.0228324011,1
169,26,0.07181059569,0.06229147315,1
169,34,0.03165378422,0.05862895772,1
169,42,0.06755289435,0.09372273088,1
169,50,0.08358990401,0.1471643448,1
169,58,0.02916417643,-0.0002439543605,1
169,66,0.05418206379,-0.001381937414,1
169,74,0.0346497409,0.007173851132,1
169,82,-0.05863951519,0.2909278274,1
169,90,-0.06886777282,-0.05958115309,1
169,98,-0.06113862991,-0.01004478335,1
169,106,-0.02139087208,0.06023063883,1
169,114,-0.03778116405,-0.01538540237,1
169,122,-0.01049552858,-0.02778460272,1
169,130,0.1604394764,-0.0714635998,1
169,138,0.008131712675,-0.08549745381,1
169,146,-0.1462304592,0.01992110163,1
169,154,-0.222605437,0.1974664927,1
169,162,-0.156478405,0.2246699184,1
169,170,-0.1914475858,0.1064080447,1
177,10,-0.1260462701,0.1029714793,1
177,18,-0.1247423738,0.1649947315,1
177,26,-0.0257085301,0.2129953802,1
177,34,0.06534363329,0.1316779107,1
177,42,0.1777418256,0.06922795624,1
177,50,0.1807118505,0.04442993924,1
177,58,0.09888237715,-0.009825959802,1
177,66,0.06335770339,-0.03505508229,1
177,74,0.1101500243,0.07673057914,1
177,82,0.07744993269,0.07802330703,1
177,90,0.09609609842,0.02631661668,1
177,98,0.02330201119,0.01938268542,1
177,106,-0.02105514705,0.08336996287,1
177,114,0.02261453494,0.1723281741,1
177,122,0.02491957322,-0.01049113274,1
177,130,0.02397608384,-0.175181523,1
177,138,0.0209119916,-0.05510684848,1
177,146,-0.1753494143,-0.07378683239,1
177,154,-0.2094547451,0.01177324355,1
177,162,-0.1338617504,0.074963063,1
177,170,-0.1497213244,0.1172202528,1
185,10,0.09665965289,-0.05318556726,1
185,18,-0.06678692997,0.1382066756,1
185,26,-0.1615813971,0.1931749284,1
185,34,-0.01586117595,0.0783457458,1
185,42,0.05082701892,0.03971312568,1
185,50,0.1248355061,0.09735517204,1
185,58,0.03672753274,0.06767389923,1
185,66,0.008018448949,0.1253883839,1
185,74,0.02770838514,0.1771643758,1
185,82,0.09329932928,-0.02366962284,1
185,90,0.1204611287,-0.07734689116,1
185,98,0.01723571122,-0.06963221729,1
185,106,-0.02807658166,0.004903994501,1
185,114,0.007875718176,0.1074244082,1
185,122,-0.02098627016,0.1067224219,1
185,130,-0.03197215125,-0.07683631778,1
185,138,-0.1269024611,-0.0843969658,1
185,146,-0.1419488192,-0.1019288599,1
185,154,-0.08352635056,-0.1150976419,1
185,162,-0.1258320063,0.006741188467,1
185,170,-0.1586017311,0.1112492979,1
193,10,0.08345624804,-0.1227607429,1
193,18,-0.09001205862,0.1826557219,1
193,26,-0.1417191923,0.1460991055,1
193,34,-0.1327843964,0.001656472683,1
193,42,-0.167163074,-0.04760053381,1
193,50,-0.01311254501,0.1015185937,1
193,58,0.06601859629,0.1643881202,1
193,66,0.01607255265,0.2151725292,1
193,74,0.02579110861,0.2185313404,1
193,82,0.196492821,0.08910480887,1
193,90,0.1385325342,-0.03751347587,1
193,98,0.04042135179,-0.09649853408,1
193,106,-0.008937090635,0.03587341681,1
193,114,-0.05354106426,0.1292800903,1
193,122,-0.09358364344,0.1700674593,1
193,130,-0.01570881158,-0.007090944797,1
193,138,0.01162868179,-0.1898419708,1
193,146,0.02089427412,-0.04640808702,1
193,154,-0.004400350153,-0.07114487886,1
193,162,-0.1182276905,0.01235353574,1
193,170,-0.1122769415,0.08069564402,1
201,10,0.03382478654,-0.1122838408,1
201,18,-0.0835737735,0.1282346398,1
201,26,-0.1832229942,0.1150732487,1
201,34,-0.2693989575,0.07194814086,1
201,42,-0.2328427881,-0.03223110735,1
201,50,-0.08890465647,0.04445919394,1
201,58,0.0831431821,0.1433417201,1
201,66,0.06130463257,0.27919209,1
201,74,0.004262432456,0.09532580525,1
201,82,0.1438993067,0.1546356976,1
201,90,0.1120892465,0.04077044874,1
201,98,0.07633578777,-0.1101006269,1
201,106,0.01315503102,0.03775975108,1
201,114,-0.1358468086,0.1355927736,1
201,122,-0.0718608126,0.07504338771,1
201,130,-0.01214520633,0.1676303297,1
201,138,0.04067788273,0.05311717093,1
201,146,0.04716097191,-0.05187574029,1
201,154,-0.006554462016,-0.05779605731,1
201,162,0.0261201486,-0.0178097561,1
201,170,-0.0437874198,0.257953465,1
209,10,0.1465664357,-0.0129339397,1
209,18,-0.04027320445,0.02470515668,1
209,26,-0.1348706186,0.02193880081,1
209,34,-0.162983194,0.1294434965,1
209,42,-0.1573530287,0.04816766083,1
209,50,-0.08122515678,0.159273684,1
209,58,-0.01864527911,0.1459459662,1
209,66,-0.2438550293,0.3097866178,1
209,74,-0.2131812423,-0.01295639947,1
209,82,-0.04156459123,0.0958596319,1
209,90,0.03864739835,-0.1235592216,1
209,98,0.03778459132,-0.1587655246,1
209,106,-0.05694464594,0.122374706,1
209,114,-0.06309318542,0.1265489906,1
209,122,0.03249684349,-0.1706830859,1
209,130,0.02207878232,0.1541418731,1
209,138,0.004091128707,0.2193706483,1
209,146,-0.06378421187,-0.006044104695,1
209,154,-0.1344288141,-0.09404450655,1
209,162,-0.07109124959,-0.03031762503,1
209,170,0.05465738475,0.04984946549,1
217,10,0.07214713097,0.06290639937,1
217,18,0.03263565898,-0.03570961207,1
217,26,0.006855355576,-0.07042191923,1
217,34,-0.03601042926,0.1034294143,1
217,42,-0.09471584111,0.0750682354,1
217,50,-0.05765772983,0.1111771315,1
217,58,-0.07391004264,0.2172835767,1
217,66,-0.2728810012,0.1839407086,1
217,74,-0.1300802231,-0.00657139346,1
217,82,0.03325136751,0.009776476771,1
217,90,0.1919298768,0.04831666872,1
217,98,0.1491192281,-0.02713891864,1
217,106,-0.1263930947,0.1309679449,1
217,114,-0.2007213831,0.07647777349,1
217,122,0.09767575562,-0.2316575795,1
217,130,0.04119689763,-0.01482376084,1
217,138,-0.09272305667,-0.009477509186,1
217,146,-0.1612512618,0.007482737303,1
217,154,-0.3031285107,0.09083901346,1
217,162,-0.1911827773,0.09542315453,1
217,170,0.04799114913,-0.07002846897,1
225,10,0.02706146985,0.2439904809,1
225,18,0.04431277514,-0.05919506401,1
225,26,0.09462988377,-0.1031726301,1
225,34,-0.004398092628,-0.008847877383,1
225,42,-0.00486703217,0.04392988607,1
225,50,0.05652597174,0.0910038352,1
225,58,0.07177018374,0.1326352358,1
225,66,0.05744175613,0.1473212987,1
225,74,-0.008921697736,0.08645778149,1
225,82,-0.03743153065,0.03930916637,1
225,90,-0.0323702842,0.09565655887,1
225,98,-0.1038766652,0.008178312331,1
225,106,-0.1741653532,0.02867487818,1
225,114,-0.1700280011,0.1225855574,1
225,122,-0.03904443979,-0.01222401112,1
225,130,-0.10477148,-0.01418313943,1
225,138,-0.2173423171,-0.006514724344,1
225,146,-0.1514694244,0.04141272232,1
225,154,-0.2493178844,0.1113572866,1
225,162,-0.04702153057,0.1181577295,1
225,170,0.1153049543,-0.02059489116,1
233,10,0.03164302558,0.318179369,1
233,18,0.001521807164,0.01433063298,1
233,26,0.2485341728,-0.06730923057,1
233,34,0.379542768,-0.0766890347,1
233,42,0.03015976772,-0.06061001867,1
233,50,0.06269712001,0.1373907924,1
233,58,0.09932212532,0.08650098741,1
233,66,0.009700803086,0.04978677258,1
233,74,0.0009440518916,0.1377232224,1
233,82,0.006757888943,0.04105334356,1
233,90,0.1237522215,0.06984688342,1
233,98,0.1677926779,0.0315954797,1
233,106,-0.02146784961,0.06597577035,1
233,114,-0.141368866,0.1721625477,1
233,122,-0.1760582626,0.1949220896,1
233,130,-0.1601181626,0.08063530922,1
233,138,-0.1420996934,-0.01707062498,1
233,146,-0.07955439389,0.01885661483,1
233,154,-0.08353628963,0.07911199331,1
233,162,-0.004113029689,0.1206803992,1
233,170,0.05543095618,0.04516302049,1
241,10,0.1681705415,0.2469607294,1
241,18,0.1422355473,0.00874818489,1
241,26,0.03815738857,-0.01138202474,1
241,34,-0.08290994912,-0.007303457707,1
241,42,-0.05758239329,-0.0175389424,1
241,50,-0.06300720572,0.03054607287,1
241,58,-0.1175765991,-0.08092332631,1
241,66,-0.1985145062,-0.09536449611,1
241,74,0.03916518018,0.006302945316,1
241,82,0.1703154296,-0.05021615326,1
241,90,0.2237163931,0.09428016096,1
241,98,0.03641462699,0.04928195104,1
241,106,-0.05662491918,0.0792189911,1
241,114,-0.05396287888,0.1113259047,1
241,122,-0.0977474004,0.179959327,1
241,130,-0.03705950081,0.1103344485,1
241,138,0.0253832005,-0.1198718473,1
241,146,-0.07609084249,-0.02416898683,1
241,154,-0.1081909537,0.0180673413,1
241,162,0.01745130867,0.07481960952,1
241,170,0.06762731075,0.1559094787,1
249,10,0.107737571,0.0943640694,1
249,18,0.1166171283,-0.05540316179,1
249,26,0.06025636196,-0.03259599954,1
249,34,0.0121063292,0.02892888524,1
249,42,0.009536756203,-0.08263186365,1
249,50,-0.04924754798,0.04140753299,1
249,58,-0.0786536485,-0.08244078606,1
249,66,-0.0605270341,-0.1689273119,1
249,74,-0.01084231958,0.03011615947,1
249,82,0.06077472121,-0.01190526038,1
249,90,0.07323105633,0.06480499357,1
249,98,-0.01909309253,-0.009781073779,1
249,106,-0.003523474559,0.1028030887,1
249,114,-0.06313942373,0.1415377855,1
249,122,-0.1112936139,0.1754251122,1
249,130,-0.03782934323,0.06881872565,1
249,138,-0.06374581903,-0.05367882922,1
249,146,-0.03459591791,0.02587311529,1
249,154,0.02836636454,-0.03236497194,1
249,162,0.08337825537,-0.04798231274,1
249,170,0.1815858781,0.1336797923,1
257,10,0.1655129343,-0.03233270347,1
257,18,0.0289971903,-0.02934522554,1
257,26,0.07385885715,-0.06175364181,1
257,34,0.05857034028,-0.01634102687,1
257,42,0.01591793634,-0.05086744204,1
257,50,-0.02333286218,0.0007891347632,1
257,58,-0.05338937789,-0.0190705806,1
257,66,-0.04065414518,0.05503240973,1
257,74,-0.002102982253,0.1574534029,1
257,82,0.06159488857,0.09319128096,1
257,90,0.07526839525,-0.03800716251,1
257,98,0.03496094793,-0.09122769535,1
257,106,0.0002456195652,0.1661997736,1
257,114,-0.09533940256,0.05706296861,1
257,122,-0.1374481171,0.1567803919,1
257,130,0.01964724436,0.125793457,1
257,138,0.01263302192,0.07109303027,1
257,146,-0.01130400598,0.1008796245,1
257,154,-0.002001896501,0.06301885843,1
257,162,0.07035946101,-0.07717387378,1
257,170,0.1524740905,0.08593870699,1
265,10,0.0288925916,-0.0820255205,1
265,18,-0.03757327795,0.06969554722,1
265,26,0.04231899977,0.0206871517,1
265,34,0.03519570082,0.02067555301,1
265,42,-0.01239918917,0.04182585701,1
265,50,0.01081468165,0.01259339694,1
265,58,-0.06549720466,-0.03478312492,1
265,66,-0.1514854729,0.02003251761,1
265,74,-0.07178334892,0.1081877872,1
265,82,0.2102213502,0.2881959975,1
265,90,0.0920214057,0.1250502467,1
265,98,0.04399566352,-0.03462460637,1
265,106,0.01941168495,-0.01527196169,1
265,114,-0.0412360467,-0.1212064922,1
265,122,0.0382318981,0.03109626472,1
265,130,0.1511521637,0.2839752436,1
265,138,0.02527698874,0.1176261306,1
265,146,0.07987327874,0.0735796392,1
265,154,0.09843662381,0.05096725374,1
265,162,0.04270053655,0.01159210503,1
265,170,0.1066525429,-0.03117370233,1
273,10,-0.01814020425,-0.0387823768,1
273,18,0.08149090409,0.05852035806,1
273,26,0.3814131618,0.1449109912,1
273,34,0.4753353,0.1039112285,1
273,42,0.2446334958,0.04648929834,1
273,50,0.156689927,0.08276945353,1
273,58,0.04830238968,0.03787389398,1
273,66,0.04458352178,-0.04160831124,1
273,74,0.1697000861,0.1864265949,1
273,82,0.2121223211,0.4325303435,1
273,90,0.2270555496,0.2459980845,1
273,98,0.04586489499,0.2177318484,1
273,106,-0.04384022951,0.03163550794,1
273,114,-0.02141590416,-0.0144171901,1
273,122,0.1371472776,0.03898304701,1
273,130,0.2291400284,0.1964315921,1
273,138,0.04648938775,0.1273431778,1
273,146,0.1039520875,0.01615335792,1
273,154,0.2373307049,0.01686745137,1
273,162,0.1001787633,0.1182981953,1
273,170,0.1735033691,-0.03678909317,1
281,10,0.09515196085,0.1041992456,1
281,18,0.1222884655,0.008648492396,1
281,26,0.2051384896,0.08375456929,1
281,34,0.1963486671,0.1091349646,1
281,42,0.2396280318,-0.02482639626,1
281,50,0.2782118022,0.05080435798,1
281,58,0.2405412197,0.1106720716,1
281,66,0.3641917408,0.08518243581,1
281,74,0.2680894136,0.2148704827,1
281,82,0.162047267,0.02779591084,1
281,90,0.3105547428,0.1289038658,1
281,98,0.1612426937,0.2218918204,1
281,106,0.082354635,0.1459381133,1
281,114,0.1035973579,0.07846581191,1
281,122,0.109490402,0.1570259482,1
281,130,0.1506637782,0.2210318893,1
281,138,0.03840304911,0.1958337128,1
281,146,-0.03910619393,0.1074778214,1
281,154,-0.008381705731,0.1640462428,1
281,162,0.1617937982,0.2133132964,1
281,170,0.187623769,0.2319471538,1
289,10,0.1314492524,0.08941949904,1
289,18,0.1181349754,-0.105180487,1
289,26,0.1534464955,-0.1332018077,1
289,34,0.1538163126,-0.05539245903,1
289,42,0.2667893469,-0.07245311141,1
289,50,0.2711924016,-0.01509220153,1
289,58,0.198140651,0.0920740515,1
289,66,0.258820504,0.02366627753,1
289,74,0.2804609537,-0.05229583383,1
289,82,0.2078332007,-0.0221093595,1
289,90,0.2349974215,0.0200875178,1
289,98,0.2000841796,0.01109287143,1
289,106,0.1720537245,0.005683019757,1
289,114,0.2810143232,0.01769759506,1
289,122,0.1623924822,0.1898617148,1
289,130,0.09094315022,0.1872748435,1
289,138,0.05738004297,0.2148115635,1
289,146,-0.06639236212,0.08968508989,1
289,154,-0.1485784352,0.1268781722,1
289,162,0.04793455079,0.2143592238,1
289,170,0.1081444994,0.3635087609,1
297,10,0.09966526926,-0.03820796311,1
297,18,0.1150751561,-0.1443236768,1
297,26,0.2180023491,-0.1831394583,1
297,34,0.1951118857,-0.1010989845,1
297,42,0.2296628058,-0.05721798912,1
297,50,0.284265399,-0.06341941655,1
297,58,0.1555820704,-0.07197593153,1
297,66,0.176634863,-0.02717195451,1
297,74,0.2376510799,-0.1391113102,1
297,82,0.226658985,0.06163074821,1
297,90,0.178587079,0.1158575937,1
297,98,0.1285507083,-0.003404453397,1
297,106,0.1000951529,-0.04560057074,1
297,114,0.1134752929,-0.01040348038,1
297,122,0.1344109029,0.1673386246,1
297,130,0.1224365383,0.1048028469,1
297,138,0.08202235401,0.1267732233,1
297,146,0.09513489902,0.01638132334,1
297,154,0.06297414005,0.003734692931,1
297,162,0.01704914495,0.2119853497,1
297,170,0.07239942253,0.3620274663,1
305,10,0.2221732736,-0.07645113021,1
305,18,0.1323483586,-0.08348628879,1
305,26,0.04658950865,-0.09624300897,1
305,34,0.1371193677,-0.114919126,1
305,42,0.200856328,-0.1470700204,1
305,50,0.2036422491,-0.06204175949,1
305,58,0.238424316,-0.08217504621,1
305,66,0.1727705598,-0.02878108621,1
305,74,0.07569169998,0.03847832978,1
305,82,-0.03263440728,0.00638525933,1
305,90,0.09254798293,0.03168598935,1
305,98,0.1195860654,0.01117778569,1
305,106,0.05473007262,0.05298820511,1
305,114,0.1098712236,0.1121283248,1
305,122,0.1808188111,0.08177131414,1
305,130,0.1919541955,0.05022680759,1
305,138,0.06548377126,0.07632871717,1
305,146,-0.01807896793,0.0130160749,1
305,154,0.06508599222,0.02505091578,1
305,162,0.0819023326,0.1122392118,1
305,170,0.05702608824,0.3087698221,1
313,10,0.1489027441,-0.134538576,1
313,18,0.05850037932,-0.07943353057,1
313,26,0.03814001381,-0.07850261033,1
313,34,0.1385677755,-0.05223248154,1
313,42,0.1885725409,-0.07766973227,1
313,50,0.2327759713,0.03612249717,1
313,58,0.2298879325,-0.002297271043,1
313,66,0.1646966189,-0.1084868163,1
313,74,0.1115192622,0.01233045012,1
313,82,0.06127992645,-0.1401780248,1
313,90,0.04205515236,-0.1253420711,1
313,98,0.03929191083,-0.06876154244,1
313,106,0.09187019616,-0.02128851786,1
313,114,0.09156356007,-0.004420056939,1
313,122,0.09435930848,0.03785216063,1
313,130,0.1512614191,0.1106304377,1
313,138,0.07107780129,-0.01617518812,1
313,146,-0.001707278192,0.008075807244,1
313,154,0.06295932084,0.1187707633,1
313,162,0.2501960695,0.144743979,1
313,170,0.1270525455,0.3068643212,1
321,10,0.01067697257,-0.2808859646,1
321,18,-0.01060375571,-0.1178657711,1
321,26,0.009145122021,-0.1080537811,1
321,34,0.08454377204,-0.103164196,1
321,42,0.09381406009,0.009782828391,1
321,50,0.1129488945,0.05733393133,1
321,58,0.1751221418,-0.04865905643,1
321,66,0.1655953526,-0.1139936298,1
321,74,0.1015112922,0.01991917938,1
321,82,0.08573079854,-0.07110036165,1
321,90,0.08092819154,-0.1082655936,1
321,98,0.02842879295,-0.06127876416,1
321,106,0.1758568734,-0.04013672471,1
321,114,0.06649954617,-0.1017034948,1
321,122,0.05423906446,-0.05546382815,1
321,130,0.3324539661,0.06690087914,1
321,138,0.2198495269,-0.08489279449,1
321,146,0.1117796972,-0.01420217007,1
321,154,0.09555535018,0.1951079667,1
321,162,0.003624606878,0.2444588244,1
321,170,-0.1017947346,0.3065526485,1
329,10,-0.01007523388,-0.3037374318,1
329,18,-0.02025246993,-0.06051710248,1
329,26,0.01556016877,-0.0886927098,1
329,34,0.0328521207,-0.06837581843,1
329,42,0.001787446439,-0.03251459822,1
329,50,0.07095506787,-0.1124831066,1
329,58,0.1101115793,-0.03200858086,1
329,66,0.05166563392,0.04810005799,1
329,74,0.1665383279,0.1429201066,1
329,82,0.1604554355,0.03640731424,1
329,90,-0.02203048766,-0.04595127329,1
329,98,-0.07144939899,0.02717992291,1
329,106,0.08624836802,0.0128443744,1
329,114,0.1318341196,-0.02999066934,1
329,122,0.1647210568,-0.0498303026,1
329,130,0.2157061398,0.01905556768,1
329,138,0.138485238,0.05688379705,1
329,146,0.02759769559,0.1518336833,1
329,154,-0.07370489091,0.1467051506,1
329,162,-0.04786061496,0.09235845506,1
329,170,-0.1120463163,0.2140703052,1
337,10,0.08876417577,-0.2588061094,1
337,18,0.01687907428,-0.02717814595,1
337,26,0.005633909255,-0.0320995301,1
337,34,0.01740207523,0.1950558424,1
337,42,0.0553227216,-0.07038618624,1
337,50,0.2096378803,-0.2459632158,1
337,58,0.2457088679,-0.07066833228,1
337,66,0.08009110391,0.0607867837,1
337,74,0.05436038226,0.1141628772,1
337,82,0.1326894462,0.07872776687,1
337,90,0.09377752244,0.04129038006,1
337,98,0.01085048914,-0.04942183197,1
337,106,0.1118275747,-0.183609277,1
337,114,0.1594547033,-0.05700274557,1
337,122,0.1932005137,0.007588066161,1
337,130,0.3626654744,0.0791298449,1
337,138,0.2857290804,0.1929543316,1
337,146,0.07735903561,0.2374496907,1
337,154,-0.1282846481,0.2177984715,1
337,162,-0.09531456232,0.1803705692,1
337,170,0.1831842959,0.1573642343,1
345,10,0.1819368899,-0.1982654035,1
345,18,0.06096446887,-0.05583779141,1
345,26,-0.05431569368,-0.03670626134,1
345,34,-0.07573046535,0.3269515634,1
345,42,-0.02045433223,0.01714391634,1
345,50,-0.03390619159,-0.2628532052,1
345,58,-0.03199197352,-0.1974542439,1
345,66,-0.0006543286145,0.03517315537,1
345,74,0.02772456408,0.04202968255,1
345,82,0.171155557,-0.03435197845,1
345,90,0.2576670647,-0.1454391778,1
345,98,0.1941747218,-0.1203693897,1
345,106,0.1073510572,-0.07491294295,1
345,114,0.005780041218,-0.0255995933,1
345,122,-0.0652064085,-0.09583443403,1
345,130,0.1368528455,0.02565554902,1
345,138,0.1444424391,0.0942671448,1
345,146,0.1373463124,0.1327980459,1
345,154,0.1406461447,0.1344103068,1
345,162,0.1570551693,0.1680573225,1
345,170,0.3868068457,0.09598455578,1
353,10,0.1647066772,-0.03320477903,1
353,18,0.07627186924,0.05610068142,1
353,26,-0.02653295174,0.03353382647,1
353,34,0.01506685838,0.2570623457,1
353,42,-0.04768959433,0.06982614845,1
353,50,-0.1143648997,-0.08368780464,1
353,58,-0.08874922246,-0.03937646002,1
353,66,-0.03950864822,0.04103170708,1
353,74,0.004061296582,-0.07839410007,1
353,82,0.1958895922,-0.2610899508,1
353,90,0.3428082168,-0.2121703178,1
353,98,0.1389102042,-0.1405270696,1
353,106,0.08537337184,-0.04276973754,1
353,114,0.04284517467,0.06355588138,1
353,122,0.06158487499,-0.05899410695,1
353,130,0.1912601292,-0.04941781983,1
353,138,0.228478089,-0.01762714237,1
353,146,0.2460852414,0.02078223228,1
353,154,0.2290791273,0.01868411526,1
353,162,0.2096966058,0.07358468324,1
353,170,0.2345568836,0.01665653288,1
361,10,-0.02460772544,-0.1986801922,1
361,18,0.03761844337,-0.007998526096,1
361,26,0.01368058752,0.07577084005,1
361,34,-0.0002854280174,0.1712565124,1
361,42,-0.07802458107,-0.01304155774,1
361,50,-0.2059205472,-0.003362638876,1
361,58,-0.1269402504,-0.03085829318,1
361,66,-0.01995922998,-0.07923036069,1
361,74,0.05811740458,-0.03974904865,1
361,82,0.1461897343,-0.04328030348,1
361,90,0.1604111493,-0.0544850044,1
361,98,0.1271127462,-0.1114607751,1
361,106,0.2354995012,-0.07379635423,1
361,114,0.1845701188,0.09631042928,1
361,122,0.06962860376,0.005335833877,1
361,130,0.1119731292,0.04168558121,1
361,138,0.2078258097,0.03164662421,1
361,146,0.2388300002,0.02770077251,1
361,154,0.1481944025,-0.03501131013,1
361,162,0.1210320294,0.02744655311,1
361,170,0.1199436113,0.05494104326,1
369,10,0.06492784619,-0.08604903519,1
369,18,0.02975507826,-0.1039642692,1
369,26,0.03628093749,-0.03670253605,1
369,34,0.02018021792,-0.03795332462,1
369,42,-0.0041045174,-0.0502455011,1
369,50,-0.0516898334,-0.04568133876,1
369,58,-0.002681106329,-0.03863013163,1
369,66,0.1065177396,-0.09145057946,1
369,74,0.0584166795,0.02553603798,1
369,82,0.1094285995,0.08368910849,1
369,90,0.1915984154,0.1236196905,1
369,98,0.1896061748,0.122570917,1
369,106,0.2886576653,0.1320409626,1
369,114,0.1785700619,0.1320797503,1
369,122,0.07557613403,0.04611843079,1
369,130,0.02896586061,0.1455576122,1
369,138,0.03193370253,0.1108717397,1
369,146,0.1514983326,0.09829334915,1
369,154,0.2159569114,-0.004125028849,1
369,162,0.1178346649,-0.005524940789,1
369,170,-0.02990997583,0.02605902776,1
377,10,0.06467500329,0.05650414526,1
377,18,0.1718174219,-0.1616713405,1
377,26,0.06012254208,-0.2768432796,1
377,34,0.1039576307,0.01793758385,1
377,42,0.1084455699,0.02434372716,1
377,50,-0.01929147542,0.02490456961,1
377,58,0.2545458674,-0.04527673125,1
377,66,0.2766648531,-0.1798044294,1
377,74,0.1903436631,-0.1732383072,1
377,82,0.1777199954,0.05329904705,1
377,90,0.0571013093,0.3438094854,1
377,98,0.03545102477,0.2125857323,1
377,106,0.1733222902,0.1446792483,1
377,114,0.1326111108,0.1030445993,1
377,122,0.1065596715,0.05643337965,1
377,130,0.05898463726,0.1672879755,1
377,138,-0.0234978348,0.188735038,1
377,146,0.1190447882,0.1255727708,1
377,154,0.2624771595,0.1484747231,1
377,162,0.02661509812,0.05201108754,1
377,170,-0.04595596716,-0.02835898288,1
385,10,0.08594272286,0.1104373187,1
385,18,0.04111810774,-0.1644672751,1
385,26,0.03861518949,-0.176042825,1
385,34,0.1267986745,0.001093003899,1
385,42,0.1340387166,0.09414135665,1
385,50,-0.01165553927,0.04418679327,1
385,58,0.1403398216,-0.02350974455,1
385,66,0.3134640455,-0.0593111515,1
385,74,0.2773114741,-0.133135438,1
385,82,0.180855602,0.00498634018,1
385,90,0.2529542744,0.2134585977,1
385,98,0.1303851902,0.1808187217,1
385,106,0.08832928538,0.1442840993,1
385,114,0.07390546054,0.01603450626,1
385,122,0.03166842461,-0.04247983173,1
385,130,0.05976184458,0.1337186992,1
385,138,0.1125364155,0.2258090675,1
385,146,0.2191279083,0.150085032,1
385,154,0.1952037513,0.07483804226,1
385,162,0.09088269621,0.02166426927,1
385,170,-0.04598343372,-0.04885605723,1
393,10,0.03513608128,0.1108000129,1
393,18,0.06334792823,-0.03636164963,1
393,26,0.1168806553,-0.08245681971,1
393,34,0.1522619724,-0.0677344352,1
393,42,0.1881734282,0.01287139766,1
393,50,0.1321877986,-0.001489873044,1
393,58,0.198716104,-0.07239088416,1
393,66,0.2525036931,0.03831715882,1
393,74,0.2337863892,-0.104257673,1
393,82,0.2338308394,-0.08056628704,1
393,90,0.2084948868,0.2136923224,1
393,98,0.03373879194,0.3430321813,1
393,106,0.1515356749,0.2165556252,1
393,114,0.1855331808,0.02139981836,1
393,122,-0.01478098333,0.117889598,1
393,130,0.1054554731,-0.01082475483,1
393,138,0.3278151155,0.2097536474,1
393,146,0.2586690485,0.2016945481,1
393,154,0.1768972427,0.01304775476,1
393,162,0.1012374535,0.03217788786,1
393,170,-0.006675809622,-0.04044046998,1
401,10,-0.1156043187,0.001711819321,2
401,18,-0.2543884516,-0.06408017874,1
401,26,0.05357915163,-0.1355707347,1
401,34,0.1430139244,-0.08213585615,1
401,42,0.07247158885,0.06234487891,1
401,50,-0.07363799959,0.07320645452,1
401,58,0.01413482428,-0.03163462877,1
401,66,0.03679022938,-0.09951578081,1
401,74,0.08431057632,-0.1396022141,1
401,82,0.1893673241,-0.1131940037,1
401,90,0.1007099897,0.0852740109,1
401,98,-0.1969002783,0.2478006482,1
401,106,-0.04493246228,0.1623258442,1
401,114,0.07827347517,0.006997656077,1
401,122,0.0008622519672,0.1330668181,1
401,130,0.2062513232,-0.07887707651,1
401,138,0.312425077,0.08425091207,1
401,146,0.1465330273,0.1674955785,1
401,154,0.2137602866,-0.00787588954,1
401,162,0.1862908304,0.05479290336,1
401,170,-0.01048507541,0.0008933991194,1
409,10,-0.1275605857,-0.04158437625,1
409,18,-0.0125227496,-0.2043620199,1
409,26,0.008294641972,-0.3426374197,1
409,34,0.01478680223,-0.2865830064,1
409,42,-0.04469418526,-0.09458754957,1
409,50,-0.07051678002,0.04702675715,1
409,58,0.0348046571,0.1809987128,1
409,66,0.1138687581,0.0717215538,1
409,74,0.1652567089,-0.09134152532,1
409,82,0.2211895883,-0.07692308724,1
409,90,0.1579255164,-0.01511271298,1
409,98,0.0344555974,-0.02222275734,1
409,106,-0.005126133561,0.1104125157,1
409,114,-0.06120966375,-0.01932356879,1
409,122,-0.1000656709,0.001063741744,1
409,130,0.1411778629,0.0647437647,1
409,138,0.1938729286,-0.05003556609,1
409,146,0.0829846561,0.04309628904,1
409,154,0.0661983788,-0.0880869031,1
409,162,0.1409751326,-0.007830321789,1
409,170,0.1265599728,0.08860972524,1
417,10,-0.3397681713,0.02283298969,1
417,18,-0.07674156129,-0.1640788913,1
417,26,0.2356885672,-0.3327014446,1
417,34,0.2050309032,-0.3389749527,1
417,42,0.04106805101,-0.1872833669,1
417,50,0.1076297387,-0.06483735144,1
417,58,0.01766821742,0.2422818244,1
417,66,0.09467734396,0.2770520449,1
417,74,0.3030172586,-0.009002372622,1
417,82,0.172064811,-0.1443841457,1
417,90,0.2295535803,-0.2127646804,1
417,98,0.256888032,-0.1811655015,1
417,106,0.01798035949,0.09253412485,1
417,114,-0.1728648394,0.01755103096,1
417,122,-0.1106065437,-0.1230603904,1
417,130,-0.02713754773,-0.1980256438,1
417,138,-0.08354783058,-0.2926785052,1
417,146,-0.1420011073,-0.1495041251,1
417,154,-0.1905245483,-0.1781954765,1
417,162,0.01143855602,-0.07382462919,1
417,170,0.3568470478,0.2171039134,1
