PIVlab, ASCII chart output - 02-Aug-2025
FRAME: 249, filenames: A:[249]FullStack_Pos0035_TgUtrmcherry_K4K8MO-1.avi & B:[250]FullStack_Pos0035_TgUtrmcherry_K4K8MO-1.avi, conversion factor xy (px -> m): 1, conversion factor uv (px/frame -> m/s): 1
x [px],y [px],u [px/frame],v [px/frame],Vector type [-]
9,10,0.006681844592,-0.03390556574,1
9,18,-0.1310915947,-0.08182424307,1
9,26,-0.1457422674,0.003012251109,1
9,34,-0.07540382445,0.08693227917,1
9,42,-0.004270594567,-0.04310821742,1
9,50,0.02746766806,0.01711143926,1
9,58,0.1610576212,0.2123677582,1
9,66,0.2302681506,0.2059139013,1
9,74,0.2881587148,0.3106372356,1
9,82,0.2069862783,0.223830089,1
9,90,0.01631406695,0.1357628852,1
9,98,-0.08752277493,0.1384280622,1
9,106,0.01407890022,0.1459935606,1
9,114,0.1894679368,0.06156805903,1
9,122,0.09536892176,0.03235404193,1
9,130,0.06003154814,0.1855026037,1
9,138,0.1393703818,0.09554366767,1
9,146,0.1619312465,-0.1037652791,1
9,154,-0.1146845222,-0.1784558892,1
9,162,-0.06041374803,-0.06377220154,1
9,170,0.4603585005,0.2734255493,1
17,10,-0.02163565904,-0.1767862141,1
17,18,-0.08074683696,-0.08335836232,1
17,26,-0.0855820477,-0.0661085099,1
17,34,0.1210865676,-0.06024458259,1
17,42,0.06441824138,-0.05079163611,1
17,50,-0.004674009979,0.01715086773,1
17,58,0.07848493755,-0.04166731611,1
17,66,0.04083381593,-0.04281710461,1
17,74,0.1448031962,0.131975323,1
17,82,0.1471404731,0.1120380461,1
17,90,0.007678627968,0.09007776529,1
17,98,-0.07130676508,0.04282444715,1
17,106,0.09268863499,-0.09596778452,1
17,114,0.2525869012,-0.1567343473,1
17,122,0.1386200637,-0.162735045,1
17,130,0.08042591065,-0.05112569407,1
17,138,-0.0005744248629,-0.01706877351,1
17,146,-0.06065945327,-0.01180423424,1
17,154,-0.1081338972,0.03740937635,1
17,162,0.06692104042,0.06387011707,1
17,170,0.2623262703,0.2379470617,1
25,10,-0.1747849286,-0.06609636545,1
25,18,0.1611713469,0.05320866778,1
25,26,0.3706620038,-0.09496417642,1
25,34,0.03975567222,-0.1282227188,1
25,42,-0.002330228686,-0.1063010544,1
25,50,0.005599018186,-0.03718405962,1
25,58,0.07928965986,-0.189168334,1
25,66,0.1014059931,-0.1240223646,1
25,74,0.02851997688,-0.08367480338,1
25,82,-0.063563779,-0.006011402234,1
25,90,0.02805932052,0.0321951136,1
25,98,0.02296635509,-0.03956558555,1
25,106,-0.005478096195,-0.1779088676,1
25,114,0.001739567146,-0.2112337351,1
25,122,0.01957553625,-0.129731372,1
25,130,0.1462156922,-0.1224863008,1
25,138,0.07341912389,-0.004929259419,1
25,146,-0.182802245,0.004927893169,1
25,154,-0.1241772622,0.07269622386,1
25,162,0.002986868843,0.1894538999,1
25,170,-0.06776153296,0.1438702941,1
33,10,-0.1415239125,0.04506780207,1
33,18,0.00629003346,-0.01747293025,1
33,26,0.1937081516,-0.07875487953,1
33,34,0.04234889895,-0.06581754982,1
33,42,0.04925795645,0.0986521095,1
33,50,0.09193126857,0.03199476749,1
33,58,0.07551006973,-0.1189730838,1
33,66,0.06093223393,-0.1415528208,1
33,74,0.03910493106,-0.1205206811,1
33,82,-0.04111394286,-0.03231308237,1
33,90,-0.1083107442,0.04192041606,1
33,98,-0.07136763632,0.02218149044,1
33,106,-0.0765285939,-0.1120682657,1
33,114,-0.05457103997,-0.1608023345,1
33,122,-0.1427044272,-0.09120447934,1
33,130,-0.06356242299,-0.1242987514,1
33,138,0.07782603055,-0.04476907477,1
33,146,0.01079175621,-0.02857933193,1
33,154,-0.09981100261,0.0142936185,1
33,162,-0.03382922709,0.08972068131,1
33,170,0.05753794312,0.06841616333,1
41,10,-0.1011710614,-0.1140003875,1
41,18,-0.06055493653,-0.156873852,1
41,26,0.04435906187,-0.08461353928,1
41,34,0.05709611252,-0.008745610714,1
41,42,0.08663760126,0.1670713574,1
41,50,0.06056936458,0.134435609,1
41,58,0.09211474657,0.02916127071,1
41,66,0.103370361,-0.0406290479,1
41,74,0.009474903345,-0.0705968067,1
41,82,-0.06977902353,-0.009227441624,1
41,90,-0.1050483733,0.06683316827,1
41,98,-0.08939677477,0.1696723998,1
41,106,-0.03923077881,0.08289621025,1
41,114,0.08101638407,-0.05072534084,1
41,122,0.04605839029,-0.07061293721,1
41,130,-0.0008484497666,-0.02905067429,1
41,138,0.06730949879,-0.03459291905,1
41,146,0.00213220343,0.01550026238,1
41,154,-0.0277890414,-0.02914851531,1
41,162,0.01793362573,-0.06930479407,1
41,170,0.1048113108,0.04014144838,1
49,10,-0.0185463354,-0.1597851813,1
49,18,-0.04132311046,-0.06243760139,1
49,26,-0.07125233859,0.009882092476,1
49,34,-0.03286349028,0.05147212744,1
49,42,0.04321769625,0.08545362949,1
49,50,0.08809737861,0.1061343551,1
49,58,0.1886610985,0.03708367422,1
49,66,0.2149453163,0.04349067435,1
49,74,-0.01272116601,0.008831311017,1
49,82,0.04872259125,0.08724460006,1
49,90,0.09628503025,0.1224993765,1
49,98,-0.08307027817,0.1745310128,1
49,106,-0.08967250586,0.1205817983,1
49,114,0.1374972761,0.01765602827,1
49,122,0.1193358004,0.07857626677,1
49,130,0.09141726047,0.04060279578,1
49,138,0.009732119739,-0.03623911738,1
49,146,-0.0343503058,0.03549684584,1
49,154,0.1317780763,-0.06092636287,1
49,162,0.08750172704,-0.06589178741,1
49,170,0.08261439204,0.03512895107,1
57,10,-0.2732018828,-0.1862528026,1
57,18,-0.07169891894,-0.06542197615,1
57,26,0.2096944004,-0.01579072699,1
57,34,0.2291694134,-0.05863845721,1
57,42,0.08086100221,0.1581551433,1
57,50,0.1139957681,0.06772601604,1
57,58,0.152628094,-0.01193435118,1
57,66,0.1003596559,0.03344005346,1
57,74,0.01383137703,-0.02776873484,1
57,82,0.02493953332,0.1118944436,1
57,90,0.02824404649,0.2364490181,1
57,98,-0.01319914684,0.1434110105,1
57,106,-0.0440537706,-0.02990181744,1
57,114,-0.004309166223,0.1116881818,1
57,122,0.05970243737,0.18749246,1
57,130,0.1293197274,0.01313414425,1
57,138,0.09536425024,0.003242153674,1
57,146,0.06381087005,-0.04455153272,1
57,154,0.2450454235,-0.08857545257,1
57,162,0.2663630247,0.005635288078,1
57,170,0.1583303809,0.109980002,1
65,10,-0.1688640714,-0.3375637531,1
65,18,-0.1783558875,-0.1368090957,1
65,26,0.01501016691,0.04984985292,1
65,34,0.1795724928,0.03842284158,1
65,42,0.2062080204,0.05625371262,1
65,50,-0.01012073457,-0.151319772,1
65,58,-0.002148382366,-0.03725463152,1
65,66,0.0005562379956,0.01739584841,1
65,74,-0.01906263456,-0.05815640092,1
65,82,0.05039335042,0.04373511672,1
65,90,0.03558120131,0.1352905333,1
65,98,0.02244601212,0.07020916045,1
65,106,-0.02122871391,-0.04451414943,1
65,114,-0.1272865832,0.08051490039,1
65,122,-0.06692261994,0.2291416228,1
65,130,0.067662552,0.1494963169,1
65,138,0.1060419902,0.06152746826,1
65,146,0.02515623719,-0.02178370208,1
65,154,0.1170192808,-0.005093326792,1
65,162,0.2638713121,0.01115310565,1
65,170,0.2878929973,0.05361297727,1
73,10,-0.1461602449,-0.1754061878,1
73,18,-0.1462589353,-0.03228183091,1
73,26,-0.08943568915,0.2042530477,1
73,34,0.09045368433,0.1870251,1
73,42,0.1969572306,0.07174485922,1
73,50,-0.03588365763,-0.09884933382,1
73,58,-0.1226080507,-0.06941665709,1
73,66,0.01376906596,-0.04696553946,1
73,74,0.118977733,-0.08508726209,1
73,82,0.1482997388,-0.07685884833,1
73,90,0.1152970493,0.1154963672,1
73,98,0.08338268846,0.1426690817,1
73,106,-0.03144095466,0.04255572706,1
73,114,-0.2249687463,-0.0428927578,1
73,122,-0.1590664685,0.01625005156,1
73,130,0.0375610292,0.1246558577,1
73,138,0.05555637181,0.07652644068,1
73,146,-0.01588534564,0.1335559934,1
73,154,-0.04217589647,0.06823465228,1
73,162,0.1799098253,-0.01676157489,1
73,170,0.3491699696,-0.06599026918,1
81,10,-0.1524554789,-0.0352384299,1
81,18,0.2728957534,-0.1381255537,1
81,26,0.2788678408,0.1080975831,1
81,34,0.117598705,0.1339565516,1
81,42,0.07580086589,0.02692591771,1
81,50,-0.05344930291,0.0889806971,1
81,58,-0.03655710444,-0.1011583805,1
81,66,0.1103068888,-0.09211023152,1
81,74,0.1963707954,-0.06226982549,1
81,82,0.008615635335,-0.04629902169,1
81,90,0.1007276773,0.1069284827,1
81,98,0.2100963145,0.1919450909,1
81,106,0.2024131417,0.254160136,1
81,114,0.00379037112,0.002108316869,1
81,122,0.1806990802,-0.08398120105,1
81,130,0.2369678617,0.05568823218,1
81,138,0.03518389165,0.05808113515,1
81,146,0.0228786841,0.1523329169,1
81,154,-0.06884605438,0.1000893265,1
81,162,-0.0122570172,0.1158979684,1
81,170,0.237426281,-0.1044847816,1
89,10,-0.1217692643,0.01090202481,1
89,18,0.09435162693,-0.1399593651,1
89,26,0.117118597,0.01244778186,1
89,34,-0.1350435466,0.08795242757,1
89,42,-0.2454447597,-0.03079330921,1
89,50,-0.2912552059,0.04692882299,1
89,58,-0.05629388615,-0.1085323244,1
89,66,0.02064133249,-0.1570999324,1
89,74,0.03071473166,-0.04168012738,1
89,82,-0.02308872715,0.04562310129,1
89,90,-0.2251088917,-0.1084508598,1
89,98,-0.1732822061,-0.04310616106,1
89,106,0.07051376253,0.02365355939,1
89,114,0.06675612926,-0.01842710376,1
89,122,0.06888906658,0.06835465878,1
89,130,0.007294271141,0.05906123295,1
89,138,0.06715812534,-0.01234096661,1
89,146,0.05168981105,-0.02122659981,1
89,154,-0.1311286986,0.1568455696,1
89,162,-0.1270845979,0.2219116986,1
89,170,0.1767200977,0.08370754868,1
97,10,0.07561993599,0.01692807674,1
97,18,-0.02788144909,-0.09265111387,1
97,26,-0.1284880489,0.02616981417,1
97,34,-0.1601387858,0.0312811695,1
97,42,-0.01707684994,-0.03751638532,1
97,50,-0.04952665418,-0.07829029113,1
97,58,-0.07350823283,-0.08193758875,1
97,66,-0.006599575281,-0.08084625006,1
97,74,0.02538325638,-0.0004626922309,1
97,82,-0.03847385198,-0.06922154129,1
97,90,-0.1400975287,-0.1631070673,1
97,98,-0.07757059485,-0.1036752835,1
97,106,-0.04136046767,-0.04641330987,1
97,114,0.03193131089,-0.07414372265,1
97,122,0.110565111,0.0404817462,1
97,130,0.02094895393,0.03803738579,1
97,138,-0.01013657451,-0.05554671213,1
97,146,0.09776495397,-0.1059558243,1
97,154,-0.02703392506,0.1609865129,1
97,162,-0.1006916612,0.1912334859,1
97,170,0.03815194964,0.1721752733,1
105,10,-0.007865309715,-0.1178373694,1
105,18,0.01906142943,-0.1328709126,1
105,26,0.02583287656,-0.001706078649,1
105,34,-0.1154931337,-0.005825847387,1
105,42,0.01530749723,-0.1158096492,1
105,50,0.1475428194,-0.225502342,1
105,58,0.084779948,-0.024962686,1
105,66,0.156570971,0.06402085721,1
105,74,0.0534796007,0.01158618927,1
105,82,0.08440578729,-0.1103475988,1
105,90,0.07460945845,-0.1267008334,1
105,98,0.06223478913,0.1603222638,1
105,106,0.02126583084,0.05302583054,1
105,114,-0.01563206315,0.03154210746,1
105,122,0.0312836282,0.0662150532,1
105,130,-0.01967038028,-0.07785957307,1
105,138,-0.1206358522,-0.1449994445,1
105,146,-0.1881426275,0.06718679518,1
105,154,-0.1015099436,0.03165895864,1
105,162,-0.1512537003,0.07941481471,1
105,170,-0.1010505706,0.2301022559,1
113,10,-0.06894040108,0.02416294441,1
113,18,-0.1329473853,-0.08608329296,1
113,26,0.004702717066,-0.09651753306,1
113,34,0.00201671198,-0.0273411572,1
113,42,-0.05973222852,-0.1421466023,1
113,50,0.1150998175,-0.2247098535,1
113,58,0.05644727498,-0.1117667928,1
113,66,0.06915120035,0.06526521593,1
113,74,0.09323624521,-0.05741009861,1
113,82,0.1692514718,-0.09192942083,1
113,90,0.1319132447,-0.02280287072,1
113,98,0.07767152041,0.1713869572,1
113,106,-0.05159547925,0.1693730652,1
113,114,-0.1037878543,0.09141011536,1
113,122,-0.02276946977,0.1586086303,1
113,130,-0.2607351542,-0.05325305462,1
113,138,-0.2114153504,-0.2173949778,1
113,146,-0.1595568359,-0.06050509587,1
113,154,-0.1950397193,-0.0592905134,1
113,162,0.03034140915,-0.05849932879,1
113,170,0.07205213606,0.159781456,1
121,10,-0.07258397341,0.07014226913,1
121,18,-0.1512536556,-0.0114114508,1
121,26,0.03463478386,-0.1739852726,1
121,34,-0.03029986285,-0.1025103182,1
121,42,-0.1532192826,-0.08831146359,1
121,50,-0.02955361456,-0.2741082907,1
121,58,0.1057542861,-0.1966393739,1
121,66,-0.08681385219,0.1565047503,1
121,74,0.06265038252,0.02088920027,1
121,82,0.09451849759,-0.06972876936,1
121,90,0.05085228011,-0.03614021838,1
121,98,-0.005132254213,0.05270657688,1
121,106,-0.09765484929,0.2095015049,1
121,114,-0.1175972447,0.1486111283,1
121,122,-0.1312942058,0.1263902932,1
121,130,-0.001700190827,0.1457094848,1
121,138,0.1164850816,-0.02827961743,1
121,146,-0.08453705907,-0.1218723208,1
121,154,-0.08719825745,-0.06796446443,1
121,162,0.07861305773,-0.1002588719,1
121,170,0.05532406643,-0.0639610365,1
129,10,0.1196246594,0.05582404137,1
129,18,-0.03649600595,0.08861712366,1
129,26,-0.1024966836,-0.07054382563,1
129,34,-0.1916759163,-0.0886695087,1
129,42,-0.353672564,-0.05617531389,1
129,50,-0.04818069935,-0.1491833329,1
129,58,0.108171761,-0.1144709066,1
129,66,-0.05551150814,0.1522632241,1
129,74,-0.07290050387,0.1116579622,1
129,82,0.05948739499,-0.06980273128,1
129,90,0.02671838365,-0.1340055466,1
129,98,-0.09090420604,-0.09247596562,1
129,106,-0.1330056489,0.02184824646,1
129,114,-0.007829483598,0.1637167633,1
129,122,-0.07412643731,0.04877133667,1
129,130,-0.02345929295,0.09735246003,1
129,138,0.3042347431,0.1974704266,1
129,146,0.0657351017,0.0398078151,1
129,154,-0.02206270956,0.004920829087,1
129,162,0.01924957335,-0.0292692855,1
129,170,-0.04510224983,-0.1495773047,1
137,10,0.0007584691048,0.0235619694,1
137,18,-0.0280783549,0.1280799359,1
137,26,0.01990095899,-0.07153229415,1
137,34,0.07702077925,-0.09324739873,1
137,42,0.08713158965,-0.02633756027,1
137,50,-0.06096986309,-0.04709110409,1
137,58,-0.001024885103,0.07657954097,1
137,66,0.01508819126,0.0506499745,1
137,74,-0.04799836501,0.06372436881,1
137,82,0.09241127968,-0.02629157156,1
137,90,0.1369841844,-0.1742120683,1
137,98,0.1030048504,-0.1577750146,1
137,106,-0.01911250316,-0.1439888179,1
137,114,0.05511695519,0.1105044335,1
137,122,0.1347128302,0.04707437754,1
137,130,0.07422212511,0.07703103125,1
137,138,0.2462396324,0.0290783532,1
137,146,0.0787763074,0.06589690596,1
137,154,-0.06940940022,0.2119802684,1
137,162,-0.0275292024,0.125795126,1
137,170,-0.08496268839,-0.09358855337,1
145,10,0.008949846029,-0.09309282154,1
145,18,0.02947757021,-0.04057535157,1
145,26,0.01569055021,-0.06673853099,1
145,34,0.09559299797,0.008977428079,1
145,42,0.1244067922,0.1076308638,1
145,50,0.02412532456,-0.01607310772,1
145,58,0.0435015671,0.09765647352,1
145,66,0.1659219265,-0.1008789912,1
145,74,0.1238075793,0.07261820138,1
145,82,0.1496594846,0.1240251437,1
145,90,0.2308472693,-0.0963177681,1
145,98,0.1346335709,-0.1906798631,1
145,106,0.02696555853,-0.06741847098,1
145,114,0.01688074693,0.1404037625,1
145,122,0.02509332448,0.1140063256,1
145,130,0.03111147881,0.04175584763,1
145,138,-0.008695565164,0.05849380791,1
145,146,0.05894230306,0.07341838628,1
145,154,0.1162188351,0.1857096851,1
145,162,0.09874881804,0.08247945458,1
145,170,-0.07478637993,0.02797546983,1
153,10,0.05007467419,-0.05105540529,1
153,18,-0.07337390631,-0.04810299352,1
153,26,0.01018498838,-0.02267463692,1
153,34,0.09321182221,0.1394587457,1
153,42,0.07311414927,0.1250818074,1
153,50,-0.01429657638,-0.1369391829,1
153,58,0.01272417605,-0.02912544832,1
153,66,-0.02583470196,0.033942312,1
153,74,0.05598959327,0.1987041384,1
153,82,0.1743760407,0.1871839166,1
153,90,0.1455417573,-0.02285270579,1
153,98,0.09047845006,-0.2594353557,1
153,106,0.04546025395,0.0001732278615,1
153,114,0.01280534267,0.0998544991,1
153,122,-0.04837150499,0.05086200684,1
153,130,-0.03964241594,0.02066750266,1
153,138,0.02277196571,0.04737872258,1
153,146,0.05299077556,0.05328274891,1
153,154,0.1328927875,0.07256896794,1
153,162,0.1830752343,-0.02905409783,1
153,170,0.04440335184,-0.03095085919,1
161,10,0.2949590385,0.03927439451,1
161,18,0.08804090321,0.04661734402,1
161,26,-0.007378570735,0.07512253523,1
161,34,-0.04302981123,0.1511080116,1
161,42,-0.01254730672,0.01850598678,1
161,50,0.1008504778,-0.03557277098,1
161,58,0.1611847878,-0.0217721127,1
161,66,0.1601908207,-0.03780486435,1
161,74,0.1470344961,0.04421625286,1
161,82,0.1950852275,0.07115527987,1
161,90,0.2308422476,0.03370419145,1
161,98,0.2272134274,0.01960301399,1
161,106,0.09982027113,0.04703648016,1
161,114,0.02248179913,-0.03043876961,1
161,122,0.04874170199,-0.06047274172,1
161,130,0.0667469278,0.1455607265,1
161,138,0.1497502029,0.05136676133,1
161,146,0.152841866,0.005731225014,1
161,154,0.1856564581,0.08823999763,1
161,162,0.282864064,-0.035928756,1
161,170,0.1114703715,-0.0793768689,1
169,10,0.0446575582,0.002413909882,1
169,18,-0.0344758071,0.03499069065,1
169,26,-0.0276480075,0.0773961246,1
169,34,-0.07361836731,0.06344598532,1
169,42,0.01098781079,-0.1018172428,1
169,50,0.1477330029,0.03061903641,1
169,58,0.1432112753,0.125419572,1
169,66,0.119017832,-0.03048909083,1
169,74,0.1594875306,-0.007231719792,1
169,82,0.1919255257,-0.09029233456,1
169,90,0.2085830867,0.0846741274,1
169,98,0.2556164265,0.1595711559,1
169,106,0.1507435143,0.08989214897,1
169,114,0.005102165043,-0.1612018049,1
169,122,0.04523337632,-0.1279007941,1
169,130,0.03199857473,0.08259937167,1
169,138,0.05831616744,0.1478493512,1
169,146,0.09995935112,0.01135407761,1
169,154,-0.04533339664,-0.003090245649,1
169,162,-0.04379091039,-0.04210726917,1
169,170,-0.008957244456,-0.03701534122,1
177,10,0.01027327776,-0.03126554936,1
177,18,0.02368284389,0.07717936486,1
177,26,-0.03514712304,0.04370969161,1
177,34,-0.009078793228,-0.01122597046,1
177,42,0.07217410952,-0.1033484638,1
177,50,0.08668997884,-0.01110732183,1
177,58,0.01753465831,0.09031023085,1
177,66,-0.01464004815,-0.01116206124,1
177,74,0.07491755486,-0.1080858931,1
177,82,0.2007040977,-0.1467600763,1
177,90,0.2201341689,0.1246221736,1
177,98,0.1228513494,0.1986703575,1
177,106,0.08843066543,0.1159003377,1
177,114,0.1041190103,-0.04917465895,1
177,122,0.0963768512,-0.1211717725,1
177,130,0.07007296383,0.01574819908,1
177,138,0.1427000016,0.04426864535,1
177,146,-0.05527082086,0.0371520929,1
177,154,-0.1171985343,-0.03835970536,1
177,162,-0.1197042316,0.02047150023,1
177,170,-0.08940784633,0.04178928956,1
185,10,-0.09594685584,-0.004397523589,1
185,18,-0.01674733683,0.03667819127,1
185,26,0.07800266147,0.02882764861,1
185,34,0.01939908415,0.01296045631,1
185,42,0.02784583718,0.03973469138,1
185,50,-0.03847391158,0.02057961375,1
185,58,-0.1333858967,-0.1321098208,1
185,66,-0.1696572155,-0.0954490304,1
185,74,-0.05619960278,-0.2688912749,1
185,82,0.1427367032,-0.1891178787,1
185,90,0.2452916801,0.1380829215,1
185,98,0.09729069471,0.3308645487,1
185,106,0.05575414747,0.2517198622,1
185,114,0.1437174231,0.1234153658,1
185,122,0.1583109647,0.02936314046,1
185,130,0.06338911504,0.02422469854,1
185,138,-0.00871873647,-0.122669667,1
185,146,0.005099156406,0.005872932263,1
185,154,0.06481250376,0.001349721104,1
185,162,-0.07313450426,0.04007387906,1
185,170,-0.1604039073,0.1066271365,1
193,10,-0.03965794295,0.01079325937,1
193,18,-0.1267408878,0.007538331673,1
193,26,-0.06059573963,-0.03275470436,1
193,34,0.04861497879,0.05210661888,1
193,42,0.03298567981,0.1059448943,1
193,50,-0.1013102978,-0.08021554351,1
193,58,-0.07659222186,-0.3105806708,1
193,66,-0.03333163261,-0.05186635256,1
193,74,-0.1023218334,-0.1919788718,1
193,82,-0.04028110951,-0.1955440044,1
193,90,0.08939236403,0.1079964489,1
193,98,-0.1072491258,0.3592787981,1
193,106,-0.07942636311,0.3079814315,1
193,114,0.05768101662,0.2110820413,1
193,122,0.08325807005,0.09789284319,1
193,130,-0.001989807934,-0.02769387513,1
193,138,0.02153676748,-0.1437965035,1
193,146,0.05930754542,-0.1183864251,1
193,154,0.07008643448,-0.04929441959,1
193,162,-0.01144862175,0.03172494099,1
193,170,-0.1187579483,0.107177414,1
201,10,-0.08102270961,-0.04453876615,1
201,18,-0.04500197992,0.08424796909,1
201,26,-0.0255643893,-0.03719898313,1
201,34,0.1750725657,0.07942898571,1
201,42,0.2250350118,0.02837463468,1
201,50,-0.01592159644,-0.02245653048,1
201,58,-0.07720886171,-0.07239794731,1
201,66,-0.06131875515,0.09954816103,1
201,74,-0.1766552925,-0.1332107484,1
201,82,-0.1043780148,-0.1169571653,1
201,90,0.128795594,0.07635308057,1
201,98,-0.05938980728,0.1766427159,1
201,106,-0.1936806291,0.008143469691,1
201,114,0.06289952993,0.175094381,1
201,122,0.04031524435,0.08766468614,1
201,130,0.05858270824,-0.0611801073,1
201,138,0.1030912176,-0.1201485693,1
201,146,0.05384025723,-0.1388943642,1
201,154,-0.02121252194,-0.09597927332,1
201,162,-0.0130957365,0.102466464,1
201,170,-0.06829488277,0.1393886209,1
209,10,-0.1041154861,-0.07604063302,1
209,18,0.1657475829,0.191185087,1
209,26,0.1350554526,0.1201932281,1
209,34,0.1845005155,0.1166765019,1
209,42,0.07060961425,-0.0158280395,1
209,50,-0.1468305737,0.04699148983,1
209,58,-0.3494189084,0.03143962845,1
209,66,-0.1698453724,0.03450020403,1
209,74,-0.1099005118,-0.07592393458,1
209,82,-0.02319613099,-0.09457658231,1
209,90,0.08615961671,0.0002253763378,1
209,98,-0.06490428001,0.01744823903,1
209,106,-0.1626587957,-0.02333541214,1
209,114,-0.0774821341,-0.03217894211,1
209,122,-0.07557412982,-0.07141363621,1
209,130,0.1069770306,-0.06132240221,1
209,138,0.1961041242,-0.05375295877,1
209,146,0.02353417501,-0.1174954474,1
209,154,0.01334762573,-0.1626412868,1
209,162,-0.08017776161,0.002339705825,1
209,170,-0.07937283814,-0.01472149789,1
217,10,-0.1902580261,-0.01678576693,1
217,18,0.1122487932,0.09833752364,1
217,26,0.1416310519,0.06834203005,1
217,34,0.06043083221,-0.1061474159,1
217,42,-0.07103034854,0.05683445558,1
217,50,-0.1421189308,0.0531212315,1
217,58,-0.1842599213,0.04726108909,1
217,66,-0.1464226395,0.06207497418,1
217,74,-0.09870928526,-0.08534786105,1
217,82,-0.04300011694,-0.09440480918,1
217,90,0.06594292074,-0.01701024547,1
217,98,-0.02650537528,0.01052513719,1
217,106,-0.1667430699,-0.01728976518,1
217,114,-0.1617661715,-0.03248543292,1
217,122,-0.1590166241,-0.1420708299,1
217,130,-0.04195801169,0.009775619023,1
217,138,-0.05217678845,0.04785797745,1
217,146,-0.00963912718,-0.0551751405,1
217,154,0.1327319741,-0.1110134944,1
217,162,0.1119492352,-0.0638532117,1
217,170,0.06946334988,-0.04266864061,1
225,10,-0.1851238161,0.01659783348,1
225,18,-0.0379216522,0.06390538812,1
225,26,0.03792738914,0.02856662124,1
225,34,0.09297435731,-0.0236963816,1
225,42,-0.07073625922,0.1472168565,1
225,50,-0.158834219,0.09908812493,1
225,58,-0.1157427579,0.1006856114,1
225,66,-0.03706132993,0.04123426229,1
225,74,0.07692132145,-0.1606401652,1
225,82,0.02913109958,-0.1460597217,1
225,90,0.01508322544,-0.09466616064,1
225,98,0.1317346692,-0.1018854827,1
225,106,0.09124320745,-0.05160827562,1
225,114,-0.04853715003,-0.02201330662,1
225,122,-0.1132195741,-0.1106570736,1
225,130,-0.1216668114,0.07099334896,1
225,138,-0.07958810031,0.1590933055,1
225,146,-0.04325782135,-0.005821656436,1
225,154,0.04634380713,0.05510443449,1
225,162,0.01689992845,0.01145387068,1
225,170,-0.001837577671,0.05329957232,1
233,10,-0.07884345204,-0.002430036664,1
233,18,-0.09010709822,0.08157145977,1
233,26,-0.2345063686,0.2060663402,1
233,34,0.02955442667,0.0283113718,1
233,42,-0.09078826755,0.05877952278,1
233,50,-0.1677683443,0.1667608023,1
233,58,-0.1494057924,0.1582052708,1
233,66,-0.04542825371,0.04514394328,1
233,74,0.1190173775,-0.1158040762,1
233,82,0.07144877315,-0.1931084991,1
233,90,-0.09504105151,-0.03733674437,1
233,98,-0.05371452495,-0.2280320525,1
233,106,0.006146639585,-0.06761740148,1
233,114,0.02291690186,0.1678162515,1
233,122,-0.02568417788,0.04701054469,1
233,130,-0.1801787615,-0.05590460822,1
233,138,-0.1546044648,0.06621504575,1
233,146,-0.02201297693,-0.09674870968,1
233,154,-0.03116615862,-0.0266927816,1
233,162,-0.1558452994,0.01661290973,1
233,170,-0.01794017851,0.06524564326,1
241,10,0.01132677495,0.08298376203,1
241,18,-0.04676101729,0.07079219818,1
241,26,-0.008543819189,0.168492943,1
241,34,-0.06729472429,0.09001924098,1
241,42,-0.2166179717,-0.03431955725,1
241,50,-0.1460739672,0.1242693663,1
241,58,0.1037369743,0.1349307597,1
241,66,0.05108979344,0.007956277579,1
241,74,0.01089137793,-0.1770223677,1
241,82,0.05699542165,-0.1437711418,1
241,90,-0.05006989837,0.07512819022,1
241,98,-0.08511927724,-0.1019965038,1
241,106,-0.08178529888,-0.005046494305,1
241,114,-0.03526362777,0.05635228008,1
241,122,-0.07284995168,0.07827743888,1
241,130,-0.07693977654,0.03249498829,1
241,138,0.01411481947,0.05630959943,1
241,146,0.04606104642,-0.04397146031,1
241,154,0.03131467849,-0.04851700366,1
241,162,-0.02523203194,-0.05239427462,1
241,170,-0.03842372447,-0.05356269702,1
249,10,-0.02254706249,0.1589819044,1
249,18,-0.08721344173,0.1219049022,1
249,26,0.02080954611,0.2086820304,1
249,34,-0.06254280359,0.1932352632,1
249,42,-0.2418472767,0.08523388952,1
249,50,-0.1580669284,0.1064739451,1
249,58,0.06778228283,0.07385150343,1
249,66,0.04645333439,-0.006022479385,1
249,74,-0.1599518061,-0.1398804784,1
249,82,-0.22987023,-0.1547413915,1
249,90,-0.138784796,-0.05144375563,1
249,98,-0.02285815775,0.1238176823,1
249,106,-0.1172520295,0.1187380552,1
249,114,-0.1666584909,-0.01475116983,1
249,122,-0.1743622422,0.03443109989,1
249,130,0.02664124407,0.08007481694,1
249,138,0.03312051296,0.02403381281,1
249,146,-0.02584084123,0.0006108507514,1
249,154,0.02917280421,-0.008744001389,1
249,162,-0.05360293388,-0.0019736588,1
249,170,-0.2319480181,-0.1046398431,1
257,10,-0.04639019072,0.06954536587,1
257,18,-0.04995363206,0.04785648733,1
257,26,-0.05433799326,0.1090512723,1
257,34,-0.006990417838,0.3016185164,1
257,42,-0.1079129428,0.2904067636,1
257,50,-0.1045691222,0.07423649728,1
257,58,0.05055572465,0.06126975641,1
257,66,0.05866210908,0.02270550281,1
257,74,-0.02314646542,-0.0463010408,1
257,82,-0.2178972661,-0.08497448266,1
257,90,-0.2432448715,-0.0597454384,1
257,98,-0.01061893255,0.04621930793,1
257,106,0.00306840241,0.08143918216,1
257,114,-0.129305914,0.09019505978,1
257,122,-0.1659408808,0.02186505683,1
257,130,0.0944269076,-0.07467662543,1
257,138,0.05756201595,-0.02556011081,1
257,146,-0.000631287694,0.06047319248,1
257,154,0.01055882499,-0.000650383532,1
257,162,-0.03290989995,0.00648394227,1
257,170,-0.1347212791,-0.1166895181,1
265,10,-0.07413929701,0.08643631637,1
265,18,-0.1817559898,0.02914296836,1
265,26,-0.2100588977,0.04774453118,1
265,34,0.04454342276,0.2738642395,1
265,42,0.06576228887,0.2116390914,1
265,50,-0.008317805827,0.04415922612,1
265,58,-0.01466289721,0.1934644133,1
265,66,-0.04147809744,0.1160745919,1
265,74,0.0189345479,-0.1045583636,1
265,82,-0.07671888918,-0.05528495461,1
265,90,-0.2234997749,0.001564379781,1
265,98,-0.06010864675,-0.05624412745,1
265,106,-0.06403630972,-0.02862321027,1
265,114,-0.1300700009,0.186836794,1
265,122,-0.07004995644,0.04024085402,1
265,130,-0.03565646335,-0.05549427494,1
265,138,-0.0308621116,-0.09697315842,1
265,146,-0.04196120426,0.01972813718,1
265,154,0.01191040687,0.02094711736,1
265,162,0.04006136209,-0.05154234916,1
265,170,-0.1025438905,-0.1041751951,1
273,10,-0.1092752889,0.1513372362,1
273,18,-0.1198816821,0.07341652364,1
273,26,-0.1671207398,0.0005625039339,1
273,34,-0.04576458037,-0.03647434711,1
273,42,0.1129517555,0.1011343896,1
273,50,0.01257198304,0.2126089483,1
273,58,-0.02485860884,0.2045889348,1
273,66,0.2149054855,0.08976969123,1
273,74,0.1889066249,-0.01098872721,1
273,82,-0.005397483706,-0.0365029797,1
273,90,-0.06827664375,-0.09234416485,1
273,98,0.05441078171,-0.150849551,1
273,106,-0.02487566322,-0.04494448751,1
273,114,-0.02537553012,0.1912358254,1
273,122,-0.01798932627,0.08461982757,1
273,130,-0.06372350454,0.07299818844,1
273,138,-0.1084390581,-0.09169416875,1
273,146,-0.04860286042,-0.03259931505,1
273,154,-0.06279887259,0.06052039564,1
273,162,-0.02207678556,0.01555603743,1
273,170,0.004310578108,0.007599122822,1
281,10,-0.09035950154,0.08911170065,1
281,18,-0.1354414821,-0.01315334439,1
281,26,-0.1752484888,-0.1157530099,1
281,34,-0.169538334,-0.1899383366,1
281,42,-0.06540302187,0.06195761263,1
281,50,0.0003071231768,0.1589086205,1
281,58,-0.01246012002,0.1637363285,1
281,66,0.1958977282,0.07081001997,1
281,74,0.2280630618,0.0494735837,1
281,82,-0.08031176776,-0.1272499859,1
281,90,-0.006284589879,-0.09082444012,1
281,98,0.03396815807,-0.03913695365,1
281,106,0.01489699632,0.02275274508,1
281,114,-0.03358495981,0.1760043949,1
281,122,-0.02231536806,0.09593946487,1
281,130,-0.002159271389,0.1468767524,1
281,138,-0.06085623056,0.01078923419,1
281,146,-0.0287047103,0.05461716652,1
281,154,-0.03366935253,0.011174649,1
281,162,-0.1361326724,0.02763200551,1
281,170,-0.1343397647,0.1382779181,1
289,10,0.0225516744,0.008231654763,1
289,18,0.03013986349,-0.128773421,1
289,26,-0.006597913802,-0.1463360637,1
289,34,-0.0216608122,-0.08256283402,1
289,42,0.03310684487,-0.04153735191,1
289,50,0.08644737303,0.06593120098,1
289,58,0.05608970299,0.1079442799,1
289,66,-0.04174973071,0.08330899477,1
289,74,0.1100230515,0.0695264861,1
289,82,0.177151382,-0.03746362776,1
289,90,-0.002166125923,-0.1223279685,1
289,98,-0.08732399344,0.02464545518,1
289,106,-0.05963810533,0.08655830473,1
289,114,-0.0387801379,0.04002087563,1
289,122,-0.000357940793,0.01658144407,1
289,130,0.02075871825,0.07606232911,1
289,138,-0.0280020982,0.05848855898,1
289,146,-0.1184423566,-0.004694722593,1
289,154,-0.06530640274,-0.05819159374,1
289,162,-0.05381243676,0.03754812479,1
289,170,-0.07250240445,0.1992257535,1
297,10,0.05791112036,-0.04946721345,1
297,18,-0.00515955314,-0.01778929308,1
297,26,-0.02917732298,-0.2071077079,1
297,34,-0.1439489722,0.03141673654,1
297,42,-0.02844227478,-0.0604288131,1
297,50,0.04491780698,0.0726365149,1
297,58,-0.04451155663,0.103685759,1
297,66,-0.05683611706,0.1313414574,1
297,74,-0.01629681326,0.1188606024,1
297,82,-0.04951889813,0.1430349946,1
297,90,-0.04271770269,-0.2046420127,1
297,98,-0.027428478,-0.1297589839,1
297,106,-0.08695001155,0.02926386148,1
297,114,-0.05440756306,0.03135930747,1
297,122,0.008303318173,0.08111773431,1
297,130,0.01694712974,0.05208975449,1
297,138,-0.01858709939,0.01366491616,1
297,146,0.01534183137,-0.03921619058,1
297,154,0.06230710074,0.01757592708,1
297,162,-0.1767948568,0.0954727605,1
297,170,-0.1781610847,0.2113879472,1
305,10,-0.1133427918,0.1858337969,1
305,18,-0.1551028192,0.08669796586,1
305,26,-0.03124636412,-0.05304260552,1
305,34,-0.05930123106,0.08541595936,1
305,42,-0.1571885645,0.01990652829,1
305,50,-0.09582342207,0.04389479011,1
305,58,0.04588058218,0.0381442681,1
305,66,0.06648147106,0.1341504604,1
305,74,0.02269664593,0.02118481696,1
305,82,-0.1619683355,-0.02905103564,1
305,90,-0.05875007808,-0.1997570395,1
305,98,-0.02867652476,-0.05122258142,1
305,106,-0.08730505407,0.05560417101,1
305,114,-0.07447376102,-0.01778200269,1
305,122,-0.005446646363,0.05379413813,1
305,130,-0.01724776626,0.02026542276,1
305,138,0.01776608825,-0.02891321108,1
305,146,0.1916238666,0.03914108872,1
305,154,0.03285944462,0.115117833,1
305,162,-0.1330419183,0.09959232062,1
305,170,-0.202186048,0.1731863022,1
313,10,-0.1912711561,-0.02461789548,1
313,18,-0.2124179155,0.06729017198,1
313,26,-0.05692242086,0.01154653728,1
313,34,-0.02940513194,0.0009056925774,1
313,42,-0.2145701647,-0.02982292324,1
313,50,-0.18839553,-0.02739118226,1
313,58,0.05090989172,0.02295459062,1
313,66,0.01947301812,0.04967433959,1
313,74,0.01973326132,-0.03307999671,1
313,82,-0.102685459,-0.2328307629,1
313,90,-0.0002520559356,-0.2246920168,1
313,98,0.005721204914,0.08347911388,1
313,106,-0.01282772329,0.156325832,1
313,114,-0.03198215365,0.05341186374,1
313,122,-0.02589982376,0.03109791875,1
313,130,-0.04478498176,0.03386542201,1
313,138,-0.1080481559,0.03945721686,1
313,146,-0.07743952423,0.1519719362,1
313,154,-0.190704003,0.2771243453,1
313,162,-0.2168727517,0.0308694914,1
313,170,-0.2175784707,0.02205288038,1
321,10,-0.1114318743,-0.2214234769,1
321,18,-0.006022684276,0.01019404083,1
321,26,0.1367316544,0.1606664062,1
321,34,0.1496541053,0.06764279306,1
321,42,0.04011102021,-0.0666712746,1
321,50,-0.1313677579,-0.0907914713,1
321,58,-0.1740507185,-0.07326126099,1
321,66,-0.09507546574,-0.01259246841,1
321,74,-0.1051272154,0.0577682741,1
321,82,-0.05681422725,-0.1189156324,1
321,90,0.1396113038,-0.1358605772,1
321,98,0.1774628162,-0.06429970264,1
321,106,0.02846556157,0.03001693264,1
321,114,-0.2041487396,0.04187957197,1
321,122,-0.1622555256,0.02889677137,1
321,130,-0.1211363375,0.03443797678,1
321,138,-0.007068291306,0.1212406158,1
321,146,-0.0005229637027,0.09533515573,1
321,154,-0.1089051217,0.08729359508,1
321,162,-0.183318004,0.03110523522,1
321,170,-0.1032796055,-0.02824350446,1
329,10,0.07201477885,-0.2486866862,1
329,18,0.1565916836,-0.0327883251,1
329,26,0.4129366875,0.1385066211,1
329,34,0.3923604488,0.1712809056,1
329,42,0.08286102116,0.07181894779,1
329,50,-0.2982344031,-0.04251277447,1
329,58,-0.3277179003,-0.01231025439,1
329,66,-0.1872991174,-0.04508219287,1
329,74,-0.1926837265,0.01727065817,1
329,82,-0.09564857185,0.01708670706,1
329,90,0.08739453554,0.01264945418,1
329,98,0.1032276005,0.03526163846,1
329,106,-0.07149238139,-0.09405514598,1
329,114,-0.02855269052,-0.1679034978,1
329,122,-0.06132671982,-0.03377360106,1
329,130,-0.1150998026,0.03343171254,1
329,138,-0.0493555218,0.1697089672,1
329,146,0.2608593404,0.06836911291,1
329,154,0.04621059448,0.06878934801,1
329,162,-0.04793158919,0.05447056144,1
329,170,-0.03335305303,0.01837444305,1
337,10,0.2401076853,-0.1352528334,1
337,18,0.2720167041,0.07762171328,1
337,26,0.2546297014,0.1121687889,1
337,34,0.2603741288,0.214896962,1
337,42,0.04357269406,0.2234660983,1
337,50,-0.144248113,0.1150766686,1
337,58,-0.2525059581,0.1058649346,1
337,66,-0.224620074,0.007113384083,1
337,74,-0.150682956,0.03923599049,1
337,82,-0.004710786045,-0.01698414981,1
337,90,0.1907986104,0.07449033111,1
337,98,0.1621570885,0.1640346944,1
337,106,0.03037982807,-0.03398634866,1
337,114,0.2252689302,-0.2316842079,1
337,122,0.2067048997,-0.134387657,1
337,130,-0.1019806266,0.0296587944,1
337,138,-0.04864051566,0.1122213751,1
337,146,0.09155843407,0.09035672247,1
337,154,0.2173435986,0.1824290901,1
337,162,0.1497502923,0.04718187079,1
337,170,-0.07372496277,-0.06877952814,1
345,10,0.3950216472,-0.01465857029,1
345,18,0.1705008894,0.1622137427,1
345,26,0.211271435,0.1728731096,1
345,34,0.2107302696,0.188974902,1
345,42,0.1076996028,0.2028265595,1
345,50,0.09489168972,0.1923397779,1
345,58,0.1133824587,0.07669490576,1
345,66,-0.08277270943,0.05207740515,1
345,74,-0.243914932,0.0762443915,1
345,82,-0.1764811873,0.06088469177,1
345,90,-0.02463534661,-0.004630360752,1
345,98,-0.05160428584,0.07525312155,1
345,106,-0.03992677853,0.2042242289,1
345,114,0.1522304565,0.0602080822,1
345,122,0.1264271736,-0.01148682833,1
345,130,0.09042456001,0.1701436937,1
345,138,0.06671346724,0.1217417791,1
345,146,0.08054226637,0.1312213689,1
345,154,0.2425807267,0.1332948059,1
345,162,0.1675212681,0.06526081264,1
345,170,-0.01166272536,0.02315339074,1
353,10,0.3232799768,0.001715674996,1
353,18,0.1155960262,0.06480524689,1
353,26,0.06586748362,0.2027407438,1
353,34,0.09762186557,0.1341500878,1
353,42,0.02543025464,0.1572795957,1
353,50,0.07323901355,0.09557842463,1
353,58,0.1690319777,-0.0320100747,1
353,66,-0.06641000509,-0.02064526454,1
353,74,-0.2359710187,0.08959028125,1
353,82,-0.2495460808,0.09057679772,1
353,90,-0.2346072793,0.001729875803,1
353,98,-0.1191322058,0.1214160249,1
353,106,-0.009317163378,0.3661665618,1
353,114,0.06140472367,0.3520146012,1
353,122,0.09021276236,0.1290121824,1
353,130,0.1202698946,0.0856865868,1
353,138,0.09400057793,0.1416796744,1
353,146,0.01050499827,0.1631239951,1
353,154,-0.05357129127,0.04824475572,1
353,162,-0.1000538915,0.1463923305,1
353,170,0.09879336506,0.2090004981,1
361,10,0.1824201345,0.04498475045,1
361,18,0.04706989974,-0.03975921124,1
361,26,-0.0585479252,0.03313375637,1
361,34,-0.05774531141,0.03119089827,1
361,42,-0.07715763152,0.02490269765,1
361,50,-0.1157756969,-0.06049353629,1
361,58,0.06561167538,-0.1211817414,1
361,66,0.03084128723,-0.1619401574,1
361,74,-0.1395187378,0.05699202791,1
361,82,-0.0485936217,-0.0493793413,1
361,90,0.01759104803,-0.01842415333,1
361,98,-0.1273318827,0.1449174881,1
361,106,-0.3815445602,0.1589821279,1
361,114,0.1031322777,0.3708336055,1
361,122,0.2393266857,0.0516763404,1
361,130,0.2090143859,-0.02934945561,1
361,138,0.01452648267,-0.03723062202,1
361,146,-0.1076045707,-0.04332345724,1
361,154,-0.2947166562,-0.03982793167,1
361,162,-0.1837261915,0.0665929392,1
361,170,0.04648882151,0.1369362921,1
369,10,0.1897645742,-0.05952351913,1
369,18,-0.07825706899,-0.1521459669,1
369,26,-0.045039244,-0.2098064572,1
369,34,0.09691785276,-0.06441700459,1
369,42,-0.08203330636,-0.07914060354,1
369,50,-0.0818374902,-0.07276196033,1
369,58,0.02505431324,-0.06137658283,1
369,66,0.04446299002,-0.05638378114,1
369,74,-0.1066290066,0.1121823788,1
369,82,-0.101060681,0.05557915568,1
369,90,0.001438975334,0.06964948028,1
369,98,-0.1800464541,0.03473559022,1
369,106,-0.2675668895,-0.02246893942,1
369,114,0.2994044423,0.1962927282,1
369,122,0.09486965835,-0.01646482944,1
369,130,-0.01835046336,-0.02909804136,1
369,138,-0.08391387016,-0.0259583313,1
369,146,-0.1038821489,-0.09646470845,1
369,154,-0.1850441545,-0.09827572107,1
369,162,-0.005414813757,-0.007735613734,1
369,170,0.1689848602,0.1322181821,1
377,10,0.02637174726,0.06686790287,1
377,18,-0.1075860858,-0.1353577077,1
377,26,0.07376081496,-0.1975760162,1
377,34,-0.01304317266,-0.1677398682,1
377,42,-0.08868073672,-0.10803473,1
377,50,-0.1444234252,-0.069081828,1
377,58,-0.009986378253,0.06088464707,1
377,66,0.2191529274,0.1204930544,1
377,74,0.314012289,0.03828317299,1
377,82,-0.01093206555,0.08551698178,1
377,90,-0.1026097387,0.18233262,1
377,98,-0.01003076043,0.1016311124,1
377,106,0.08119700104,-0.03980796784,1
377,114,0.06783435494,0.3605380356,1
377,122,0.01399059035,0.0225472711,1
377,130,-0.04882965609,0.04960115999,1
377,138,-0.1341945231,0.1121167317,1
377,146,-0.07687191665,0.006475797854,1
377,154,0.06539510936,-0.04242116213,1
377,162,-0.02724052221,-0.0997871086,1
377,170,0.02085158974,0.07718272507,1
385,10,0.0985969007,0.09516264498,1
385,18,-0.02644563094,-0.002778876573,1
385,26,-0.1486766636,-0.07389950752,1
385,34,-0.1349960417,-0.1282164454,1
385,42,-0.04777724296,-0.117001459,1
385,50,-0.08296446502,-0.05467199534,1
385,58,-0.07606108487,0.1368308812,1
385,66,0.1459231973,0.1466290951,1
385,74,0.3179417849,-0.1132997796,1
385,82,0.1303540468,0.07671664655,1
385,90,0.06322205067,0.05440484732,1
385,98,0.002844251692,0.001278907061,1
385,106,-0.09039065242,-0.1149092317,1
385,114,0.03012782335,-0.125616923,1
385,122,0.09854355454,0.04088510573,1
385,130,-0.1064485908,0.1641250402,1
385,138,-0.1137783378,0.2218770981,1
385,146,-0.06514844298,0.07397083938,1
385,154,-0.07396808267,-0.06612049788,1
385,162,-0.04093603417,0.07490221411,1
385,170,0.03320753202,0.1072922125,1
393,10,-0.1691370308,0.1341868788,1
393,18,-0.1762804687,0.08351811767,1
393,26,-0.2335087061,0.01695003174,1
393,34,-0.04546539485,-0.03668098897,1
393,42,-0.04854084551,0.05775609612,1
393,50,-0.0883699432,0.09025661647,1
393,58,-0.05830688402,0.1548790336,1
393,66,0.08090985566,-0.0118029546,1
393,74,0.1433480829,0.07062625885,1
393,82,0.09823974967,0.09537351876,1
393,90,-0.04698059708,0.05087121204,1
393,98,-0.1166183427,-0.001388281584,1
393,106,-0.1290506572,-0.1556784958,1
393,114,-0.001028998289,-0.02415572852,1
393,122,0.1191112772,0.1136067361,1
393,130,0.0968882814,0.1944974661,1
393,138,0.07358177751,0.2868408561,1
393,146,0.00180971995,0.09958392382,1
393,154,-0.09270727634,-0.02957024984,1
393,162,-0.06974187493,0.1430758536,1
393,170,-0.006092473865,0.1610491872,1
401,10,-0.004763275385,0.2624921203,1
401,18,-0.03375717998,0.1743465811,1
401,26,0.04529480636,0.08120407909,1
401,34,0.005017053336,0.1067601889,1
401,42,-0.03247112036,0.1159013957,1
401,50,-0.03790875897,0.09055765718,1
401,58,0.0007838644087,0.06087590754,1
401,66,1.79708004e-05,-0.03134088963,1
401,74,-0.01541239023,0.03663045168,1
401,82,0.04616436362,0.06379206479,1
401,90,0.05323600024,0.1610432565,1
401,98,-0.01410309784,0.1941625774,1
401,106,-0.1015033647,0.2055720538,1
401,114,-0.001656651497,0.2314397246,1
401,122,0.1243083403,0.1478091627,1
401,130,0.2650365829,0.1276278198,1
401,138,0.1235475689,0.1776554435,1
401,146,0.04366209731,0.09796799719,1
401,154,-0.09589654207,-0.01140175201,1
401,162,-0.08469896019,0.01557798684,1
401,170,0.03469347954,0.1328532994,1
409,10,-0.1827705801,-0.002175368369,1
409,18,-0.02207458392,0.03133811057,1
409,26,0.1604442745,0.05329101533,1
409,34,0.01309864223,0.367683202,1
409,42,-0.01640792936,0.3622118831,1
409,50,0.006480712444,-0.006415016949,1
409,58,-0.0814178586,-0.06668031961,1
409,66,-0.3325840831,-0.01846176758,1
409,74,-0.4491259158,-0.1245997474,1
409,82,-0.1603270173,-0.05688582361,1
409,90,0.06234645098,0.1466753483,1
409,98,0.04721085355,0.2005151063,1
409,106,-0.05699208751,0.2882199287,1
409,114,-0.122999981,0.2296401709,1
409,122,-0.102608636,0.06258182228,1
409,130,0.07296419144,0.1256679296,1
409,138,0.08887841552,0.02118524909,1
409,146,0.05844114721,-0.002739399672,1
409,154,0.2980405092,-0.01330389455,1
409,162,0.01749259792,0.07502502948,1
409,170,-0.1010966003,0.1645807177,1
417,10,-0.507756114,-0.05531080812,1
417,18,0.07365483046,0.1340522617,1
417,26,0.2135572284,0.2001053691,1
417,34,0.2661685944,0.2527604699,1
417,42,0.1034048274,0.3831631839,1
417,50,-0.07930704951,-0.08119736612,1
417,58,-0.3791837096,-0.1003918499,1
417,66,-0.6853205562,-0.1123575121,1
417,74,-0.4735240936,-0.07024635375,1
417,82,-0.1913720369,-0.01413357258,1
417,90,0.07216544449,0.321226269,1
417,98,0.1909632534,0.3215399981,1
417,106,0.01624641567,0.1516653448,1
417,114,-0.04431420565,0.1070740595,1
417,122,-0.09915423393,-0.1584650427,1
417,130,-0.06020320207,-0.2832931578,1
417,138,0.1058984622,-0.2122890055,1
417,146,0.2555593252,-0.08110812306,1
417,154,0.1908350587,-0.05622119457,1
417,162,0.04207704961,0.1377511024,1
417,170,-0.1912390292,0.2931205332,1
