PIVlab, ASCII chart output - 02-Aug-2025
FRAME: 233, filenames: A:[233]FullStack_Pos0035_TgUtrmcherry_K4K8MO-1.avi & B:[234]FullStack_Pos0035_TgUtrmcherry_K4K8MO-1.avi, conversion factor xy (px -> m): 1, conversion factor uv (px/frame -> m/s): 1
x [px],y [px],u [px/frame],v [px/frame],Vector type [-]
9,10,-0.1601461023,-0.2096130252,1
9,18,0.05104249716,-0.1157345772,1
9,26,0.008383590728,-0.07782685012,1
9,34,-0.1339060217,-0.1304147542,1
9,42,-0.1995403767,-0.127171278,1
9,50,-0.1603821963,-0.1730845571,1
9,58,-0.1102967858,-0.09389755875,1
9,66,-0.07981795073,0.05439341813,1
9,74,0.01275322586,0.1014858633,1
9,82,0.05016938597,0.0998904556,1
9,90,-0.006673499942,0.05590517819,1
9,98,-0.1425411701,-0.02766610868,1
9,106,-0.2054157853,-0.09658095241,1
9,114,-0.1845944673,-0.1079392433,1
9,122,-0.1175261661,0.01453898102,1
9,130,-0.09381582588,0.2163929343,1
9,138,-0.02720664442,0.2371195853,1
9,146,0.05297410488,-0.03846743703,1
9,154,0.06327193975,-0.2264760733,1
9,162,0.1673036218,-0.05259793252,1
9,170,0.2758305967,0.1171964705,1
17,10,-0.1309312284,-0.008420228958,1
17,18,0.03340868279,-0.05996392295,1
17,26,0.01181387529,-0.07421254367,1
17,34,-0.1678791642,-0.08639448136,1
17,42,-0.1345864981,-0.07954540849,1
17,50,-0.07509317994,-0.1077898145,1
17,58,-0.05503158644,-0.1295291185,1
17,66,-0.03263688087,0.04734464735,1
17,74,0.1227363646,0.01126017421,1
17,82,0.1188726425,-0.03434551507,1
17,90,-0.05237355828,0.02118732966,1
17,98,-0.1478106529,-0.04069308192,1
17,106,-0.178109318,-0.05696300417,1
17,114,-0.07751961052,0.001072814688,1
17,122,0.0161081329,0.100384362,1
17,130,-0.04936415702,0.1526891738,1
17,138,-0.0694906339,0.1112847701,1
17,146,0.0199626144,0.06025308371,1
17,154,0.1014897525,-0.1134085506,1
17,162,0.04729193449,0.03860896826,1
17,170,0.02402679622,-0.04227082431,1
25,10,0.04233401641,0.1200037748,1
25,18,-0.06032560021,-0.07673199475,1
25,26,-0.09177446365,-0.1176354364,1
25,34,-0.1007076353,-0.1144024134,1
25,42,-0.02821612358,-0.0677382499,1
25,50,0.115414232,-0.1292577088,1
25,58,0.08486250043,-0.0829975754,1
25,66,-0.02182925493,-0.01041807979,1
25,74,0.06076322123,-0.1329053044,1
25,82,0.2061293125,-0.161144495,1
25,90,0.01343473978,-0.02014864981,1
25,98,-0.03612378985,0.0004832223058,1
25,106,0.03777488321,0.04676890001,1
25,114,0.1746709794,0.06024729833,1
25,122,0.1952837855,0.06750144064,1
25,130,0.07358787209,0.0223444812,1
25,138,-0.03332940117,0.060697373,1
25,146,-0.0764586851,0.09495905042,1
25,154,-0.0006911708042,0.06709574163,1
25,162,0.006964063272,0.08618602902,1
25,170,-0.0189225059,-0.03706570342,1
33,10,-0.005919039249,0.1449885666,1
33,18,-0.03195156157,-0.0507549271,1
33,26,-0.1447618902,-0.1620283127,1
33,34,-0.09237004817,-0.1531379074,1
33,42,0.001467697322,-0.03715997189,1
33,50,0.1383107454,-0.01484435797,1
33,58,0.1053326577,0.08518577367,1
33,66,0.03805344552,-0.04690015316,1
33,74,0.05788080394,-0.2574727535,1
33,82,0.1160726771,-0.2783648074,1
33,90,0.05555737764,-0.05507113039,1
33,98,0.05502839386,0.08700869977,1
33,106,0.1283602417,0.1957368553,1
33,114,0.06457367539,0.1020988151,1
33,122,0.05555395782,0.05759278312,1
33,130,0.04013484716,0.03231299296,1
33,138,-0.04775203764,0.1845948994,1
33,146,-0.1382215321,0.1670160443,1
33,154,-0.03918141872,0.1501887441,1
33,162,-0.0907278955,0.08998459578,1
33,170,-0.1014296263,-0.004426851869,1
41,10,-0.01857268065,0.03365213424,1
41,18,0.1646199524,-0.01439956203,1
41,26,0.1239469796,-0.05013696849,1
41,34,0.01891802624,0.03589905798,1
41,42,-0.03269858658,0.1699572802,1
41,50,0.0005006822757,0.1127524525,1
41,58,0.05918109044,0.08943358064,1
41,66,0.05048821121,-0.1001037657,1
41,74,0.05860658735,-0.3462202549,1
41,82,0.1295100749,-0.2726053596,1
41,90,0.1472420692,0.1163831279,1
41,98,0.04521514475,0.1192394271,1
41,106,-0.01579064131,0.1052548215,1
41,114,-0.01322617009,0.1820349097,1
41,122,0.06054434925,0.1092649549,1
41,130,0.02785932273,0.01147897914,1
41,138,-0.005623532925,0.08250572532,1
41,146,0.03449842334,0.1868964732,1
41,154,-0.0265692547,0.2031019181,1
41,162,-0.04549145699,0.0940521583,1
41,170,0.05152307078,-0.005710987374,1
49,10,0.1040239185,-0.002074599266,1
49,18,0.1622739136,0.02299371362,1
49,26,0.1528373361,0.06586362422,1
49,34,0.06186643615,0.1670995951,1
49,42,-0.07332763076,0.3328680396,1
49,50,-0.02282583341,0.05740389228,1
49,58,0.02257500961,-0.06378164887,1
49,66,-0.0071115233,-0.1340288222,1
49,74,0.05543549359,-0.2176854908,1
49,82,0.09996456653,-0.1277158856,1
49,90,0.1789705753,0.1621701419,1
49,98,0.1236132756,0.1021076143,1
49,106,-0.08749964833,0.04185006022,1
49,114,-0.06424200535,0.1200467125,1
49,122,-0.01803101413,-0.00595388189,1
49,130,0.006367530674,-0.06242093816,1
49,138,0.07804260403,0.03486737609,1
49,146,0.09485270828,-0.05100089312,1
49,154,-0.1149902716,0.009834006429,1
49,162,0.03587222472,0.04914394394,1
49,170,0.1471736282,0.0297289528,1
57,10,0.114788942,0.05384158343,1
57,18,0.02071238309,0.07267817855,1
57,26,-0.02688753232,0.01599401981,1
57,34,0.0344485268,0.03103645891,1
57,42,0.01733535156,0.1178808957,1
57,50,-0.0467726253,-0.07994942367,1
57,58,-0.05549212918,-0.09214449674,1
57,66,-0.01605027169,-0.02945102006,1
57,74,0.05712218583,-0.04526051506,1
57,82,0.06301662326,0.02329741418,1
57,90,0.01268307865,0.1205224246,1
57,98,-0.0898173973,0.09114608169,1
57,106,-0.1834042519,0.03780810535,1
57,114,-0.09518733621,0.04342902452,1
57,122,-0.007976315916,-0.05807539821,1
57,130,-0.0339307487,-0.1003914773,1
57,138,-0.03528545797,0.03514968604,1
57,146,0.009269070812,-0.0241028443,1
57,154,-0.01306633279,-0.07135278732,1
57,162,0.0130862277,-0.008083090186,1
57,170,0.1063086092,0.08833047003,1
65,10,0.03647848591,0.1050582156,1
65,18,0.02888770774,0.09704589099,1
65,26,0.04336751997,0.1564501971,1
65,34,0.02482435293,0.04874368012,1
65,42,0.0006288401783,-0.008550923318,1
65,50,-0.03767410666,-0.07987615466,1
65,58,-0.03395802528,-0.04251047596,1
65,66,-0.04101684317,0.0656812191,1
65,74,-0.07293181121,0.06641367078,1
65,82,0.1138519794,-0.004994876683,1
65,90,0.1626105011,-0.04294265807,1
65,98,-0.1803151965,0.100948371,1
65,106,-0.1970729828,0.09058190882,1
65,114,0.05540957674,0.04508385062,1
65,122,0.02395922318,-0.02820643783,1
65,130,0.01810735092,-0.1243916452,1
65,138,-0.004845152609,-0.02972091176,1
65,146,-0.01775055379,0.1248005554,1
65,154,0.01440734696,0.1322183609,1
65,162,-0.0491508171,0.0330356285,1
65,170,-0.02620350569,0.07329325378,1
73,10,0.09909160435,0.04784568027,1
73,18,0.03276784718,0.1625881493,1
73,26,-0.04213086888,0.2498271316,1
73,34,-0.127472356,0.1329919845,1
73,42,-0.103109397,0.08265091479,1
73,50,-0.0406091027,0.1272446513,1
73,58,0.01232893299,0.05812659115,1
73,66,0.03135439008,0.1161908582,1
73,74,0.006758693606,0.1693869382,1
73,82,0.0602747947,0.001950286329,1
73,90,0.1289833635,-0.05777888,1
73,98,-2.61113164e-05,0.2010244727,1
73,106,-0.06869037449,0.07620181143,1
73,114,-0.008957715705,-0.03983350843,1
73,122,0.0484575592,-0.05099417269,1
73,130,0.03341903538,-0.06101389602,1
73,138,0.004544839263,-0.01516374014,1
73,146,0.03950380161,0.08636130393,1
73,154,0.001547329128,0.0365858376,1
73,162,0.0193239022,0.04201616719,1
73,170,0.006120406091,0.1139605343,1
81,10,0.1325804591,-0.06874734163,1
81,18,0.1410899609,0.07256872952,1
81,26,0.0835865438,0.177470237,1
81,34,-0.08420971781,0.1709109247,1
81,42,-0.1383053958,0.08880930394,1
81,50,-0.07235650718,0.2038526237,1
81,58,-0.04726869613,0.1065575629,1
81,66,0.06365717202,0.131729573,1
81,74,0.1572799981,0.1523777395,1
81,82,0.002880802378,0.07974983752,1
81,90,0.04357272759,0.06029951945,1
81,98,0.0197513625,0.07799275964,1
81,106,0.02659922652,0.05943570286,1
81,114,-0.04938784987,-0.06638714671,1
81,122,-0.1140918359,-0.03721832857,1
81,130,0.001977581531,-0.03987701237,1
81,138,0.05721202493,0.01242808625,1
81,146,0.03693996742,0.03555954248,1
81,154,0.002708345652,0.01420576125,1
81,162,0.04983564466,0.06114597619,1
81,170,-0.1342232674,0.07117331773,1
89,10,-0.06183892488,-0.05847094953,1
89,18,0.1524865478,0.01729375497,1
89,26,0.0894074738,0.1738048792,1
89,34,-0.1746584922,0.1741799712,1
89,42,-0.1839057654,-0.003810416907,1
89,50,-0.1454488337,0.09940437227,1
89,58,-0.05017664284,0.07048931718,1
89,66,0.01623093337,0.0811945796,1
89,74,0.06157820672,0.08342149109,1
89,82,0.006636758335,0.1057770401,1
89,90,-0.03891870379,0.009741529822,1
89,98,-0.04433129355,-0.02636745572,1
89,106,0.1125838235,0.02572505921,1
89,114,0.1066503525,0.03214437142,1
89,122,-0.02569277212,-0.00937294215,1
89,130,0.007913991809,0.006401880644,1
89,138,0.1138629094,0.03464980423,1
89,146,0.07466554642,0.01545142941,1
89,154,0.07026021183,0.08803532273,1
89,162,0.06886096299,0.1080693007,1
89,170,-0.1317607164,0.0441038087,1
97,10,-0.03072250634,-0.0169339329,1
97,18,-0.005906231701,-0.03617028892,1
97,26,-0.113254346,-0.08323193341,1
97,34,-0.2974407077,-0.1221495867,1
97,42,-0.2101150602,-0.07477680594,1
97,50,-0.1274398416,0.02959481627,1
97,58,0.02896853164,0.08160314709,1
97,66,0.01660501584,0.05707971007,1
97,74,-0.04032048956,0.02297201753,1
97,82,-0.03959067166,0.07906454802,1
97,90,-0.1224344149,-7.633119822e-05,1
97,98,-0.0953116715,0.003997154534,1
97,106,0.1766346395,0.03736922517,1
97,114,0.2011523247,0.1083723456,1
97,122,0.08393751085,-0.05694651976,1
97,130,0.1805526763,-0.1024930775,1
97,138,0.1542005837,-0.09944835305,1
97,146,-0.05148402601,-0.1057384461,1
97,154,-0.1312365979,0.0837970823,1
97,162,-0.05320814624,0.1313537061,1
97,170,-0.1322789639,0.1402223259,1
105,10,-0.01688148268,0.02216284722,1
105,18,0.06418088078,-0.2047564089,1
105,26,-0.0545899719,-0.2503135204,1
105,34,-0.2309364229,-0.08596660942,1
105,42,-0.1587148011,-0.06954926252,1
105,50,-0.09184291214,-0.06833356619,1
105,58,0.01883590966,0.1290689111,1
105,66,0.03491842002,0.06192001328,1
105,74,-0.07542734593,-0.04535150528,1
105,82,-0.1026898921,-0.03398888186,1
105,90,-0.113317728,-0.06207865477,1
105,98,-0.09352212399,0.02605422586,1
105,106,0.02256918326,-0.05922365934,1
105,114,0.04759285972,-0.087908566,1
105,122,0.04594941437,-0.09784620255,1
105,130,0.1795401126,-0.1481329948,1
105,138,0.1411678195,-0.235321641,1
105,146,0.04996082187,-0.1239677668,1
105,154,-0.04012360424,-0.04558227956,1
105,162,0.02678142302,0.007248908281,1
105,170,-0.02499674261,0.1449443251,1
113,10,0.1061494201,0.1396416128,1
113,18,0.1734377146,-0.2044864148,1
113,26,0.03959463537,-0.209335506,1
113,34,-0.2232760787,-0.01239965856,1
113,42,-0.2153461725,0.1046478301,1
113,50,-0.1288151443,-0.01577711478,1
113,58,-0.007876057178,0.03481145576,1
113,66,0.08688303828,-0.06670330465,1
113,74,0.06234436482,-0.1267466694,1
113,82,-0.02455322817,-0.0843135342,1
113,90,-0.04344733432,0.01816589944,1
113,98,-0.07519254833,-0.003559337929,1
113,106,0.008154239506,-0.09822071344,1
113,114,0.1415736675,-0.07645268738,1
113,122,0.1186334491,-0.1114756539,1
113,130,0.1115824953,-0.1200707033,1
113,138,0.06190756708,-0.2316034436,1
113,146,0.05404269695,-0.112106435,1
113,154,0.05560713261,-0.1194670498,1
113,162,0.0866034925,-0.0007451511919,1
113,170,0.004046738148,0.09760819376,1
121,10,0.3524676561,0.0637216866,1
121,18,0.2530899644,-0.08806740493,1
121,26,0.1499633491,-0.02860776335,1
121,34,-0.02271378413,0.05651304126,1
121,42,0.06499945372,-0.0148193147,1
121,50,0.1404590756,-0.04798725247,1
121,58,0.06428287923,-0.03200069815,1
121,66,0.0359848775,0.01367536187,1
121,74,0.0314148739,-0.05013540387,1
121,82,-0.02603897452,-0.08676494658,1
121,90,-0.03156698868,0.02375086397,1
121,98,0.02274055406,0.005235974677,1
121,106,0.07754915953,0.05901795626,1
121,114,0.1134482473,0.03029602766,1
121,122,0.1109025925,-0.003690097481,1
121,130,0.1188353002,-0.1666407585,1
121,138,0.1040632278,-0.1331070662,1
121,146,0.08030059189,0.01683392376,1
121,154,0.2010665536,0.06339010596,1
121,162,0.07073073089,0.06555408239,1
121,170,-0.1431972682,0.01518931985,1
129,10,0.1695399582,0.113023594,1
129,18,0.2442135513,-0.03738133982,1
129,26,0.09242938459,-0.03277957439,1
129,34,-0.07364194095,-0.00640758127,1
129,42,0.06002739072,-0.1093231663,1
129,50,0.313288331,-0.1028975472,1
129,58,0.2248739004,-0.02889731899,1
129,66,0.09023854136,0.03902158141,1
129,74,-0.04484899342,0.01710013859,1
129,82,-0.0296115391,-0.1145329177,1
129,90,-0.00898973085,-0.06780132651,1
129,98,-0.1165484935,-0.1046544462,1
129,106,-0.1701165736,-0.2181226909,1
129,114,-0.2210562974,-0.01691485569,1
129,122,-0.1241019741,0.08667457104,1
129,130,0.06087704003,-0.1218282506,1
129,138,0.05798957497,-0.006193693727,1
129,146,0.05313885212,0.1352906823,1
129,154,0.2963878512,0.1285538226,1
129,162,0.1123568565,0.06859245151,1
129,170,-0.3174879849,-0.06641800702,1
137,10,0.00108461082,0.2337262332,1
137,18,0.1113057509,0.1727027446,1
137,26,0.08004654944,-0.01393344253,1
137,34,0.06174521148,-0.07564163953,1
137,42,0.1023394614,-0.1047766954,1
137,50,0.1251998395,-0.1105120704,1
137,58,0.08281199634,-0.04392162338,1
137,66,-0.01189390756,-0.04244781658,1
137,74,-0.09813739359,-0.104136385,1
137,82,-0.01644493267,-0.1097130626,1
137,90,0.0285843052,-0.04526468366,1
137,98,-0.06406345218,-0.08355924487,1
137,106,-0.1792160869,-0.05938576907,1
137,114,-0.308437407,0.1477936208,1
137,122,-0.19265306,0.06479992718,1
137,130,-0.01887253672,0.05203509331,1
137,138,-0.04046788067,-0.295639962,1
137,146,0.04291886091,-0.1569874883,1
137,154,0.1075135469,-0.009573731571,1
137,162,0.06278230995,0.0790701732,1
137,170,-0.1403066814,0.02068307996,1
145,10,-0.1362229288,0.1298209429,1
145,18,0.02322647721,0.0819452405,1
145,26,0.1181493551,-0.02513206378,1
145,34,0.1564592719,0.002001821995,1
145,42,0.2490589321,0.0293375589,1
145,50,0.09962546825,0.02777854353,1
145,58,-0.03500786051,0.05643903464,1
145,66,-0.08479826897,-0.01710825041,1
145,74,-0.1247764081,-0.1277740747,1
145,82,0.02194871008,-0.03045809269,1
145,90,0.1030120999,0.0404837206,1
145,98,0.06651493907,0.07711602747,1
145,106,-0.1319513023,0.1390008628,1
145,114,-0.2938175499,0.1680180132,1
145,122,-0.1474742293,0.1076962799,1
145,130,-0.03150913119,0.1115196571,1
145,138,-0.090064466,-0.05715238303,1
145,146,-0.03128341213,-0.1829898953,1
145,154,0.05483902246,-0.109228462,1
145,162,0.048932679,-0.01071530581,1
145,170,-0.04196968675,0.1985713542,1
153,10,-0.1395785809,0.0726724416,1
153,18,0.02012096904,-0.03930843621,1
153,26,0.08557739109,-0.08682620525,1
153,34,0.1484187394,0.05340585858,1
153,42,0.1981097162,0.178779155,1
153,50,0.1097885817,0.2563427985,1
153,58,-0.02467578091,0.1459707618,1
153,66,0.05012567341,-0.06095889211,1
153,74,0.1294046789,-0.09189205617,1
153,82,0.119834885,-0.003620810807,1
153,90,0.07463553548,0.1026171297,1
153,98,-0.007432103157,0.1055331156,1
153,106,0.02239613608,0.05918364227,1
153,114,0.03508216143,0.02393820882,1
153,122,-0.09127091616,0.1666321605,1
153,130,-0.07785435766,0.1067349613,1
153,138,-0.07597655803,0.111050725,1
153,146,-0.09299376607,0.05122775212,1
153,154,0.04933347553,0.02578252554,1
153,162,0.09951321781,0.06826722622,1
153,170,0.1038612276,0.1650004387,1
161,10,-0.1962173581,0.02556502819,1
161,18,-0.1025016084,-0.08055017143,1
161,26,-0.06597404182,0.02158536017,1
161,34,0.03818202019,0.08918195218,1
161,42,0.1115996242,0.1860085577,1
161,50,0.06084421277,0.2717481852,1
161,58,-0.02288835868,0.1408149004,1
161,66,0.04858934134,0.1479118168,1
161,74,0.1529465765,0.004115877673,1
161,82,0.1578191519,0.06357181817,1
161,90,0.1071364284,0.05514050648,1
161,98,-0.04555229098,0.1150943711,1
161,106,0.07392975688,0.1176317707,1
161,114,0.03684264421,-0.003439724445,1
161,122,-0.07231473923,0.2426675707,1
161,130,-0.03289514035,0.103884697,1
161,138,-0.03921872377,0.0116923973,1
161,146,-0.02452799678,0.08155545592,1
161,154,0.01009099931,0.1021421403,1
161,162,0.02517734468,0.1709567159,1
161,170,0.1185677201,0.02998700738,1
169,10,-0.08463337272,-0.07630316913,1
169,18,-0.02332679182,-0.04311195388,1
169,26,-0.1221617311,0.07355777919,1
169,34,-0.1883545816,0.1625558585,1
169,42,0.1336485147,0.1792566478,1
169,50,0.1292367578,0.1869780123,1
169,58,0.01946622133,0.2152419537,1
169,66,-0.06057649851,0.2311339378,1
169,74,-0.1293859184,-0.02161341719,1
169,82,-0.1004838645,-0.06898032874,1
169,90,0.01369411871,0.006703685969,1
169,98,-0.001735698432,0.05046243966,1
169,106,0.1298211813,0.1428040862,1
169,114,0.1875954717,0.228211835,1
169,122,0.0004151910543,0.2767243981,1
169,130,-0.0904654339,0.1423927695,1
169,138,-0.0846292004,-0.1176416948,1
169,146,0.07246594876,0.1262835711,1
169,154,0.0604855977,0.1117982417,1
169,162,0.07391160727,0.1012283489,1
169,170,0.1475340277,-0.02083045244,1
177,10,-0.02674702182,-0.2174684107,1
177,18,0.04140853882,-0.06816136092,1
177,26,0.09968082607,0.08157841861,1
177,34,0.1440584362,0.153194204,1
177,42,0.1872068644,0.1440942138,1
177,50,0.2511862516,0.03751982749,1
177,58,0.1688999534,0.060963355,1
177,66,0.1279826015,0.06384112686,1
177,74,0.1341792047,-0.0253305044,1
177,82,0.04002396017,-0.05810473114,1
177,90,0.05456616729,-0.02292306162,1
177,98,0.1368310153,0.01344769448,1
177,106,0.09492589533,0.09302780777,1
177,114,0.1583916992,0.2275558561,1
177,122,0.1823027581,0.3783308864,1
177,130,0.172380507,0.2107623369,1
177,138,0.3258450329,-0.120123744,1
177,146,0.1207616031,0.03499287367,1
177,154,0.01739784703,0.00252494961,1
177,162,0.01428470388,0.01018284261,1
177,170,0.1908876449,-0.07612428069,1
185,10,-0.05034708977,-0.1142083183,1
185,18,-0.03386149555,-0.2154032886,1
185,26,0.1009964347,0.02967978269,1
185,34,0.2584512234,0.09080842882,1
185,42,0.2430407852,0.02265298367,1
185,50,0.2017875165,-0.05548096076,1
185,58,0.1902530789,-0.1393770427,1
185,66,0.1775759757,-0.02303313836,1
185,74,0.1658151299,0.03760220483,1
185,82,0.1340970099,-0.01680856571,1
185,90,0.03846956044,-0.08352948725,1
185,98,0.05919903517,-0.01563886553,1
185,106,0.005126848817,0.04871260375,1
185,114,0.08052426577,0.190919444,1
185,122,0.1990911067,0.2589417994,1
185,130,0.08929016441,0.09553712606,1
185,138,0.01250160486,-0.04718330875,1
185,146,-0.003099543974,-0.04442862049,1
185,154,-0.152871713,0.1252950728,1
185,162,-0.1973999143,0.1164057031,1
185,170,0.1039801687,-0.02255664766,1
193,10,-0.1633826792,-0.09800831974,1
193,18,-0.1143680066,-0.0604018569,1
193,26,-0.06470066309,0.02084832639,1
193,34,0.1545473486,-0.0488031134,1
193,42,0.1804427803,-0.1145925596,1
193,50,0.0731709376,-0.1603691429,1
193,58,0.04294953123,-0.1755434722,1
193,66,0.0192434378,0.004807345569,1
193,74,-0.02560770512,-0.05111359432,1
193,82,0.007759910077,-0.1055997908,1
193,90,0.01837709174,-0.1794943959,1
193,98,-0.05537378043,-0.1061043441,1
193,106,-0.008399829268,-0.009593136609,1
193,114,0.02905609459,0.1274461001,1
193,122,0.1139161214,0.1200393587,1
193,130,0.1727131009,-0.03677304089,1
193,138,0.06646728516,-0.06170163304,1
193,146,-0.01545383874,0.004909928888,1
193,154,-0.02122833207,0.2302333862,1
193,162,-0.008278604597,0.1939087808,1
193,170,0.09251026064,0.1489322484,1
201,10,0.04034617543,-0.1426794976,1
201,18,0.05378909037,-0.006782922894,1
201,26,-0.0167743694,0.07029532641,1
201,34,0.08622194082,0.1134390458,1
201,42,0.006781602278,-0.08237024397,1
201,50,-0.08397025615,-0.03002760559,1
201,58,-0.05861499161,-0.03619328141,1
201,66,-0.03286295012,0.001866254956,1
201,74,-0.002934406511,-0.09646289051,1
201,82,-0.01997272298,-0.1463379264,1
201,90,-0.0528274253,-0.001881867647,1
201,98,-0.1523598731,0.01836136729,1
201,106,-0.1036516279,0.1163794249,1
201,114,-0.03905981407,0.03363473713,1
201,122,-0.05683458596,0.08377915621,1
201,130,-0.02949975803,0.03637248278,1
201,138,-0.0009076464921,-0.06086546555,1
201,146,-0.009757848457,0.1154843271,1
201,154,0.09553595632,0.2104800791,1
201,162,0.117103301,0.1434509903,1
201,170,0.08913321793,0.08455313742,1
209,10,0.02770844847,0.03166030347,1
209,18,0.07844851911,0.02505073324,1
209,26,0.01777877286,0.1620394886,1
209,34,0.09159144759,0.250960201,1
209,42,0.007121624425,0.05587512255,1
209,50,-0.04003808275,0.08944541216,1
209,58,-0.04335356504,0.06263105571,1
209,66,-0.01320395619,-0.01754274964,1
209,74,-0.05211533234,-0.008441064507,1
209,82,-0.1423387825,0.01532534882,1
209,90,-0.09945807606,0.1035050601,1
209,98,-0.09882207215,0.127667293,1
209,106,-0.1787612587,0.1586547792,1
209,114,-0.1250036061,0.03719642758,1
209,122,-0.1245446056,0.0380987674,1
209,130,-0.0970550254,0.05722428113,1
209,138,0.001410862431,0.04625675827,1
209,146,0.05419055745,0.05176694319,1
209,154,0.1850242615,0.02085022628,1
209,162,0.1060950086,0.1849323809,1
209,170,-0.05063728243,0.08893865347,1
217,10,-0.08144234866,0.0003221705556,1
217,18,-0.06072957441,0.07362430543,1
217,26,0.02588649094,0.1600724906,1
217,34,0.07087095082,0.1266090572,1
217,42,0.06749229133,0.303121388,1
217,50,-0.01067915559,0.2344177663,1
217,58,-0.05369113386,0.1255037934,1
217,66,0.002905201167,0.07050199807,1
217,74,-0.06793796271,0.0178393051,1
217,82,-0.1447250694,0.05326351151,1
217,90,-0.003745079041,0.1308649331,1
217,98,-0.01160597056,0.08460722864,1
217,106,-0.1039923429,0.006985921413,1
217,114,-0.1206300259,0.06688803434,1
217,122,-0.1155536845,0.08236449957,1
217,130,0.005301591009,0.00672545284,1
217,138,0.0384950228,0.01101784967,1
217,146,0.02333034575,-0.02203499898,1
217,154,0.05677403137,-0.01853794046,1
217,162,-0.01643999666,0.2341599762,1
217,170,-0.1483278871,0.2273962498,1
225,10,0.08259507269,-0.02447161824,1
225,18,0.1510512233,0.04964638501,1
225,26,0.1154604033,0.06461511552,1
225,34,0.01323265955,0.09532484412,1
225,42,0.01536490023,0.2070413679,1
225,50,-0.007349271327,0.1993711293,1
225,58,-0.02134899795,0.1276274323,1
225,66,0.001941170543,0.09260365367,1
225,74,-0.006605640054,0.01868490875,1
225,82,-0.09364642948,-0.009777486324,1
225,90,-0.02473351732,0.08538199961,1
225,98,0.1359692514,0.1046477109,1
225,106,0.06055217981,-0.06200270355,1
225,114,-0.07007610053,-0.1073991284,1
225,122,-0.05955158547,-0.1298759282,1
225,130,0.01164254732,-0.06428299844,1
225,138,0.04833550379,0.04400904104,1
225,146,0.06124186516,-0.1095041782,1
225,154,0.1107830927,-0.06554725766,1
225,162,0.02403182536,0.1360154301,1
225,170,-0.109132424,0.168997854,1
233,10,0.0418388024,0.1012668312,1
233,18,-0.06175335869,0.0812022239,1
233,26,-0.3031280041,0.1265105605,1
233,34,-0.240166828,0.1003050134,1
233,42,-0.07966209948,0.09794991463,1
233,50,0.1510124952,-0.05421429873,1
233,58,0.1104451865,0.06328069419,1
233,66,0.03031830303,0.07599292696,1
233,74,-0.0379524976,0.04888873547,1
233,82,-0.06434255093,-0.0659346357,1
233,90,0.02306674421,0.03910250962,1
233,98,0.1708381474,0.09332249314,1
233,106,0.08520247042,-4.544854164e-05,1
233,114,-0.01311562583,-0.1134724319,1
233,122,0.01947773993,-0.2637502551,1
233,130,0.04594380781,-0.06542526186,1
233,138,0.01266740728,0.1376689523,1
233,146,0.1224236041,-0.1722868681,1
233,154,0.1068529636,-0.03708286583,1
233,162,0.005749197677,-0.01953772269,1
233,170,0.003951303661,-0.1272886097,1
241,10,-0.06157198921,0.06902474165,1
241,18,-0.1122916713,0.1515309364,1
241,26,-0.1259739995,0.1109182984,1
241,34,-0.05726250261,0.1173301488,1
241,42,-0.01459213346,0.1113222092,1
241,50,0.01742627099,-0.07491481304,1
241,58,-0.009510211647,-0.004506405443,1
241,66,-0.1348142177,0.1045441553,1
241,74,-0.1950976849,0.09418006241,1
241,82,-0.1993873715,-0.009527925402,1
241,90,-0.2116488963,0.01127579436,1
241,98,-0.03020943142,-0.07721036673,1
241,106,0.1173358336,0.1627980918,1
241,114,0.009866271168,0.2941305935,1
241,122,0.01454005763,-0.1014377177,1
241,130,0.01855776459,0.02792953514,1
241,138,0.003371421248,0.000275393948,1
241,146,0.03354896978,-0.2176260799,1
241,154,0.06212720275,0.01350212842,1
241,162,-0.0723657459,-0.03811001778,1
241,170,-0.197437346,-0.2525269985,1
249,10,-0.2560954094,-0.004155607894,1
249,18,-0.09109884501,0.141133517,1
249,26,-0.01347080618,0.129959017,1
249,34,-0.02123948932,0.1647107899,1
249,42,-0.05876030028,0.1278057396,1
249,50,0.004840999842,-0.08418665081,1
249,58,-0.04529708251,-0.004047384486,1
249,66,-0.2145783603,0.06163020059,1
249,74,-0.1663273275,0.1137327552,1
249,82,-0.1748804599,-0.05712524429,1
249,90,-0.3010292649,0.02454366907,1
249,98,-0.1466160417,0.1848851442,1
249,106,0.04474806786,0.1847301126,1
249,114,0.08203965425,0.1612755358,1
249,122,-0.06549021602,0.03961825371,1
249,130,-0.1791993827,0.1319907308,1
249,138,-0.01776360534,0.03231693804,1
249,146,0.1694551408,-0.1588162035,1
249,154,0.1532467455,0.0657800734,1
249,162,0.02697572857,-0.04316759109,1
249,170,-0.1023587137,-0.2347027212,1
257,10,-0.3958044648,-0.06218174845,1
257,18,-0.1423351765,0.02559437603,1
257,26,-0.1048448533,0.1659680605,1
257,34,-0.1957865357,0.153749451,1
257,42,-0.2065776885,-0.01823994331,1
257,50,-0.105755046,-0.06588733196,1
257,58,-0.02351287752,0.09400945902,1
257,66,-0.0895627737,0.01345013641,1
257,74,-0.03382277489,0.02418304607,1
257,82,0.08174985647,-0.04313553125,1
257,90,-0.1969697773,0.0003430247307,1
257,98,-0.07398247719,0.1005480513,1
257,106,0.01293198019,0.07656066865,1
257,114,-0.008001461625,-0.06614014506,1
257,122,-0.07972553372,0.01228038594,1
257,130,-0.2222615778,0.1178916842,1
257,138,-0.04621395469,0.1214342415,1
257,146,0.07823182642,0.08593957871,1
257,154,-0.01674377918,0.06148057431,1
257,162,0.02480903268,-0.1608410627,1
257,170,0.1188223734,-0.05880449712,1
265,10,-0.2289531827,-0.1286709905,1
265,18,-0.1331754029,-0.04666956514,1
265,26,-0.1053684354,0.04491192102,1
265,34,-0.151006639,0.08033935726,1
265,42,-0.1912548542,-0.1033589244,1
265,50,-0.2312517166,-0.140429005,1
265,58,-0.09372817725,-0.09078389406,1
265,66,-0.009575571865,-0.2238318324,1
265,74,-0.03799270093,-0.07842800766,1
265,82,-0.02469819784,-0.004482607357,1
265,90,-0.04745982587,-0.06248382106,1
265,98,-0.1707593948,-0.159831658,1
265,106,-0.1803129613,0.02907221764,1
265,114,-0.01140794158,0.0391398184,1
265,122,0.03845981881,0.02279156819,1
265,130,0.004508996382,0.05797804147,1
265,138,-0.01978920959,0.1215618029,1
265,146,-0.04840527847,0.02678682655,1
265,154,-0.04815258831,-0.03950183466,1
265,162,-0.04478351027,-0.06997402757,1
265,170,-0.03111048229,-0.01155470312,1
273,10,-0.07093095034,-0.1051511168,1
273,18,-0.1261315942,-0.02763665468,1
273,26,-0.1435334384,-0.0178651996,1
273,34,-0.1166248992,0.01376796328,1
273,42,-0.08316011727,-0.09698053449,1
273,50,0.01703482121,-0.2319138646,1
273,58,-0.00546938926,-0.1446433216,1
273,66,-0.0403752327,-0.133664906,1
273,74,-0.02442861348,-0.1210572124,1
273,82,-0.04015944153,0.04580983892,1
273,90,0.09348740429,-0.03726671636,1
273,98,0.02020251006,-0.2014398128,1
273,106,-0.1393171549,0.0717779547,1
273,114,-0.1574530303,0.0840832144,1
273,122,0.007824137807,0.09363228083,1
273,130,0.1473980546,0.1299535036,1
273,138,0.004852537066,0.06168019027,1
273,146,0.1328869462,-0.02736543119,1
273,154,0.03859388083,0.07697299123,1
273,162,0.0326814726,0.05057993531,1
273,170,0.08444628865,0.08602529764,1
281,10,0.04274709523,0.0206368342,1
281,18,-0.03926242143,0.1340157986,1
281,26,-0.09968744218,0.0618522726,1
281,34,0.008358463645,0.03812018037,1
281,42,-0.04344369844,0.05159136653,1
281,50,-0.001863284037,0.008050855249,1
281,58,0.04088978469,-0.02379842848,1
281,66,-0.05694805831,-0.05299207941,1
281,74,-0.08310222626,-0.06144654378,1
281,82,-0.1006970108,-0.01209270116,1
281,90,-0.1037122086,0.02460616454,1
281,98,-0.1284776628,0.06400857866,1
281,106,-0.02223934233,0.2429911494,1
281,114,-0.0595488213,0.004829008132,1
281,122,-0.07992650568,0.01968527585,1
281,130,-0.06306067109,0.09104795009,1
281,138,-0.02878720313,0.01736176014,1
281,146,0.0438442193,-0.04431767389,1
281,154,0.04036416858,0.1888357699,1
281,162,0.2137481868,0.1254531443,1
281,170,0.2521572709,0.2049396038,1
289,10,0.06945456564,0.1229887009,1
289,18,-0.06661342829,0.2404139489,1
289,26,-0.1381879747,0.09556207806,1
289,34,-0.06811822206,0.1601935327,1
289,42,-0.08926331997,0.2379559875,1
289,50,-0.1003663987,0.0359185636,1
289,58,-0.08406721056,0.02369572222,1
289,66,-0.08210452646,-0.03528043628,1
289,74,0.03230176866,0.06941559166,1
289,82,-0.03541756421,0.05591619015,1
289,90,-0.1152288616,0.1149401739,1
289,98,-0.14407444,0.1064815223,1
289,106,-0.03567317128,0.04690270498,1
289,114,-0.04272027686,0.2726004124,1
289,122,-0.08148410171,0.1330423653,1
289,130,-0.1613173783,0.08452101797,1
289,138,-0.1250686049,0.01765289903,1
289,146,0.004762999713,-0.03129333258,1
289,154,0.02184616961,0.1158654317,1
289,162,0.1287069619,0.1989720911,1
289,170,0.2663853765,0.2520418763,1
297,10,-0.04968303442,0.1314596534,1
297,18,0.09608821571,0.1557814032,1
297,26,-0.05010399595,0.08834075183,1
297,34,0.08400731534,0.1393617541,1
297,42,0.07521813363,0.0174958352,1
297,50,-0.01773719117,-0.007599971257,1
297,58,-0.01040311344,0.05001889169,1
297,66,0.06022408605,-0.04737817496,1
297,74,0.07426948845,0.04592749476,1
297,82,0.02373364009,0.1410647631,1
297,90,0.05604854226,0.1781712323,1
297,98,-0.01978421956,0.02112001926,1
297,106,-0.08717039227,-0.05091407523,1
297,114,-0.08200760931,0.1978347898,1
297,122,-0.1089940071,0.1276495904,1
297,130,-0.1180538088,0.1296552718,1
297,138,-0.05336719006,0.1765270829,1
297,146,0.05213377625,0.07162544131,1
297,154,0.1139728352,0.05640285462,1
297,162,0.1939673424,0.1018135548,1
297,170,0.1579259634,0.2129523754,1
305,10,0.1205173358,-0.0579829067,1
305,18,-0.03904660791,0.0519670248,1
305,26,-0.06531994045,0.1553785652,1
305,34,0.007848836482,0.08246529102,1
305,42,-0.01047987957,0.02505685389,1
305,50,-0.05948521942,0.0945128724,1
305,58,-0.2081956714,0.2136197686,1
305,66,-0.05997260287,0.003614656627,1
305,74,-0.008983425796,-0.005889132619,1
305,82,-0.01424752921,0.04982379824,1
305,90,0.08437218517,-0.02183496207,1
305,98,-0.02786851861,-0.08186279982,1
305,106,-0.05993936211,-0.04672659561,1
305,114,0.1852183044,0.1125284433,1
305,122,0.1059083864,-0.008182451129,1
305,130,0.07981623709,0.1849796176,1
305,138,0.1252039522,0.2042791247,1
305,146,0.16453439,0.1210132316,1
305,154,0.1956679821,0.1018980816,1
305,162,0.1202213019,0.03426236659,1
305,170,-0.03224700689,0.1400533319,1
313,10,0.2238489091,-0.09689034522,1
313,18,0.1590525359,0.06129721552,1
313,26,-0.01171966642,0.173119083,1
313,34,-0.03305264562,0.1538009942,1
313,42,0.006362941582,0.02512646094,1
313,50,-0.03700936586,0.09595601261,1
313,58,-0.1457410753,0.1992801428,1
313,66,-0.1271937788,0.09714597464,1
313,74,-0.06818065792,-0.02281097323,1
313,82,-0.05501134694,-0.03643520176,1
313,90,-0.1854573935,-0.05773655698,1
313,98,-0.1839017272,0.01157117635,1
313,106,-0.03561868891,0.05292617157,1
313,114,0.1335314512,0.1040563658,1
313,122,0.04525031894,0.0922639817,1
313,130,-0.0009114928544,0.1595979035,1
313,138,0.09510805458,0.1272370517,1
313,146,0.1088832617,0.1214201897,1
313,154,0.1361474097,0.1425131261,1
313,162,0.06086750329,0.01874823496,1
313,170,-0.09654822201,-0.01798325777,1
321,10,-0.03032914177,-0.03333413601,1
321,18,0.07905732095,0.04898159206,1
321,26,0.2292910218,-0.05343384668,1
321,34,0.1126854047,0.08979673684,1
321,42,0.069931373,0.04010823369,1
321,50,-0.03479404002,0.1466323584,1
321,58,0.01567027532,0.238178581,1
321,66,0.04788672179,0.1001596302,1
321,74,0.02063121647,-0.04628848657,1
321,82,-0.05941823125,-0.03729120642,1
321,90,-0.1556196213,-0.03197281808,1
321,98,-0.2286349684,0.03680986911,1
321,106,-0.08636484295,0.06331415474,1
321,114,0.129731819,0.004465542734,1
321,122,0.00997761637,0.001685108989,1
321,130,-0.06035497412,0.04321013391,1
321,138,0.0703547895,0.06459706277,1
321,146,0.03887617588,0.09862987697,1
321,154,0.01349403709,0.1021675169,1
321,162,-0.01715704426,0.004898764193,1
321,170,-0.141833216,-0.155838728,1
329,10,-0.005265248939,0.05361528695,1
329,18,0.03197493404,-0.02906451933,1
329,26,0.12396577,-0.005227487534,1
329,34,-0.03815386072,-0.01327549666,1
329,42,-0.1546463668,0.1470555216,1
329,50,-0.02012876794,0.1939787716,1
329,58,0.1200406849,0.2711291611,1
329,66,0.07815660536,0.1267378181,1
329,74,-0.06243514642,0.06627052277,1
329,82,-0.09390838444,0.02096883208,1
329,90,-0.02110628039,-0.09782252461,1
329,98,0.08238898963,-0.1139549017,1
329,106,0.1209213957,-0.01216812711,1
329,114,0.1002366245,-0.1453597546,1
329,122,0.004224523902,-0.1339328289,1
329,130,-0.01711737737,0.04627899826,1
329,138,-0.01027622819,0.1596741974,1
329,146,0.1394097656,0.1926643252,1
329,154,0.04268136621,0.1234744787,1
329,162,-0.09479291737,0.05477850884,1
329,170,-0.1274117231,-0.1202013642,1
337,10,0.02363400161,0.09557495266,1
337,18,-0.0009380220436,0.06054039299,1
337,26,-0.05909536779,0.1156203449,1
337,34,0.02989894152,0.01472377777,1
337,42,-0.02564357966,0.1818112135,1
337,50,-0.07791821659,0.1591169536,1
337,58,0.004978213459,0.1702304333,1
337,66,0.09407542646,0.1120311171,1
337,74,-0.05368876457,0.07222225517,1
337,82,-0.06626822054,0.03169121221,1
337,90,0.1886149049,-0.1776325852,1
337,98,0.1413675994,-0.1450338364,1
337,106,-0.03491168469,-0.0447846204,1
337,114,0.06306089461,-0.06200280786,1
337,122,0.008899319917,-0.002649191767,1
337,130,-0.002355024219,0.1349935979,1
337,138,0.04817126691,0.1465035677,1
337,146,0.07540412992,0.1749764979,1
337,154,0.01489657536,0.2009503394,1
337,162,-0.09071698785,0.08764011413,1
337,170,-0.1018926203,-0.02792593092,1
345,10,0.1015815362,0.08374343812,1
345,18,0.001780327875,0.03584351391,1
345,26,0.01797927171,0.04907555133,1
345,34,0.09019827843,0.01401948184,1
345,42,0.05131383613,0.1472125351,1
345,50,0.02097423375,0.1456978619,1
345,58,-0.001213595271,0.2706233263,1
345,66,0.05771214142,0.1931932271,1
345,74,0.04192021862,0.1373114288,1
345,82,-0.01964286715,0.001339875162,1
345,90,0.2955658436,-0.1497223377,1
345,98,0.1584156156,-0.0352833122,1
345,106,0.002379985526,0.05424971506,1
345,114,0.08651851118,0.1010730118,1
345,122,0.06520646811,0.09059654176,1
345,130,0.06014312804,0.205306828,1
345,138,0.06278079003,0.04988415539,1
345,146,0.01937703043,0.1571028084,1
345,154,-0.03099519014,0.1545042098,1
345,162,-0.06885711849,0.08623668551,1
345,170,-0.1409273893,0.02456097305,1
353,10,0.1863252521,0.2170093954,1
353,18,0.1023513973,0.1292047054,1
353,26,-0.03688955307,0.140418455,1
353,34,-0.06184655428,0.09303208441,1
353,42,-0.04857784882,0.08401799202,1
353,50,0.06289233267,0.1346306503,1
353,58,0.03031676635,0.3085634708,1
353,66,-0.05995282158,0.235940665,1
353,74,-0.09078992903,0.2215256393,1
353,82,-0.05825399235,0.0129358843,1
353,90,0.05784432963,0.002499340102,1
353,98,0.003162585199,0.02044315636,1
353,106,-0.01673210412,0.07557164133,1
353,114,-0.01625565439,0.1195881218,1
353,122,-0.03080531955,0.09003102034,1
353,130,0.04902721941,0.1376209259,1
353,138,-0.003715757281,0.08897219598,1
353,146,-0.2000735551,0.2487875968,1
353,154,-0.1365177631,0.1661649495,1
353,162,-0.02526842803,0.1606793702,1
353,170,-0.07772634178,0.1246379614,1
361,10,0.1444907486,0.2435616553,1
361,18,-0.009157143533,0.1374628097,1
361,26,-0.1467057317,0.1256006658,1
361,34,-0.1286569387,0.09673671424,1
361,42,-0.1125460565,-0.03570075333,1
361,50,-0.02389462292,0.08287292719,1
361,58,-0.07698869705,0.2356941402,1
361,66,-0.04536797851,0.1621403396,1
361,74,-0.02408327535,-0.09343084693,1
361,82,-0.04524122179,-0.004795003682,1
361,90,-0.005768745206,-0.02282460034,1
361,98,-0.08263342828,0.01027967595,1
361,106,-0.01721473038,0.04836533964,1
361,114,-0.1482938528,0.07366649061,1
361,122,0.09703052044,0.05424816906,1
361,130,0.171450913,0.06175317615,1
361,138,-0.01219125465,0.05822017789,1
361,146,-0.06396608055,0.198505342,1
361,154,-0.06660047174,0.1904638857,1
361,162,-0.03328895569,0.1314525157,1
361,170,8.776783943e-06,0.09114474058,1
369,10,0.08161149919,0.3248115182,1
369,18,-0.01214779168,0.109939158,1
369,26,-0.1446612477,0.08663360775,1
369,34,-0.1561018527,-0.02382343262,1
369,42,-0.1629678011,-0.06348278373,1
369,50,-0.09966652095,0.07939062268,1
369,58,-0.1527196467,0.30220595,1
369,66,-0.07190553099,0.2146851122,1
369,74,0.1499274969,-0.02607676387,1
369,82,0.07938494533,-0.007281828672,1
369,90,-0.01848777011,-0.08151882887,1
369,98,-0.1437872648,0.0703240186,1
369,106,-0.1159843728,0.1210831776,2
369,114,-0.1133611426,0.1074123755,2
369,122,-0.04793103784,0.06669780612,1
369,130,0.01947057247,0.1138209999,1
369,138,0.04825022072,0.01425758004,1
369,146,-0.06009824947,0.04765870795,1
369,154,-0.0633764714,0.007391989231,1
369,162,-0.01650327817,0.08346201479,1
369,170,-0.003760226071,0.01073707454,1
377,10,-0.09127183259,0.2729942799,1
377,18,-0.1762658805,0.1235397831,1
377,26,-0.1647098064,0.06599245965,1
377,34,-0.1457745284,0.05370885134,1
377,42,-0.1588471532,0.119085066,1
377,50,-0.1439153403,0.1238695979,1
377,58,-0.02260125056,0.306705296,1
377,66,0.04582215846,0.2416905165,1
377,74,0.06736133993,0.1131323949,1
377,82,-0.04366273433,0.0131526459,1
377,90,0.08352908492,-0.1141685545,1
377,98,0.03594589233,0.1854228526,1
377,106,-0.1895743608,0.2582309842,1
377,114,-0.1412353069,0.1682020128,1
377,122,-0.1529686451,0.1312241554,1
377,130,0.04669548571,0.1638488919,1
377,138,0.1821278036,-0.07521670312,1
377,146,0.09140717983,-0.06524371356,1
377,154,-0.109004654,-0.1673610359,1
377,162,0.01249096915,0.04307477921,1
377,170,-0.08033032715,0.03972794116,1
385,10,-0.1840338111,0.05119869113,1
385,18,-0.1796304733,0.0761911273,1
385,26,-0.1450205147,0.03445994109,1
385,34,-0.09635121375,0.05645876378,1
385,42,-0.1170257702,0.1231709421,1
385,50,-0.2506582141,0.09007244557,1
385,58,-0.02549218386,0.06409488618,1
385,66,0.1234083772,0.1137372106,1
385,74,-0.08622152358,0.1447498798,1
385,82,-0.1247247532,0.02300938964,1
385,90,-0.08069732785,-0.1039462388,1
385,98,-0.0149268806,0.1121445,1
385,106,0.03261649609,0.1956204176,1
385,114,0.008886933327,0.2566739917,1
385,122,-0.1954933405,0.009941734374,1
385,130,-0.07708353549,0.04419545457,1
385,138,0.007062010467,-0.1104186773,1
385,146,0.02856247127,0.07526599616,1
385,154,0.05440849066,-0.003113079816,1
385,162,-0.02376228943,0.004814438522,1
385,170,-0.239180848,0.1294344664,1
393,10,-0.06059166044,0.05401348323,1
393,18,-0.08364064991,-0.02270791307,1
393,26,-0.1709157825,-0.02718078345,1
393,34,-0.1422092021,0.03252974898,1
393,42,-0.05670056492,0.01334688067,1
393,50,-0.06873095036,-0.003660291433,1
393,58,-0.01445453987,-0.05696532875,1
393,66,-0.0620675683,0.08189721406,1
393,74,-0.1502447724,0.1021106169,1
393,82,-0.1477534175,0.09484609216,1
393,90,-0.2509061098,0.03039718792,1
393,98,-0.1480338871,0.06791514158,1
393,106,-0.02058843151,0.08301560581,1
393,114,-0.01431643218,0.03987430036,1
393,122,-0.2044946551,-0.04834070429,1
393,130,-0.0509603247,-0.069104895,1
393,138,-0.001216385514,-0.06944384426,1
393,146,0.01288551092,0.1011873484,1
393,154,0.1405852437,0.06603215635,1
393,162,-0.03671691194,0.09081400186,1
393,170,-0.2320867032,0.1548077613,1
401,10,0.1186909527,0.1144568473,1
401,18,0.09646201879,0.00572832115,1
401,26,-0.05054491758,-0.08919285238,1
401,34,-0.2724609375,0.02986679226,1
401,42,-0.1040719822,-0.001975109801,1
401,50,-0.0567025803,0.0388876386,1
401,58,0.03155412525,0.218997404,1
401,66,0.05982995033,0.3326497376,1
401,74,-0.07632622868,0.05618436635,1
401,82,-0.09623959661,0.0869416371,1
401,90,-0.1853426397,-0.0003091469407,1
401,98,-0.1517013609,0.02249216661,1
401,106,-0.05982682854,0.006633393466,1
401,114,-0.05176235735,-0.02697025985,1
401,122,-0.0786601454,0.02284472808,1
401,130,0.006137236953,-0.01382336393,1
401,138,0.05942913517,0.07597540319,1
401,146,0.1000893861,0.1462638676,1
401,154,0.1599382758,0.1687806547,1
401,162,0.04667595029,0.09911674261,1
401,170,-0.1369839907,0.08924568444,1
409,10,0.1343883872,0.1437950283,1
409,18,0.05526532978,0.1231957376,1
409,26,-0.1578006446,-0.04798402265,1
409,34,-0.08673542738,0.01273093373,1
409,42,-0.03517319262,-0.08737934381,1
409,50,-0.1744591743,0.01903408766,1
409,58,-0.2111627012,0.1469394565,1
409,66,-0.0413049534,0.3525952995,1
409,74,-0.1188047528,0.1328352988,1
409,82,-0.007669262588,-0.04645685107,1
409,90,-0.06044238061,-0.07216449082,1
409,98,-0.04282356799,0.01866626181,1
409,106,-0.05485159159,-0.00749193877,1
409,114,-0.1104330122,-0.01267690957,1
409,122,-0.06608261913,0.02215988189,1
409,130,0.09493115544,0.05814094096,1
409,138,0.1584854871,0.1590783447,1
409,146,0.01262377948,0.05036244541,1
409,154,0.07690933347,0.1455483139,1
409,162,0.1067695171,-0.06360767782,1
409,170,0.08134368062,-0.1385365427,1
417,10,0.1236738712,0.3267831802,1
417,18,0.2801484168,0.161849767,1
417,26,0.0178380236,0.06041243672,1
417,34,-0.2773368359,0.2587539256,1
417,42,0.01733902842,-0.01668208092,1
417,50,-0.0699160248,-0.06996661425,1
417,58,-0.2366258502,0.1196736544,1
417,66,-0.1039508581,0.2338727117,1
417,74,0.03728625178,0.06077562645,1
417,82,0.1175895035,-0.1407016218,1
417,90,0.1437294334,-0.1028073058,1
417,98,0.02901285142,-0.04029727727,1
417,106,-0.1168503314,0.07034553587,1
417,114,-0.1732092947,0.06462394446,1
417,122,-0.05128278583,0.003698736429,1
417,130,0.1406543851,0.06218587607,1
417,138,0.20501858,0.1791647077,1
417,146,0.1238163337,0.04372794181,1
417,154,-0.06866134703,-0.002697840333,1
417,162,0.02687054873,-0.2214397192,1
417,170,0.05410711467,-0.1799881309,2
