PIVlab, ASCII chart output - 02-Aug-2025
FRAME: 252, filenames: A:[252]FullStack_Pos0035_TgUtrmcherry_K4K8MO-1.avi & B:[253]FullStack_Pos0035_TgUtrmcherry_K4K8MO-1.avi, conversion factor xy (px -> m): 1, conversion factor uv (px/frame -> m/s): 1
x [px],y [px],u [px/frame],v [px/frame],Vector type [-]
9,10,-0.3897332251,-0.0253816545,1
9,18,0.08419771492,0.06166987121,1
9,26,0.3328953385,0.09724709392,1
9,34,0.350069195,0.07046239823,1
9,42,0.1681509018,-0.09250821173,1
9,50,0.08413285762,-0.2046468854,1
9,58,0.058375936,-0.04458221793,1
9,66,0.06493850052,-0.108570613,1
9,74,0.01472718641,-0.002099391073,1
9,82,-0.1206859648,0.0974701196,1
9,90,-0.09361495078,0.03739449382,1
9,98,-0.06566721201,-0.2102704197,1
9,106,-0.04294866323,-0.216261059,1
9,114,-0.0631569773,-0.1567013711,1
9,122,-0.03305870295,0.0685466677,1
9,130,0.01224286854,0.2773062587,1
9,138,0.1072595268,0.06840917468,1
9,146,0.1948994845,-0.1044665352,1
9,154,0.08437991142,-0.09624838084,1
9,162,0.1351136863,-0.02343020029,1
9,170,0.2665875554,0.176117301,1
17,10,-0.2985065877,-0.003508536145,1
17,18,-0.09187354892,-0.01464934275,1
17,26,0.0883801356,0.02760303766,1
17,34,0.0828871876,0.004910952412,1
17,42,0.0396714434,-0.06561470777,1
17,50,0.007592797279,-0.1075760797,1
17,58,-0.06095413119,-0.1578232944,1
17,66,-0.0005683787167,-0.09614499658,1
17,74,0.07682076842,0.05596257001,1
17,82,0.03039851412,0.07183471322,1
17,90,0.009863464162,-0.04977806285,1
17,98,0.02770739421,-0.08100344986,1
17,106,0.08152294159,-0.14347969,1
17,114,0.007085552439,-0.1402095407,1
17,122,-0.01576950774,0.03921561688,1
17,130,-0.02641562186,0.1382002234,1
17,138,0.03068394959,0.05375497788,1
17,146,0.1518340707,-0.0278111212,1
17,154,0.06426393986,-0.07265992463,1
17,162,0.001847989857,-0.08051217347,1
17,170,-0.1651658416,0.1001221687,1
25,10,-0.2902671993,-0.1372638494,1
25,18,-0.07581549138,-0.07187308371,1
25,26,0.05393458158,-0.06646826863,1
25,34,-0.005977679044,-0.0755436942,1
25,42,0.03969261423,-0.1120100617,1
25,50,0.04866652936,-0.04584131017,1
25,58,-0.07677647471,-0.2208056748,1
25,66,-0.05746058375,-0.09033928812,1
25,74,0.04613281786,0.1385824978,1
25,82,0.1391634196,0.09776037186,1
25,90,0.1310341209,-0.05520071834,1
25,98,0.08635281026,0.003886785358,1
25,106,0.1258199662,-0.03716212139,1
25,114,0.1150539815,-0.03417401016,1
25,122,0.01890661567,0.02031479031,1
25,130,0.06608929485,-0.004630031995,1
25,138,0.06865621358,-0.0538475588,1
25,146,0.06006749347,0.0697356686,1
25,154,0.05171542615,0.06303668022,1
25,162,0.03589595109,-0.02513979003,1
25,170,-0.1614282131,-0.003497648984,1
33,10,0.1042554528,-0.1428281665,1
33,18,0.1944401562,0.00608856976,1
33,26,0.03941716999,-0.03818482906,1
33,34,-0.02715536579,-0.05580215156,1
33,42,0.05177031457,0.0577330254,1
33,50,0.07523779571,0.06434112787,1
33,58,0.009471241385,-0.02886521444,1
33,66,-0.03616128117,-0.04140498489,1
33,74,-0.04636016488,-0.06768576801,1
33,82,0.07937370241,-0.04882915318,1
33,90,0.06997194886,-0.01308099553,1
33,98,0.008886925876,0.002966750413,1
33,106,0.2296689451,0.03799671307,1
33,114,0.08727922291,0.06742573529,1
33,122,-0.03214269504,0.04811789468,1
33,130,-0.008032361045,-0.02976984903,1
33,138,-0.006227087229,-0.1358547062,1
33,146,-0.01294392347,-0.1330075562,1
33,154,-0.02974821627,-0.03763024509,1
33,162,0.006584435701,-0.03279830888,1
33,170,-0.05851119757,-0.07503142208,1
41,10,-0.06030085683,0.03075835109,1
41,18,0.2127787471,0.1688464582,1
41,26,0.2226645052,0.02356621809,1
41,34,0.05633959174,0.05836535245,1
41,42,0.2093164325,0.1670533121,1
41,50,0.2224337161,0.08620631695,1
41,58,0.0717023015,0.02862429619,1
41,66,0.05337181315,-0.004780068994,1
41,74,0.0489204973,-0.1011152118,1
41,82,-0.009895399213,-0.108170107,1
41,90,-0.150068298,-0.03444869816,1
41,98,-0.06673829257,-0.01018111594,1
41,106,0.1187758148,-0.03137652948,1
41,114,0.04109607637,-0.0361450389,1
41,122,-0.01769630238,0.04123906419,1
41,130,-0.06270959973,-0.03975969553,1
41,138,-0.1329305917,-0.1479367018,1
41,146,-0.06026310101,-0.1745454669,1
41,154,0.006294565275,-0.1146538332,1
41,162,-0.02637632936,-0.1055873632,1
41,170,-0.2622196674,-0.1254633218,1
49,10,-0.09155161679,-0.09656368196,1
49,18,0.173365742,0.1689832211,1
49,26,0.1932782829,0.1128740758,1
49,34,0.007946461439,0.1699371934,1
49,42,0.1446948051,0.1268218458,1
49,50,0.1885613799,-0.05004937202,1
49,58,0.1317687184,-0.1562692821,1
49,66,0.05298381299,-0.05760812759,1
49,74,0.08035948873,-0.0556037873,1
49,82,0.05318553746,-0.06907871366,1
49,90,-0.0973579064,-0.08680088073,1
49,98,-0.07454845309,0.02257516049,1
49,106,0.1295948625,0.07037045807,1
49,114,0.1878163517,-0.02769006975,1
49,122,0.09966593236,-0.1156145036,1
49,130,-0.02300978266,-0.1522967815,1
49,138,-0.02623393573,-0.1744211614,1
49,146,0.07379163057,-0.009908609092,1
49,154,0.0135903582,-0.1352754086,1
49,162,-0.08816175163,-0.1538383365,1
49,170,-0.1871095151,-0.09107628465,1
57,10,0.02571596391,-0.1769021749,1
57,18,0.2177243531,0.06653723121,1
57,26,0.1818822473,0.0848737061,1
57,34,0.1184202731,0.002737373114,1
57,42,0.1075261682,0.06878466904,1
57,50,0.1057238355,-0.1920685917,1
57,58,0.06528218091,-0.2309422195,1
57,66,0.07332104445,-0.09082362801,1
57,74,-0.04834007844,0.003953706473,1
57,82,-0.08489210159,0.05171918496,1
57,90,0.01125890575,0.08651641756,1
57,98,0.04544632137,0.07774844766,1
57,106,0.1174044609,0.1754533648,1
57,114,0.2252285331,0.1223442107,1
57,122,0.03097864985,-0.04915373772,1
57,130,-0.03573831171,-0.150719896,1
57,138,0.005327180028,-0.1536109746,1
57,146,0.0369855985,-0.03668155521,1
57,154,0.07441327721,-0.1611058563,1
57,162,0.03895072266,-0.2507738173,1
57,170,-0.1053369492,-0.1493273526,1
65,10,0.09843062609,-0.09217950702,1
65,18,-0.0237833187,0.002428341657,1
65,26,-0.04068261385,0.1148546338,1
65,34,0.1089591309,0.01934552565,1
65,42,0.2831994295,0.09975108504,1
65,50,0.1078351215,-0.1334364265,1
65,58,-0.01598513871,-0.1804601252,1
65,66,0.06458997726,-0.1166825593,1
65,74,0.003331951797,-0.001707009971,1
65,82,-0.03660164401,0.01442310214,1
65,90,-0.00678840559,0.1354406476,1
65,98,-0.0036951527,0.1539663076,1
65,106,0.1109459624,0.006442654878,1
65,114,0.2670677304,0.003211560659,1
65,122,0.09403197467,0.07923129201,1
65,130,0.01863177866,-0.01150713861,1
65,138,0.1080220193,-0.08647595346,1
65,146,0.1482961476,-0.07542313635,1
65,154,0.1280305386,-0.1081202328,1
65,162,0.09584867954,-0.1287537515,1
65,170,0.0377958566,-0.1286045611,1
73,10,0.095241189,-0.1646519005,1
73,18,0.04588028789,-0.08911438286,1
73,26,-0.1521134675,0.1276479512,1
73,34,-0.1125438735,0.1482464671,1
73,42,0.1821272075,0.1038279533,1
73,50,0.0927682966,-0.034095373,1
73,58,-0.02636365592,-0.08579084277,1
73,66,-0.0004884675145,-0.06491284072,1
73,74,-0.01612503827,-0.04025103152,1
73,82,0.02048674226,-0.01723305508,1
73,90,0.02289269865,0.05145314708,1
73,98,-0.01752277464,-0.02584020048,1
73,106,-0.02810587361,0.001744637266,1
73,114,0.09897139668,-0.01404422708,1
73,122,0.1577245593,-0.09129369259,1
73,130,0.1077157259,-0.04616224766,1
73,138,0.1005320251,-0.0587291345,1
73,146,0.1338119209,-0.07699565589,1
73,154,0.2021181136,-0.05144541711,1
73,162,0.06070966274,-0.04095283896,1
73,170,-0.07936288416,-0.05717401952,1
81,10,0.4041639864,-0.09764005244,1
81,18,0.1671812981,0.009941615164,1
81,26,-0.06099613756,0.05318018422,1
81,34,-0.04235082865,0.05353790522,1
81,42,0.1394928545,0.02305949852,1
81,50,0.08814156055,-0.0295567736,1
81,58,0.003376639448,0.01644034684,1
81,66,-0.07593133301,0.0693751052,1
81,74,-0.126735568,0.01330658421,1
81,82,-0.2194641978,0.0693244189,1
81,90,-0.1561552733,0.04106045142,1
81,98,-0.05313869938,-0.111108765,1
81,106,-0.03063190356,0.03164415061,1
81,114,-0.04903159291,-0.03233492747,1
81,122,0.01658515632,-0.08851180971,1
81,130,0.01403131709,-0.1364738643,1
81,138,-0.003271453083,-0.1284838617,1
81,146,0.07032757252,-0.1579018235,1
81,154,0.192259565,-0.07914614677,1
81,162,0.08994662762,-0.08706649393,1
81,170,-0.007342804223,-0.02286241949,1
89,10,0.2746727467,0.1386301666,1
89,18,-0.03331754729,0.03947337344,1
89,26,-0.06218415499,-0.1721199453,1
89,34,0.0979654789,-0.1204860508,1
89,42,0.05803843588,0.05840871856,1
89,50,-0.1017979905,-0.01219615713,1
89,58,-0.01411437616,0.01428702474,1
89,66,-0.01835635677,0.01109092869,1
89,74,-0.1554277539,0.03489758819,1
89,82,-0.1366173923,0.126249209,1
89,90,-0.01813919842,0.07992323488,1
89,98,0.06696372479,0.03582315892,1
89,106,-0.04480331764,-0.0417342931,1
89,114,-0.1121155545,0.02684905007,1
89,122,-0.09206929803,0.04299951345,1
89,130,-0.1017162129,-0.09870414436,1
89,138,0.01448302716,-0.189030081,1
89,146,0.1396437585,-0.1848686188,1
89,154,0.1019487083,-0.1495653391,1
89,162,-0.07103380561,-0.08726456761,1
89,170,-0.1608670354,0.02618581802,1
97,10,0.07702337205,0.06768723577,1
97,18,-0.1014865115,-0.06574866921,1
97,26,-0.03170844167,-0.03738280013,1
97,34,0.06843346357,0.1052761599,1
97,42,0.01137818396,0.0828345418,1
97,50,-0.005199536681,0.08636435866,1
97,58,0.005499519408,-0.03691891953,1
97,66,-0.05590523407,-0.09771953523,1
97,74,-0.09660261124,0.1213318706,1
97,82,-0.08603443205,0.007360905409,1
97,90,-0.03906513751,-0.01797451824,1
97,98,0.1362569332,0.09679090232,1
97,106,-0.001290842891,-0.119564034,1
97,114,-0.08687867969,0.1061489433,1
97,122,-0.1588965356,0.2049751282,1
97,130,-0.09148170054,0.04408492148,1
97,138,-0.008353985846,-0.1422065794,1
97,146,0.08968334645,-0.03660598397,1
97,154,0.2065938264,-0.05180456489,1
97,162,0.068236202,-0.07442670316,1
97,170,-0.09590776265,0.1246649027,1
105,10,0.1148782596,-0.1118987054,1
105,18,-0.009217431769,-0.01290190965,1
105,26,-0.005473420024,0.1353138238,1
105,34,0.08540090173,0.178505972,1
105,42,0.06696591526,0.08472453058,1
105,50,0.1136210933,0.1101569384,1
105,58,0.1101143435,0.05307768658,1
105,66,-0.0713615045,-0.09840130806,1
105,74,-0.04203943163,0.06583208591,1
105,82,-0.07252947986,-0.1170409918,1
105,90,-0.1041880846,-0.285710454,1
105,98,-0.1545066237,-0.3499771059,1
105,106,-0.1467096806,-0.2200021446,1
105,114,-0.1323102117,0.04547564685,1
105,122,-0.176908046,0.2821198404,1
105,130,-0.001871146262,0.09665721655,1
105,138,-0.02281486988,0.05174931139,1
105,146,0.0003233235329,-0.04307172447,1
105,154,0.1496541649,0.01270234585,1
105,162,0.1003278941,-0.02221176587,1
105,170,-0.0483776927,0.2034462392,1
113,10,0.08829976618,-0.07575702667,1
113,18,0.05672910064,0.06780213118,1
113,26,-0.01715693809,0.1468557119,1
113,34,0.1094049364,0.132010296,1
113,42,0.176276952,-0.01275846362,1
113,50,0.05687199906,-0.001953115687,1
113,58,0.01966412738,0.1318857074,1
113,66,0.01689728908,-0.01702328771,1
113,74,-0.1230017021,0.04533183947,1
113,82,-0.2011718005,-0.001973032951,1
113,90,-0.08020310104,-0.3028383553,1
113,98,-0.1255404204,-0.4150360823,1
113,106,-0.1346370876,-0.2298399508,1
113,114,-0.008863449097,0.0562411584,1
113,122,-0.05353861302,0.1627040356,1
113,130,0.0469333604,0.0378337875,1
113,138,-0.0351200588,0.1186431125,1
113,146,-0.06417897344,-0.01405424625,1
113,154,-0.008651278913,-0.07097676396,1
113,162,-0.06152464822,0.06310959905,1
113,170,-0.1467533559,0.2368917465,1
121,10,0.1012988612,0.1124940813,1
121,18,0.02843205631,0.0406249091,1
121,26,-0.1420575231,0.1396287233,1
121,34,0.01177946478,0.01939012669,1
121,42,0.0829891637,-0.1593296677,1
121,50,0.05409068614,-0.02775116265,1
121,58,0.04923136532,0.06973337382,1
121,66,-0.09412655234,0.1526696831,1
121,74,-0.1576476097,0.1104818434,1
121,82,-0.08680512011,0.0180545114,1
121,90,0.01147208549,-0.0540228188,1
121,98,-0.003681164235,-0.08376915008,1
121,106,-0.04441564158,0.0436209999,1
121,114,-0.01476588845,-0.02723724768,1
121,122,-0.1094753966,-0.1037638113,1
121,130,-0.09029097855,0.04730416089,1
121,138,0.0147822015,0.02477981895,1
121,146,-0.03367375582,0.09488815069,1
121,154,-0.09336701781,0.01123133674,1
121,162,-0.02263424173,0.1309281141,1
121,170,-0.04311047494,0.2356654108,1
129,10,0.2120659053,0.2471553683,1
129,18,0.1514088362,0.09582848847,1
129,26,0.0482192412,0.09099255502,1
129,34,0.01654413342,-0.1727053821,1
129,42,0.2926028967,-0.2113666236,1
129,50,0.3089487553,-0.08567675948,1
129,58,0.2425311506,-0.03623888642,1
129,66,-0.004613788798,0.05292758346,1
129,74,0.1414351016,-0.145966351,1
129,82,0.08999890089,-0.1205090955,1
129,90,-0.01241377555,0.1296961308,1
129,98,-0.06272894889,0.1031561121,1
129,106,-0.06691779196,0.08099991083,1
129,114,0.008193079382,-0.003700753674,1
129,122,0.006304431707,-0.007037196308,1
129,130,-0.05309668556,0.007233723998,1
129,138,-0.1534358561,-0.09536550939,1
129,146,-0.2604430914,0.05328642204,1
129,154,-0.2027132809,0.1850620508,1
129,162,-0.07714807242,0.1721642017,1
129,170,-0.02899372578,0.1157995909,1
137,10,0.09296672046,0.307641834,1
137,18,0.1166721731,0.07635869831,1
137,26,-0.01594505459,0.007867541164,1
137,34,0.1504980922,-0.1708436608,1
137,42,0.3280756176,-0.2256629914,1
137,50,0.2288090885,-0.1687449515,1
137,58,0.1820650101,-0.07876125723,1
137,66,-1.792982221e-05,-0.04235695302,1
137,74,0.0288488511,-0.1855002791,1
137,82,0.01388497651,-0.05773469806,1
137,90,-0.0666487962,0.2530975044,1
137,98,-0.1252569407,0.1155311093,1
137,106,-0.08603189141,0.04879234731,1
137,114,0.1056943759,0.01536254771,1
137,122,0.2035921216,0.02937620878,1
137,130,0.03691432998,0.05498331785,1
137,138,-0.2165522575,-0.22626926,1
137,146,-0.13023296,-0.07047569007,1
137,154,0.001339027658,0.101630941,1
137,162,0.05649156496,0.1043495759,1
137,170,0.1142675877,0.01217775792,1
145,10,-0.03546701372,0.3540234864,1
145,18,-0.01676846668,0.1592540443,1
145,26,-0.002252697945,0.07142128795,1
145,34,0.08665841073,-0.1671151817,1
145,42,0.08759336919,-0.1245407239,1
145,50,0.0808506906,-0.1698543578,1
145,58,0.05428180844,-0.1572246253,1
145,66,-0.1043562144,-0.08881469816,1
145,74,-0.1359370649,-0.03645868972,1
145,82,-0.1334120333,0.02763132006,1
145,90,-0.04077942669,0.1174478829,1
145,98,0.06473076344,-0.04090618342,1
145,106,0.1082881242,0.04502571374,1
145,114,0.09067174792,-0.1252571642,1
145,122,-0.01930285245,0.01705799066,1
145,130,-0.1534920335,0.135786593,1
145,138,-0.1114271581,-0.04203246906,1
145,146,-0.006555579603,0.03076527454,1
145,154,-8.437782526e-05,0.1614070535,1
145,162,0.01758570969,0.08321411163,1
145,170,0.1414007246,0.1811190248,1
153,10,-0.07621534169,0.2201207578,1
153,18,-0.1701544076,0.1798264682,1
153,26,-0.02926225029,0.2008694112,1
153,34,0.1021587551,-0.1042529047,1
153,42,-0.02836198732,0.0525313206,1
153,50,-0.1203222573,-0.06983609498,1
153,58,-0.07652369142,-0.1135505363,1
153,66,0.02081243321,-0.01064185426,1
153,74,-0.02313208953,-0.003360816278,1
153,82,-0.05944417417,0.1342526674,1
153,90,0.07208453864,0.03074494377,1
153,98,0.2533606291,-0.06845963001,1
153,106,0.2546240687,0.0138268806,1
153,114,0.09870056808,-0.1046767011,1
153,122,-0.06972756982,0.02907304652,1
153,130,-0.06626367569,0.04561651498,1
153,138,0.1008640006,0.02982631326,1
153,146,0.1977133751,0.1174548566,1
153,154,0.01874227636,0.1667275578,1
153,162,-0.06646955013,0.1574127674,1
153,170,0.001120295376,0.288410306,1
161,10,-0.06216081977,0.08791716397,1
161,18,0.1563123614,0.09263374656,1
161,26,0.1491313875,0.02969318442,1
161,34,0.04578495771,0.0226776395,1
161,42,-0.03560888767,0.08873356879,1
161,50,-0.04799325392,-0.01498143375,1
161,58,-0.04330082238,0.06600065529,1
161,66,0.00160003081,-0.006951890886,1
161,74,0.002382965758,0.02856406942,1
161,82,-0.01969976351,0.09744803607,1
161,90,0.07988803089,-0.06040905416,1
161,98,0.3537961841,-0.08178324997,1
161,106,0.1774028242,-0.06312203407,1
161,114,0.03169322014,-0.1050659865,1
161,122,0.009817238897,-0.07356517017,1
161,130,-0.01941034757,-0.06974945217,1
161,138,0.0920291096,-0.04270707816,1
161,146,0.1349184215,0.02812271751,1
161,154,0.03613188118,0.1338959932,1
161,162,-0.06145280227,0.2121236324,1
161,170,-0.01933529973,0.2074710578,1
169,10,0.1123182997,0.0212652497,1
169,18,-0.03353746235,0.04807625711,1
169,26,0.1046555713,-0.02433988824,1
169,34,0.2006585449,0.01800860465,1
169,42,-0.01362568513,-0.02255241759,1
169,50,0.0269119218,-0.03139260039,1
169,58,0.1228245348,-0.01022258215,1
169,66,0.07132106274,-0.001919757575,1
169,74,0.1534708887,0.1045881957,1
169,82,0.2746973336,0.176128462,1
169,90,0.1088633239,-0.1328697652,1
169,98,0.07238119841,-0.1572696716,1
169,106,0.02185225487,-0.1034411788,1
169,114,-0.1077294573,0.03381163999,1
169,122,0.08488108218,-0.02326988056,1
169,130,0.03711854666,-0.04593427107,1
169,138,-0.06195641682,-0.1152152121,1
169,146,0.1354389042,-0.0500465557,1
169,154,-0.01305172779,0.1284520924,1
169,162,-0.04795216769,0.1341464818,1
169,170,-0.06374709308,0.1296080351,1
177,10,0.1615640372,-0.1325227469,1
177,18,-0.03256267309,0.04092576727,1
177,26,-0.09367787093,-0.05145646259,1
177,34,-0.06196562201,-0.07096404582,1
177,42,-0.07417047024,0.004124196246,1
177,50,-0.04989673197,-0.04550122842,1
177,58,0.002100721002,-0.117260918,1
177,66,-0.0951519385,0.06531262398,1
177,74,-0.07008852065,0.1368687451,1
177,82,0.09969794005,0.1634901911,1
177,90,-0.01181859151,-0.007728233933,1
177,98,-0.1333717704,-0.03221852332,1
177,106,-0.1190242991,-0.03098825365,1
177,114,-0.07231929898,0.04232041538,1
177,122,-0.02390795201,0.1032796055,1
177,130,0.06147095188,0.006594868377,1
177,138,0.1196859777,-0.1417127848,1
177,146,-0.006895497441,-0.03952233866,1
177,154,-0.09041092545,-0.07435079664,1
177,162,-0.1187417805,-0.0759396255,1
177,170,-0.1211799979,0.06832483411,1
185,10,0.1633064449,-0.09920845181,1
185,18,0.1173797697,0.2017197311,1
185,26,0.06904699653,0.02028171718,1
185,34,0.01537595131,-0.06587009877,1
185,42,0.02965685725,0.09842748195,1
185,50,0.0336887911,-0.06604495645,1
185,58,0.04993415251,-0.1958068907,1
185,66,-0.104323253,-0.0437842235,1
185,74,-0.09646794945,0.06588801742,1
185,82,0.08000288904,0.09952963889,1
185,90,-0.03340023011,0.0911655575,1
185,98,-0.07119999826,0.09620943666,1
185,106,-0.06156472862,0.009031713009,1
185,114,-0.07698018849,0.03934659064,1
185,122,-0.0462397784,0.1824642569,1
185,130,0.01467778534,0.169046998,1
185,138,-0.02544732764,-0.1231944486,1
185,146,-0.1416887641,-0.02971052378,1
185,154,-0.1910722256,-0.09170538932,1
185,162,-0.05918493122,-0.08023781329,1
185,170,-0.03049037419,0.1091713309,1
193,10,0.03918345273,-0.0513824597,1
193,18,0.007760059088,0.1514446735,1
193,26,0.06593322009,0.09780925512,1
193,34,0.07824002951,0.1555168629,1
193,42,-0.05484702066,0.0845497027,1
193,50,-0.04416448623,-0.001688823104,1
193,58,0.02214265615,0.03315258399,1
193,66,0.07303717732,-0.04172170162,1
193,74,0.03086083755,-0.05292678252,1
193,82,-0.05285819992,0.02729777992,1
193,90,-0.08976640552,0.1711593568,1
193,98,-0.01735372096,0.1590985209,1
193,106,0.002522986382,0.1552021503,1
193,114,0.05670198798,0.1497056335,1
193,122,0.1166452318,0.09650444984,1
193,130,0.007897568867,0.1576650739,1
193,138,-0.0179283265,-0.1209428459,1
193,146,-0.08146841079,-0.1627308279,1
193,154,-0.1040881723,-0.08392685652,1
193,162,-0.03790331259,-0.04418357462,1
193,170,0.01281165332,0.05042265356,1
201,10,-0.09827754647,0.1380186379,1
201,18,-0.01338589191,0.1153090075,1
201,26,0.006199160591,0.04307520017,1
201,34,0.1076131389,0.1765006036,1
201,42,0.07490200549,0.05205483362,1
201,50,-0.006441364996,0.03359342366,1
201,58,-0.008460152894,0.2749457955,1
201,66,0.02233697288,0.19553563,1
201,74,0.003984149545,-0.06205976382,1
201,82,-0.070492208,-0.01076475531,1
201,90,-0.04827557877,0.2594542503,1
201,98,0.03806502745,0.1603879631,1
201,106,0.0110306656,0.1425121725,1
201,114,0.04281144589,0.2538351417,1
201,122,0.01685133204,0.06813394278,1
201,130,-0.03014424443,0.0139464736,1
201,138,-0.04374083132,-0.1042736918,1
201,146,-0.03531557322,-0.2095304132,1
201,154,0.0263017565,-0.108086206,1
201,162,0.0112286713,-0.01365333237,1
201,170,0.05827277899,0.02155017853,1
209,10,-0.08938550949,0.2191610336,1
209,18,-0.05091769248,0.1259045601,1
209,26,0.1523021311,-0.04004315659,1
209,34,0.1629629433,0.1437129378,1
209,42,-0.03758030385,0.07101295888,1
209,50,-0.002013098449,0.022675246,1
209,58,0.08650895953,0.1716610342,1
209,66,-0.05245328322,-0.004867386073,1
209,74,-0.1148874909,0.05465144292,1
209,82,-0.1430752724,0.05113831908,1
209,90,-0.01809187233,0.07718000561,1
209,98,0.06766527146,0.05450893193,1
209,106,0.03471877798,-0.08203599602,1
209,114,0.09289599955,0.06164621562,1
209,122,0.09339740872,0.0234882012,1
209,130,0.07785388827,-0.02493784949,1
209,138,0.09218198806,-0.09133437276,1
209,146,-0.01168039814,-0.2258037776,1
209,154,-0.0661586076,-0.0451919958,1
209,162,0.04904170334,0.07830491662,1
209,170,0.1055887491,0.2159570456,1
217,10,-0.1079037637,0.1178523302,1
217,18,0.01024571899,0.08827009052,1
217,26,0.0198612716,0.003012486733,1
217,34,-0.03584095836,0.05411971733,1
217,42,-0.08591866493,0.1442338079,1
217,50,-0.1037610993,0.04196737707,1
217,58,-0.04319096357,0.1215578318,1
217,66,-0.04868768528,0.01177386567,1
217,74,-0.107633099,0.07147835195,1
217,82,-0.07506280392,0.04860999435,1
217,90,0.008582603186,0.008564267308,1
217,98,0.05529803783,-0.006070770323,1
217,106,0.001817066222,-0.1451253742,1
217,114,0.008610423654,0.02154572308,1
217,122,0.09293118864,-0.01273793168,1
217,130,0.07068428397,0.002490594983,1
217,138,0.04599244148,-0.06010375917,1
217,146,0.04805012792,-0.2321109474,1
217,154,-0.008015980944,-0.1197070777,1
217,162,-0.1250060201,0.005426313728,1
217,170,-0.01080013067,0.2317436934,1
225,10,-0.0305512175,-0.03387820721,1
225,18,-0.06480804831,0.06130392849,1
225,26,-0.1299667358,0.01302009262,1
225,34,-0.1082661897,0.03524754196,1
225,42,-0.05491140112,0.01301169768,1
225,50,-0.05028336868,0.02692418173,1
225,58,-0.01869626716,0.08692833781,1
225,66,-0.02762247622,0.02007923275,1
225,74,-0.03271054476,0.06071310118,1
225,82,0.04573830217,0.05552075058,1
225,90,0.01564889401,0.139768526,1
225,98,0.006074935198,-0.05549224466,1
225,106,0.02779718861,-0.2165336609,1
225,114,-0.05697538331,-0.06184200197,1
225,122,-0.0806761682,-0.0006814450026,1
225,130,-0.1356113553,0.01140150428,1
225,138,-0.08483873308,-0.05923205614,1
225,146,0.0117598325,-0.1215317696,1
225,154,-0.05930779502,-0.1354225278,1
225,162,-0.1673393399,0.07742108405,1
225,170,-0.07249878347,0.1862674952,1
233,10,-0.1065168157,-0.09998051822,1
233,18,-0.1870813966,0.007746393792,1
233,26,-0.2931012213,0.1202511564,1
233,34,-0.0610223189,0.05712094903,1
233,42,0.04374510422,-0.0312923044,1
233,50,0.05259980261,0.03345477581,1
233,58,0.07931661606,0.03356861323,1
233,66,-0.02596782893,-0.02034714445,1
233,74,-0.1168188602,0.04728697985,1
233,82,0.06652225554,0.0005256347358,1
233,90,0.07260141522,0.1356417239,1
233,98,0.02049854584,-0.007052207366,1
233,106,-0.02962533571,-0.1101902872,1
233,114,-0.09151624888,-0.2504452765,1
233,122,-0.08267881721,-0.2732576728,1
233,130,-0.07601712644,-0.1980663091,1
233,138,-0.09046110511,-0.1802875102,1
233,146,-0.0288201794,-0.01478853822,1
233,154,-0.09656585753,-0.01674992591,1
233,162,-0.07874043286,0.105848439,1
233,170,-0.008822150528,0.1096377373,1
241,10,-0.1042172313,-0.1079571396,1
241,18,-0.06532078981,0.04811628163,1
241,26,-0.1114161611,0.1369024366,1
241,34,-0.1171946079,0.02646399662,1
241,42,0.01260709018,0.004886633717,1
241,50,-0.01053025573,0.04819658771,1
241,58,0.00883975625,-0.04792418703,1
241,66,-0.1446882635,0.0485919863,1
241,74,-0.2963421047,0.008983144537,1
241,82,-0.1394460797,-0.1210864335,1
241,90,0.1180734783,-0.004568904638,1
241,98,0.1278828382,0.08489035815,1
241,106,-0.02769133076,0.0583515428,1
241,114,-0.06351135671,-0.05518265069,1
241,122,0.06788656116,-0.1830235273,1
241,130,0.09214121103,-0.2190189958,1
241,138,-0.06713095307,-0.1660321057,1
241,146,-0.04163431376,-0.04961528629,1
241,154,-0.08428584039,-0.01081196964,1
241,162,-0.1791120917,0.05620730668,1
241,170,-0.02341745421,0.144867152,1
249,10,0.03556323797,-0.1150777861,1
249,18,0.05014707148,-0.03243196011,1
249,26,-0.1624674797,0.0639802888,1
249,34,-0.124964729,-0.02167468332,1
249,42,0.02256888151,0.03989973664,1
249,50,-0.001855023205,-0.03201665729,1
249,58,-0.15555121,-0.04371718317,1
249,66,-0.2405926585,0.1394043118,1
249,74,-0.1951919049,-0.01959301718,1
249,82,-0.1054394767,-0.04105877876,1
249,90,0.09209445119,0.07683458179,1
249,98,0.1373575926,0.01290757768,1
249,106,0.07803857327,-0.005340910517,1
249,114,0.031855762,0.02540516108,1
249,122,0.1190249473,-0.03994105756,1
249,130,0.07915653288,-0.07300522178,1
249,138,-0.0849621594,-0.06022064388,1
249,146,-0.07411646098,-0.07765454799,1
249,154,-0.1303792298,0.03183928132,1
249,162,-0.1202616096,0.08079206944,1
249,170,0.01319194771,0.18727988,1
257,10,-0.00449770689,0.0227926448,1
257,18,-0.1237453595,-0.1395415068,1
257,26,-0.1825596988,-0.1831019521,1
257,34,-0.07776623964,0.02906245738,1
257,42,-0.01358354092,0.06878405064,1
257,50,-0.06924639642,-0.05202228203,1
257,58,-0.2932078838,0.03428499028,1
257,66,-0.2097217739,0.09987284243,1
257,74,-0.185775578,0.04411070794,1
257,82,-0.1921627522,0.002805033699,1
257,90,0.00769013539,0.02464511245,1
257,98,0.1116525978,0.02042780071,1
257,106,0.1517072618,-0.009569810703,1
257,114,0.1721420288,0.01852462813,1
257,122,0.1375892162,-0.02142821252,1
257,130,0.1107010022,0.07195560634,1
257,138,-0.1340259612,0.007263571024,1
257,146,-0.1465304941,-0.04690946639,1
257,154,-0.08598269522,0.01610019803,1
257,162,-0.03933281451,0.003238327801,1
257,170,0.07670070976,0.04657638445,1
265,10,-0.0987790972,0.1161179692,1
265,18,-0.1990625262,-0.02238701656,1
265,26,-0.2356826663,-0.1437445581,1
265,34,-0.09030289948,0.04493594915,1
265,42,-0.007137402892,0.1252433658,1
265,50,-0.0843193531,-0.02314257622,1
265,58,-0.2460106164,0.08103331178,1
265,66,-0.2293036729,0.02928924933,1
265,74,-0.1723731309,-0.003420930356,1
265,82,-0.06031958014,-0.07741183788,1
265,90,0.06437969208,-0.09564171731,1
265,98,0.003749538213,0.08817929029,1
265,106,0.1326910853,0.1050762385,1
265,114,0.2784538567,0.1507660747,1
265,122,0.04432551563,-0.01553126052,1
265,130,-0.01285940409,0.08742405474,1
265,138,-0.06007760018,-0.007705675438,1
265,146,-0.05561088026,-0.01217845082,1
265,154,-0.07601206005,-0.001088356599,1
265,162,-0.01991739124,0.06111868471,1
265,170,0.1638831049,-0.02797933295,1
273,10,-0.04904277995,-0.002709716558,1
273,18,-0.06725485623,0.03538038582,1
273,26,-0.1565177739,0.06733885407,1
273,34,-0.1477952003,0.02131336182,1
273,42,-0.1538205445,0.1124865785,1
273,50,-0.1941131651,0.1486162543,1
273,58,-0.2495469004,0.06838937104,1
273,66,-0.2101409137,0.01642759144,1
273,74,-0.2061728686,-0.0146734789,1
273,82,-0.1280364096,-0.01815560088,1
273,90,0.0648746565,-0.0528999716,1
273,98,-0.3013970852,0.1183039844,1
273,106,-0.1046438217,0.04309058189,1
273,114,0.006961226463,0.1196092367,1
273,122,0.03136151284,-0.02399781346,1
273,130,0.05812443048,-0.006106249522,1
273,138,-0.05894453079,0.02656320855,1
273,146,-0.1056469977,0.05875025317,1
273,154,-0.2622359395,0.05530547723,1
273,162,-0.1438359022,0.04214327037,1
273,170,0.05228847265,-0.05851309747,1
281,10,-0.03452534601,0.04340298474,1
281,18,-0.1035530418,0.1244118586,1
281,26,-0.01040450856,0.1579800099,1
281,34,0.08703558892,0.09578680992,1
281,42,-0.0399287045,0.05028775334,1
281,50,-0.2119971663,-0.02834935114,1
281,58,-0.2259571552,0.02018305659,1
281,66,-0.1218469739,-0.1547269225,1
281,74,-0.1525891721,-0.1538652778,1
281,82,-0.2306658924,0.1520319432,1
281,90,-0.05441266298,0.2076116502,1
281,98,-0.01347021759,0.08175714314,1
281,106,-0.07763433456,-0.0272254236,1
281,114,-0.01285442337,0.02590421587,1
281,122,0.06764040887,-0.02123088576,1
281,130,-0.009518733248,-0.005807950161,1
281,138,-0.05535484105,-0.009536188096,1
281,146,-0.06225214899,0.05340359733,1
281,154,-0.2094516903,-0.0384930186,1
281,162,-0.1268923879,-0.07892074436,1
281,170,-0.01678066328,-0.03650866449,1
289,10,0.1416246295,0.0612860471,1
289,18,0.07237432897,0.2422473133,1
289,26,0.059205845,0.223333627,1
289,34,0.004648987204,0.05052545294,1
289,42,-0.08286470175,0.002554083243,1
289,50,-0.2023947686,-0.04635868967,1
289,58,-0.03199055791,-0.06215208769,1
289,66,-0.001549102366,-0.1858184636,1
289,74,0.00519566983,-0.1421355307,1
289,82,-0.1506443173,0.1025451273,1
289,90,-0.1327538341,0.2819920182,1
289,98,-0.03789944947,0.07534761727,1
289,106,0.106835179,0.03528200835,1
289,114,0.07271470129,0.06993620098,1
289,122,0.01466912404,-0.07011903822,1
289,130,-0.001057263464,-0.04927078635,1
289,138,0.0347712487,-0.02775385976,1
289,146,0.07550922781,-0.01623310521,1
289,154,0.001780033112,-0.1213438809,1
289,162,-0.0003758892417,-0.06317538023,1
289,170,-0.00300527364,0.04521214217,1
297,10,0.1750150919,-0.03222630918,1
297,18,-0.02573405579,0.09908406436,1
297,26,-0.1379068494,0.1223197579,1
297,34,-0.2379937321,0.1291757077,1
297,42,-0.07606430352,-0.003713421524,1
297,50,-0.06079284847,-0.02219141647,1
297,58,-0.1159540638,-0.1647863388,1
297,66,0.1083648354,-0.1780595034,1
297,74,0.115144223,-0.04481434077,1
297,82,-0.05946974829,0.02266421542,1
297,90,-0.1941970289,0.01960383728,1
297,98,-0.2519340515,-0.0252741687,1
297,106,-0.006185561419,-0.05904329941,1
297,114,-0.01622680947,-0.03298246488,1
297,122,-0.02650511637,-0.07708266377,1
297,130,0.1231253743,-0.04545798898,1
297,138,0.108105287,-0.01014247537,1
297,146,0.05972783267,-0.003240145743,1
297,154,0.01129838172,-0.01560012531,1
297,162,-0.1366444528,-0.02383220941,1
297,170,-0.1310287118,0.08417221159,1
305,10,0.04386425763,-0.01514175534,1
305,18,-0.123735249,0.0373441577,1
305,26,-0.1895813942,0.06843757629,1
305,34,-0.184527725,0.1785564423,1
305,42,-0.03948837519,0.0157299526,1
305,50,-0.09887258708,-0.009489989839,1
305,58,-0.2664082348,-0.04936187714,1
305,66,0.007406301796,-0.1588663906,1
305,74,-0.01976368576,-0.09064304084,1
305,82,-0.1896514893,-0.02550942264,1
305,90,-0.1547927856,-0.06104199588,1
305,98,-0.08505771309,-0.08759431541,1
305,106,-0.06345868111,-0.09816215932,1
305,114,-0.06009471789,-0.1485012174,1
305,122,0.05381066352,0.01836286858,1
305,130,0.1977972686,-0.01258657314,1
305,138,0.1984597296,-0.0182655789,1
305,146,0.1043346822,0.06729149818,1
305,154,-0.04068009183,0.06368009001,1
305,162,-0.06781369448,-0.03353141993,1
305,170,-0.001769967377,0.07110155374,1
313,10,0.02498946339,-0.1159165949,1
313,18,-0.1307140738,-0.05468266457,1
313,26,-0.1986173689,0.00511996448,1
313,34,-0.2790392637,0.0255157724,1
313,42,-0.3684272468,0.140733242,1
313,50,-0.3302265406,0.02769209817,1
313,58,-0.2341241091,0.04243791103,1
313,66,-0.03990696743,-0.008749136701,1
313,74,-0.01420603693,-0.03037589416,1
313,82,0.009587459266,0.07172899693,1
313,90,-0.08083800972,-0.03416460752,1
313,98,-0.1262555271,-0.0948176384,1
313,106,-0.07900565863,-0.1394250691,1
313,114,-0.03267350793,-0.09724149108,1
313,122,-0.01782012172,0.0249110423,1
313,130,-0.04795242846,0.0609488599,1
313,138,0.02747612074,0.06479796022,1
313,146,-0.0327206254,0.05789279938,1
313,154,-0.1173240915,0.05188745633,1
313,162,-0.07197719812,0.01047286391,1
313,170,-0.009132348001,0.06494630873,1
321,10,0.07688253373,-0.06589865685,1
321,18,-0.06355579197,-0.1899777651,1
321,26,-0.07045988739,0.003873966634,1
321,34,-0.2327118516,0.1009662524,1
321,42,-0.3489213586,0.1039233506,1
321,50,-0.2096241415,-0.03473461047,1
321,58,-0.08310885727,0.1423910558,1
321,66,-0.01175026223,0.05412121862,1
321,74,-0.009082723409,0.07680460066,1
321,82,-0.05832037702,0.1442323923,1
321,90,-0.08378955722,0.06058938056,1
321,98,-0.1526443511,-0.006576813757,1
321,106,0.03550275415,-0.1475698799,1
321,114,0.1400622427,-0.1210268885,1
321,122,-0.09370172024,0.07871028781,1
321,130,-0.1019457728,0.1427890658,1
321,138,-0.02977520972,0.07585045695,1
321,146,-0.0786133036,-0.09778763354,1
321,154,-0.144251883,-0.00578681007,1
321,162,-0.142373547,0.05718673766,1
321,170,-0.05929191411,0.09007453173,1
329,10,-0.06848748773,0.07499998808,1
329,18,-0.1358031929,0.1777682155,1
329,26,-0.2175230831,0.1244327724,1
329,34,-0.1621305048,0.04997233301,1
329,42,-0.1023361236,-0.1261056513,1
329,50,0.01756390557,-0.1237800568,1
329,58,0.03183637559,0.1715736091,1
329,66,0.001776495017,0.1842113435,1
329,74,-0.1048942432,0.1064381301,1
329,82,-0.1453074217,0.001119170338,1
329,90,-0.1442698836,0.05466841161,1
329,98,-0.07091005147,0.07031874359,1
329,106,-0.07620972395,0.05277611688,1
329,114,-0.08338201046,-0.02550692111,1
329,122,-0.09089113772,0.1228185892,1
329,130,-0.1146837324,0.1071579829,1
329,138,-0.1002017409,0.169303894,1
329,146,0.07111271471,-0.01099993289,1
329,154,0.02589198947,-0.01958473772,1
329,162,-0.04831563681,0.04351138324,1
329,170,-0.08558395505,0.0513071157,1
337,10,-0.2855390608,0.1767396033,1
337,18,-0.2591949999,0.3412815332,1
337,26,-0.2240300179,0.1655364037,1
337,34,-0.05868887901,-0.04776773602,1
337,42,0.1163824201,-0.1123655587,1
337,50,0.1261542439,-0.1158727035,1
337,58,0.07061126083,0.002123469487,1
337,66,0.04967247695,0.2202051431,1
337,74,-0.0277621299,0.1589117646,1
337,82,-0.0577987507,0.04302911088,1
337,90,-0.064227283,0.06258620322,1
337,98,0.07418465614,0.1590484381,1
337,106,0.1177289262,0.346049577,1
337,114,-0.1703785509,0.3292668164,1
337,122,-0.2277287841,0.03078853339,1
337,130,-0.0143988356,0.010543935,1
337,138,-0.05002781004,0.1514649391,1
337,146,-0.05610649288,0.05369356275,1
337,154,-0.06298910826,0.05759138614,1
337,162,-0.1046795473,0.02263928019,1
337,170,-0.1336301714,-0.07317449898,1
345,10,-0.2140889168,0.07449187338,1
345,18,-0.207376048,0.1455561072,1
345,26,-0.1148262769,0.02776170522,1
345,34,0.05995199084,-0.06572641432,1
345,42,0.1124788448,-0.1335667819,1
345,50,0.01750792004,-0.1099629626,1
345,58,0.007277684286,-0.07305351645,1
345,66,0.04327721149,0.1365514994,1
345,74,0.0003822669387,0.1516246796,1
345,82,-0.003329325467,0.01800105348,1
345,90,0.005104962736,-0.03762931004,1
345,98,0.09703674167,0.1940678656,1
345,106,0.1540970504,0.2343472242,1
345,114,-0.07207403332,0.304433465,1
345,122,-0.0202222988,0.05171361566,1
345,130,0.04652359337,0.01059160382,1
345,138,-0.04116104543,0.03191120923,1
345,146,-0.09684000909,0.07562936842,1
345,154,0.002883670852,0.1860574782,1
345,162,0.02848453075,-0.04434394464,1
345,170,0.05074055865,-0.204893291,1
353,10,-0.338855654,-0.02910713851,1
353,18,-0.1755155921,-0.01293580234,1
353,26,-0.01969822124,0.0478865616,1
353,34,-0.00591346249,-0.09840643406,1
353,42,-0.01225685701,-0.2769998014,1
353,50,-0.02783924341,-0.1877876967,1
353,58,-0.09689941257,-0.139814049,1
353,66,-0.1061370224,0.04627242312,1
353,74,-0.2255277783,0.02753701434,1
353,82,-0.1465637386,-0.001019351184,1
353,90,-0.03263282031,-0.07198810577,1
353,98,-0.05452937633,0.03129839152,1
353,106,0.02097432688,0.1024111211,1
353,114,0.03914520144,0.2095095068,1
353,122,0.120773837,0.08742132783,1
353,130,0.1725999713,0.04646129161,1
353,138,0.01353523508,0.02064660192,1
353,146,-0.1054657623,0.07560150325,1
353,154,-0.02808921039,0.05028305948,1
353,162,0.03125688061,-0.1541139185,1
353,170,0.1996542811,-0.3338910341,1
361,10,-0.2059613019,0.1767850369,1
361,18,0.09788514674,0.07459656894,1
361,26,0.06830339134,0.03076306917,1
361,34,-0.03789252043,-0.1210581884,1
361,42,0.0530419983,-0.2032968402,1
361,50,0.03499944508,-0.1387662888,1
361,58,-0.07905942202,-0.1406370699,1
361,66,0.00656894967,-0.02539143711,1
361,74,0.003326505423,0.02647642605,1
361,82,-0.02166154981,0.1252329648,1
361,90,0.01602225006,0.1066851467,1
361,98,-0.02363075502,0.05836109817,1
361,106,-0.1291019768,-0.01445968449,1
361,114,-0.0361250639,0.0454781428,1
361,122,-0.072934255,0.03938980028,1
361,130,-0.05335438251,-0.02631971799,1
361,138,-0.05048562586,0.0274807997,1
361,146,-0.007747319527,0.002076931298,1
361,154,0.1087004095,-0.05376271158,1
361,162,0.09282547235,-0.09412005544,1
361,170,0.1442992538,-0.1838100404,1
369,10,-0.175018698,-0.03543170542,1
369,18,-0.1093470752,-0.01728826016,1
369,26,-0.09401998669,-0.04645965621,1
369,34,-0.06682260334,-0.059458334,1
369,42,0.0111673288,-0.02310355008,1
369,50,-0.1371641308,-0.07038372755,1
369,58,-0.1066467166,-0.01972983778,1
369,66,0.1401552856,0.1230315939,1
369,74,0.137167275,0.04574323446,1
369,82,0.02613066137,0.02921275049,1
369,90,0.001087667421,0.0807140246,1
369,98,-0.1025356501,-0.01295116916,1
369,106,-0.07648819685,0.04767465964,1
369,114,0.3384969532,-0.1101486161,1
369,122,-0.1545921266,0.03097762913,1
369,130,-0.1271267384,-0.02039732784,1
369,138,-0.05936053768,0.03888363391,1
369,146,-0.0352909714,0.01938484982,1
369,154,0.09590937197,-0.01324103773,1
369,162,0.08380848169,0.05118378997,1
369,170,-0.0007098913193,-0.09115004539,1
377,10,-0.1273007095,-0.07080765814,1
377,18,-0.1462564468,-0.1333876997,1
377,26,0.002530952916,0.002433802933,1
377,34,-0.03882332146,-0.003190852702,1
377,42,-0.1095139533,-0.09124656022,1
377,50,-0.1396579593,0.02008205466,1
377,58,0.05749752,0.03045184538,1
377,66,0.1254838705,0.1716148108,1
377,74,0.130216226,0.03162606061,1
377,82,-0.02323232219,-0.02375673316,1
377,90,0.01061302423,0.05651023611,1
377,98,0.03652395308,0.04621287063,1
377,106,0.06465861201,0.05559193715,1
377,114,0.07456661761,-0.05114069209,1
377,122,-0.07840757072,0.006310055032,1
377,130,-0.1856029481,0.0178498514,1
377,138,-0.066259332,0.07338722795,1
377,146,0.09660056978,0.0548093468,1
377,154,0.2092108428,0.1215399355,1
377,162,0.09971299022,0.2284214795,1
377,170,-0.0457297489,0.01278391853,1
385,10,-0.1076027006,0.02686707675,1
385,18,0.03801750392,0.136950776,1
385,26,0.04845806211,0.2141775191,1
385,34,4.192255437e-05,0.05188520625,1
385,42,0.003055237234,-0.01860338077,1
385,50,0.05386967957,0.02551803552,1
385,58,0.1345355511,-0.2039126903,1
385,66,0.06236051768,0.05522000417,1
385,74,0.06862723827,0.1821988225,1
385,82,-0.02224671282,0.02007558011,1
385,90,-0.03650148213,-0.06639772654,1
385,98,0.002501689829,-0.002816130407,1
385,106,0.0003481656313,-0.1163986102,1
385,114,-0.002533044666,-0.2649647295,1
385,122,-0.1978376955,-0.01263258606,1
385,130,-0.2935480475,0.01039421558,1
385,138,-0.3295975327,0.1701159328,1
385,146,-0.04362975061,0.1363378465,1
385,154,0.06320080906,0.0944339186,1
385,162,0.07094794512,0.1616609246,1
385,170,-0.01964976639,0.09684287012,1
393,10,0.07885973155,-0.02755060233,1
393,18,-0.02679581568,0.09272357821,1
393,26,-0.05637648329,0.2298461497,1
393,34,0.03529790789,0.1470091343,1
393,42,0.1301947534,0.1350353807,1
393,50,0.1551709175,0.04408437014,1
393,58,0.1301991045,-0.3980145454,1
393,66,-0.0364202708,0.04258459061,1
393,74,-0.0901126042,0.1663906723,1
393,82,-0.3359774649,0.08800247312,1
393,90,-0.2467091382,0.003051761538,1
393,98,-0.01027504914,-0.02405359223,1
393,106,0.02234788239,-0.05499664694,1
393,114,0.1711737216,0.002100728452,1
393,122,0.09136077017,0.1228878722,1
393,130,-0.03464128077,0.1581833959,1
393,138,-0.1013820395,0.1550442129,1
393,146,-0.2223758847,0.1325442195,1
393,154,0.04192132875,0.08269765973,1
393,162,0.03355865926,0.1431820095,1
393,170,0.001663908362,0.1013501436,1
401,10,0.1085300446,0.001080907881,1
401,18,0.05440541729,0.01425575465,1
401,26,-0.01683339477,0.1355552524,1
401,34,-0.1403274536,0.08577480912,1
401,42,0.1212363094,0.1782563329,1
401,50,0.2044556439,0.1271471828,1
401,58,0.06984680891,-0.2958534062,1
401,66,0.1125319526,-0.1192429364,1
401,74,0.2619549334,-0.1712776273,1
401,82,-0.3255800605,0.1016688123,1
401,90,-0.1715286821,0.1622426361,1
401,98,-0.009501809254,0.1188679859,1
401,106,0.1041661799,0.1901976913,1
401,114,0.209229216,0.1833479851,1
401,122,0.1283309013,0.1734825522,1
401,130,-0.02622416988,0.1528973579,1
401,138,0.005414769053,0.1377170384,1
401,146,0.02611728758,0.09101441503,1
401,154,0.002750890329,0.04974572733,1
401,162,0.001042857766,0.06628531218,1
401,170,-0.0167455487,0.1546879411,1
409,10,-0.08697368205,0.05850023031,1
409,18,0.4343886673,0.1761674881,1
409,26,0.1224610507,0.203996256,1
409,34,-0.1102954447,0.00961427018,1
409,42,-0.1099036485,-0.03989616781,1
409,50,0.01973523945,-0.1236067712,1
409,58,0.07940127701,-0.07016649097,1
409,66,0.1488927603,-0.3072051108,1
409,74,0.3424873054,-0.09029589593,1
409,82,-0.04477121308,0.02340417542,1
409,90,-0.167072922,0.03366126493,1
409,98,-0.1796872616,-0.02919277176,1
409,106,0.02692485601,0.04237212986,1
409,114,0.1150388271,0.108692959,1
409,122,-0.0335393399,0.01577611268,1
409,130,0.02105611563,0.08667913079,1
409,138,0.04496721923,0.02439415455,1
409,146,0.09337183088,0.07656630874,1
409,154,0.2799175382,0.04045076668,1
409,162,0.1054437906,-0.07531146705,1
409,170,0.00967374444,-0.1112472713,1
417,10,-0.4882666767,0.1042284966,1
417,18,-0.08546848595,-0.1438530385,1
417,26,-0.01620160043,0.2003170252,1
417,34,-0.2158026397,0.02046314627,1
417,42,-0.3081107438,0.05103105307,1
417,50,-0.2178530991,0.04890093207,1
417,58,-0.06724274904,0.02357765287,1
417,66,0.04664726555,-0.1730628461,1
417,74,0.08372825384,-0.107582137,1
417,82,0.1269640028,-0.1495917141,1
417,90,0.04210466519,0.02762624994,1
417,98,-0.1436163932,-0.0291454345,1
417,106,-0.2507640719,-0.1755682528,1
417,114,-0.2258605212,-0.3277403712,1
417,122,-0.05982090905,-0.3337237835,1
417,130,0.1350778341,-0.2715522349,1
417,138,0.2801269889,-0.2247028947,1
417,146,0.2927666903,-0.007411621511,1
417,154,0.2080527544,0.07254387438,1
417,162,0.05502711236,-0.1621800959,1
417,170,-0.1455719322,-0.5912380219,1
