PIVlab, ASCII chart output - 02-Aug-2025
FRAME: 267, filenames: A:[267]FullStack_Pos0035_TgUtrmcherry_K4K8MO-1.avi & B:[268]FullStack_Pos0035_TgUtrmcherry_K4K8MO-1.avi, conversion factor xy (px -> m): 1, conversion factor uv (px/frame -> m/s): 1
x [px],y [px],u [px/frame],v [px/frame],Vector type [-]
9,10,0.1434794217,0.009683474898,1
9,18,0.05323667824,-0.002310171723,1
9,26,0.06916809082,-0.1250947714,1
9,34,0.05721631646,-0.06652271748,1
9,42,0.1143668443,-0.1798628271,1
9,50,0.1342893988,-0.3425270021,1
9,58,0.1789385676,-0.1966777146,1
9,66,0.3532524705,-0.1527290046,1
9,74,0.274867177,-0.2653965056,1
9,82,0.2583839893,-0.3184520602,1
9,90,0.2094245553,-0.3963611722,1
9,98,0.01877430081,-0.2656716704,1
9,106,-0.02444061637,-0.07841795683,1
9,114,0.1153148562,-0.07386112213,1
9,122,0.01099693775,-0.0296818912,1
9,130,-0.007298946381,-0.04618877172,1
9,138,-0.08420532942,-0.05578479171,1
9,146,-0.1624569446,0.0581971854,1
9,154,-0.04140098393,0.1264976859,1
9,162,0.03019082174,0.1566802561,1
9,170,0.04054040462,-0.1448929012,1
17,10,-0.05278513953,-0.1492957175,1
17,18,0.01424339786,0.02075058036,1
17,26,-0.01147583127,0.0764734149,1
17,34,-0.1609584093,0.07826307416,1
17,42,-0.04635278881,-0.08390985429,1
17,50,0.02820646763,-0.1136016101,1
17,58,-0.001349933445,-0.05917470157,1
17,66,0.004563629627,-0.08647298813,1
17,74,-0.004354089499,-0.07006850839,1
17,82,0.03646411002,-0.1290290654,1
17,90,0.06939195096,-0.1208017766,1
17,98,0.01565831713,-0.1471942067,1
17,106,-0.02224315703,-0.1715417951,1
17,114,0.01763990521,-0.14253214,1
17,122,-0.04496516287,-0.01191322505,1
17,130,-0.05109038949,-0.03157946467,1
17,138,-0.08854619414,-0.0002060346305,1
17,146,-0.09858559817,0.01809097081,1
17,154,-0.06771057844,0.1478345394,1
17,162,-0.04691436514,0.2017868161,1
17,170,0.02631801367,0.01508308947,1
25,10,-0.0691498369,-0.2089632303,1
25,18,0.01795248687,0.0281256251,1
25,26,-0.0235420987,0.1584388018,1
25,34,-0.006530085579,0.06366679817,1
25,42,0.0305985827,-0.01145993359,1
25,50,-0.01554464735,-0.04387822002,1
25,58,-0.05408900231,0.040203996,1
25,66,-0.1298127174,-0.01166063175,1
25,74,-0.0361963585,0.01554070041,1
25,82,0.0004621446133,0.01048751175,1
25,90,-0.04147618636,-0.02240991592,1
25,98,-0.003026815131,-0.03028324246,1
25,106,-0.03039494716,-0.1226539239,1
25,114,-0.0542499572,-0.1101481766,1
25,122,-0.1058692187,-0.02045899816,1
25,130,-0.04745083302,-0.0002872049809,1
25,138,-0.09213007987,0.1000024974,1
25,146,-0.1206257939,0.1365982592,1
25,154,0.012197081,0.005917873234,1
25,162,0.02710662968,-0.002720419317,1
25,170,-0.03655222803,0.1298505068,1
33,10,0.002147652209,-0.2073019296,1
33,18,0.06509408355,0.05092760921,1
33,26,-0.01874137856,0.1331630945,1
33,34,-0.03486086428,0.1169364601,1
33,42,0.04730213061,0.02570158988,1
33,50,-0.08432104439,-0.07586891204,1
33,58,-0.06425301731,0.02739614993,1
33,66,-0.03153315932,0.03181629628,1
33,74,-0.0829891488,0.1504498422,1
33,82,-0.05363503471,0.18176952,1
33,90,-0.05286824331,0.01526932418,1
33,98,-0.05387297273,-0.05470246822,1
33,106,0.007566150278,-0.05583268404,1
33,114,-0.08268345892,-0.02231640369,1
33,122,-0.09578567743,-0.02895166352,1
33,130,-0.02237986773,-0.04953012615,1
33,138,0.01451192051,-0.02561324835,1
33,146,0.05795305595,0.006886165589,1
33,154,0.07622940838,-0.02809929848,1
33,162,0.06164222956,-0.1171423793,1
33,170,-0.121908918,0.0822018832,1
41,10,0.04951004684,-0.1322325021,1
41,18,0.1194091067,0.06302201748,1
41,26,0.02841748297,0.09069041163,1
41,34,-0.07132574916,0.03700203821,1
41,42,-0.0326606296,-0.02574411035,1
41,50,-0.07676772773,0.003228664398,1
41,58,-0.0447768122,-0.007335728966,1
41,66,0.05152373761,-0.005936063826,1
41,74,0.03749997914,0.2305969894,1
41,82,0.06345088035,0.3110970557,1
41,90,0.1129498333,0.1858078092,1
41,98,0.002465162426,-0.1056626961,1
41,106,-0.04054402933,-0.00823376514,1
41,114,-0.03703555465,0.08840128779,1
41,122,0.03506529331,-0.03641811013,1
41,130,0.1126611084,-0.01417155657,1
41,138,0.0771586895,-0.05707897246,1
41,146,0.08166798949,-0.132295981,1
41,154,-0.002212314866,-0.05716274679,1
41,162,-0.05009498447,-0.07484266162,1
41,170,-0.1634972394,8.116755635e-05,1
49,10,-0.01359069347,-0.08206056803,1
49,18,0.1548065692,0.1355462521,1
49,26,0.2054507285,0.08587245643,1
49,34,0.06179685891,-0.07970780879,1
49,42,-0.1387173533,-0.04096283391,1
49,50,-0.1672541201,0.2411301136,1
49,58,-0.008186995983,-0.02404306084,1
49,66,0.1827272177,-0.1200593114,1
49,74,0.1830253005,0.1425590217,1
49,82,0.2524068356,0.233022064,1
49,90,0.1806990802,0.2100811601,1
49,98,0.1283252239,-0.05924141407,1
49,106,0.04267776012,0.003640882671,1
49,114,0.01324211434,-0.06697138399,1
49,122,0.1198144257,0.03682248294,1
49,130,0.1389730275,0.0958782956,1
49,138,0.1060197502,-0.006509803236,1
49,146,0.07117512822,-0.1046616435,1
49,154,0.03125468642,-0.09285908937,1
49,162,-0.07693505287,-0.08080276102,1
49,170,-0.1236678138,-0.06357408315,1
57,10,-0.003847390413,-0.03726581484,1
57,18,0.09503323585,0.234168604,1
57,26,0.2177675813,0.1985826939,1
57,34,0.1628986597,0.1078347638,1
57,42,-0.06684218347,0.0636767,1
57,50,-0.03564293683,0.01441705599,1
57,58,0.09906178713,-0.1091763228,1
57,66,0.1103481203,-0.09196040034,1
57,74,0.07747144997,-0.05075837672,1
57,82,0.2516990602,0.02387936413,1
57,90,0.1895010024,0.1179318428,1
57,98,0.07947853208,-0.03681379184,1
57,106,0.003999806941,0.06554624438,1
57,114,-0.1742139459,-0.1110593006,1
57,122,-0.004250662401,-0.002424553037,1
57,130,0.002214806154,0.1267023385,1
57,138,-0.1137090623,-0.0367387943,1
57,146,-0.0392026864,-0.07900154591,1
57,154,0.0458368957,-0.1046884656,1
57,162,0.02126987651,-0.3108198047,1
57,170,-0.02792919241,-0.1754913479,1
65,10,-0.02553276345,0.09730084985,1
65,18,0.1052531302,0.2180812508,1
65,26,0.01809684932,0.2569857538,1
65,34,0.01601790637,0.1479210556,1
65,42,0.08061993867,0.06144439429,1
65,50,0.02454121783,-0.02248552814,1
65,58,0.04626438767,-0.2129498124,1
65,66,0.0908498317,-0.1462893635,1
65,74,0.1776369661,-0.1553393304,1
65,82,0.3655448556,-0.05448828638,1
65,90,0.1817514598,0.06736993045,1
65,98,0.05376559496,0.05819268525,1
65,106,0.0348903425,0.06370127201,1
65,114,-0.07475329936,-0.04770328477,1
65,122,0.02956057712,-0.148401916,1
65,130,-0.03709468991,-0.0430983305,1
65,138,-0.03652258217,-0.01511152834,1
65,146,0.003190573305,-0.07972696424,1
65,154,0.04210455716,-0.1098156571,1
65,162,0.06739114225,-0.2305050045,1
65,170,0.05902472883,-0.1745216548,1
73,10,0.01172157377,0.1000504941,1
73,18,0.1763908863,-0.01543824375,1
73,26,0.1375676692,0.07667370141,1
73,34,-0.01624331623,0.008580908179,1
73,42,-0.03094230779,-0.005390651524,1
73,50,-0.0635318011,0.03264097124,1
73,58,-0.06632518768,-0.1556106508,1
73,66,0.1002349034,-0.1619820744,1
73,74,0.1639786363,-0.128918916,1
73,82,0.2263424993,-0.05272647738,1
73,90,0.09637514502,-0.03103270382,1
73,98,-0.007402252406,-0.0719397366,1
73,106,-0.01852071472,0.07409378141,1
73,114,-0.05069779977,0.1341202855,1
73,122,0.1659155637,-0.101831913,1
73,130,0.08149330318,-0.1395009607,1
73,138,0.01153903827,-0.00159194693,1
73,146,0.07589723915,-0.05298907682,1
73,154,0.1592185199,-0.06095821038,1
73,162,0.09138396382,-0.05032878369,1
73,170,0.02547587268,-0.1257146299,1
81,10,0.03914111853,0.07916045189,1
81,18,0.2014159709,-0.1186299622,1
81,26,0.1493919492,-0.07688670605,1
81,34,-0.05519261211,-0.03029861301,1
81,42,-0.1061059088,-0.03309542686,1
81,50,-0.1008999199,-0.06764473021,1
81,58,-0.1000377536,-0.09662943333,1
81,66,-0.04531494901,-0.1211364716,1
81,74,0.03715802729,-0.1516893208,1
81,82,0.113761127,-0.1427459419,1
81,90,0.2210738361,-0.07825674862,1
81,98,0.087657772,-0.1544312239,1
81,106,0.02051091194,0.04065123945,1
81,114,0.02744777501,0.1069696397,1
81,122,-0.08663345128,-0.1553764641,1
81,130,0.02272770554,-0.0649798438,1
81,138,0.0469770357,-0.004651363939,1
81,146,0.1520085931,-0.06545782834,1
81,154,0.1128295958,-0.02057901025,1
81,162,-0.02941079438,0.01531934738,1
81,170,-0.06465628743,-0.06371667981,1
89,10,0.2856888175,-0.01213225722,1
89,18,0.2880899012,-0.04904631153,1
89,26,0.06114253029,-0.1213657111,1
89,34,-0.07547184825,-0.1255602241,1
89,42,-0.009802099317,-0.09911081195,1
89,50,0.01316550002,0.02264291048,1
89,58,-0.1251696199,-0.03529451787,1
89,66,-0.1558405161,-0.1095209345,1
89,74,-0.07045073807,-0.1515271515,1
89,82,0.03367694467,-0.1431205869,1
89,90,0.0426793322,-0.1253167391,1
89,98,0.02037331462,-0.130732581,1
89,106,0.1882409155,0.150787726,1
89,114,0.1928553581,0.02803411335,1
89,122,0.04808988422,-0.1667825431,1
89,130,-0.05324412882,0.07052341849,1
89,138,0.06176136434,-0.01072248258,1
89,146,0.1218672246,-0.08800286055,1
89,154,0.1095066518,0.008762072772,1
89,162,-0.05680716783,0.04748667777,1
89,170,0.002789382823,0.139559716,1
97,10,0.2023405582,0.1334798783,1
97,18,0.1344950944,-0.05928600207,1
97,26,-0.06666147709,-0.2293477058,1
97,34,-0.1298020333,-0.1905288994,1
97,42,0.07023473084,-0.1428255588,1
97,50,0.06420874596,-0.07505014539,1
97,58,-0.06800062954,-0.0363625139,1
97,66,-0.04278083518,-0.1067101881,1
97,74,0.0121920146,-0.1059991121,1
97,82,-0.02190087363,-0.08959652483,1
97,90,-0.06407544762,-0.1134951338,1
97,98,-0.05827055871,-0.09579519182,1
97,106,0.2849135101,0.1179017201,1
97,114,0.2324714959,0.1580279768,1
97,122,0.14884983,0.08987648785,1
97,130,0.0691268295,0.06923691928,1
97,138,0.02495516837,0.0005059298128,1
97,146,0.1175021604,0.0683439374,1
97,154,0.1493104696,0.0288038142,1
97,162,0.101460129,0.05114933848,1
97,170,0.1171014309,0.1503655165,1
105,10,-0.01003158092,0.2253134549,1
105,18,0.003779232502,-0.05092645064,1
105,26,0.1184853613,-0.2083452195,1
105,34,0.1018594503,-0.1234864444,1
105,42,0.06253543496,-0.0777971521,1
105,50,0.101567477,-0.03140670061,1
105,58,0.1041249633,-0.04749479145,1
105,66,0.01703115925,-0.1422224939,1
105,74,0.02979722433,-0.1546039283,1
105,82,-0.08368352056,-0.08333278447,1
105,90,-0.03493449092,-0.008572623134,1
105,98,0.1095734537,0.004904393107,1
105,106,0.1537887156,0.08022586256,1
105,114,0.2359667718,0.115162015,1
105,122,0.2059978843,0.1458632052,1
105,130,0.0555678457,0.00825474225,1
105,138,-0.01751056314,0.04643408954,1
105,146,-0.07641738653,0.180936709,1
105,154,0.07965964079,0.04624607414,1
105,162,0.2165361941,0.05972358584,1
105,170,0.1002587155,-0.05063856021,1
113,10,0.03960814327,0.1188100427,1
113,18,0.003574803472,0.02250957489,1
113,26,-0.007460933179,-0.1546318829,1
113,34,-0.02119370177,-0.0832272768,1
113,42,0.01065535843,-0.08781831712,1
113,50,-0.01148491725,0.009141840041,1
113,58,-0.006502847187,-0.0435321033,1
113,66,0.03038762137,-0.1460311264,1
113,74,-0.08938869089,-0.07053759694,1
113,82,-0.09622521698,-0.04758415371,1
113,90,0.06464462727,-0.09978169203,1
113,98,-0.02295935154,0.02616654895,1
113,106,0.1399575472,0.08707770705,1
113,114,0.2995864153,-0.03883565217,1
113,122,0.1285110265,0.01813085377,1
113,130,-0.02720996737,0.1019969359,1
113,138,-0.1582877338,0.1486135125,1
113,146,-0.1372821927,0.1246116459,1
113,154,-0.1582846195,0.03842391819,1
113,162,-0.07418264449,0.04324685037,1
113,170,-0.06942972541,-0.09625659883,1
121,10,0.05525236577,0.07112027705,1
121,18,0.02610854805,-0.1272190511,1
121,26,-0.08341994882,-0.2361627966,1
121,34,0.01033778489,-0.1434465051,1
121,42,0.07521309704,-0.1057022065,1
121,50,0.07103104889,-0.1386313736,1
121,58,0.02555650286,-0.1912990957,1
121,66,-0.04451467842,-0.172980085,1
121,74,-0.2598119378,0.02307146788,1
121,82,-0.06081018597,0.1299256682,1
121,90,0.06870158017,0.1151744872,1
121,98,-0.01382389665,0.009577914141,1
121,106,0.004095226526,0.01318809763,1
121,114,0.121257782,-0.05371647328,1
121,122,0.07797581702,-0.1018676758,1
121,130,-0.0328055881,-0.031340193,1
121,138,0.01275780983,0.08725184947,1
121,146,-0.04791277647,0.04411194474,1
121,154,-0.116002813,0.04254901782,1
121,162,-0.04173438251,-0.004664890468,1
121,170,-0.1146043465,-0.06816150248,1
129,10,0.07985819876,0.0323754549,1
129,18,0.0152337309,-0.1184880584,1
129,26,0.006066445261,-0.2011335194,1
129,34,-0.01902838238,-0.08683438599,1
129,42,0.0153683871,0.02148611471,1
129,50,0.06309577078,0.005462277681,1
129,58,0.02193176746,-0.07527709007,1
129,66,-0.08559639752,-0.1363724619,1
129,74,-0.02201724239,-0.08478439599,1
129,82,0.06392586231,0.05717010796,1
129,90,0.04207922891,0.1768399179,1
129,98,0.003259658813,0.03292056918,1
129,106,-0.06909382343,-0.0259547215,1
129,114,-0.02441029251,0.0598769784,1
129,122,0.1321639121,-0.04126939923,1
129,130,0.09573756158,-0.07649205625,1
129,138,-0.01744880527,0.01632762328,1
129,146,-0.06805029511,0.03254697472,1
129,154,0.007491547614,0.02321186662,1
129,162,0.003446154296,0.01195863634,1
129,170,-0.1106812656,-0.2175380141,1
137,10,0.01710037142,0.03516722471,1
137,18,-0.01702191681,-0.05810599029,1
137,26,-0.04505163431,-0.05511126667,1
137,34,-0.06828725338,-0.04204027355,1
137,42,-0.002178419847,0.1108720005,1
137,50,0.1177967191,0.1364064664,1
137,58,0.03690679744,0.07348303497,1
137,66,0.008954335004,-0.1824910194,1
137,74,0.131942153,-0.1736896038,1
137,82,0.05228470638,-0.06616160274,1
137,90,-0.05798076093,0.06056559086,1
137,98,-0.05508169904,0.1174621359,1
137,106,0.01545368135,0.05463663861,1
137,114,0.01498395763,0.1615528017,1
137,122,0.1013681442,-0.05946236476,1
137,130,0.1281451285,-0.02692907304,1
137,138,-0.01449862868,0.0471008718,1
137,146,0.05687974393,-0.01014115289,1
137,154,0.1338782609,-0.05538410693,1
137,162,0.1236612201,-0.03668365255,1
137,170,0.04792918265,-0.2138382494,1
145,10,0.02308781445,0.04448989034,1
145,18,0.006615912542,-0.06346584857,1
145,26,-0.03353622556,-0.1284378469,1
145,34,-0.06513578445,0.01525881141,1
145,42,-0.02983740345,0.05804735795,1
145,50,0.05264509097,0.07226514816,1
145,58,0.04339150712,0.1145152822,1
145,66,0.1456221342,0.002548106015,1
145,74,0.263823688,-0.08351837099,1
145,82,0.08386948705,-0.01364619471,1
145,90,0.04733618349,-0.02097586542,1
145,98,-0.007103517652,0.09467478842,1
145,106,-0.04237068444,0.1822884977,1
145,114,0.00873904489,0.02330596745,1
145,122,0.04356145486,-0.0585646145,1
145,130,0.0506702438,-0.09568610042,1
145,138,0.01472306624,-0.05135675892,1
145,146,0.08219236881,0.02878040448,1
145,154,0.199350059,0.08295416087,1
145,162,0.1875557899,0.05612622574,1
145,170,0.102364935,-0.1314390004,1
153,10,0.02871911228,0.1039874554,1
153,18,0.07300225645,-0.05699849874,1
153,26,-0.02532081306,-0.1370078027,1
153,34,-0.04307358712,0.03873126581,1
153,42,0.02708584256,-0.02667287737,1
153,50,0.06336137652,0.01207035035,1
153,58,0.08964723349,0.2579671144,1
153,66,0.1229678094,0.2188215405,1
153,74,0.1913779229,-0.04724365845,1
153,82,0.2012156397,-0.1076268777,1
153,90,0.07600110769,-0.02135422826,1
153,98,0.01168697327,0.1577963829,1
153,106,-0.0339887403,0.2107577026,1
153,114,0.02074872889,-0.05363417417,1
153,122,0.07680286467,0.01725984365,1
153,130,0.0378292948,0.007854055613,1
153,138,0.07718762755,-0.04087854177,1
153,146,0.05862485617,0.08447241783,1
153,154,-0.02618288249,0.1212067902,1
153,162,-0.04254932702,0.05978490412,1
153,170,-0.1200466007,0.05347643793,1
161,10,0.1423778534,0.1880711764,1
161,18,0.1651664227,-0.002813797444,1
161,26,0.03132858127,-0.06061466038,1
161,34,0.04613909498,-0.09438746423,1
161,42,0.01808283478,-0.0790053308,1
161,50,0.05683215335,0.03002203256,1
161,58,0.02795224264,0.4349117577,1
161,66,0.006813049316,0.120100297,1
161,74,0.1689478457,-0.02542077564,1
161,82,0.1657554209,-0.03079488873,1
161,90,0.05437460542,0.07246910036,1
161,98,0.06975406408,0.2784178257,1
161,106,0.01013171673,0.0181876719,1
161,114,-0.01076040417,0.000176846981,1
161,122,0.04088443145,-0.01683036238,1
161,130,0.07644062489,0.01822116598,1
161,138,0.1091010422,0.02428466454,1
161,146,0.03900053352,0.1229522228,1
161,154,-0.2720033526,0.02638907731,1
161,162,-0.1452845186,-0.03990431875,1
161,170,-0.09950145334,0.1602050066,1
169,10,0.0851778388,0.1368767172,1
169,18,0.1018806696,0.0231833756,1
169,26,0.06113749743,-0.02637239546,1
169,34,0.07534720004,-0.03617925197,1
169,42,0.08198951185,0.0459837541,1
169,50,0.04253673181,0.1035048142,1
169,58,-0.02728798985,0.3691357076,1
169,66,-0.02504316717,0.07777987421,1
169,74,0.07866293937,-0.02729985118,1
169,82,0.007291406393,0.150269255,1
169,90,0.05980877578,-0.02443350293,1
169,98,0.1006890237,0.09106391668,1
169,106,0.02034812421,0.1158029288,1
169,114,-0.07424409688,0.1681071222,1
169,122,0.06401079893,0.09633660316,1
169,130,0.1285287142,0.07073426247,1
169,138,0.1357660145,0.08172655106,1
169,146,-0.02958439663,0.1645132899,1
169,154,-0.002087607048,0.0549903661,1
169,162,0.04308763519,-0.003388430923,1
169,170,-0.07523460686,0.06276669353,1
177,10,-0.05178840458,0.03600017726,1
177,18,0.03290049732,-0.02225938439,1
177,26,0.03962373734,0.05596239865,1
177,34,0.15668872,-0.06205128878,1
177,42,0.1028965786,0.03725960851,1
177,50,-0.009130816907,0.04673676938,1
177,58,-0.03506065533,0.1451460719,1
177,66,0.03592292219,-0.01989278197,1
177,74,0.1069957837,-0.1099885255,1
177,82,0.07886189222,-0.04153168201,1
177,90,0.137042284,-0.08101783693,1
177,98,0.2022429109,0.005874536932,1
177,106,0.1179751605,0.1756299287,1
177,114,0.122033149,0.1640691161,1
177,122,0.1346262097,0.01908057183,1
177,130,0.1130001843,0.03708271682,1
177,138,0.1694823802,0.0222360231,1
177,146,0.08705943078,0.08867389709,1
177,154,0.01571356319,0.1494780332,1
177,162,0.06788944453,-0.05673123524,1
177,170,0.0483353883,-0.1241859049,1
185,10,-0.01459112018,-0.02544299141,1
185,18,0.1204393879,0.02729054913,1
185,26,0.1787948906,0.1660708338,1
185,34,0.133040756,-0.07667570561,1
185,42,0.1162714735,-0.0203150101,1
185,50,0.005886201747,0.02852619067,1
185,58,-0.05812218413,-0.01032419782,1
185,66,0.008712459356,-0.04889820889,1
185,74,0.04604162276,-0.2030664086,1
185,82,-0.07122962177,-0.1374067068,1
185,90,-0.02820398472,-0.108088851,1
185,98,0.08280942589,0.002535393462,1
185,106,0.1815728694,0.0948664397,1
185,114,0.3240894377,0.1261409372,1
185,122,0.2112480104,0.08744310588,1
185,130,0.0711671859,0.08928771317,1
185,138,0.1501120627,0.08548004925,1
185,146,0.08881492913,-0.001183345914,1
185,154,-0.1530695558,0.07341790944,1
185,162,-0.02862830833,0.03336655349,1
185,170,0.08231678605,-0.07372826338,1
193,10,0.02058102936,-0.002329781651,1
193,18,0.0734501034,0.05464604497,1
193,26,0.06999416649,0.1378287077,1
193,34,0.02071982622,0.04952639341,1
193,42,0.06945071369,0.0005975142121,1
193,50,-0.03852337599,-0.04137801006,1
193,58,-0.07144856453,-0.02205383405,1
193,66,0.01521159336,-0.03434355929,1
193,74,0.002603151836,-0.1090824977,1
193,82,-0.03488013148,-0.09803696722,1
193,90,0.01463769749,-0.06816398352,1
193,98,0.02003288269,-0.01729028672,1
193,106,0.08697523922,0.07615937293,1
193,114,0.209839642,0.04620558023,1
193,122,0.2471059114,0.1025266647,1
193,130,0.08615195006,0.1313910037,1
193,138,0.04984410107,0.09697978199,1
193,146,-0.00549697876,-0.04386524856,1
193,154,-0.04785161465,-0.06321686506,1
193,162,0.07156012207,0.1312568486,1
193,170,0.0005788207054,0.1364959478,1
201,10,-0.09262993187,0.05742602795,1
201,18,-0.1153366566,0.1499900073,1
201,26,-0.03103144094,0.1218207702,1
201,34,-0.01831062883,0.2130306661,1
201,42,-0.07765087485,0.03209355474,1
201,50,0.03482346982,-0.01965767518,1
201,58,-0.01993759349,0.04135785252,1
201,66,-0.07803390175,-0.0104389051,1
201,74,0.115386866,-0.03497095779,1
201,82,0.09928951412,-0.06281978637,1
201,90,-0.07114514709,-0.03283547238,1
201,98,-0.1229090467,-0.05113225058,1
201,106,-0.173021853,-0.03129341453,1
201,114,-0.06050265953,-0.2252453119,1
201,122,0.05627239123,-0.08677828312,1
201,130,-0.07619152218,0.01087754965,1
201,138,-0.1095049977,0.120904468,1
201,146,-0.163660109,0.05714385211,1
201,154,-0.2775797844,-0.1611744165,1
201,162,-0.1794560701,0.04786264151,1
201,170,-0.1150390431,0.04211367667,1
209,10,-0.000585321337,0.08901502192,1
209,18,0.06875233352,0.1360126436,1
209,26,0.134975642,0.1059199348,1
209,34,0.03688330203,0.2060995102,1
209,42,-0.06282006949,0.1091878191,1
209,50,-0.02431039512,0.108035773,1
209,58,0.06163974479,0.03167272359,1
209,66,0.001312950626,0.04750631377,1
209,74,-0.02991189808,0.004786878824,1
209,82,-0.1157525107,-0.1685377508,1
209,90,-0.1380331069,-0.01710638404,1
209,98,-0.0216790773,0.1062116772,1
209,106,-0.04026312009,-0.1176607087,1
209,114,-0.04498986527,-0.171170041,1
209,122,-0.08825086802,-0.01420304365,1
209,130,-0.392660141,0.0224814862,1
209,138,-0.3343515396,0.0992462188,1
209,146,-0.2538379729,0.0665210858,1
209,154,-0.3805289268,-0.1452304423,1
209,162,-0.2468620837,-0.08529265225,1
209,170,-0.01441872865,-0.1806077659,1
217,10,0.08202698827,-0.03029732406,1
217,18,0.2175275087,0.006229490042,1
217,26,0.1229083166,-0.01241672039,1
217,34,-0.0372576043,0.0451907739,1
217,42,-0.1293573678,0.05820226669,1
217,50,-0.1172550172,0.1225525439,1
217,58,-0.008068524301,0.1124442816,1
217,66,0.0141488947,0.06310351938,1
217,74,-0.0801673308,0.0225834772,1
217,82,-0.0505599454,-0.1189501956,1
217,90,0.02267964184,-0.08530414104,1
217,98,0.04852749407,0.04931184277,1
217,106,-0.03524741903,0.02521445602,1
217,114,-0.09588389844,0.155245468,1
217,122,-0.1224238053,0.0677113235,1
217,130,-0.1901546866,-0.05424634367,1
217,138,-0.1612175703,0.007752491161,1
217,146,-0.1023134887,-0.02979098447,1
217,154,-0.09230937064,-0.04900535196,1
217,162,-0.07901442796,-0.04125304893,1
217,170,-0.02451532334,-0.1229756549,1
225,10,0.1091283858,-0.1384630799,1
225,18,0.09370393306,-0.06634864211,1
225,26,0.04943732172,-0.05747660249,1
225,34,-0.1141130328,0.02606176957,1
225,42,-0.1640492678,0.07901205868,1
225,50,-0.1404856741,0.08701361716,1
225,58,-0.09107425809,0.1301674545,1
225,66,-0.02638215944,0.01468884945,1
225,74,0.01056539454,-0.0006202915683,1
225,82,0.1156691983,-0.002706935629,1
225,90,0.2280224562,-0.05229722336,1
225,98,0.1275767684,-0.07909668982,1
225,106,0.005996454507,0.1566684246,1
225,114,-0.08428744972,0.2919863462,1
225,122,-0.08687839657,0.09078501165,1
225,130,-0.01493547857,-0.07519058883,1
225,138,0.02301270515,-0.07638131827,1
225,146,0.0470078811,-0.04273068532,1
225,154,0.02118698508,0.05938764662,1
225,162,0.002950459719,0.03183425963,1
225,170,-0.09471417218,-0.1365118623,1
233,10,0.1636790931,0.08359081298,1
233,18,0.2010155618,-0.03845387697,1
233,26,0.2271639556,-0.1272947192,1
233,34,-0.007198708132,0.1076166034,1
233,42,-0.2265722454,0.1441262662,1
233,50,-0.2724980712,0.0126173608,1
233,58,-0.2650438249,-0.1144298166,1
233,66,-0.1283934712,-0.08829897642,1
233,74,0.1041154265,0.02457983792,1
233,82,0.1856599748,0.04479975253,1
233,90,0.1205568612,0.04338065907,1
233,98,0.01039142162,0.03685415164,1
233,106,-0.1050676778,0.07809711248,1
233,114,-0.05285145342,0.1033733785,1
233,122,-0.02210354805,0.07150938362,1
233,130,0.003225868568,-0.06847976893,1
233,138,0.1275583506,-0.1811857522,1
233,146,0.256704092,-0.0847792998,1
233,154,0.1467794478,0.01708050445,1
233,162,0.06754608452,-0.0175216645,1
233,170,-0.03150974959,-0.009161531925,1
241,10,0.006837904453,0.109771654,1
241,18,0.1149994433,0.06544265896,1
241,26,0.1897390336,0.06690523773,1
241,34,0.2031552494,0.1544092596,1
241,42,-0.0719121471,0.07360319048,1
241,50,-0.2547904849,0.01112779602,1
241,58,-0.3362063766,-0.1196166724,1
241,66,-0.3770974576,-0.09265362471,1
241,74,-0.1505683959,-0.06420172006,1
241,82,-0.01308875624,-0.05111629516,1
241,90,0.03397100046,0.0709489584,1
241,98,-0.06921295077,-0.0183019191,1
241,106,-0.04807405174,0.04920453578,1
241,114,-0.05424099416,-0.008061021566,1
241,122,-0.105610773,-0.08068399131,1
241,130,-0.09806114435,-0.08242432773,1
241,138,0.1478230208,-0.04726127908,1
241,146,0.3602875471,-0.1105895862,1
241,154,0.3521280885,0.00453357026,1
241,162,0.2240793556,0.003112513572,1
241,170,0.03867003322,0.1891896874,1
249,10,-0.1640403867,0.0498149991,1
249,18,-0.007904320955,0.06282571703,1
249,26,0.05916168913,0.1467739642,1
249,34,0.1007703245,0.0256909132,1
249,42,-0.08334550261,-0.08357059211,1
249,50,-0.1356764138,-0.03926716372,1
249,58,-0.07359792292,0.002602896653,1
249,66,-0.04698736221,0.1164288297,1
249,74,-0.09151473641,0.0123706758,1
249,82,-0.05083929747,0.0480542928,1
249,90,0.1179008335,0.134128809,1
249,98,0.02332616225,0.01202013344,1
249,106,-0.04211182892,0.01293965057,1
249,114,-0.06577069312,-0.08234220743,1
249,122,-0.1894856542,-0.1125877649,1
249,130,-0.1257271171,0.01994054392,1
249,138,0.07146281749,0.04556522146,1
249,146,0.204498753,0.0408279933,1
249,154,0.2642899752,0.06778454036,1
249,162,0.1593882889,0.1957260966,1
249,170,0.0508557111,0.3048931658,1
257,10,-0.1644858718,0.05382906646,1
257,18,0.02019910514,-0.0143311359,1
257,26,0.04182062298,-0.08537447453,1
257,34,-0.004734907299,-0.1314645261,1
257,42,-0.1188680083,0.02559524402,1
257,50,-0.1268472672,0.01736859605,1
257,58,0.008005924523,0.06760928035,1
257,66,0.03003802896,0.1413905025,1
257,74,-0.08165968955,0.06538367271,1
257,82,-0.2637017071,0.1422771811,1
257,90,-0.1848089993,0.1456858218,1
257,98,-0.03633601964,0.08870915323,1
257,106,-0.0794397369,-0.0527641885,1
257,114,-0.1135069951,-0.162450701,1
257,122,-0.1093094647,-0.1161948144,1
257,130,-0.04697062075,-0.02525149286,1
257,138,-0.000325076282,0.04272154719,1
257,146,0.02226613462,0.08885605633,1
257,154,0.06005971134,0.04030913487,1
257,162,0.002830594778,0.008384779096,1
257,170,-0.2282751799,0.0796257779,1
265,10,-0.02323747054,0.08593949676,1
265,18,-0.0094602108,-0.0179791674,1
265,26,0.006038958207,-0.2183758616,1
265,34,-0.0300870277,-0.1160629094,1
265,42,-0.07224534452,0.1014689505,1
265,50,-0.06610176712,0.1522855759,1
265,58,0.0258259885,0.2271742225,1
265,66,0.04254717007,0.1470880508,1
265,74,-0.03083207272,-0.003048725426,1
265,82,-0.1569195092,0.08371193707,1
265,90,-0.1937850714,0.2500831485,1
265,98,0.1106903106,0.1193232983,1
265,106,-0.0243930649,-0.04028400034,1
265,114,-0.08579701185,-0.03482460231,1
265,122,-0.06582477689,-0.1040229574,1
265,130,-0.09124598652,-0.01598489285,1
265,138,-0.07027094066,0.05548967049,1
265,146,0.07136011869,0.05180441216,1
265,154,0.1778171957,0.02343084663,1
265,162,-0.01754858345,-0.09104839712,1
265,170,-0.1974160373,-0.01075218059,1
273,10,-0.04783043265,0.2483642101,1
273,18,0.004264052957,0.08504811674,1
273,26,0.06395787746,-0.1451503336,1
273,34,-0.04514947906,-0.004091650248,1
273,42,-0.05269836634,0.1368868649,1
273,50,-0.00674572587,0.2032446861,1
273,58,0.05073858425,0.4558348954,1
273,66,0.007386527956,0.1987960041,1
273,74,-0.02789084613,-0.005857214332,1
273,82,-0.1217655465,0.03313466907,1
273,90,-0.1340502799,0.14044559,1
273,98,0.1907549202,0.07348831743,1
273,106,0.04607588798,0.04170779884,1
273,114,0.01599513367,0.05828453973,1
273,122,0.05030880123,-0.0007234811783,1
273,130,0.04535091668,0.005388729274,1
273,138,-0.1043180078,0.08777377009,1
273,146,-0.103701517,0.02684506774,1
273,154,-0.133211866,-0.03892898932,1
273,162,-0.01640299708,0.100169003,1
273,170,0.02305608988,0.07773035765,1
281,10,-0.00956197083,0.4052428603,1
281,18,0.0113405278,0.1849685907,1
281,26,-0.03766378015,-0.05584181845,1
281,34,-0.1208455414,0.004400074482,1
281,42,-0.04968343675,0.06778647751,1
281,50,0.02909109928,0.2348022163,1
281,58,-0.01811611094,0.3455868363,1
281,66,-0.01416573301,0.1778167933,1
281,74,-0.0481248349,0.05528752506,1
281,82,-0.07572375238,0.05647026375,1
281,90,-0.09285485744,0.03981156275,1
281,98,-0.03325050324,0.02831504494,1
281,106,0.05862637609,0.1002658904,1
281,114,0.004739029333,0.06325086951,1
281,122,0.07097357512,0.02645502239,1
281,130,0.1243090928,0.02631684765,1
281,138,0.04210424051,0.04360597208,1
281,146,-0.1035520658,-0.06575048715,1
281,154,-0.2591376305,-0.005914732814,1
281,162,-0.06580387056,0.2139888704,1
281,170,0.110379532,0.1499375999,1
289,10,0.06539010257,0.3030134141,1
289,18,-0.01786974072,0.09811276197,1
289,26,-0.1266718507,0.02240686864,1
289,34,-0.1542575657,-0.03549050167,1
289,42,0.1024500653,0.04551924765,1
289,50,0.07101524621,0.31938079,1
289,58,-0.08910934627,0.2748744786,1
289,66,-0.07664559782,0.1411238015,1
289,74,-0.1238863468,0.1197874919,1
289,82,-0.06685012579,0.0887061432,1
289,90,0.0349008441,0.08108647913,1
289,98,-0.00504565239,0.05327254161,1
289,106,-0.07315408438,-0.1286490858,1
289,114,0.02420926653,-0.1678112745,1
289,122,0.02423530817,-0.121911779,1
289,130,-0.01120651141,0.224056378,1
289,138,-0.01143952645,0.1589272618,1
289,146,-0.02377758548,-0.04132659733,1
289,154,-0.02244473249,0.08652457595,1
289,162,0.01667464525,0.1817540377,1
289,170,0.0394185856,0.1309380531,1
297,10,0.1069871187,0.1315102279,1
297,18,-0.0447752513,0.1000083536,1
297,26,-0.1931592971,0.09372080863,1
297,34,-0.1285546869,0.1055998206,1
297,42,0.1324383467,0.09456284344,1
297,50,-0.002746330574,0.2449206561,1
297,58,-0.2920640409,0.3332348466,1
297,66,-0.3078902662,0.1261915416,1
297,74,-0.1222287342,0.07759490609,1
297,82,0.06572732329,0.03856632486,1
297,90,0.1118465215,0.03575199097,1
297,98,-0.02183546126,0.170482114,1
297,106,0.02859236486,-0.008236374706,1
297,114,0.0672686398,0.04431511089,1
297,122,0.0527556017,-0.1342443079,1
297,130,-0.02296532691,0.1628551483,1
297,138,-0.06878141314,0.1801582724,1
297,146,0.03245392069,0.02890197188,1
297,154,0.08858596534,0.08185745031,1
297,162,0.1287191361,0.1657878608,1
297,170,-0.02111281455,0.1419354528,1
305,10,0.1877134442,0.1602427661,1
305,18,-0.003548089415,0.1911677867,1
305,26,-0.1184423193,0.09607442468,1
305,34,-0.052433189,0.1635012627,1
305,42,0.07991157472,0.076567702,1
305,50,0.1433581114,0.1031042486,1
305,58,0.2503566146,0.1350814849,1
305,66,0.01373315975,0.1422587782,1
305,74,0.01705478318,0.08430273831,1
305,82,0.2557971478,0.02977308631,1
305,90,0.1843529791,-0.07329145074,1
305,98,0.1049030945,0.09396860749,1
305,106,0.03345821425,0.007767995819,1
305,114,-0.02361614071,0.07475671172,1
305,122,0.03472587466,0.03522178903,1
305,130,0.02643644065,0.04209465533,1
305,138,0.03436881676,-0.0143364761,1
305,146,0.0871168375,-0.07303421944,1
305,154,0.0168317426,0.07446624339,1
305,162,-0.06621712446,0.09323757887,1
305,170,-0.1950843036,0.1314657032,1
313,10,0.1799734384,-0.07419610023,1
313,18,0.007957845926,0.05497672409,1
313,26,0.07265496999,0.01078815199,1
313,34,0.05967757106,0.06604091823,1
313,42,0.07262910157,0.01658900827,1
313,50,0.1930345148,0.02080186456,1
313,58,0.1927262396,0.04479466379,1
313,66,0.05209039152,0.04583469033,1
313,74,0.04612541199,0.1293724179,1
313,82,0.09999164194,0.0220256187,1
313,90,0.09246964753,-0.06012389809,1
313,98,0.2133312821,0.1098296642,1
313,106,0.1229283065,-0.1043558568,1
313,114,0.03113438934,-0.005634984002,1
313,122,0.03555021435,0.04847372323,1
313,130,0.03011037409,-0.001961395144,1
313,138,0.1579643339,-0.04655831307,1
313,146,0.1271612197,-0.09855318815,1
313,154,-0.03721168637,-0.03302673995,1
313,162,-0.1799220443,0.05959207565,1
313,170,-0.2473143339,0.09073396027,1
321,10,0.1962869316,-0.1218827441,1
321,18,0.1823623776,-0.1134090871,1
321,26,0.1060246974,-0.03484315425,1
321,34,0.05482313782,0.004198152572,1
321,42,0.0896641016,-0.03721371293,1
321,50,0.1873532981,-0.0481794551,1
321,58,0.1884355545,0.1128961891,1
321,66,0.04502845556,0.06362197548,1
321,74,-0.02956015244,0.1544201523,1
321,82,0.06775948405,0.1101170853,1
321,90,0.01930165663,0.0786498338,1
321,98,0.2028551549,0.1783255935,1
321,106,0.2091973871,0.1277591586,1
321,114,0.02760351822,0.02612796053,1
321,122,-0.07274959981,-0.00677260384,1
321,130,0.02902101353,-0.08892571926,1
321,138,0.1571996808,-0.04246269912,1
321,146,0.1076982617,-0.05158036575,1
321,154,0.0294656381,-0.03744682297,1
321,162,-0.1236720607,-0.03402785957,1
321,170,-0.08247046173,0.000130109489,1
329,10,0.02538757771,-0.07048292458,1
329,18,0.1131928265,0.006851382554,1
329,26,0.05849901587,0.01366022602,1
329,34,0.07240112126,-0.0102289319,1
329,42,0.16486606,-0.04623077065,1
329,50,0.0952809602,-0.107042402,1
329,58,0.06356219947,0.1881177723,1
329,66,0.08210962266,0.06558986008,1
329,74,0.02660713345,0.05409442633,1
329,82,0.0667982921,0.1968281418,1
329,90,0.03136889637,0.1657338142,1
329,98,-0.08299005777,0.1652234495,1
329,106,0.04025933892,0.2026910931,1
329,114,0.02648621425,0.1692726165,1
329,122,-0.0315650478,-0.07157729566,1
329,130,-0.03826715052,-0.1565384567,1
329,138,0.09373589605,-0.06042259559,1
329,146,0.1220945865,-0.08430594951,1
329,154,0.02536820993,-0.04935296625,1
329,162,-0.0955074802,-0.01378101483,1
329,170,-0.1374719888,0.04983533174,1
337,10,-0.01133833081,0.0144767575,1
337,18,-0.1027853861,0.05272371322,1
337,26,0.01977403089,0.04074537009,1
337,34,0.1802421212,-0.08839056641,1
337,42,0.1659133732,-0.08627539128,1
337,50,0.1204836741,-0.117063731,1
337,58,0.1141350269,-0.04691661149,1
337,66,-0.05572889,-0.07701925188,1
337,74,-0.1625772417,-0.04779775441,1
337,82,-0.02869544923,0.09369015694,1
337,90,-0.1197258532,0.1165268347,1
337,98,-0.2626569569,0.1562378705,1
337,106,-0.09843523055,0.1070937365,1
337,114,-0.04899913073,0.1312589347,1
337,122,-0.07030503452,-0.04819002748,1
337,130,-0.06103869528,-0.01581144892,1
337,138,0.133367151,-0.06538989395,1
337,146,0.1808681041,-0.09600324929,1
337,154,0.09108733386,-0.03120328486,1
337,162,-0.1190449595,0.06800608337,1
337,170,-0.1462779045,0.2637517452,1
345,10,-0.02334745601,0.1277419329,1
345,18,-0.1597514898,0.14304021,1
345,26,0.1729326546,0.007270397618,1
345,34,0.1327366531,-0.07879119366,1
345,42,-0.01597027481,-0.06981807947,1
345,50,-0.05549935251,-0.02784369141,1
345,58,-0.08197047561,-0.09624778479,1
345,66,-0.1676148772,-0.09293472767,1
345,74,-0.2396503985,-0.02565604076,1
345,82,-0.1426816583,-0.02292740718,1
345,90,-0.06105345488,-0.08383704722,1
345,98,-0.01309542451,-0.03696235269,1
345,106,0.0274074953,0.09905893356,1
345,114,-0.08251386136,0.1002043635,1
345,122,-0.0949203521,0.07739397138,1
345,130,-0.05300222337,0.04958616942,1
345,138,0.07023756951,-0.0528797172,1
345,146,0.1126463115,-0.006026824936,1
345,154,0.06576283276,0.07608789206,1
345,162,0.04443700612,0.05423142016,1
345,170,-0.04708025604,0.1809563786,1
353,10,-0.001108437777,0.03464335203,1
353,18,-0.05703136697,0.1784227043,1
353,26,0.08214068413,-0.02756953984,1
353,34,0.02287951484,-0.01609609276,1
353,42,0.06819778681,-0.04126693308,1
353,50,0.1503443718,0.01204394922,1
353,58,-0.1239369661,0.02119489573,1
353,66,-0.230951637,0.03941604495,1
353,74,-0.2297116816,0.03269766644,1
353,82,-0.1189123765,-0.03065316938,1
353,90,0.03475831822,-0.09123787284,1
353,98,0.1236211061,-0.177961275,1
353,106,0.08877499402,0.1106690764,1
353,114,0.03988312185,0.1487777531,1
353,122,0.05263239145,0.1832840741,1
353,130,0.06525660306,0.03761630133,1
353,138,0.08672504127,0.02160969004,1
353,146,-0.009578291327,0.0929851532,1
353,154,-0.1975221336,0.03812724352,1
353,162,-0.09593273699,0.1516545713,1
353,170,0.02300130576,0.1477384865,1
361,10,0.1591646224,-0.06109913811,1
361,18,-0.02690021135,0.05266627669,1
361,26,-0.07935775071,-0.0505913347,1
361,34,-0.04022191837,-0.04558904842,1
361,42,0.1594514549,-0.05768558756,1
361,50,0.2615201175,0.00585802272,1
361,58,-0.03004767746,0.02614858001,1
361,66,-0.2707077563,0.005241014063,1
361,74,-0.2543973029,0.01431461424,1
361,82,0.05533054471,0.1983480006,1
361,90,-0.09988558292,0.03456493095,1
361,98,-0.04908377305,-0.1202105284,1
361,106,0.09004656971,0.0960836038,1
361,114,0.05251855403,0.01862388849,1
361,122,0.1225460246,0.01701705903,1
361,130,0.1298134327,0.04136659205,1
361,138,0.05919167772,0.1057954058,1
361,146,0.02022695541,0.1222887114,1
361,154,0.03565552458,0.01183845103,1
361,162,-0.01713968068,0.03429803252,1
361,170,-0.02535454929,0.1723773777,1
369,10,-0.02066549659,0.05900976807,1
369,18,0.07156054676,-0.04348315299,1
369,26,0.02372742258,-0.1071210504,1
369,34,0.04534762725,-0.05719836056,1
369,42,0.1286980808,0.02572564036,1
369,50,0.1600281149,-0.08918642998,1
369,58,-0.04581229389,0.04687772691,1
369,66,-0.2078445256,-0.078080073,1
369,74,-0.1785345823,-0.001287356019,1
369,82,-0.1596679389,0.1772565246,1
369,90,-0.2717905641,0.194016844,1
369,98,-0.2690621614,0.1056922749,1
369,106,0.03299430758,0.1103900075,1
369,114,0.1293887198,-0.02566446364,1
369,122,0.1155373603,-0.0819137916,1
369,130,0.06991268694,0.02269722521,1
369,138,0.09784021974,0.2501542866,1
369,146,0.1838879287,0.1270645857,1
369,154,0.1400283873,0.09914345294,1
369,162,0.1344316155,0.01430975646,1
369,170,0.0143351322,0.1623225361,1
377,10,-0.02020486444,0.002695720643,1
377,18,-0.03833014891,0.05721732229,1
377,26,-0.02349183895,-0.0301883854,1
377,34,-0.02436983399,0.03675638512,1
377,42,-0.04467450082,0.07563545555,1
377,50,-0.08314277232,-0.06911474466,1
377,58,-0.1169019043,0.1491644233,1
377,66,-0.2791377604,0.05678748339,1
377,74,-0.3615871072,-0.01153687388,1
377,82,-0.401527524,0.08272854239,1
377,90,-0.1930977851,0.2243895829,1
377,98,0.007763758302,0.0672018528,1
377,106,0.09405616671,0.1404297352,1
377,114,-0.09997744858,-0.09352982789,1
377,122,0.007890742272,0.047957398,1
377,130,0.125933975,-0.03613428026,1
377,138,0.1939237416,-0.01083688065,1
377,146,0.2669935226,0.01905941963,1
377,154,0.1813504696,0.07588499039,1
377,162,0.09781065583,0.07090720534,1
377,170,-0.009661413729,0.04805811122,1
385,10,0.1321317405,-0.1634267122,1
385,18,0.08963015676,0.02707204968,1
385,26,0.1710118949,0.03955578431,1
385,34,0.08428882062,0.2123719752,1
385,42,0.005444593728,0.05352388322,1
385,50,-0.02758051455,-0.03045235574,1
385,58,-0.04969833046,0.1384741366,1
385,66,-0.2530184686,0.1242065579,1
385,74,-0.450060159,0.03078173473,1
385,82,-0.1319157779,0.04854711518,1
385,90,0.01122893393,0.137303412,1
385,98,0.06084300578,0.06304728985,1
385,106,0.1394976676,0.2411375344,1
385,114,0.04694689438,0.01304767281,1
385,122,0.08338504285,0.1106540412,1
385,130,0.237514317,-0.1136783287,1
385,138,0.1971043795,-0.2111377567,1
385,146,0.09852518141,-0.07610355318,1
385,154,0.1120270118,0.02598201856,1
385,162,0.01879731007,0.04320912808,1
385,170,-0.04929234087,0.08891873062,1
393,10,-0.06441089511,-0.08994197845,1
393,18,-0.0804322511,0.06486287713,1
393,26,-0.001317178831,0.2151847184,1
393,34,0.1726810485,0.2923697233,1
393,42,0.08399221301,0.1155996323,1
393,50,-0.04723901302,0.07048996538,1
393,58,-0.09200893342,0.0984877795,1
393,66,-0.02693232149,0.08416014165,1
393,74,-0.1166513413,0.0275352709,1
393,82,-0.02154696733,0.08219651878,1
393,90,0.222938925,0.1440544724,1
393,98,0.3150135577,0.2149891257,1
393,106,0.1284991503,0.3742696643,1
393,114,-0.05890692025,0.2220932096,1
393,122,-0.02493912354,0.1666681468,1
393,130,0.01851292327,-0.08677138388,1
393,138,0.05500427634,-0.08610230684,1
393,146,-0.03333606571,0.007092036307,1
393,154,0.03030117601,0.06448271871,1
393,162,0.04652994499,0.07614518702,1
393,170,-0.06353622675,0.2062977403,1
401,10,-0.04025816545,0.07165659964,1
401,18,-0.1242620274,0.2490410805,1
401,26,-0.04736671969,0.3120651841,1
401,34,0.1455050558,0.0819362551,1
401,42,0.06048689038,0.3592433035,1
401,50,0.07111597061,0.2821254134,1
401,58,0.1670350134,0.2428278029,1
401,66,-0.01679527014,0.1748010963,1
401,74,-0.1231955215,0.03552980721,1
401,82,0.005168188363,0.09236364812,1
401,90,0.140350759,0.08199132234,1
401,98,0.1300658137,-0.03967761993,1
401,106,0.09476477653,-0.02937950194,1
401,114,0.04918867722,0.1407284886,1
401,122,-0.04747379571,0.1275494397,1
401,130,0.00570256263,-0.08489847928,1
401,138,0.1411100477,-0.0450820066,1
401,146,0.07184390724,0.1732172668,1
401,154,0.01268462837,0.1154569015,1
401,162,0.1110613644,0.05140727013,1
401,170,0.08839307725,0.1805271804,1
409,10,0.3713744581,0.4799314141,1
409,18,0.1325850189,0.1234328225,1
409,26,-0.04092556983,0.08500552177,1
409,34,0.1365363747,-0.09022909403,1
409,42,0.02503202111,-0.01492731273,1
409,50,0.03108941764,0.2071599364,1
409,58,0.1064008698,0.2414602935,1
409,66,-0.01543064415,0.2190219462,1
409,74,-0.1141846329,0.2150708884,1
409,82,0.01509189978,0.1761738062,1
409,90,0.07291278243,0.2295407802,1
409,98,-0.1415827572,-0.001775160432,1
409,106,-0.08777418733,-0.08547766507,1
409,114,0.1143522859,-0.0890346095,1
409,122,0.07623486966,0.009181529284,1
409,130,0.2014493495,0.03005351126,1
409,138,0.1205256954,0.02025184408,1
409,146,0.01243985444,0.05785078183,1
409,154,0.1997063309,0.04457898438,1
409,162,0.1127345338,0.01923011243,1
409,170,0.1281638443,0.06788954139,1
417,10,0.4097134471,0.6641199589,1
417,18,0.04767569527,0.04904496297,1
417,26,-0.1477330327,-0.2608970404,1
417,34,0.01886080205,-0.2329761088,1
417,42,0.1737090051,-0.149461776,1
417,50,0.07764241844,0.1259040833,1
417,58,-0.06142596155,0.1899609268,1
417,66,0.03976310045,0.3806346655,1
417,74,-0.1036031246,0.3266522884,1
417,82,-0.2112047523,0.2441726327,1
417,90,-0.2098694146,0.2503549755,1
417,98,-0.4497796595,0.1185095981,1
417,106,-0.2533191442,-0.118083626,1
417,114,0.1292380691,-0.3262428045,1
417,122,0.2091824412,-0.2157161832,1
417,130,0.1878465563,-0.07148801535,1
417,138,0.1966204643,0.0447803326,1
417,146,0.1055803373,0.02919055521,1
417,154,0.08218839765,0.04497033358,1
417,162,0.1521554589,0.01023232564,1
417,170,0.2957098484,-0.1101952791,1
