PIVlab, ASCII chart output - 02-Aug-2025
FRAME: 293, filenames: A:[293]FullStack_Pos0035_TgUtrmcherry_K4K8MO-1.avi & B:[294]FullStack_Pos0035_TgUtrmcherry_K4K8MO-1.avi, conversion factor xy (px -> m): 1, conversion factor uv (px/frame -> m/s): 1
x [px],y [px],u [px/frame],v [px/frame],Vector type [-]
9,10,0.08334040642,-0.0413161926,2
9,18,0.07005876303,-0.1604143977,1
9,26,-0.2453919947,-0.302149266,1
9,34,-0.04451546073,-0.1966076344,1
9,42,0.0366794765,-0.001144163311,1
9,50,-0.03761163354,0.1077375412,1
9,58,0.04602262378,0.2460019886,1
9,66,0.2859767973,0.1562602818,1
9,74,0.1080321074,0.0294137001,1
9,82,0.021276474,-0.09339763224,1
9,90,0.2090026736,-0.2270828784,1
9,98,0.1153561771,-0.176065743,1
9,106,0.01188821346,-0.09585908055,1
9,114,-0.1219175011,-0.03089284152,1
9,122,-0.08764094114,-0.1129714251,1
9,130,-0.09728126228,-0.2555011511,1
9,138,-0.1219457015,-0.284157902,1
9,146,-0.05280978605,-0.07065985352,1
9,154,0.005178265274,-0.0223608315,1
9,162,0.06397712976,-0.02379709482,1
9,170,0.02466866374,-0.1988625526,1
17,10,0.09662204981,0.07778201252,1
17,18,-0.03621646762,0.1670743227,1
17,26,-0.06740354747,0.02879159898,1
17,34,-0.002437703311,-0.03999003023,1
17,42,0.06844963133,-0.05022447556,1
17,50,0.02907559276,-0.01888144016,1
17,58,0.02733282,0.02244515717,1
17,66,-0.009266801178,0.1425288022,1
17,74,-0.04272004962,0.02681545541,1
17,82,0.04923850298,-0.001068657264,1
17,90,0.1827410012,0.03956331313,1
17,98,0.1509428918,0.03136307001,1
17,106,0.08533144742,0.1287263036,1
17,114,0.007933717221,0.002712294459,1
17,122,-0.04057998955,-0.04033710063,1
17,130,-0.008445754647,-0.1206268296,1
17,138,-0.0132587254,-0.1835847199,1
17,146,-0.0482160002,-0.1168531552,1
17,154,-0.04870512336,-0.1012618542,1
17,162,-0.02348934859,-0.1444323063,1
17,170,-0.02991397679,-0.3065495789,1
25,10,-0.2209046483,0.05368846655,1
25,18,-0.07341645658,0.1806677878,1
25,26,-0.0004016198218,0.1520203799,1
25,34,0.08661732078,0.1422564685,1
25,42,0.07141256332,0.06448510289,1
25,50,0.04077641666,0.007712945342,1
25,58,-0.01031404734,0.02431259677,1
25,66,-0.09909646213,0.02745137922,1
25,74,-0.03235741705,0.02624829486,1
25,82,-0.1309000999,0.05009052902,1
25,90,-0.0110719651,0.03511290997,1
25,98,0.07358963042,0.07031902671,1
25,106,0.06968682259,0.2083217949,1
25,114,0.1577970088,0.07565053552,1
25,122,0.1500730067,0.003587301821,1
25,130,0.07174766809,-0.03165961057,1
25,138,-0.09205244482,-0.113756001,1
25,146,-0.2050969452,-0.1281344593,1
25,154,-0.09649901092,-0.1858777702,1
25,162,-0.07406386733,-0.2589323521,1
25,170,-0.09653379768,-0.2165072262,1
33,10,-0.203666836,-0.1315793693,1
33,18,-0.005901321769,-0.08288268745,1
33,26,-0.07222718,0.1538521647,1
33,34,0.06907105446,0.2005256861,1
33,42,0.1155093536,0.1675876677,1
33,50,-0.008593518287,-0.03006401658,1
33,58,-0.05299775302,-0.08554781973,1
33,66,-0.0235280171,0.02731496096,1
33,74,0.03497214615,0.07843708247,1
33,82,-0.1872077286,0.1470190883,1
33,90,-0.1216415167,0.01024107635,1
33,98,-0.05739671737,-0.03118918091,1
33,106,-0.02438490093,0.1554133594,1
33,114,0.04282411933,0.142385155,1
33,122,0.07436676323,-0.002955365926,1
33,130,0.02075282484,0.01232353225,1
33,138,-0.058998622,-0.04033059627,1
33,146,-0.1057473496,-0.1431038678,1
33,154,-0.0988458097,-0.1425978094,1
33,162,-0.09166873991,-0.1886413693,1
33,170,0.007648032159,-0.03743350506,1
41,10,-0.1634958684,-0.1121379435,1
41,18,-0.07567727566,-0.08814290166,1
41,26,0.006026465446,0.07031948864,1
41,34,0.04234256223,0.1232863516,1
41,42,0.06944055855,0.2034010887,1
41,50,0.04678311199,0.01421757042,1
41,58,-0.03465777263,-0.065527156,1
41,66,0.05011390895,-0.08175525069,1
41,74,0.05833844468,0.006902350113,1
41,82,0.01079780422,0.2076984644,1
41,90,-0.0225578472,0.1066589952,1
41,98,-0.06322243065,-0.04345839471,1
41,106,0.04482371733,0.1161520332,1
41,114,0.08229601383,0.1024764031,1
41,122,0.0620989278,0.02945424616,1
41,130,0.02030386776,0.06761119515,1
41,138,0.001645071432,-0.005727671087,1
41,146,0.02952229232,-0.112898089,1
41,154,0.04090979323,-0.07354141772,1
41,162,-0.02651531622,0.0190670304,1
41,170,0.0195570346,0.1076970249,1
49,10,0.04792281985,0.04293592647,1
49,18,-0.1307914257,0.02196142823,1
49,26,-0.1135929376,0.08469086885,1
49,34,-0.01526689529,0.163863495,1
49,42,-0.04674229026,0.2286661267,1
49,50,0.09732349217,0.08416205645,1
49,58,0.117375344,0.01454024017,1
49,66,0.1058403403,-0.167009443,1
49,74,0.007255408913,-0.01661835238,1
49,82,-0.03608191386,0.1763180196,1
49,90,-0.04718610644,0.04164515063,1
49,98,-0.05635735393,-0.08168271184,1
49,106,0.1163377911,0.09498908371,1
49,114,0.1206598282,0.1176906079,1
49,122,0.03610096127,0.04804169387,1
49,130,0.02903137356,0.0589764528,1
49,138,0.02105997503,-0.002166870981,1
49,146,0.05549476296,-0.05645818263,1
49,154,0.05272675306,0.01129883528,1
49,162,-0.01314878464,0.1173659712,1
49,170,0.01420389581,0.1078669876,1
57,10,0.2929757535,-0.01547196694,1
57,18,-0.05884572864,0.06619872898,1
57,26,-0.1783915907,0.1520788074,1
57,34,-0.1764265299,0.1455105394,1
57,42,-0.2724474967,0.1270613521,1
57,50,-0.1065199226,0.08181201667,1
57,58,0.04603683949,0.0004549250007,1
57,66,0.06169579923,-0.03423848003,1
57,74,0.05081281811,0.007925819606,1
57,82,0.007040573284,0.08015801013,1
57,90,-0.04483266175,-0.07763917744,1
57,98,-0.03825690597,-0.2137124389,1
57,106,0.02042460255,-0.007665336132,1
57,114,0.04793705046,0.08542890102,1
57,122,-0.06525481492,0.01818763837,1
57,130,-0.05356578529,-0.03618088365,1
57,138,-0.004387991503,-0.09063862264,1
57,146,0.1284317225,0.07429464161,1
57,154,0.08499366045,0.07344561815,1
57,162,0.02543352544,0.09829448164,1
57,170,0.01033387147,-0.01404201984,1
65,10,0.3078633547,0.06431440264,1
65,18,0.1474838853,0.2407691777,1
65,26,-0.1404305995,0.2206501216,1
65,34,-0.1398139447,0.07436351478,1
65,42,-0.1744061261,0.08382240683,1
65,50,-0.1321818531,0.07999309152,1
65,58,-0.04976447299,0.1031071097,1
65,66,-0.08880264312,0.0830989331,1
65,74,-0.05627121776,0.03281248361,1
65,82,0.02175216004,0.1140483394,1
65,90,0.006957534701,-0.06896395981,1
65,98,0.03879775107,-0.1274059415,1
65,106,-0.0339736715,-0.08832317591,1
65,114,-0.08773891628,-0.09051302075,1
65,122,-0.03570251912,-0.07059530169,1
65,130,-0.0480783917,-0.101684168,1
65,138,0.02195098996,-0.05059402436,1
65,146,0.09413078427,0.1085988432,1
65,154,0.04249090701,0.1286433041,1
65,162,0.08130079508,0.1500302404,1
65,170,0.09277955443,0.08694841713,1
73,10,0.1713392735,0.1487177014,1
73,18,0.09332291037,0.3092209697,1
73,26,-0.05684684217,0.3147212863,1
73,34,-0.03557310998,0.0973514542,1
73,42,-0.07276780158,-0.02629154176,1
73,50,-0.107269071,0.0005350261927,1
73,58,-0.2025727034,-0.06028320268,1
73,66,-0.3001909852,0.008668506518,1
73,74,-0.2970590293,0.05078588054,1
73,82,-0.4072824419,0.08688117564,1
73,90,-0.03998582065,0.04225580394,1
73,98,0.2323928177,0.02357212268,1
73,106,0.1000895947,-0.1315333992,1
73,114,-0.1448331773,-0.2343929559,1
73,122,-0.03050242364,-0.05823304877,1
73,130,0.02652951702,0.07104436308,1
73,138,0.1075412929,0.1127075702,1
73,146,0.09748250991,0.08807259798,1
73,154,0.04186145961,0.09808152169,1
73,162,0.04365868494,0.1517030895,1
73,170,0.01517898589,0.2324925661,1
81,10,-0.1247244552,0.08816248178,1
81,18,-0.06561075151,0.2165626585,1
81,26,-0.018896088,0.2323203981,1
81,34,0.007173523307,0.07680305839,1
81,42,0.02934977412,-0.1180988401,1
81,50,-0.09897716343,-0.07290416956,1
81,58,-0.1867515743,-0.02583840489,1
81,66,-0.1912024915,-0.03593137115,1
81,74,-0.2276729196,0.006105288863,1
81,82,-0.1143593192,-0.002364262938,1
81,90,-0.1203021556,0.08749753237,1
81,98,-0.01539800689,0.07782696933,1
81,106,0.1606876254,-0.04279591143,1
81,114,0.2365923524,0.04645904526,1
81,122,0.1707513928,0.02030786872,1
81,130,0.2966029346,0.155101046,1
81,138,0.2278850377,0.1299713701,1
81,146,0.0256119743,0.05991683155,1
81,154,0.01593231782,0.04025080055,1
81,162,-0.04553051665,0.01660652459,1
81,170,-0.167907387,0.2107050121,1
89,10,-0.001568846405,0.2079742104,1
89,18,-0.04808862135,0.1024782211,1
89,26,-0.0008333642036,0.05500288308,1
89,34,-0.06535670906,0.03704907,1
89,42,-0.02071578428,-0.08684271574,1
89,50,-0.01496529579,-0.1370169669,1
89,58,-0.1079113781,0.05065302551,1
89,66,-0.2728004456,0.0934786126,1
89,74,-0.230655551,-0.0008512437344,1
89,82,-0.1253860444,0.01596508175,1
89,90,-0.1308265328,0.08636704087,1
89,98,-0.06795378029,-0.007733751088,1
89,106,0.1715222746,-0.1332686692,1
89,114,0.04727031291,0.08212963492,1
89,122,0.05867845565,0.2106591463,1
89,130,0.216562748,0.1591094434,1
89,138,0.0108095631,0.1594887972,1
89,146,-0.03658333048,0.07646767795,1
89,154,-0.0114752762,-0.03241695464,1
89,162,-0.07423716784,-0.08696982265,1
89,170,-0.1387055367,0.07437755167,1
97,10,-0.05265653878,0.2415130436,1
97,18,-0.1063551009,0.1336771399,1
97,26,0.04327942804,0.1314177364,1
97,34,0.04854401574,0.04348879308,1
97,42,-0.07014036924,0.1099816337,1
97,50,-0.01876743883,0.1177052185,1
97,58,-0.1018951386,0.004782989621,1
97,66,-0.3888875842,0.06977491081,1
97,74,-0.291218847,0.1135434583,1
97,82,-0.07639977336,0.03601174802,1
97,90,-0.04410953075,0.1403543353,1
97,98,-0.08059147,0.1672216505,1
97,106,0.01042746753,-0.105483681,1
97,114,0.001650549471,-0.0752825439,1
97,122,-0.05373824388,0.06521230936,1
97,130,0.01339349337,0.03828209639,1
97,138,0.05910035595,0.07463558018,1
97,146,-0.04332356155,-0.002426229417,1
97,154,-0.06794568896,-0.06956993043,1
97,162,-0.0723484382,-0.1680148244,1
97,170,-0.05647797883,-0.05618235469,1
105,10,-0.1669614166,0.04838606715,1
105,18,-0.07822848111,0.198774457,1
105,26,0.07082826644,0.2178510725,1
105,34,-0.03427703679,0.1141322479,1
105,42,-0.02197602578,0.135428369,1
105,50,0.07974446565,0.2125598788,1
105,58,-0.07465367019,0.08012527972,1
105,66,-0.2491641045,-0.04892997444,1
105,74,-0.1381734908,0.1322562248,1
105,82,-0.07097376883,0.06259515136,1
105,90,-0.01799115166,0.2192085981,1
105,98,0.07864435762,0.2488570511,1
105,106,0.08662097156,-0.0363714695,1
105,114,0.1470999122,-0.2199999839,1
105,122,0.08112683892,-0.1841394156,1
105,130,0.03569988161,-0.0986931175,1
105,138,0.04404010251,0.1054749489,1
105,146,0.09191320091,0.1059614569,1
105,154,0.03043883666,0.008292302489,1
105,162,-0.01268158853,-0.02470035851,1
105,170,0.005633815192,-0.01901184767,1
113,10,-0.2276205719,0.02667661011,1
113,18,-0.03290111944,0.06097953022,1
113,26,0.03733950853,0.1811415553,1
113,34,-0.12627168,0.1208672822,1
113,42,0.04670091718,-0.0631005317,1
113,50,0.1654282808,-0.01237770543,1
113,58,-0.04876439273,0.1199672893,1
113,66,-0.06222760677,0.01619030535,1
113,74,-0.03096833825,0.08776157349,1
113,82,-0.00719345361,0.1423780024,1
113,90,0.02104857191,0.2110291719,1
113,98,0.001298546791,0.1141571999,1
113,106,0.1387133002,0.05324275419,1
113,114,0.1618851423,-0.07136370242,1
113,122,0.06640581042,-0.2374087721,1
113,130,-0.1629755795,-0.1394732296,1
113,138,-0.1654628515,0.2248657495,1
113,146,0.1236016601,0.1411674023,1
113,154,0.03250206262,0.07885088027,1
113,162,-0.01122489944,0.01348743588,1
113,170,0.002719346434,0.01245857775,1
121,10,-0.17408292,0.1261319816,1
121,18,0.05233343318,0.06298799813,1
121,26,0.163848415,0.08783043921,1
121,34,0.09380877018,0.02325327694,1
121,42,0.04133688286,-0.06710550189,1
121,50,0.1264917552,-0.02070136555,1
121,58,0.1390023828,0.1282176673,1
121,66,0.06970538199,0.08487825096,1
121,74,0.06596884131,0.1023193523,1
121,82,0.174708277,0.05241539329,1
121,90,0.1577802002,0.02813375741,1
121,98,0.1516745538,0.02425058186,1
121,106,0.1237791404,0.03042357415,1
121,114,0.04748452455,0.1103008986,1
121,122,-0.04623541608,-0.1809840798,1
121,130,-0.1024116799,-0.1300982386,1
121,138,0.110988155,0.05259557068,1
121,146,0.1176846027,0.09087435901,1
121,154,0.09872372448,0.1418942213,1
121,162,0.1589854211,0.02853028849,1
121,170,-0.02985313907,0.1149098426,1
129,10,-0.09221224487,0.1843019426,1
129,18,0.04092332721,0.1511049867,1
129,26,0.1704446971,0.1263236851,1
129,34,0.02914388478,0.003870142624,1
129,42,-0.08599442244,-0.07373396307,1
129,50,0.02769613266,0.05890500546,1
129,58,0.04519487172,0.1501295269,1
129,66,0.04298669845,0.1279195845,1
129,74,0.09405342489,0.1463781595,1
129,82,0.1946047246,0.09598641843,1
129,90,0.1443387121,0.0725838989,1
129,98,0.06292561442,0.02157991379,1
129,106,-0.01779599488,0.004493437707,1
129,114,-0.05365585536,0.3439857662,1
129,122,-0.09740757197,0.08121939749,1
129,130,-0.2612564266,-0.02050597966,1
129,138,0.02972990647,-0.1339106709,1
129,146,0.3570243716,0.002171240747,1
129,154,0.1042142808,0.1082349718,1
129,162,0.02040462196,0.01750861853,1
129,170,-0.01594521105,0.08454443514,1
137,10,0.09230351448,0.1982340813,1
137,18,0.01906150766,0.1117312014,1
137,26,-0.04344045371,0.03061255813,1
137,34,-0.06825742126,-0.02002567612,1
137,42,-0.006661593914,-0.04715364799,1
137,50,0.06513491273,0.02136004344,1
137,58,0.05541152135,0.09386751056,1
137,66,-0.07608950138,0.1010290682,1
137,74,0.06876334548,0.1526851207,1
137,82,0.2769621909,0.0527010262,1
137,90,0.1943458915,0.01834835671,1
137,98,-0.1113645285,0.006916962564,1
137,106,-0.0881132409,-0.001497201622,1
137,114,-0.04782854021,0.2297862768,1
137,122,-0.05589553341,0.06833290309,1
137,130,0.0007598511875,-0.06702837348,1
137,138,-0.1298521012,-0.2230687439,1
137,146,-0.1402704716,-0.1778617799,1
137,154,-0.138932094,-0.003602772951,1
137,162,-0.057082057,-0.008800877258,1
137,170,0.1044258773,0.09410887957,1
145,10,0.07882547379,0.2024635524,1
145,18,-0.04447059333,0.05106343329,1
145,26,-0.1186913699,-0.1754009426,1
145,34,-0.1164479703,-0.07617300749,1
145,42,0.03462949395,0.08257362247,1
145,50,0.06631377339,0.002258513123,1
145,58,0.05537205189,0.04876659065,1
145,66,0.1020259336,0.01172190905,1
145,74,0.2367352843,-0.01264160126,1
145,82,0.222149536,-0.1146807671,1
145,90,0.1263248622,-0.1564455181,1
145,98,-0.04552098364,-0.09271904081,1
145,106,-0.1490663439,-0.1068931594,1
145,114,-0.1251919568,-0.0258391723,1
145,122,-0.04393561929,-0.02334947884,1
145,130,0.04673283547,-0.06178562716,1
145,138,0.02281993628,-0.04089012742,1
145,146,-0.1559022218,-0.1400791407,1
145,154,-0.2684559822,-0.05838616192,1
145,162,0.01159080863,-0.08835721016,1
145,170,0.103558138,0.07153211534,1
153,10,0.1163137406,0.161064133,1
153,18,0.188708812,0.05462316424,1
153,26,0.1444443762,-0.1718197018,1
153,34,-0.1272654533,-0.1637069583,1
153,42,-0.1727934033,-0.01012468711,1
153,50,-0.03654293716,-0.07450433075,1
153,58,0.1480011046,0.07132279873,1
153,66,0.2227294743,0.01054008305,1
153,74,0.2325468957,0.01635130495,1
153,82,0.1350681782,0.01918088645,1
153,90,-0.09660372138,-0.06844510138,1
153,98,-0.1040490717,-0.206481874,1
153,106,-0.01004667208,-0.2235980928,1
153,114,0.04990833998,-0.2293082774,1
153,122,-0.03013243526,-0.1955779493,1
153,130,-0.01523992792,-0.004749760032,1
153,138,0.03989850357,0.09471422434,1
153,146,0.01540778764,0.01668099314,1
153,154,0.04928896204,-0.1441266239,1
153,162,0.03903114796,-0.1541069448,1
153,170,-0.01489399746,0.151451081,1
161,10,0.001116193831,0.08127020299,1
161,18,0.2522102892,0.08861322701,1
161,26,0.08909916878,0.03914972767,1
161,34,-0.03624064103,-0.04084855318,1
161,42,-0.05627400428,-0.03826826811,1
161,50,0.09452194721,-0.0138804689,1
161,58,0.1919230521,0.1758810431,1
161,66,0.1707683504,0.2887225151,1
161,74,0.1906058192,0.1580060124,1
161,82,0.09918238223,0.2466865629,1
161,90,-0.09602928162,0.07304429263,1
161,98,0.005410309881,-0.3336444497,1
161,106,0.05390055478,-0.08096956462,1
161,114,0.04478138313,-0.06585116684,1
161,122,0.04988077283,-0.03447505087,1
161,130,0.02543151006,0.01469611749,1
161,138,0.1106822193,0.04842369258,1
161,146,0.2034763694,-0.01713722199,1
161,154,0.1385557353,-0.10886731,1
161,162,-0.01904940233,-0.1181944236,1
161,170,-0.1698105484,-0.001873135567,1
169,10,-0.1483448446,0.1571907103,1
169,18,0.07731238008,0.2162973583,1
169,26,0.06750972569,0.07917756587,1
169,34,0.04450170696,0.03603827953,1
169,42,0.02624191716,0.0409572795,1
169,50,-0.1061816588,-0.04770794883,1
169,58,-0.1276180446,-0.02323325537,1
169,66,0.03493427485,0.1487505734,1
169,74,0.1295836419,0.1460706294,1
169,82,0.07494649291,0.08542454988,1
169,90,0.07781670243,0.1810615212,1
169,98,0.03816153109,0.166366905,1
169,106,-0.05066553503,0.1290211976,1
169,114,-0.182242617,0.2185077518,1
169,122,0.03807092085,0.1276867837,1
169,130,0.176793918,0.1393680125,1
169,138,0.2377441227,0.1086645871,1
169,146,0.2641197443,0.02572466433,1
169,154,0.07587680221,0.02597571723,1
169,162,-0.03350844234,-0.006940063089,1
169,170,-0.194511801,-0.01954063401,1
177,10,-0.2003223747,0.2318693399,1
177,18,0.0172489509,0.2741526365,1
177,26,0.1739724576,0.04518983513,1
177,34,0.1303920448,-0.02759160101,1
177,42,-0.03031596541,-0.00594283361,1
177,50,0.002597130835,-0.1392190009,1
177,58,-0.1248985976,-0.08279613405,1
177,66,-0.01442690194,-0.01822769828,1
177,74,0.2435171455,-0.05592364073,1
177,82,0.1745005548,0.09032359719,1
177,90,0.1472226679,0.01409573853,1
177,98,0.1343929023,0.06131772324,1
177,106,-0.004147931933,0.0172483623,1
177,114,-0.0303905569,-0.1992459148,1
177,122,0.0009373240173,-0.09225037694,1
177,130,0.1103774607,0.1213052273,1
177,138,0.114204973,0.2085701972,1
177,146,0.1117423773,0.1266134679,1
177,154,0.06664296985,-5.310773849e-05,1
177,162,-0.03334736079,0.03069800138,1
177,170,-0.1697466969,0.008779134601,1
185,10,-0.1815166175,0.1525840163,1
185,18,-0.02849064395,0.1652565747,1
185,26,0.06967270374,0.1073776335,1
185,34,0.03429813683,0.05840843543,1
185,42,-0.03506791592,-0.00566058699,1
185,50,0.04475532472,-0.1361818165,1
185,58,0.01418701373,-0.04796900973,1
185,66,-0.0430499725,-0.01677260548,1
185,74,0.1973179579,0.00320187211,1
185,82,0.163951382,0.09093561769,1
185,90,0.1028403938,-0.0475319773,1
185,98,0.1160261109,-0.02343099192,1
185,106,-0.1614263803,-0.0368244797,1
185,114,-0.2041896284,-0.09202832729,1
185,122,0.03013445251,0.08977574855,1
185,130,0.01227949932,0.077106677,1
185,138,0.07941289991,0.1036809981,1
185,146,0.09620115906,0.02940340713,1
185,154,0.1713014245,-0.1500599086,1
185,162,0.06464076042,-0.1264836192,1
185,170,-0.06425468624,-0.08751304448,1
193,10,-0.08664636314,0.2078317702,1
193,18,0.08200130612,0.1428254396,1
193,26,0.133372575,0.1127741635,1
193,34,0.1143898442,0.1160353646,1
193,42,-0.03750047833,-0.04633917287,1
193,50,-0.09393751621,-0.1603443176,1
193,58,-0.06116400659,-0.007714069448,1
193,66,-0.03333334625,0.04108887166,1
193,74,0.08198457956,0.08721019328,1
193,82,0.1423947215,0.0621175766,1
193,90,0.149035275,-0.03572954237,1
193,98,0.09002386034,-0.006848296151,1
193,106,-0.08944121003,-0.0823020339,1
193,114,-0.08017726243,0.05329488963,1
193,122,-0.03085683659,0.2393803746,1
193,130,-0.0288820751,0.06152556092,1
193,138,0.05088346452,0.1037711352,1
193,146,0.09403957427,0.009255489334,1
193,154,0.1434449553,-0.08844773471,1
193,162,0.09191767871,-0.03127170354,1
193,170,-0.1282191724,0.09523051232,1
201,10,-0.003094337881,0.01974160224,1
201,18,0.07582384348,0.1006312817,1
201,26,0.1755642295,0.1880508363,1
201,34,0.1560295522,0.05803617835,1
201,42,0.06665766239,0.05474232882,1
201,50,0.008731004782,0.03851479664,1
201,58,0.003861638717,0.006289760582,1
201,66,0.05735674873,0.0702470094,1
201,74,0.04083005339,0.09508344531,1
201,82,0.04812518507,-0.05380428955,1
201,90,0.1044117436,-0.157875672,1
201,98,0.08329689503,-0.01226975024,1
201,106,-0.0421660617,0.0125345625,1
201,114,0.01827963628,0.03377471864,1
201,122,0.001957476139,0.1505856514,1
201,130,0.08966550231,-0.09925335646,1
201,138,0.06037248299,0.0875063464,1
201,146,0.001702263951,0.02498660982,1
201,154,0.05922923982,-0.07617336512,1
201,162,0.07154862583,0.003280162811,1
201,170,-0.0376899913,0.02360132337,1
209,10,-0.05230285972,-0.148680672,1
209,18,0.03779658675,-0.007775824517,1
209,26,0.07295393199,0.1358238757,1
209,34,0.04505179822,0.0133292228,1
209,42,0.1481869966,0.2052504867,1
209,50,0.1409342885,0.1121529341,1
209,58,0.02679265663,-0.003933917731,1
209,66,0.0454974696,-0.03461279348,1
209,74,0.08610778302,-0.05486815795,1
209,82,0.09659917653,-0.1209179312,1
209,90,0.1104310453,-0.08886924386,1
209,98,0.107147336,-0.04416574538,1
209,106,-0.03605289012,-0.008722022176,1
209,114,0.03843126446,-0.03650419787,1
209,122,0.1912427694,-0.05877597257,1
209,130,-0.08026173711,-0.06291095912,1
209,138,-0.1213424504,0.07377256453,1
209,146,-0.168367818,0.1396209747,1
209,154,-0.07320168614,-0.002432733774,1
209,162,0.002950685099,-0.03536831588,1
209,170,0.01248952746,-0.1747277379,1
217,10,0.04104686156,-0.1361185461,1
217,18,0.01431061979,0.1031439155,1
217,26,-0.03909932449,0.003581129014,1
217,34,0.08606766909,0.1636784673,1
217,42,0.1246785969,0.3298542798,1
217,50,0.07901168615,0.15594998,1
217,58,0.01598211378,0.07028368115,1
217,66,-0.01357575506,-0.02091655508,1
217,74,0.06762535125,-0.0773409158,1
217,82,0.1168281436,-0.1066870391,1
217,90,0.1477256119,-0.1229779944,1
217,98,0.03358164057,-0.1623197049,1
217,106,-0.0334951207,-0.02531206235,1
217,114,0.1399615109,0.02127297968,1
217,122,0.2445009202,-0.07019621879,1
217,130,0.1275628358,-0.06769216806,1
217,138,-0.0004869252443,0.07525330037,1
217,146,-0.04601448029,0.2322128117,1
217,154,-0.0447717011,0.05522185564,1
217,162,0.03281337395,-0.1287125051,1
217,170,0.2032349408,-0.1252974719,1
225,10,0.09612587839,-0.07256881893,1
225,18,-0.0556063503,0.07675411552,1
225,26,-0.04539487138,0.169775337,1
225,34,0.00192014873,0.2143051177,1
225,42,0.04148408771,0.2397010922,1
225,50,0.09470941126,0.1315106004,1
225,58,0.04542103782,0.06013837457,1
225,66,0.02191756293,0.06307604164,1
225,74,-0.01788405329,0.06992149353,1
225,82,-0.06656036526,-0.1100188047,1
225,90,0.008483350277,-0.3246389627,1
225,98,0.1241988987,-0.1037809774,1
225,106,0.2082724273,0.1676318347,1
225,114,0.2030434012,0.1203847826,1
225,122,0.2375544161,-0.1268183887,1
225,130,0.1626103073,-0.1301578581,1
225,138,0.1808846593,-0.028852107,1
225,146,0.1001962051,0.1112261042,1
225,154,-0.03093118221,0.2141437829,1
225,162,0.1072923988,-0.005526594818,1
225,170,0.1718484014,-0.04112792015,1
233,10,-0.006945560686,-0.040074341,1
233,18,-0.2378489971,0.0225603804,1
233,26,-0.3181389272,0.173071146,1
233,34,-0.3512993157,0.1877978742,1
233,42,-0.07186894864,0.07349578291,1
233,50,0.1628153622,0.01734481379,1
233,58,0.04968932644,-0.02974013239,1
233,66,-0.00643783994,-0.1310093999,1
233,74,-0.02898348682,0.0253635142,1
233,82,-0.172916308,-0.1566323191,1
233,90,0.016347697,-0.1617047191,1
233,98,0.09964988381,0.03776046261,1
233,106,0.1699303836,0.2001173049,1
233,114,0.2584465742,0.02298425138,1
233,122,0.1950952113,-0.1508387476,1
233,130,0.1161005571,-0.05934307352,1
233,138,0.1590932012,-0.06129079312,1
233,146,0.1276907027,-0.01707374305,1
233,154,0.1795596778,0.2442387044,1
233,162,0.2034925222,0.02441463061,1
233,170,0.1194544137,-0.09831251204,1
241,10,-0.04480968043,0.003239862621,1
241,18,-0.3310715556,0.2021940053,1
241,26,-0.3842684031,0.1257782727,1
241,34,-0.292544961,0.1319919974,1
241,42,-0.07631494105,0.09707549959,1
241,50,0.09039464593,0.01828173548,1
241,58,0.04056977481,-0.0375716947,1
241,66,-0.2233149409,-0.3602143526,1
241,74,-0.06673008949,-0.05074734241,1
241,82,-0.1043030918,0.0264717713,1
241,90,-0.2632336617,0.06328000128,1
241,98,-0.08192680776,0.007960468531,1
241,106,0.0351283513,0.1390153766,1
241,114,0.1433276385,-0.1172345132,1
241,122,0.04378370941,-0.1566194892,1
241,130,0.003797218204,0.05370035768,1
241,138,0.03880180046,0.07350440323,1
241,146,0.04374227673,0.02361734211,1
241,154,0.1149101853,0.01654490829,1
241,162,0.2425036728,-0.0392114222,1
241,170,0.1275162846,-0.07540601492,1
249,10,-0.1838755161,-0.1219521463,1
249,18,-0.3026145399,-0.05663305148,1
249,26,-0.2478648722,-0.07784307003,1
249,34,-0.2558621168,-0.007451990619,1
249,42,-0.1527886391,0.1593906432,1
249,50,0.03210257366,-0.03083872795,1
249,58,-0.05368295684,-0.05974699184,1
249,66,-0.1253440529,-0.01881942898,1
249,74,0.06133748591,0.04529196024,1
249,82,0.1412331462,0.121008724,1
249,90,0.09673919529,0.1095790118,1
249,98,0.1750776917,0.03803961352,1
249,106,0.1238961294,0.05342061073,1
249,114,0.085649468,-0.2081068754,1
249,122,-0.1198580191,-0.1550374031,1
249,130,-0.1113993078,0.004865739495,1
249,138,0.05725726858,0.1184532344,1
249,146,0.2304622531,0.3113011122,1
249,154,0.04734117165,0.0639295131,1
249,162,-0.007111426443,0.02716580406,1
249,170,0.02118378878,-0.2074879706,1
257,10,-0.1519551873,-0.1083145961,1
257,18,-0.213786602,-0.1293241084,1
257,26,-0.07027952373,-0.1485454291,1
257,34,-0.03370173275,-0.04014624655,1
257,42,-0.0612738505,-0.03681087494,1
257,50,0.01319764927,-0.08542752266,1
257,58,0.00312544778,-0.1015522033,1
257,66,-0.05968149006,-0.0412953645,1
257,74,0.05106529221,0.1025464535,1
257,82,-0.006035975181,0.04564190283,1
257,90,-0.05903558433,-0.04422697052,1
257,98,0.1573210657,0.02772367746,1
257,106,0.1265925765,-0.03977864981,1
257,114,-0.04170421511,-0.1946752369,1
257,122,-0.02459148318,-0.1224363223,1
257,130,-0.06879333407,-0.07491311431,1
257,138,-0.04938451946,0.144960925,1
257,146,0.04671074823,0.2978668511,1
257,154,-0.02616474777,0.08258667588,1
257,162,0.04445824027,-0.1031172574,1
257,170,0.05831455439,-0.1802673042,1
265,10,-0.06881049275,0.002213421278,1
265,18,-0.1329286993,-0.09275071323,1
265,26,-0.07806691527,-0.1154589877,1
265,34,-0.09853644669,-0.04838603735,1
265,42,0.007430454716,-0.1533357799,1
265,50,0.1262643933,-0.1247274354,1
265,58,0.006802753545,-0.01800168492,1
265,66,-0.1566555053,-0.04571218044,1
265,74,-0.08215944469,0.131954208,1
265,82,-0.04210048169,0.06085942313,1
265,90,-0.05196134001,-0.1616994739,1
265,98,0.09251733124,-0.09819588065,1
265,106,0.05466872454,-0.09689173847,1
265,114,-0.03250554204,-0.06699993461,1
265,122,0.09998313338,-0.05530290678,1
265,130,0.1385692954,0.006794473156,1
265,138,0.1112022847,0.1374396682,1
265,146,0.1338949203,0.178178668,1
265,154,0.05551363155,0.04925201833,1
265,162,0.07729707658,0.03576178104,1
265,170,0.0397375077,-0.05201109499,1
273,10,0.08428118378,0.007718779147,1
273,18,-0.07433137298,-0.1409098953,1
273,26,-0.1808356345,-0.1338227242,1
273,34,-0.1440727562,-0.07091060281,1
273,42,0.1199511737,-0.2088418007,1
273,50,0.1526742429,-0.153436169,1
273,58,0.09001963586,-0.001718608662,1
273,66,0.1084943414,0.061777547,1
273,74,0.06704803556,0.2596800029,1
273,82,0.006324281916,0.06328825653,1
273,90,-0.04234753549,-0.1399536431,1
273,98,0.04296255112,-0.05505913496,1
273,106,0.1762256473,-0.01305216923,1
273,114,0.1154218912,0.1681215614,1
273,122,0.08976784348,0.001021932811,1
273,130,0.1987377703,-0.05266657472,1
273,138,0.154522121,-0.08601357043,1
273,146,0.08296475559,-0.07346653938,1
273,154,0.01616952568,0.0765216276,1
273,162,-0.043498151,0.1580117643,1
273,170,0.05989924818,0.07663118839,1
281,10,0.1829983443,-0.2026743889,1
281,18,-0.04464568198,-0.1010986269,1
281,26,-0.112376675,-0.01104018651,1
281,34,-0.1090866253,-0.03189816698,1
281,42,-0.09912475944,-0.05105365813,1
281,50,-0.05189245939,-0.02502532676,1
281,58,-0.008081909269,0.1001101136,1
281,66,0.07851712406,0.08412910998,1
281,74,0.05230602995,0.07512856275,1
281,82,0.008640394546,0.05028821528,1
281,90,0.03571247682,-0.00425812602,1
281,98,0.08287596703,-0.0302314572,1
281,106,0.2149643898,0.2260453105,1
281,114,0.04225695133,0.2719030976,1
281,122,0.1006864607,0.00501107052,1
281,130,0.1144748107,-0.1538215578,1
281,138,0.02903426997,-0.1915705353,1
281,146,0.03463633358,-0.09462616593,1
281,154,-0.007689863443,0.04172524437,1
281,162,-0.08684594929,0.03183960915,1
281,170,0.1100347638,0.1382806897,1
289,10,0.04967484623,-0.09377387166,1
289,18,-0.06261935085,0.0688970834,1
289,26,-0.1543039829,0.1609877944,1
289,34,-0.03155447543,0.0898944959,1
289,42,-0.04932476208,0.05533272773,1
289,50,0.03516279534,-0.05576621741,1
289,58,0.06208755821,0.09857562929,1
289,66,0.04154635966,0.1032789573,1
289,74,0.09401611984,-0.01215467975,1
289,82,0.1094772294,-0.01157830656,1
289,90,-0.01382476464,0.02452739701,1
289,98,0.0606665127,-0.05131589249,1
289,106,0.4060407877,0.2389089167,1
289,114,0.1274020672,0.2848723531,1
289,122,0.08472897857,-0.04160388559,1
289,130,-0.04673456773,-0.07862303406,1
289,138,-0.0806601271,-0.04512958974,1
289,146,-0.02726483531,0.05398469418,1
289,154,-0.04407512397,-0.0807396099,1
289,162,-0.01561098546,0.02189750224,1
289,170,-0.07828259468,0.1027131155,1
297,10,-0.1068642139,0.0875672698,1
297,18,0.1176517382,0.1346997321,1
297,26,-0.003195609897,0.1751359999,1
297,34,0.008463189006,0.1220461726,1
297,42,0.08410132676,0.08494091779,1
297,50,0.0543724075,-0.002939604223,1
297,58,0.009545464069,0.01828771271,1
297,66,-0.04513523728,0.008755046874,1
297,74,0.1084023938,0.1445975453,1
297,82,0.07167761773,-0.02138639987,1
297,90,-0.2721783221,-0.1907934248,1
297,98,-0.1056444868,0.09687565267,1
297,106,0.08395920694,0.2173774689,1
297,114,0.08258345723,0.1658642739,1
297,122,0.02146844193,0.02944223769,1
297,130,0.007074937224,-0.04254895821,1
297,138,0.06750035286,0.01404602081,1
297,146,0.1266113967,0.01456651464,1
297,154,-0.03580339625,-0.006314127706,1
297,162,-0.1184616089,0.07192435116,1
297,170,-0.06118780002,0.002649981529,1
305,10,-0.1758993268,-0.1168480068,1
305,18,-0.1132812053,0.08137316257,1
305,26,-0.01778576523,0.1982072443,1
305,34,0.1894565374,0.03115649521,1
305,42,0.1869112551,0.04132599384,1
305,50,0.03001329303,0.01557308063,1
305,58,0.0003839172423,-0.1836485267,1
305,66,-0.03406015784,-0.1367235482,1
305,74,-0.05655229092,0.01609493792,1
305,82,0.1090869978,-0.03284168243,1
305,90,0.09169526398,-0.1654887348,1
305,98,-0.1125249565,0.01360728964,1
305,106,-0.07025162131,0.01105070859,1
305,114,0.02694698423,0.02649703622,1
305,122,-0.0006900057197,0.03183757514,1
305,130,0.02128818631,-0.05034362525,1
305,138,0.1074465662,0.01890745386,1
305,146,0.1578088999,-0.08525862545,1
305,154,-0.001823474653,0.0317084603,1
305,162,-0.02954738215,0.03961232305,1
305,170,0.008645281196,-0.1426980495,1
313,10,-0.2018007189,0.03615906835,1
313,18,-0.07593560964,0.1023269445,1
313,26,-0.02971090376,0.2202909589,1
313,34,0.08911221474,-0.02974275127,1
313,42,0.04475106671,0.01207614318,1
313,50,-0.1279204041,0.01995841414,1
313,58,-0.01351435389,-0.07387815416,1
313,66,-0.004358366132,-0.1024165452,1
313,74,-0.05437568948,-0.05765665695,1
313,82,0.01781117171,-0.05434414372,1
313,90,-0.05205613002,-0.06893331558,1
313,98,-0.08864370733,-0.03717266396,1
313,106,0.1244288161,-0.07206988335,1
313,114,0.1080868244,-0.01920061931,1
313,122,0.05164235085,-0.09462109953,1
313,130,0.08118759096,-0.1276536137,1
313,138,0.1455243677,-0.05930896848,1
313,146,0.02528643608,-0.07158333808,1
313,154,0.05044039711,0.01085754298,1
313,162,0.1212653592,-0.06003766879,1
313,170,0.06790532172,-0.2247899324,1
321,10,-0.1266638339,0.1494832635,1
321,18,-0.08587653935,0.1438831985,1
321,26,-0.03263095766,0.1466320157,1
321,34,0.1457672417,0.03083691001,1
321,42,0.1463581771,-0.0443803817,1
321,50,0.04355563968,0.05355254561,1
321,58,0.05833660066,0.01645366475,1
321,66,-0.02982620895,-0.001925930381,1
321,74,-0.128501758,-0.05726057291,1
321,82,0.05517371744,-0.03872424737,1
321,90,-0.04458601028,0.1570501775,1
321,98,-0.13680695,0.1211311668,1
321,106,0.06863896549,0.1327161491,1
321,114,0.2218649089,0.01196395606,1
321,122,0.1269219816,-0.1821995527,1
321,130,0.07527701557,-0.1604573727,1
321,138,0.152335763,-0.08370816708,1
321,146,0.2038378268,-0.01615858451,1
321,154,0.142771408,0.0130894687,1
321,162,0.1433753371,-0.06299258769,1
321,170,-0.06230947003,-0.1026082262,1
329,10,0.01682703942,0.1539132297,1
329,18,0.0647906065,0.07071559131,1
329,26,0.09113848209,0.2452255189,1
329,34,0.1178533882,0.1068542451,1
329,42,-0.06386825442,-0.02408258617,1
329,50,-0.1780945659,0.009950861335,1
329,58,-0.01760861464,-0.08636190742,1
329,66,0.02386247925,-0.02383565344,1
329,74,0.02792125009,0.06685245037,1
329,82,0.03808478266,-0.04720590636,1
329,90,0.02644210681,0.02844328433,1
329,98,0.01291323267,0.01922610588,1
329,106,0.04116511345,-0.04628724232,1
329,114,0.03704910725,-0.04058933258,1
329,122,0.01832419634,-0.1329083741,1
329,130,0.07557684928,-0.111959964,1
329,138,0.1659829319,-0.05725558102,1
329,146,0.2410652637,-0.0573628433,1
329,154,0.1428458095,-0.01972823404,1
329,162,0.1083603948,-0.02011508495,1
329,170,0.01974061877,0.1639176905,1
337,10,0.1999621689,-0.0637896508,1
337,18,0.1541737616,-0.02377521992,1
337,26,-0.008949294686,0.1337636411,1
337,34,-0.0888408497,0.06356573105,1
337,42,-0.1038706377,0.09092403948,1
337,50,-0.1438844204,0.06936316937,1
337,58,-0.03728381544,-0.2685227096,1
337,66,0.1008190736,-0.1426045597,1
337,74,-0.02516011521,0.06982471049,1
337,82,-0.01563413255,0.0957505554,1
337,90,0.09325407445,-0.07074408233,1
337,98,0.02676932327,-0.08760670573,1
337,106,-0.1016212255,-0.1116367206,1
337,114,-0.03285419196,-0.1218828708,1
337,122,-0.01684458554,-0.1449887007,1
337,130,0.07921958715,-0.1433908194,1
337,138,0.1640214473,-0.09079944342,1
337,146,0.1349585354,-0.05918471515,1
337,154,0.110887073,-0.004769070074,1
337,162,0.1192049757,-0.1500293612,1
337,170,0.09833996743,0.2045107484,1
345,10,0.3166274428,0.04743634909,1
345,18,0.2984224856,0.1287025213,1
345,26,0.0731927529,0.05747848749,1
345,34,0.05875981599,-0.0133375749,1
345,42,-0.05607963726,0.01046144031,1
345,50,-0.1186846346,-0.02638994157,1
345,58,0.01585282385,-0.205070883,1
345,66,-0.1303872168,-0.2354745567,1
345,74,-0.04784394428,0.05036303401,1
345,82,0.1204287484,0.1186887622,1
345,90,0.09498424828,-0.08179502189,1
345,98,0.01940730587,0.02268622816,1
345,106,-0.1367044747,-0.05137831718,1
345,114,0.03809477389,-0.04790671915,1
345,122,0.1043748856,-0.01278284937,1
345,130,0.09302347898,-0.06657548249,1
345,138,0.1486212611,-0.06477505714,1
345,146,-0.0004675686359,0.005863118917,1
345,154,0.003892071545,0.04859118164,1
345,162,0.1122968271,-0.08715075254,1
345,170,0.1187166572,0.12214683,1
353,10,0.2471230626,0.3009077609,1
353,18,0.01090231538,0.2655685544,1
353,26,-0.08956599236,0.1448621154,1
353,34,-0.06417631358,-0.03744794428,1
353,42,0.02925187722,-0.201744169,1
353,50,0.03603536636,-0.08028064668,1
353,58,0.004160659388,-0.06923620403,1
353,66,-0.008513843641,-0.2048618644,1
353,74,0.1305553168,0.0750657171,1
353,82,0.1301820129,0.03114538267,1
353,90,-0.04882424325,-0.1295652837,1
353,98,0.01038036775,-0.05585689843,1
353,106,0.05853988975,-0.09110020101,1
353,114,0.1374083459,-0.07536455989,1
353,122,0.3032880425,-0.02445622534,1
353,130,0.04897604138,-0.1012760103,1
353,138,0.01045250893,-0.1087523103,1
353,146,-0.06009854376,-0.1315284222,1
353,154,-0.07552177459,-0.03256665915,1
353,162,0.02673812956,0.04905622452,1
353,170,0.212410897,0.0604031384,1
361,10,0.2002453208,0.04759387672,1
361,18,-0.0646405071,-0.05759777874,1
361,26,-0.2060926855,0.005039524287,1
361,34,-0.09678050131,-0.01343950164,1
361,42,-0.04276299477,-0.1282536387,1
361,50,-0.07623250037,-0.06431845576,1
361,58,-0.08008877933,-0.1362451762,1
361,66,-0.06225403026,-0.2030357122,1
361,74,-0.03914478421,0.06636960804,1
361,82,-0.1107588634,0.03099306487,1
361,90,-0.1095092446,-0.112483263,1
361,98,0.05584431067,-0.07416447997,1
361,106,0.1508681923,-0.1024967209,1
361,114,0.180036962,-0.2886324227,1
361,122,0.1765176207,-0.1691944599,1
361,130,0.05993274599,-0.1044753343,1
361,138,-0.007538812235,-0.1065444946,1
361,146,-0.03211767226,-0.06335932016,1
361,154,-0.005385480821,-0.01033028029,1
361,162,0.02273225039,0.05923023075,1
361,170,0.1319906414,-0.05298630893,1
369,10,-0.02193035185,-0.02536257356,1
369,18,-0.06173337996,-0.1200260073,1
369,26,-0.1296351999,-0.06325381994,1
369,34,-0.01762396097,0.05601214617,1
369,42,0.006115864962,0.144957155,1
369,50,-0.3177882135,0.04338173568,1
369,58,0.04106238857,-0.06826467067,1
369,66,0.05685769022,-0.1695914119,1
369,74,-0.1046560258,0.006725944579,1
369,82,-0.0971865505,0.07580418885,1
369,90,-0.03723397106,-0.02560068667,1
369,98,0.05038243532,-0.04847314209,1
369,106,-0.03249909729,-0.03516634554,1
369,114,-0.3536659777,-0.03259167075,1
369,122,-0.1485448778,-0.1395914257,1
369,130,-0.005880869925,-0.07508470118,1
369,138,-0.04221375287,0.07029642165,1
369,146,0.02419852465,0.03300648183,1
369,154,0.05418429524,0.07463644445,1
369,162,0.1129376441,0.0941388905,1
369,170,0.2161388099,-0.1563432515,1
377,10,0.1826725453,0.07328853756,1
377,18,-0.03820897266,0.03956982493,1
377,26,-0.03013283014,0.03873845562,1
377,34,-0.08339159191,0.1566898823,1
377,42,-0.1377472281,0.2819747329,1
377,50,-0.1453852504,0.1135704443,1
377,58,0.1902844608,0.1310622692,1
377,66,0.04681964219,0.1196899265,1
377,74,-0.1179393753,0.1406430304,1
377,82,-0.1521423608,0.1733982414,1
377,90,-0.1145447642,0.05887138471,1
377,98,-0.1481679082,-0.1401238889,1
377,106,-0.3261729181,-0.1158941984,1
377,114,0.02798346803,0.02870606259,1
377,122,0.00721142441,-0.07927621156,1
377,130,-0.04942588881,-0.0264765881,1
377,138,-0.005687905475,-0.02095320076,1
377,146,0.05913947895,0.08757145703,1
377,154,0.03805091232,0.177393198,1
377,162,0.05382793397,0.08312574774,1
377,170,0.09421274066,-0.1000886112,1
385,10,0.06005402654,0.04262344539,1
385,18,0.05278627574,-0.1146000773,1
385,26,0.07542173564,-0.2645702064,1
385,34,-0.03806956857,0.05074204132,1
385,42,-0.03545802832,0.1027897596,1
385,50,-0.01421877276,0.02619665116,1
385,58,-0.003830613568,0.1623724103,1
385,66,0.03172138333,0.436973542,1
385,74,0.01185703278,0.1593232453,1
385,82,0.01333844289,0.01596025005,1
385,90,0.07453402132,0.04140292108,1
385,98,0.02695424482,0.01296439394,1
385,106,-0.06948879361,-0.0718729049,1
385,114,0.02126249671,0.05858450383,1
385,122,-0.05255249888,0.06401417404,1
385,130,0.02263919264,0.07563975453,1
385,138,0.08324851841,-0.05676155537,1
385,146,0.001915095374,0.01552022249,1
385,154,0.07485052943,0.210995689,1
385,162,0.1689222455,0.2897367477,1
385,170,0.2081704438,-0.05518884957,1
393,10,-0.1104995012,0.009180262685,1
393,18,0.01376698725,-0.1705635637,1
393,26,0.06254027039,-0.2216280252,1
393,34,0.02103977464,-0.1607580334,1
393,42,0.0681771785,-0.005574932322,1
393,50,0.07454791665,0.1181647032,1
393,58,0.1615372002,0.05674445629,1
393,66,0.1155011728,0.2342447042,1
393,74,0.06801401079,0.02063539624,1
393,82,0.05773498863,-0.1145129129,1
393,90,0.2370667905,0.04256764427,1
393,98,0.1283210665,0.04583989084,1
393,106,-0.02772886306,-0.02174689621,1
393,114,-0.1500464976,0.1422034651,1
393,122,-0.1131764874,0.1335866749,1
393,130,0.0251894705,0.07168465853,1
393,138,0.09900376201,-0.06886381656,1
393,146,-0.05202188343,-0.09941738099,1
393,154,0.02753480524,-0.1108439714,1
393,162,0.1118598357,0.02806205675,1
393,170,0.1770596951,0.01868151873,1
401,10,-0.1708369851,0.1251849532,1
401,18,-0.0920547694,0.05726606399,1
401,26,-0.0157125555,0.0360199064,1
401,34,0.06572724134,0.01854864508,1
401,42,-0.02764721587,0.1366694868,1
401,50,-0.1367422938,0.2635679543,1
401,58,-0.1090937331,-0.01002385467,1
401,66,0.09382680804,0.1813966632,1
401,74,0.1245449781,0.1088167131,1
401,82,-0.04578241333,0.0979815349,1
401,90,0.09559765458,0.1482002586,1
401,98,-0.04096917063,0.004564438015,1
401,106,-0.09666577727,0.01058743894,1
401,114,-0.0729252249,0.04625723511,1
401,122,-0.09765637666,-0.02662858367,1
401,130,-0.09096191078,-0.02729159966,1
401,138,-0.01013650373,-0.05158825964,1
401,146,-0.04460969567,-0.002431705594,1
401,154,-0.06184317544,-0.1331174672,1
401,162,0.1165836006,-0.2154518962,1
401,170,0.2271098495,-0.1311427206,1
409,10,-0.1795631349,-0.1194728985,1
409,18,-0.02265679836,0.05985152721,1
409,26,-0.005153030157,0.1108992547,1
409,34,-0.009262777865,0.1459646672,1
409,42,-0.1144064441,0.3322166204,1
409,50,-0.04480367899,-0.1065278053,1
409,58,-0.05499832332,-0.2047661543,1
409,66,-0.0202543661,-0.01848268509,1
409,74,0.1488931179,0.1622503847,1
409,82,-0.01123064011,0.1778747439,1
409,90,-0.0003322847188,0.1239011735,1
409,98,-0.1048086956,0.01412597299,1
409,106,-0.2454020977,0.08930647373,1
409,114,-0.193869561,-0.09093880653,1
409,122,-0.2803483009,-0.09172436595,1
409,130,-0.08345308155,-0.06857994199,1
409,138,0.1125434563,-0.05274332315,1
409,146,0.03188229352,0.1586389393,1
409,154,0.02731467783,0.07528082281,1
409,162,0.2424301356,-0.0838265717,1
409,170,0.1410944462,-0.1808898151,1
417,10,0.08245465159,-0.1940876693,2
417,18,0.3444724381,-0.2687024474,1
417,26,0.06568618119,0.07832829654,1
417,34,0.02985296398,0.20148018,1
417,42,0.1183739305,0.1367860436,1
417,50,0.01589679718,-0.1051937342,1
417,58,-0.2104048431,-0.1494228244,1
417,66,-0.2883761823,-0.04015127569,1
417,74,-0.1011160165,0.1330828518,1
417,82,0.1611385792,0.2001388073,1
417,90,0.1352162361,0.1859858483,1
417,98,-0.0117738694,0.09392828494,1
417,106,-0.04833457991,0.1869175136,1
417,114,-0.1479235291,0.1274851859,1
417,122,-0.1727652848,-0.1894779056,1
417,130,0.0191189386,-0.1899977028,1
417,138,0.1265119314,-0.05951999128,1
417,146,0.1813538522,0.32353881,1
417,154,0.1671128869,0.2627811134,1
417,162,0.05223217607,0.137232542,1
417,170,-0.1128776968,-0.1765637547,1
