PIVlab, ASCII chart output - 02-Aug-2025
FRAME: 228, filenames: A:[228]FullStack_Pos0035_TgUtrmcherry_K4K8MO-1.avi & B:[229]FullStack_Pos0035_TgUtrmcherry_K4K8MO-1.avi, conversion factor xy (px -> m): 1, conversion factor uv (px/frame -> m/s): 1
x [px],y [px],u [px/frame],v [px/frame],Vector type [-]
9,10,0.1896383166,0.004380166531,1
9,18,0.206487745,-0.0454274267,1
9,26,0.1753305793,-0.02635731921,1
9,34,0.2792601883,0.01595861092,1
9,42,0.3815123737,0.01350286603,1
9,50,0.3873647749,-0.02041269839,1
9,58,0.2316248417,-0.1241888106,1
9,66,0.04200355709,-0.1343688518,1
9,74,0.02284520119,-0.1570049524,1
9,82,-0.07196490467,-0.1517307907,1
9,90,-0.02250820398,-0.06679549813,1
9,98,0.03868699074,-0.03384798765,1
9,106,-0.08765208721,0.1105311513,1
9,114,-0.08963814378,0.1024390161,1
9,122,-0.2053137422,0.08681300282,1
9,130,-0.3172891438,0.1228558719,1
9,138,-0.1887413561,-0.01859167218,1
9,146,0.02277627587,0.08795533329,1
9,154,0.1022998989,0.0763566941,1
9,162,0.1916296184,-0.1266259551,1
9,170,0.2426958084,-0.1918213367,1
17,10,0.0706736967,-0.03584830463,1
17,18,-0.005729265511,0.0158720091,1
17,26,-0.03297229856,-0.08807201684,1
17,34,-0.02981323004,-0.03448561579,1
17,42,0.1562251896,0.05316423997,1
17,50,0.1978124082,-0.03541955352,1
17,58,0.0538103804,-0.1517371833,1
17,66,-0.0551811792,-0.0193358846,1
17,74,-0.008867850527,0.04781632498,1
17,82,0.04635040835,0.01473792642,1
17,90,0.02719032019,0.03402026743,1
17,98,0.02547295392,0.1882665455,1
17,106,0.03064893186,0.1587734371,1
17,114,-0.03154694289,0.06755603105,1
17,122,-0.07443378866,0.08355864137,1
17,130,-0.0787608698,0.2443583012,1
17,138,0.03154010326,0.1115134135,1
17,146,0.1097893715,-0.01883040182,1
17,154,0.1483273208,-0.009195245802,1
17,162,0.06293526292,-0.03967963904,1
17,170,0.0350863114,0.04095678404,1
25,10,-0.1114387885,0.03314470127,1
25,18,-0.2216144651,0.06530201435,1
25,26,-0.2917565107,-0.07720474154,1
25,34,-0.1025225222,-0.1066068858,1
25,42,0.1139480248,-0.03095217422,1
25,50,0.09320904315,-0.01641231775,1
25,58,0.02927388996,-0.07158140838,1
25,66,-0.01733317971,0.01395061985,1
25,74,0.004994003102,0.1437001228,1
25,82,0.03865843266,0.1833635122,1
25,90,-0.04546290636,0.0794884041,1
25,98,-0.05100221187,0.1190979183,1
25,106,-0.05623519793,0.05704784393,1
25,114,-0.07480736822,0.08869130909,1
25,122,-0.09521696717,0.1663869917,1
25,130,-0.07561477274,0.09697946906,1
25,138,-0.03229641914,0.06823723018,1
25,146,0.02473808825,-0.02210275084,1
25,154,-0.05051586404,-0.08003468812,1
25,162,-0.03158630431,-0.04627987742,1
25,170,0.02981286496,-0.02478006482,1
33,10,-0.08030974865,0.06101928651,1
33,18,-0.1498663723,-0.04653256759,1
33,26,-0.07065970451,0.03832557797,1
33,34,0.03968037292,-0.06489016116,1
33,42,-0.04406008124,-0.110232234,1
33,50,-0.04671823978,-0.08012658358,1
33,58,-0.1025921926,0.01385374367,1
33,66,-0.134039402,-0.01670666784,1
33,74,0.05958717689,0.2059268504,1
33,82,0.03749035299,0.2264411747,1
33,90,0.03099738806,0.02176067233,1
33,98,-0.02790413424,0.03154959157,1
33,106,-0.1653348953,-0.005730241537,1
33,114,-0.07134456933,0.01914075017,1
33,122,-0.03582984209,0.0620149225,1
33,130,0.004601426423,0.05564306676,1
33,138,0.1087333411,-0.02161803842,1
33,146,0.03828755021,-0.04822529852,1
33,154,-0.08453894407,-0.06109528244,1
33,162,-0.05501719564,-0.006150722504,1
33,170,-0.1221927479,-0.09566219151,1
41,10,0.04816487432,-0.05012860894,1
41,18,0.003539264202,0.02544940449,1
41,26,0.02883787453,-0.01054839976,1
41,34,0.07757684588,-0.07981730253,1
41,42,-0.03863249347,-0.08142571896,1
41,50,-0.06856836379,-0.06976030767,1
41,58,-0.05025705323,0.08911766112,1
41,66,-0.05673374981,0.001959633082,1
41,74,-0.05036373809,0.1124578565,1
41,82,-0.03501465544,0.1512567848,1
41,90,0.04097497836,-0.0251058992,1
41,98,0.00298101455,0.01327473857,1
41,106,-0.05635046214,-0.05589260161,1
41,114,0.0620159097,-0.07074728608,1
41,122,0.0816757381,-0.1165949404,1
41,130,0.04630713537,0.01498901099,1
41,138,0.2806001902,-0.008221846074,1
41,146,0.1392511278,-0.133049354,1
41,154,0.0296039097,-0.1272830516,1
41,162,-0.140886873,-0.07322756201,1
41,170,-0.2365180552,-0.1273595542,1
49,10,-0.01130633056,-0.009024765342,1
49,18,0.07283071429,0.05732885003,1
49,26,0.06467404217,-0.04287226871,1
49,34,0.09055934846,-0.1156104356,1
49,42,0.08720327169,0.04021209851,1
49,50,0.02992624789,0.05211807415,1
49,58,-0.04191857576,0.06018173695,1
49,66,-0.1052088439,0.1533258855,1
49,74,-0.1514520198,0.03521894291,1
49,82,-0.1914660633,0.08193091303,1
49,90,-0.1377330422,0.00302567333,1
49,98,-0.1098300964,0.07533599436,1
49,106,-0.1287746131,-0.03249549121,1
49,114,0.09681160748,-0.1263448,1
49,122,0.0100968685,-0.2146327496,1
49,130,-0.1046963185,-0.1684048772,1
49,138,0.09583499283,-0.1619086862,1
49,146,0.2079493552,-0.09192435443,1
49,154,0.01987219043,-0.04380357638,1
49,162,-0.05525694042,-0.08541437238,1
49,170,-0.07343752682,-0.1344486922,1
57,10,0.01375341229,-0.0438339524,1
57,18,0.1879239678,0.08327390999,1
57,26,0.2769662738,0.1424139291,1
57,34,0.171831429,0.07240764052,1
57,42,0.09377282113,0.01589111611,1
57,50,0.08655834943,-0.06949905306,1
57,58,0.06732413173,-0.1094566956,1
57,66,0.02026927099,0.09360843897,1
57,74,0.01715860516,0.05932165682,1
57,82,-0.07616268098,0.03674534336,1
57,90,-0.1302938759,0.05844030157,1
57,98,-0.06714716554,0.2354455292,1
57,106,-0.1162445992,0.1029971242,1
57,114,-0.1267805994,-0.1150125414,1
57,122,-0.06480736285,-0.1378571391,1
57,130,-0.04561490566,-0.09713847935,1
57,138,-0.02350879088,-0.08278814703,1
57,146,-0.009014632553,0.05375450477,1
57,154,0.02710422501,0.05474222824,1
57,162,-0.01706486195,0.04237733781,1
57,170,-0.09923228621,0.01139308512,1
65,10,-0.008424460888,-0.05008909479,1
65,18,0.03406681493,0.03593106568,1
65,26,0.03231864795,0.04735592753,1
65,34,0.04755482823,0.0243110247,1
65,42,0.1611254066,-0.00211991556,1
65,50,0.2465262115,-0.1266179979,1
65,58,0.1741930246,-0.02615458891,1
65,66,-0.007193554193,0.0440659225,1
65,74,0.02362317592,-0.0248437319,1
65,82,0.05129788816,0.01499274746,1
65,90,0.01109617949,0.008135437965,1
65,98,0.01191637665,0.09553808719,1
65,106,-0.01413535327,0.07249385118,1
65,114,-0.1383747607,0.008580490947,1
65,122,-0.08038710058,-0.1034778059,1
65,130,-0.01624665782,-0.07371453196,1
65,138,-0.001656940207,0.02579366975,1
65,146,-0.05606102943,0.06371938437,1
65,154,-0.0795571059,0.092553325,1
65,162,-0.1899519265,0.06486113369,1
65,170,-0.3080784678,0.07677270472,1
73,10,0.002705128863,0.03440706059,1
73,18,-0.02643029764,0.02528419159,1
73,26,-0.06241716444,-0.0318713747,1
73,34,-0.1512928605,-0.06475137174,1
73,42,-0.03461040184,-0.01614897326,1
73,50,0.1475328654,0.01646908373,1
73,58,0.1663275063,0.06569413841,1
73,66,-0.002849929035,0.05650693923,1
73,74,0.00397369545,0.001541590318,1
73,82,-0.009593306109,0.04550817609,1
73,90,-0.00558654964,0.1234871,1
73,98,-0.03057273477,0.1858440489,1
73,106,-0.08296756446,0.1711118519,1
73,114,-0.03408080339,0.1649846137,1
73,122,0.03154347092,-0.0554817766,1
73,130,-0.001423083246,-0.09164807945,1
73,138,-0.04374029487,0.003073790111,1
73,146,-0.1198057458,0.04716227949,1
73,154,-0.09615310282,0.04166161269,1
73,162,-0.1348282695,-0.04958586022,1
73,170,-0.1696352065,-0.005851309747,1
81,10,0.05339637771,0.02442294918,1
81,18,0.07074137032,0.07788773626,1
81,26,0.07655682415,0.06764551252,1
81,34,-0.02491138503,-0.03239646927,1
81,42,-0.1843473315,-0.07708057761,1
81,50,-0.2032489479,0.07354944944,1
81,58,-0.04811596498,0.06071488187,1
81,66,-0.08007080853,-5.435571074e-05,1
81,74,-0.1292817593,-0.01833046786,1
81,82,-0.1625607759,0.08738724887,1
81,90,-0.09276477993,0.3098620176,1
81,98,-0.1578490585,0.1657013744,1
81,106,-0.2797233462,0.1679195762,1
81,114,-0.1366038918,0.2377652079,1
81,122,-0.0008972883224,0.1510055661,1
81,130,-0.02844084054,0.1141007617,1
81,138,-0.0871167779,0.02058186196,1
81,146,-0.095269382,0.0144348843,1
81,154,-0.06128008291,-0.0158582665,1
81,162,-0.0240450725,-0.06183962896,1
81,170,0.05579609424,0.1093778908,1
89,10,0.008019588888,-0.02396244556,1
89,18,-0.0002310038544,0.05123753101,1
89,26,0.1049135327,0.1057432294,1
89,34,0.04180239141,0.08009078354,1
89,42,0.02273369581,0.08398676664,1
89,50,-0.07068385184,0.01990331337,1
89,58,-0.05739185959,-0.0242716074,1
89,66,-0.09464196861,-0.1430190504,1
89,74,-0.1596817821,-0.1809639782,1
89,82,-0.1305426806,-0.2324315757,1
89,90,-0.09014969319,0.07241787016,1
89,98,-0.1849310249,-0.0422863774,1
89,106,-0.2836844623,-0.1461262703,1
89,114,-0.2531206608,0.0940207243,1
89,122,-0.2446419895,0.1078692153,1
89,130,-0.2285047174,0.197703138,1
89,138,-0.1585279703,0.007644511759,1
89,146,-0.03612007201,0.02092621103,1
89,154,0.0504784137,0.04093044624,1
89,162,0.1395938098,0.03297903389,1
89,170,0.2767783999,0.1955834031,1
97,10,-0.09858129174,-0.02254134417,1
97,18,0.02108997107,-0.05782531202,1
97,26,0.08124931902,-0.02279359847,1
97,34,0.0389241986,0.1792713106,1
97,42,0.06053363904,0.1523863971,1
97,50,0.06206943467,0.08953303099,1
97,58,-0.02985340357,-0.07618382573,1
97,66,-0.05255202949,-0.1805496216,1
97,74,-0.09914106131,-0.1704326123,1
97,82,-0.1400918663,-0.1726288795,1
97,90,-0.1310518086,-0.03015255183,1
97,98,-0.1435071677,-0.0357703045,1
97,106,-0.1745302081,-0.08081440628,1
97,114,-0.3017233312,0.03008300811,1
97,122,-0.2381036282,0.1303863674,1
97,130,-0.114919439,0.06460752338,1
97,138,0.02391579002,-0.06939778477,1
97,146,0.1428114176,-0.03272612393,1
97,154,0.09153090417,-0.04967887327,1
97,162,0.1064439267,-0.020149827,1
97,170,0.138232708,0.129366383,1
105,10,-0.06269319355,0.05278372765,1
105,18,0.08401976526,-0.09522490203,1
105,26,0.1453875601,-0.04414049163,1
105,34,-0.2257416546,0.08794076741,1
105,42,-0.09953172505,0.08852417022,1
105,50,0.02336687967,0.02803967521,1
105,58,-0.05241264403,-0.01736560278,1
105,66,-0.179240793,0.008347764611,1
105,74,-0.1248448938,-0.007554709911,1
105,82,-0.03536028415,0.01319670677,1
105,90,-0.1063237488,-0.05462760478,1
105,98,-0.1113047451,0.05999296531,1
105,106,-0.004200886935,0.1040284485,1
105,114,-0.07834062725,0.1404192448,1
105,122,-0.05250451714,0.1206677556,1
105,130,0.0741661191,0.03963798657,1
105,138,0.02124164626,-0.1102662534,1
105,146,0.03392212838,-0.0544507131,1
105,154,-0.03058551624,-0.1372862458,1
105,162,0.06895311922,-0.1269470751,1
105,170,0.1348714978,0.0735078156,1
113,10,0.06646659225,-0.001453589648,1
113,18,0.0533329919,0.02335577086,1
113,26,0.05341396853,0.04804236069,1
113,34,-0.12750642,0.01205669716,1
113,42,-0.1886670887,0.1057514623,1
113,50,0.07248076051,-0.08832971007,1
113,58,-0.09072529525,-0.1666399688,1
113,66,-0.1171222478,0.0310568586,1
113,74,-0.113489233,-0.07449952513,1
113,82,-0.1123197898,0.01993305981,1
113,90,-0.06283073127,0.01573310792,1
113,98,-0.07979822904,0.09261920303,1
113,106,0.09483195841,0.2502217591,1
113,114,0.03135768324,0.1773909628,1
113,122,-0.06249243021,-0.03482543305,1
113,130,0.2852315605,0.09019830823,1
113,138,-0.1094019413,-0.1168325394,1
113,146,-0.1921190321,0.05263555795,1
113,154,-0.1005777419,-0.101326488,1
113,162,0.1650007963,-0.1435855627,1
113,170,0.1452298909,0.08951564133,1
121,10,-0.1130355895,0.08393898606,1
121,18,-0.05292608589,0.01603669114,1
121,26,-0.004010764882,0.08486445993,1
121,34,0.03897384554,0.08351779729,1
121,42,-0.006351474673,0.07759986073,1
121,50,-0.08259639144,-0.05201002583,1
121,58,-0.1044775471,-0.184800595,1
121,66,-0.06694527715,-0.2167569697,1
121,74,-0.09668632597,-0.08250776678,1
121,82,-0.01364703476,0.1373662353,1
121,90,0.09018375725,0.1715249121,1
121,98,0.07829149067,0.1171082109,1
121,106,0.02974361181,0.2011469454,1
121,114,0.03640960157,0.1469551623,1
121,122,0.04349919409,0.09101505578,1
121,130,0.05351932347,0.1390261948,1
121,138,0.1733225584,-0.08046096563,1
121,146,0.1126743406,0.06840480864,1
121,154,-0.05769801512,0.02351659536,1
121,162,-0.03530811518,-0.1431850046,1
121,170,0.03205690905,0.003447478637,1
129,10,-0.1543110609,0.1007021964,1
129,18,-0.0951705575,0.001565635204,1
129,26,0.04648317769,-0.01737177931,1
129,34,0.1675157696,0.02546249703,1
129,42,0.1272533238,0.037053179,1
129,50,-0.0356272459,0.04957094789,1
129,58,-0.1660721451,-0.1059866399,1
129,66,-0.08181087673,-0.2547883391,1
129,74,0.03017164022,-0.1075132042,1
129,82,0.05184483156,0.0782649219,1
129,90,0.07943066955,0.2614501715,1
129,98,-0.02214029431,0.2165172249,1
129,106,-0.1747951061,0.0001822039485,1
129,114,-0.2395138294,-0.01276522875,1
129,122,-0.1512814015,0.01359171048,1
129,130,0.01149261929,0.1279442608,1
129,138,0.2756819725,-0.01325106062,1
129,146,0.3338563442,-0.1114963442,1
129,154,0.07374050468,-0.04046838358,1
129,162,-0.02774738893,-0.1054483205,1
129,170,-0.01422847807,-0.0325480327,1
137,10,-0.2420178652,0.06201718748,1
137,18,0.0712486133,0.03114695661,1
137,26,0.09446208179,-0.1035986468,1
137,34,0.1166559458,-0.01567888074,1
137,42,0.05873475969,0.1068405211,1
137,50,-0.1196834445,0.01076072827,1
137,58,-0.2384065837,-0.1203978062,1
137,66,-0.243484661,-0.267364502,1
137,74,0.04340175167,-0.1596567184,1
137,82,0.03091165796,0.07564026117,1
137,90,-0.06247094646,0.1189157665,1
137,98,-0.1023164243,0.1045171693,1
137,106,-0.08887162805,-0.03989099339,1
137,114,-0.1509842277,-0.01780613139,1
137,122,-0.1421706378,0.01242195442,1
137,130,0.01228087861,-0.04822258279,1
137,138,0.08887898922,-0.00535616558,1
137,146,0.207767874,-0.126880914,1
137,154,0.2302580625,-0.06499125808,1
137,162,0.07977481186,0.06031922251,1
137,170,-0.04437484965,0.09715841711,1
145,10,-0.1339897811,0.02561594546,1
145,18,-0.001215003431,0.02338251099,1
145,26,0.0301334057,-0.06610430777,1
145,34,0.01096703298,0.0506959334,1
145,42,-0.01866873167,0.09976922721,1
145,50,-0.007780298591,-0.1320312023,1
145,58,-0.08867315948,-0.143003583,1
145,66,-0.1360834837,-0.3020920157,1
145,74,0.08384097368,-0.1997567713,1
145,82,0.07823433727,0.1064419895,1
145,90,-0.00314373523,0.05702964216,1
145,98,-0.02573011629,0.006116308272,1
145,106,0.0174356252,0.04584540427,1
145,114,-0.0179794766,0.08110244572,1
145,122,-0.1055601984,0.04085930437,1
145,130,-0.08946476132,-0.02435040474,1
145,138,0.09319551289,-0.09899152815,1
145,146,0.2345297933,-0.06784504652,1
145,154,0.188956067,0.2649822533,1
145,162,0.08493537456,0.08279886097,1
145,170,0.02354117483,0.0188921392,1
153,10,0.1683406085,-0.151011467,1
153,18,0.08142115176,0.04382228106,1
153,26,-0.06425015628,-0.04558860883,1
153,34,-0.1335475743,0.2291223109,1
153,42,-0.05268281698,0.1683285832,1
153,50,0.09123894572,-0.1662065238,1
153,58,0.1168688387,-0.048986651,1
153,66,0.1776294857,-0.199302122,1
153,74,0.160454601,-0.1626625508,1
153,82,0.1427679062,-0.04168267921,1
153,90,0.0491944924,0.04930566996,1
153,98,0.03747358918,0.1459113061,1
153,106,0.02935007773,0.0946168676,1
153,114,-0.05016963184,0.07910074294,1
153,122,-0.03465603292,0.06512815505,1
153,130,-0.08261082321,0.0176724419,1
153,138,-0.04843064398,-0.03175414354,1
153,146,0.08350218832,-0.009180119261,1
153,154,-0.0231276229,-0.02208539471,1
153,162,0.05247813463,-0.04808995128,1
153,170,0.130934149,-0.07821193337,1
161,10,0.2489941865,-0.1316905171,1
161,18,0.03550816327,0.1783924848,1
161,26,-0.09182183444,0.03640833497,1
161,34,-0.1315936893,0.2526620626,1
161,42,-0.04889125004,0.1127242297,1
161,50,0.0693411082,-0.07686147839,1
161,58,0.1323126704,-0.02039188519,1
161,66,0.1313195229,-0.02553977817,1
161,74,0.07448074222,-0.04036064819,1
161,82,0.05211392045,-0.1658304632,1
161,90,0.09100103378,-0.01738466136,1
161,98,0.07359195501,0.07289765775,1
161,106,-0.1227752119,0.09466824681,1
161,114,-0.2140537798,0.1159524545,1
161,122,-0.1056356505,0.2280396223,1
161,130,-0.1154797375,0.06141022593,1
161,138,-0.2207532674,0.123510614,1
161,146,-0.1356916875,0.123767294,1
161,154,-0.1761559248,-0.03341869265,1
161,162,-0.1746551096,-0.07808956504,1
161,170,0.115946658,-0.0009200498462,1
169,10,-0.0936203301,0.1195901632,1
169,18,0.02754918486,0.04713326693,1
169,26,-0.06712836027,0.0258694347,1
169,34,-0.1004980579,0.03888029605,1
169,42,-0.06672917306,0.02785135806,1
169,50,0.02858783305,0.01950056851,1
169,58,0.1499785781,0.09351982921,1
169,66,0.05854304135,0.1208767816,1
169,74,-0.0892393291,0.04038663581,1
169,82,-0.00956030935,-0.1053446978,1
169,90,0.05084053427,-0.01597700268,1
169,98,0.005085758865,0.07743463665,1
169,106,-0.2489171922,0.03722766787,1
169,114,-0.2577038407,-0.02303192765,1
169,122,-0.2171981633,-0.0429732725,1
169,130,-0.1866761744,-0.04216009378,1
169,138,-0.07292611897,0.1139083058,1
169,146,-0.01170163229,0.0698774308,1
169,154,-0.1680841148,-0.005512028001,1
169,162,-0.315389365,-0.09696653485,1
169,170,-0.03458851203,-0.1016929224,1
177,10,-0.06796273589,0.03540468961,1
177,18,-0.02404044941,-0.1215701103,1
177,26,-0.1040442288,0.02014862001,1
177,34,-0.07038792968,0.04019459337,1
177,42,-0.02841614187,0.04744783044,1
177,50,-0.004204083234,0.108923018,1
177,58,0.07924645394,0.2106746733,1
177,66,0.02918512374,0.1647122353,1
177,74,-0.05327824503,0.09795092046,1
177,82,-0.009796444327,0.01471493393,1
177,90,-0.01759988815,0.006378516555,1
177,98,0.04576547444,0.1155060828,1
177,106,0.03605008125,0.02791179717,1
177,114,-0.06564360112,-0.08986695111,1
177,122,-0.1216564551,-0.2212920189,1
177,130,-0.1536313146,0.03683624789,1
177,138,-0.1400786042,0.1518954635,1
177,146,-0.04933256656,-0.02613413334,1
177,154,-0.05549874529,-0.1639699638,1
177,162,-0.01218996383,-0.04564475641,1
177,170,0.1033647656,-0.1297937632,1
185,10,-0.1370708793,-0.03924934566,1
185,18,-0.1402200162,0.04769111797,1
185,26,-0.09537340701,0.0390759334,1
185,34,-0.06770388782,0.0904089883,1
185,42,-0.07276837528,0.1133415401,1
185,50,-0.1443466246,0.1097729951,1
185,58,-0.158949852,0.0816674456,1
185,66,-0.0462288335,0.03564434499,1
185,74,0.2124737054,0.09932377934,1
185,82,0.06841151416,-0.009259395301,1
185,90,-0.2846462429,0.05316482112,1
185,98,-0.04548548162,-0.001939579844,1
185,106,0.1003432423,0.06486024708,1
185,114,-0.06716120243,0.02861251496,1
185,122,-0.04016201943,-0.04118975252,1
185,130,0.02876650356,0.08311589062,1
185,138,0.02077148482,0.1224159151,1
185,146,-0.04001166672,0.1575401276,1
185,154,-0.1571207643,-0.005470074713,1
185,162,-0.1036114991,-0.01702661999,1
185,170,0.08198990673,-0.07817678899,1
193,10,-0.1113366112,-0.1545529664,1
193,18,-0.07723564655,-0.003154898062,1
193,26,-0.09308581054,-0.003032967448,1
193,34,-0.1595872045,0.07179190218,1
193,42,-0.1539323926,0.08657626063,1
193,50,-0.08323591948,0.03406860307,1
193,58,-0.02102120966,-0.1706141979,1
193,66,-0.03259707242,0.06140168011,1
193,74,-0.007536701858,0.1230144426,1
193,82,-0.0565103218,0.01518433541,1
193,90,-0.1350320876,0.1395938247,1
193,98,0.1019588411,-0.03212027997,1
193,106,0.09587489069,-5.750078708e-05,1
193,114,-0.02942936309,0.08583083004,1
193,122,-0.08639467508,0.009965807199,1
193,130,-0.03495276347,0.05479077995,1
193,138,-0.008262358606,0.1286057681,1
193,146,-0.0003479495645,0.277097404,1
193,154,-0.05262189358,0.08909092844,1
193,162,-0.02610621788,-0.04651777074,1
193,170,0.1693651974,-0.01768627763,1
201,10,0.002819940448,-0.1067088246,1
201,18,0.1554024667,-0.1303326786,1
201,26,0.1169832423,0.02000890858,1
201,34,-0.003993213177,-0.02362541854,1
201,42,-0.09077303857,0.04058842734,1
201,50,0.00862634927,-0.01386101916,1
201,58,0.006560336798,0.08844497055,1
201,66,-0.1116991341,0.1378270984,1
201,74,-0.06085750833,0.1468661129,1
201,82,-0.05606922507,0.1232633367,1
201,90,-0.007762499154,0.1708135158,1
201,98,0.09592747688,0.06534802914,1
201,106,-0.03414127603,-0.04419242591,1
201,114,-0.07300199568,0.003074232489,1
201,122,-0.06467586756,-0.02897861414,1
201,130,0.02430819534,0.09815777838,1
201,138,-0.03679151833,0.08155722916,1
201,146,-0.08664636314,0.211831823,1
201,154,-0.121845074,0.1755373031,1
201,162,-0.04179124534,-0.008691670373,1
201,170,0.1318314523,0.01056613028,1
209,10,-0.05414749682,0.04070588946,1
209,18,0.01762196049,-0.0446152389,1
209,26,0.1015579402,0.1242052838,1
209,34,-0.03506923094,0.08488316834,1
209,42,-0.0687090978,0.02852115408,1
209,50,-0.03059426695,0.05074299872,1
209,58,-0.06147596985,0.04155482724,1
209,66,-0.1679743975,-0.06794415414,1
209,74,-0.0595366694,0.1025015861,1
209,82,0.0408981666,0.1115714088,1
209,90,0.000493708998,0.07896199822,1
209,98,-0.05801387876,0.04836912453,1
209,106,-0.17342031,0.02946718782,1
209,114,-0.1568716764,-0.09328044951,1
209,122,-0.02078997716,-0.08213476837,1
209,130,-0.020298969,0.01313857734,1
209,138,0.0241315309,0.08752223849,1
209,146,-0.08381328732,-0.03973364085,1
209,154,-0.2027187943,0.004212813452,1
209,162,-0.0783392489,0.1522639096,1
209,170,0.0748115629,0.06126283109,1
217,10,-0.151089251,0.1016512141,1
217,18,-0.08030546457,0.01504354551,1
217,26,-0.01484064385,0.02824443206,1
217,34,-0.04198431969,0.1467137635,1
217,42,-0.009087277576,0.08876103163,1
217,50,-0.01229105517,0.08913329244,1
217,58,-0.08107857406,0.06013790518,1
217,66,-0.1239071935,-0.06915594637,1
217,74,-0.05848941952,0.03441158682,1
217,82,-0.02792274952,0.1311015487,1
217,90,-0.07726398855,0.125548631,1
217,98,-0.03708205745,0.06216270477,1
217,106,-0.03674706072,0.1231900156,1
217,114,-0.1228794828,-0.05651497841,1
217,122,0.008138887584,-0.1550013274,1
217,130,-0.004182592034,-0.0337013714,1
217,138,0.01212629303,0.0469712317,1
217,146,0.008038416505,-0.1075836867,1
217,154,-0.1056787223,-0.1388730109,1
217,162,-0.02186766267,-0.04552695528,1
217,170,0.1133257151,0.0121754501,1
225,10,-0.2284697741,0.02873184532,1
225,18,-0.0728469342,-0.01005919278,1
225,26,-0.0581102781,-0.1026484594,1
225,34,-0.01879551262,0.1164337173,1
225,42,0.03348529339,0.1333654672,1
225,50,-0.05016323179,0.1336514652,1
225,58,-0.06368200481,0.04115833342,1
225,66,0.0398683846,-0.09651512653,1
225,74,-0.00209492445,-0.05315095931,1
225,82,-0.1068295166,0.09324325621,1
225,90,-0.05048061907,0.1634486914,1
225,98,-0.009015329182,0.02861633152,1
225,106,0.02288639173,0.0300568901,1
225,114,0.02515678853,-0.02848498151,1
225,122,-0.07862991095,-0.1824444979,1
225,130,-0.1288131773,-0.02962966263,1
225,138,0.01321349293,-0.08700758964,1
225,146,0.0576858148,-0.1866890192,1
225,154,-0.08913090825,-0.1063587964,1
225,162,3.74391675e-06,-0.0946880728,1
225,170,0.2418006659,-0.05822310969,1
233,10,-0.3037827015,-0.005121231079,1
233,18,-0.09057214111,0.009521008469,1
233,26,-0.02174287289,0.01585308462,1
233,34,0.1847826391,0.03725894913,1
233,42,0.2185498029,0.04459703714,1
233,50,-0.217862159,0.0600554049,1
233,58,-0.1796025634,-0.01618139632,1
233,66,-0.01817236841,-0.06816168875,1
233,74,-0.1360472143,-0.01883109286,1
233,82,-0.1213745922,0.1190255731,1
233,90,-0.1416036785,0.07506169379,1
233,98,-0.1654607356,-0.1126245186,1
233,106,-0.09603355825,0.05255774409,1
233,114,0.01653662324,0.08140964806,1
233,122,-0.09497505426,0.01484775916,1
233,130,-0.2820426822,0.008929036558,1
233,138,-0.1181956977,-0.05761903524,1
233,146,-0.04962611198,-0.2154067755,1
233,154,-0.1165917963,-0.05966800451,1
233,162,-0.02650971711,-0.005142249167,1
233,170,0.0137238726,0.07273759693,1
241,10,-0.3293952346,-0.005549654365,1
241,18,-0.04285944998,0.0602537021,1
241,26,0.07679055631,0.01081232913,1
241,34,-0.02920402959,-0.04558687657,1
241,42,0.1356624514,-0.01686089486,1
241,50,-0.02793906257,-0.0193874985,1
241,58,-0.2201524675,0.004638392478,1
241,66,-0.1642998308,0.07897561789,1
241,74,-0.1418126225,0.06643372774,1
241,82,-0.3433999419,0.05366395786,1
241,90,-0.2633116245,0.06884928793,1
241,98,-0.1459256411,-0.06951481849,1
241,106,-0.1630531847,0.02914270759,1
241,114,-0.06800974905,0.06201685593,1
241,122,-0.05765530467,0.134061873,1
241,130,-0.107262671,0.03535621613,1
241,138,-0.09032372385,-0.0700623095,1
241,146,-0.0264531374,-0.1091350615,1
241,154,0.01301024668,-0.06919492781,1
241,162,-0.05570641905,-0.0322432071,1
241,170,-0.148066774,0.0473337695,1
249,10,-0.1701705307,0.06615139544,1
249,18,-0.082878232,0.121474728,1
249,26,-0.003405291587,0.02642348036,1
249,34,-0.006587024778,-0.08791460097,1
249,42,0.0276188869,-0.001267009415,1
249,50,0.03966264054,0.06923698634,1
249,58,-0.1267225146,0.07950908691,1
249,66,-0.1998574734,0.1318122745,1
249,74,-0.1485336572,0.2251118124,1
249,82,-0.1701744199,-0.03279506415,1
249,90,-0.2233841121,-0.01602126844,1
249,98,-0.1049555987,-0.118721351,1
249,106,-0.115428403,-0.07552684844,1
249,114,-0.1522144377,-0.06560900062,1
249,122,-0.04676268995,0.04057411104,1
249,130,-0.2252795696,0.08033822477,1
249,138,-0.03963118047,-0.01887137629,1
249,146,0.1224948317,-0.05341663957,1
249,154,-0.0414304994,-0.05427888408,1
249,162,-0.08017677814,0.05413750187,1
249,170,-0.05032705143,-0.03204841539,1
257,10,-0.003278195858,0.1084541529,1
257,18,-0.01540355757,0.07941667736,1
257,26,-0.006254851818,-0.01683711261,1
257,34,0.03156608716,-0.03217926621,1
257,42,-0.0009268349968,0.07115038484,1
257,50,0.03490538895,0.08297671378,1
257,58,0.01286097616,0.06059483439,1
257,66,-0.04905278981,0.07775786519,1
257,74,-0.08339580894,0.2309343517,1
257,82,-0.1157368124,0.02549224347,1
257,90,-0.1832349747,-0.07271690667,1
257,98,-0.2166013867,-0.03058404475,1
257,106,-0.1543141752,-0.06098029763,1
257,114,-0.07376849651,-0.1213447005,1
257,122,-0.1184703484,0.04198558256,1
257,130,-0.1973285079,0.152682662,1
257,138,0.01782205701,0.1268676668,1
257,146,0.05492439866,0.1208412275,1
257,154,-0.06704661995,0.04019546136,1
257,162,-0.03046159819,0.08161058277,1
257,170,0.03916693479,0.09928236157,1
265,10,0.0131168291,0.07889270782,1
265,18,0.01257300563,-0.1013794094,1
265,26,-0.01846091822,-0.1064702794,1
265,34,-0.06987715513,0.009919070639,1
265,42,-0.1193417981,0.07786712795,1
265,50,-0.01995008625,0.06314402074,1
265,58,0.06643044204,0.1367406249,1
265,66,0.01133969426,0.1515498459,1
265,74,-0.100227356,0.1249052137,1
265,82,-0.1004365161,-0.06535319984,1
265,90,-0.1098524034,-0.05610994622,1
265,98,-0.2221846879,0.06628731638,1
265,106,-0.06305182725,-0.06813319772,1
265,114,-0.0001636967063,-0.1940687746,1
265,122,-0.00837566331,0.1013438255,1
265,130,-0.01791432127,-0.012304876,1
265,138,0.01796120778,0.05920019001,1
265,146,0.05094285309,0.02572171018,1
265,154,-0.02068011835,-0.0426652357,1
265,162,0.05349146202,-0.06223847717,1
265,170,0.1632028818,0.02743256837,1
273,10,0.008548974991,0.05502055958,1
273,18,0.007041502744,-0.05661985278,1
273,26,0.04608485848,-0.03669341654,1
273,34,-0.04496151209,-0.02334154025,1
273,42,-0.1104756594,0.1007169783,1
273,50,0.1376602352,0.2231710255,1
273,58,0.08530742675,0.1111692563,1
273,66,-0.1746675968,0.2042453587,1
273,74,-0.222543031,0.275627017,1
273,82,-0.1234014258,-0.07476830482,1
273,90,-0.04273581505,-0.03769011796,1
273,98,0.09118130803,0.01568289846,1
273,106,0.05518076569,-0.06215913966,1
273,114,0.04123426601,-0.0392835401,1
273,122,0.03247717395,0.1157734692,1
273,130,-0.053863585,-0.01602653787,1
273,138,-0.1526716352,-0.09446845949,1
273,146,-0.2145029455,-0.1795524508,1
273,154,-0.06190963835,-0.1354738474,1
273,162,0.0937698707,0.01464701165,1
273,170,0.2344897687,-0.007678516209,1
281,10,0.03533403948,0.002856731415,1
281,18,0.08671680093,0.07038383186,1
281,26,0.05029566586,0.07883680612,1
281,34,0.05667602643,0.08124798536,1
281,42,0.02835153043,0.1571141481,1
281,50,0.06188140064,0.05635274947,1
281,58,0.07063117623,0.04730790854,1
281,66,-0.05658214539,0.08511719108,1
281,74,-0.06826417893,0.3434817493,1
281,82,0.004612978548,0.2209256589,1
281,90,0.04966144264,0.1255352497,1
281,98,0.06025397778,0.09167572856,1
281,106,-0.01278737932,-0.01419488527,1
281,114,-0.03382976726,-0.03897897899,1
281,122,-0.04450491816,0.008022638969,1
281,130,-0.1212687045,-0.04545533657,1
281,138,-0.1061968505,-0.05588253587,1
281,146,-0.1039179713,-0.06437154114,1
281,154,-0.1728598475,0.006840035319,1
281,162,0.01949134469,0.1363458037,1
281,170,0.1459823847,0.09117151052,1
289,10,-0.006796754897,-0.02488388121,1
289,18,-0.01868477091,0.07986129075,1
289,26,0.03392742574,0.1106607318,1
289,34,0.08085092902,0.1655692756,1
289,42,0.01542167738,0.1411064863,1
289,50,-0.08044008911,0.03743156791,1
289,58,-0.1148920804,0.1277562976,1
289,66,-0.1396104246,0.03974302113,1
289,74,-0.1358649433,0.2364840209,1
289,82,-0.09307016432,0.2486034781,1
289,90,0.06829308718,0.2216066569,1
289,98,-0.08379008621,0.1009166837,1
289,106,-0.1799022257,-0.05819582194,1
289,114,-0.06656017154,-0.1597954631,1
289,122,-0.02739202231,-0.1040390879,1
289,130,-0.1072810963,0.009680580348,1
289,138,-0.2164428681,0.1003473252,1
289,146,-0.2872230411,0.1476897895,1
289,154,-0.1245118529,0.1302882135,1
289,162,0.10450048,0.152952224,1
289,170,0.2036940604,0.1072936654,1
297,10,-0.375305146,-0.04641691595,1
297,18,-0.3146857023,-0.004109397531,1
297,26,-0.02322089672,0.1900256276,1
297,34,-0.03842047602,0.2855842113,1
297,42,-0.1088403612,0.1624037623,1
297,50,-0.1180405393,0.07335998118,1
297,58,-0.1205897182,0.0288407281,1
297,66,-0.1847070754,-0.01881344616,1
297,74,-0.1446614116,0.1351587474,1
297,82,-0.1381258518,0.1034061387,1
297,90,-0.0831438601,-0.004887133837,1
297,98,-0.09226191044,-0.01185167581,1
297,106,-0.1542133987,-0.1149168536,1
297,114,-0.101132147,-0.1721095741,1
297,122,-0.04380124807,0.009152982384,1
297,130,0.008356742561,0.1698539853,1
297,138,-0.1657100618,0.1400241554,1
297,146,-0.1087871268,0.1557453126,1
297,154,0.05857265368,0.002415731549,1
297,162,-0.04658994451,0.06734335423,1
297,170,0.01976265386,0.08071062714,1
305,10,-0.2764020562,0.03026349843,1
305,18,-0.2709031999,0.09054626524,1
305,26,-0.06594631076,0.3094440699,1
305,34,-0.1496398002,0.2108803988,1
305,42,-0.1649516225,0.1379334182,1
305,50,-0.04878077656,0.07433688641,1
305,58,-0.021319516,0.00051176548,1
305,66,-0.08805480599,0.01955523714,1
305,74,-0.06674071401,0.1489593685,1
305,82,-0.08366294205,0.035900563,1
305,90,-0.05139169097,0.05784989148,1
305,98,-0.0825259611,-0.04178222269,1
305,106,-0.1686356068,-0.0991993174,1
305,114,-0.160552755,-0.05444116145,1
305,122,-0.1571433693,0.0967746377,1
305,130,0.003879383206,0.1337857991,1
305,138,0.01137040555,0.1682750583,1
305,146,0.001264370978,0.1596858799,1
305,154,0.06953984499,0.1035114899,1
305,162,0.001400582492,0.1088629961,1
305,170,0.0008039847016,0.1972269565,1
313,10,-0.09739769995,0.09487882257,1
313,18,-0.1015727222,0.1371638179,1
313,26,-0.0844341591,0.07531659305,1
313,34,-0.07893079519,0.04326416552,1
313,42,0.04526717961,0.04500874877,1
313,50,0.1255265325,0.1203449219,1
313,58,-0.1516167223,0.1067110524,1
313,66,-0.07262807339,0.06991012394,1
313,74,0.01593301073,0.1454725862,1
313,82,-0.05607207119,0.07664018124,1
313,90,-0.0869416818,0.02083987929,1
313,98,-0.09521943331,-0.07330158353,1
313,106,-0.08744093776,-0.0505396165,1
313,114,-0.04738054425,-0.07623122633,1
313,122,-0.1524501443,0.05135658756,1
313,130,-0.2514051497,0.1246731654,1
313,138,0.0378228724,0.230069831,1
313,146,0.07213874906,0.1509567052,1
313,154,0.08426652849,0.1568985134,1
313,162,0.07985177636,0.0994835943,1
313,170,0.04453488812,0.1398124248,1
321,10,-0.00543282181,0.01311010122,1
321,18,-0.01120270044,-0.007399074733,1
321,26,-0.1673704833,0.1534006596,1
321,34,-0.2379043847,0.1692887247,1
321,42,-0.215313077,0.09437170625,1
321,50,-0.1500847638,0.09338916838,1
321,58,0.01290922612,0.1313031018,1
321,66,0.05934682488,0.05570152402,1
321,74,0.06767813861,-0.02558501065,1
321,82,-0.01100900769,0.02720495686,1
321,90,-0.05976857245,0.05992573872,1
321,98,-0.1645898819,-0.03176482767,1
321,106,-0.1419689357,-0.02149093151,1
321,114,0.005743414164,-0.08062693477,1
321,122,-0.1161706001,-0.04958702624,1
321,130,-0.1556649506,0.07028567791,1
321,138,0.1469605118,0.03125200421,1
321,146,0.2351862788,0.02770592272,1
321,154,0.1379159689,-0.03469012305,1
321,162,0.02843858674,0.04672528431,1
321,170,0.04940630496,0.1088518202,1
329,10,-0.01237482578,-0.04302200302,1
329,18,-0.09543518722,0.06803648174,1
329,26,-0.1602363288,0.2405695617,1
329,34,-0.1580358744,0.188048929,1
329,42,-0.1119823158,0.171672821,1
329,50,0.09841449559,0.05619048327,1
329,58,0.09585520625,-0.05507332087,1
329,66,0.08268047869,-0.1791756153,1
329,74,0.2712688148,-0.1738697141,1
329,82,0.1485416591,-0.01409112476,1
329,90,-0.08276966959,0.06476159394,1
329,98,-0.1123481542,0.06052433327,1
329,106,-0.01311151683,-0.004526668228,1
329,114,-0.03646803647,-0.1470765173,1
329,122,-0.03011011332,-0.1211308017,1
329,130,-0.0365495868,-0.04406804219,1
329,138,-0.01975928247,0.01307300106,1
329,146,-0.2412378788,0.09212704003,1
329,154,-0.04343753308,-0.03659696132,1
329,162,0.1014565527,0.08527548611,1
329,170,0.06564620137,0.1693241894,1
337,10,-0.03050047532,-0.03193318099,1
337,18,-0.1266270578,0.1436764598,1
337,26,-0.1084295288,0.1320400983,1
337,34,-0.01879123598,-0.005410864949,1
337,42,-0.1149271131,0.1463812143,1
337,50,-0.08288607746,0.1137286723,1
337,58,0.0642522648,-0.07834789902,1
337,66,0.08190745115,-0.09440124035,1
337,74,0.1200469583,-0.09215144068,1
337,82,0.1525969654,-0.08811362088,1
337,90,0.1484190375,-0.04438931495,1
337,98,0.07396799326,0.044852525,1
337,106,-0.1120206863,-0.04964197427,1
337,114,-0.1257475019,-0.1880562305,1
337,122,0.03048460558,-0.1308172345,1
337,130,-0.008927671239,-0.02038959041,1
337,138,-0.1367062926,0.05676066875,1
337,146,-0.1680469066,0.1994574964,1
337,154,-0.1247124299,0.09218903631,1
337,162,-0.05930854753,0.07216867059,1
337,170,0.08756811917,-0.0249151513,1
345,10,-0.09659644216,0.01725520752,1
345,18,-0.5233696699,0.2123186439,1
345,26,-0.2275418341,0.07500912249,1
345,34,-0.06367831677,0.009331509471,1
345,42,-0.1092505753,0.02969275415,1
345,50,-0.08822778612,0.1499895751,1
345,58,-0.01683249325,0.03069947846,1
345,66,0.003503501415,0.0803976357,1
345,74,0.01083251089,0.002684788778,1
345,82,0.0707282871,-0.01510168333,1
345,90,0.2148896903,0.1709080935,1
345,98,0.05194657296,0.193816632,1
345,106,-0.1049982756,0.05321028084,1
345,114,0.01739771664,-0.06731751561,1
345,122,0.07566025853,-0.03646715358,1
345,130,-0.0268118605,-0.1456192136,1
345,138,-0.1059361249,-0.02122868598,1
345,146,-0.05581530929,0.1785527468,1
345,154,-0.01389271766,0.2008744031,1
345,162,-0.08604122698,0.05133038014,1
345,170,-0.004252374172,-0.2196815908,1
353,10,-0.08699861914,0.05560594797,1
353,18,-0.1535360217,0.1756325513,1
353,26,-0.1771989614,0.04333157837,1
353,34,-0.1509004831,0.04989394546,1
353,42,-0.2667971849,-0.05380357057,1
353,50,-0.3435266912,0.08524862677,1
353,58,-0.2121512741,-0.04139845446,1
353,66,0.0566489026,-0.08025832474,1
353,74,0.2135147154,0.01738712378,1
353,82,-0.02767060138,0.0922518447,1
353,90,-0.04307143018,0.2554855943,1
353,98,-0.05785894394,0.3442647755,1
353,106,-0.1279202402,0.1166703552,1
353,114,-0.01432733983,-0.01960542426,1
353,122,0.03791469336,-0.06502592564,1
353,130,-0.09873069823,-0.08480241895,1
353,138,-0.082318753,-0.04045841098,1
353,146,-0.007371202111,-0.04952418432,1
353,154,0.09336657822,0.1433065832,1
353,162,0.08227455616,0.1999106854,1
353,170,-0.04157710075,-0.05417700112,1
361,10,0.06587772071,0.0009669214487,1
361,18,0.005060687661,0.1001885161,1
361,26,-0.07469208539,-0.04304458946,1
361,34,-0.2138466686,0.05551056191,1
361,42,-0.3110987544,0.06771803647,1
361,50,-0.416305244,0.1299509257,1
361,58,-0.277674973,-0.04459214956,1
361,66,-0.05203607678,-0.1308391392,1
361,74,0.007090603001,0.06757487357,1
361,82,-0.02003673278,0.04180930555,1
361,90,0.06798821688,0.1783057451,1
361,98,0.1609425843,0.3175694346,1
361,106,-0.1081449464,0.1380894482,1
361,114,-0.05687041581,0.06638215482,1
361,122,-0.1806023121,0.02349720336,1
361,130,-0.2502700686,-0.02373243496,1
361,138,-0.1321999729,-0.01216431428,1
361,146,0.0006085205823,-0.07772132754,1
361,154,0.1860965788,0.01080079749,1
361,162,0.08165307343,0.1009355113,1
361,170,-0.06851255894,0.04638177156,1
369,10,0.008737720549,-0.02287724614,1
369,18,-0.06493863463,0.1352642328,1
369,26,-0.05562845618,0.09653889388,1
369,34,-0.1619275659,0.3175218999,1
369,42,-0.3498782218,0.06137372926,1
369,50,-0.2925692499,0.1015564278,1
369,58,-0.1074253768,0.145909518,1
369,66,-0.05170867965,0.01277872175,1
369,74,-0.1515694261,0.06264543533,1
369,82,-0.1204441115,0.05130883306,1
369,90,0.08321838081,0.1625152975,1
369,98,0.03782530874,0.3004338443,1
369,106,-0.03011496365,0.4930876493,1
369,114,0.0776854679,0.09617802501,1
369,122,-0.1416381001,0.1083472073,1
369,130,-0.1409157366,-0.01155607961,1
369,138,-0.108876124,-0.03707842901,1
369,146,-0.008714046329,0.01674199104,1
369,154,0.04977004603,0.03410601243,1
369,162,-0.02073187009,-0.01810863614,1
369,170,-0.1157553643,-0.02345282212,1
377,10,0.03651162237,0.1129665375,1
377,18,-0.0500597991,0.08505144715,1
377,26,-0.02191895247,0.1388014257,1
377,34,-0.136441797,0.04152468592,1
377,42,-0.1892389655,-0.1550791562,1
377,50,-0.0613656342,0.005233410746,1
377,58,0.001351892948,0.3629543185,1
377,66,-0.05514268577,0.2110382318,1
377,74,-0.1408481002,0.1031022891,1
377,82,-0.09265114367,0.0211333707,1
377,90,-0.03142475337,-0.07047495991,1
377,98,-0.114328742,0.1741707325,1
377,106,-0.07660336047,0.2504724562,1
377,114,0.03886784613,-0.1715178341,1
377,122,-0.1719897091,0.08903543651,1
377,130,-0.1147743016,0.06619460136,1
377,138,0.02855759487,0.03935302794,1
377,146,0.04368302226,-0.09186919779,1
377,154,-0.04953283444,0.1577053964,1
377,162,0.05700611323,0.02910988405,1
377,170,0.1161457598,-0.06046857685,1
385,10,-0.03665165976,-0.01567287743,1
385,18,0.03357410431,0.135488525,1
385,26,0.289667666,0.145030722,1
385,34,-0.09363046288,-0.1288924217,1
385,42,-0.2263316512,-0.2029276639,1
385,50,-0.02813778818,0.08096845448,1
385,58,0.09496083856,0.3764305711,1
385,66,-0.04067940265,0.2252540439,1
385,74,-0.08524636924,0.1489728987,1
385,82,-0.01341068372,-0.02288047597,1
385,90,-0.03301548958,0.07702440768,1
385,98,-0.1175667495,0.2523801923,1
385,106,-0.1291204095,0.2666559517,1
385,114,-0.1615772545,0.1495365947,1
385,122,-0.2023610771,0.100342989,1
385,130,-0.09153142571,0.07773312181,1
385,138,-0.0126268398,0.1556498259,1
385,146,0.02799325809,0.1397931129,1
385,154,0.009504307061,0.2424844652,1
385,162,0.03577753156,0.06480494887,1
385,170,0.09313233197,-0.08615829051,1
393,10,-0.1436604112,-0.1502320915,1
393,18,-0.02697304636,0.03018089011,1
393,26,0.1623799205,0.1171875671,1
393,34,-0.1227997094,-0.05451845378,1
393,42,-0.1979234219,-0.1939361691,1
393,50,-0.1667632461,0.01878406107,1
393,58,0.01292704791,0.08414885402,1
393,66,0.003443442285,-0.01715134084,1
393,74,0.0004791691899,0.02509059198,1
393,82,0.05531547964,-0.04708977044,1
393,90,0.02797657251,0.0873445496,1
393,98,-0.04386235774,0.1795234978,1
393,106,-0.06714107096,0.1972004771,1
393,114,-0.04042065144,0.1748553813,1
393,122,0.07845968008,0.07566268742,1
393,130,0.1344456375,0.07696329802,1
393,138,0.07786655426,0.1226041839,1
393,146,0.1081288159,0.3128193319,1
393,154,-0.1314248443,0.2097509205,1
393,162,-0.162044391,-0.1564564556,1
393,170,-0.0003669019789,-0.2216235697,1
401,10,-0.1373547912,-0.1232418269,1
401,18,-0.194492653,-0.0790464431,1
401,26,-0.2399093211,0.14234972,1
401,34,-0.1507749408,0.0509930104,1
401,42,-0.1152634174,-0.01946371049,1
401,50,-0.1182672158,-0.03486903384,1
401,58,-0.03704589233,-0.05861611292,1
401,66,0.02011542767,-0.01679334044,1
401,74,0.014146626,-0.1550442278,1
401,82,-0.04873836786,-0.07245871425,1
401,90,0.04352287576,-0.002821500413,1
401,98,0.0710311681,0.02629107237,1
401,106,-0.05256990343,-0.04487812519,1
401,114,-0.113246046,-0.01586459205,1
401,122,-0.1468777955,0.06724975258,1
401,130,-0.0759473145,0.1145503521,1
401,138,-0.05893635377,0.05004671961,1
401,146,-0.09641212225,0.1398424208,1
401,154,-0.1589735001,-0.03196880594,1
401,162,-0.1452493519,-0.1022328436,1
401,170,-0.03590173647,-0.1422485709,1
409,10,-0.211985603,-0.0451545231,1
409,18,-0.4839659631,-0.04372252151,1
409,26,-0.3590562344,0.03789103031,1
409,34,-0.2777633071,0.1335571855,1
409,42,-0.2676913142,0.1752854586,1
409,50,-0.2919282317,0.04102063179,1
409,58,-0.1653858274,0.06045101583,1
409,66,-0.07658819109,0.1000707969,1
409,74,-0.3173767924,-0.06310265511,1
409,82,-0.04308525845,0.04775689542,1
409,90,0.1012983695,0.03062389791,1
409,98,0.1325550824,-0.02027560398,1
409,106,0.114108175,-0.1927976459,1
409,114,0.007498182356,-0.06629513204,1
409,122,-0.0566419214,0.08323669434,1
409,130,-0.09309767187,0.15992935,1
409,138,-0.1149889082,0.03997742757,1
409,146,-0.1204101294,0.08044648916,1
409,154,-0.1564299315,0.0376766324,1
409,162,-0.1025859863,-0.02087207139,1
409,170,-0.04547099397,0.02928829938,1
417,10,-0.0656440556,0.2589330673,1
417,18,-0.2522388101,-0.005134124309,1
417,26,-0.2825746238,-0.06993570179,1
417,34,-0.36455971,0.23534742,1
417,42,-0.4350223541,0.1394141614,1
417,50,-0.3073022962,0.2678304017,1
417,58,-0.1393199414,0.201589033,1
417,66,-0.0315181762,0.163271904,1
417,74,-0.08268213272,0.2281812578,1
417,82,-0.04908493534,0.2886866033,1
417,90,0.1555007845,0.1592788547,1
417,98,0.1709007621,0.06252495944,1
417,106,0.07467376441,-0.01155988872,1
417,114,0.09534903616,0.05645620078,1
417,122,-0.03333524615,0.1021291986,1
417,130,-0.1978780627,-0.01770860702,1
417,138,-0.2658517659,-0.07550022751,1
417,146,-0.269839257,0.02614998072,1
417,154,-0.1861626208,0.04554496706,1
417,162,-0.169911176,0.01613305509,1
417,170,-0.05786344036,0.3635393083,1
