PIVlab, ASCII chart output - 02-Aug-2025
FRAME: 45, filenames: A:[45]FullStack_Pos0035_TgUtrmcherry_K4K8MO-1.avi & B:[46]FullStack_Pos0035_TgUtrmcherry_K4K8MO-1.avi, conversion factor xy (px -> m): 1, conversion factor uv (px/frame -> m/s): 1
x [px],y [px],u [px/frame],v [px/frame],Vector type [-]
9,10,-0.2602803111,0.3462929726,1
9,18,-0.07567206025,-0.0163413547,1
9,26,0.1003336906,0.005301102996,1
9,34,-0.0001813471317,0.0377240628,1
9,42,-0.1572443694,-0.1511170566,1
9,50,-0.02068669721,-0.224183321,1
9,58,0.1154794395,-0.1215230823,1
9,66,0.1752646565,-0.1016024053,1
9,74,0.2223214209,-0.1132068634,1
9,82,0.0993212685,-0.1199464798,1
9,90,-0.1327186525,-0.230155617,1
9,98,-0.08182305098,-0.08427964151,1
9,106,-0.1277020574,0.2329506874,1
9,114,-0.1841749698,0.1234236807,1
9,122,-0.02185812965,-0.1188096181,1
9,130,0.02088190056,-0.3012751043,1
9,138,-0.05926055461,-0.2501968145,1
9,146,-0.1357805282,-0.1460306346,1
9,154,-0.1213651597,0.05560408533,1
9,162,0.1418539882,-0.02900210768,1
9,170,0.4094720185,0.06156277657,1
17,10,0.05391733348,0.2695789337,1
17,18,0.04513652623,0.1832721233,1
17,26,0.01076775789,0.07361580431,1
17,34,0.01224970073,0.1439960748,1
17,42,0.01713846996,0.06218878925,1
17,50,-0.04168252647,-0.0225610137,1
17,58,0.06794974208,-0.1088262647,1
17,66,0.1447074264,-0.0934862569,1
17,74,0.1000205502,-0.08180119097,1
17,82,0.07821897417,0.002876080573,1
17,90,-0.05061584711,-0.07581412792,1
17,98,-0.1215607226,-0.02755211294,1
17,106,-0.2016533464,0.1821734905,1
17,114,-0.2175015062,0.1380330175,1
17,122,-0.08799409121,0.01939152181,1
17,130,-0.07893209904,-0.03878073394,1
17,138,-0.1329069436,-0.04008066282,1
17,146,-0.0986982286,-0.1062249541,1
17,154,-0.02357421815,0.006139472127,1
17,162,0.08799194545,0.03912785649,1
17,170,0.1421802342,0.2063510567,1
25,10,0.09052751213,0.07909752429,1
25,18,-0.03539837897,0.1707601696,1
25,26,0.04742626101,0.1344354153,1
25,34,0.05281526968,0.1465385854,1
25,42,0.092619434,0.02931127697,1
25,50,0.03417791426,0.06829296052,1
25,58,-0.06685339659,-0.06892886013,1
25,66,-0.04053837433,0.05825839937,1
25,74,0.03763268143,-0.01439034566,1
25,82,0.1006068885,-0.04664351791,1
25,90,-0.003215055913,0.02986669354,1
25,98,-0.1097069979,0.06163275987,1
25,106,-0.1375035942,0.1283083856,1
25,114,-0.05761278421,0.08608347178,1
25,122,-0.05467953533,0.1175857037,1
25,130,0.007783455774,0.2037232816,1
25,138,0.07428251207,0.05627674237,1
25,146,-0.06602405012,0.03274583071,1
25,154,-0.02270369977,0.1456018388,1
25,162,0.1593151689,0.2591036558,1
25,170,0.05432111025,0.2959217429,1
33,10,0.01728367805,-0.01922173798,1
33,18,0.0116070956,0.1362148225,1
33,26,0.0471110642,0.07434874028,1
33,34,0.06825852394,0.001026332378,1
33,42,0.09043814987,-0.009852658957,1
33,50,0.01119972952,0.07435074449,1
33,58,-0.04181731492,-0.09027080238,1
33,66,-0.0003590844572,-0.02763635665,1
33,74,0.03236782923,0.07075367868,1
33,82,0.08989345282,0.002500317991,1
33,90,0.0431929566,0.0285070166,1
33,98,-0.02548084408,0.06577126682,1
33,106,-0.05098672211,0.1525503397,1
33,114,-0.06098164618,0.1380413622,1
33,122,-0.05068736151,0.09792215377,1
33,130,0.01027112454,0.1212601513,1
33,138,0.04184240848,0.0575581193,1
33,146,0.005301441997,0.1447637975,1
33,154,0.08571925759,0.2829857767,1
33,162,0.1116843969,0.2607909441,1
33,170,-0.03036754951,0.2414161414,1
41,10,0.1978250146,0.07922756672,1
41,18,0.2615292668,0.1421302557,1
41,26,0.1344953924,-0.02255047113,1
41,34,0.0270120427,-0.1992030144,1
41,42,-0.03199900687,0.05433723703,1
41,50,-0.009283441119,0.01818367094,1
41,58,0.0693212375,-0.08727317303,1
41,66,0.08174031228,-0.1130145863,1
41,74,0.0494364351,0.1066842824,1
41,82,0.1519507766,-0.02477560192,1
41,90,0.2059737146,0.02301242016,1
41,98,0.05221692845,0.02219061553,1
41,106,0.03310192376,0.1508860588,1
41,114,0.009118820541,0.127525717,1
41,122,-0.03666246682,0.07429779321,1
41,130,-0.07076314092,0.1481098533,1
41,138,-0.09139855206,0.09977098554,1
41,146,-0.04299157858,0.1169317961,1
41,154,-0.01126662269,0.1710143387,1
41,162,0.00460646674,0.1475174427,1
41,170,-0.01113705896,0.1197298691,1
49,10,0.03673951328,0.1609242857,1
49,18,0.12108621,0.08489352465,1
49,26,0.07335829735,-0.02101528645,1
49,34,-0.02448196709,-0.3018251657,1
49,42,-0.1171742529,-0.23947981,1
49,50,-0.1010707021,-0.07699605078,1
49,58,-0.004801558331,-0.008264961652,1
49,66,0.03650560975,-0.07175228,1
49,74,0.05046883225,0.05136102811,1
49,82,0.1204980314,0.003039425239,1
49,90,0.1115621626,0.03623514995,1
49,98,0.02296204492,-0.004515463486,1
49,106,0.07382795215,-0.02170579135,1
49,114,0.1546494812,-0.0006231293082,1
49,122,0.1516615748,0.03884438798,1
49,130,0.0204096362,0.1838053167,1
49,138,0.007518302649,0.02935110778,1
49,146,0.0006152428687,-0.0279012993,1
49,154,0.07917647809,0.1053087413,1
49,162,0.2633909583,0.08956649899,1
49,170,0.1418604553,0.005766317248,1
57,10,-0.145469144,0.1930186898,1
57,18,-0.1273693293,0.09315279126,1
57,26,-0.08216066658,-0.08376257122,1
57,34,-0.03764760867,-0.1536819637,1
57,42,-0.01504948922,-0.07800099999,1
57,50,-0.09012532234,0.1141595319,1
57,58,-0.1006213427,0.067334041,1
57,66,0.006962084211,-0.1690141559,1
57,74,0.03333238512,-0.09528017789,1
57,82,-0.01181039866,0.06132933125,1
57,90,-0.07033140957,0.0960079506,1
57,98,-0.02242972329,-0.09602211416,1
57,106,0.1487180293,-0.1580862403,1
57,114,0.1818725765,-0.03016317636,1
57,122,0.177624464,-0.09755917639,1
57,130,0.08430143446,0.05529136583,1
57,138,0.05569183826,-0.0471791625,1
57,146,0.05044937879,-0.01545325667,1
57,154,0.03671144694,0.09457715601,1
57,162,0.1078614816,-0.07230100781,1
57,170,0.1602547616,-0.06363026798,1
65,10,-0.1157403961,0.1808484793,1
65,18,-0.04637365788,0.02991949208,1
65,26,-0.1245536655,-0.2030383945,1
65,34,0.05768586695,-0.1708493084,1
65,42,0.04628694803,-0.0772350058,1
65,50,-0.1045429707,0.1154978126,1
65,58,-0.09577816725,0.1289242804,1
65,66,-0.04665260762,-0.04059125856,1
65,74,-0.03791025281,-0.1469203681,1
65,82,-0.07020951062,-0.009998275898,1
65,90,-0.1079354584,0.07388398051,1
65,98,-0.09133604169,-0.1419090778,1
65,106,0.03294758126,-0.07979179174,1
65,114,0.1131534949,0.08929239959,1
65,122,0.1496607214,0.06231202185,1
65,130,0.1333698034,0.07527637482,1
65,138,0.1137859225,0.07284627855,1
65,146,0.07039988786,0.008712664247,1
65,154,0.1383947134,0.02566545829,1
65,162,0.1727258116,-0.04969992861,1
65,170,0.1913305223,-0.03368762881,1
73,10,-0.09226276726,0.1128430963,1
73,18,0.09843924642,-0.04369916394,1
73,26,0.09684373438,-0.05003624037,1
73,34,0.0516314581,-0.003253042698,1
73,42,0.06861650199,-0.006143178791,1
73,50,-0.1176515371,0.03555652127,1
73,58,-0.07264862955,0.1109864935,1
73,66,-0.1678166687,0.1267698705,1
73,74,-0.2186452746,-0.02075036243,1
73,82,0.05235262215,-0.1258747876,1
73,90,0.07307058573,-0.1761816889,1
73,98,-0.05788221955,-0.1659660339,1
73,106,-0.006614081562,-0.03456830978,1
73,114,0.03093023598,0.1362692118,1
73,122,0.09802726656,0.199187398,1
73,130,0.1715517491,0.2053363919,1
73,138,0.08739110827,0.2660385668,1
73,146,-0.01913646981,0.04532613978,1
73,154,0.1045511514,-0.007802844048,1
73,162,0.3189920783,0.04863730818,1
73,170,0.1945050657,0.09029564261,1
81,10,0.04251758754,0.0152926892,1
81,18,0.1708730459,-0.05415946245,1
81,26,0.04052671418,0.1029477417,1
81,34,-0.116029501,0.2507677078,1
81,42,-0.01287125796,0.09007643908,1
81,50,-0.0146917738,0.08937974274,1
81,58,-0.06494668126,0.1278285235,1
81,66,-0.1855527014,0.02530340478,1
81,74,-0.1006586701,0.003721475601,1
81,82,0.1387131214,-0.05439588428,1
81,90,0.07873569429,-0.1331895441,1
81,98,-0.03469326347,-0.05416986346,1
81,106,-0.005269654095,-0.006248258054,1
81,114,0.04282343388,0.1050720066,1
81,122,0.121061869,0.1184428558,1
81,130,0.06901402026,0.1653085351,1
81,138,0.03614601493,0.2072113752,1
81,146,-0.003322735429,0.06282026321,1
81,154,-0.03141361475,0.05791869015,1
81,162,-0.003582455218,0.1804089993,1
81,170,0.06389339268,0.1874434799,1
89,10,0.1350724101,0.0007557943463,1
89,18,0.1892879754,-0.03264576197,1
89,26,-0.05958589911,0.0963178575,1
89,34,-0.02773288637,0.1311926991,1
89,42,0.07920222729,0.0098054111,1
89,50,0.06951355934,0.1452214867,1
89,58,-0.0006008613855,0.1917250752,1
89,66,-0.01688860171,-0.1012920663,1
89,74,0.08637429029,-0.04734918848,1
89,82,0.1592225432,0.0429341197,1
89,90,0.1438828409,0.1059195697,1
89,98,0.1052096412,0.1482223868,1
89,106,0.1574491262,0.1859402359,1
89,114,0.1077243909,0.1522793323,1
89,122,0.02260104567,0.09841059148,1
89,130,0.03224465251,0.1300922483,1
89,138,0.07681022584,0.1236240268,1
89,146,0.01520780846,0.05704400688,1
89,154,-0.01618184894,0.07046212256,1
89,162,0.03997575864,0.214642331,1
89,170,0.05780475587,0.1314064115,1
97,10,0.07423747331,0.07716976106,1
97,18,0.001349110156,-0.0427474454,1
97,26,-0.01454240084,-0.1154079735,1
97,34,0.01905302703,-0.1316055208,1
97,42,0.02771091834,-0.0092558451,1
97,50,-0.09286986291,0.1604636014,1
97,58,-0.1683585197,0.06024561822,1
97,66,-0.07934311032,-0.1154400632,1
97,74,0.0464015156,-0.03377055004,1
97,82,0.2385831028,-0.01911874861,1
97,90,0.2228998244,0.1368452162,1
97,98,0.06959336251,0.2233879119,1
97,106,0.03191069514,0.1539285183,1
97,114,-0.03198510408,0.06005611271,1
97,122,-0.01427998394,0.1074943021,1
97,130,0.08545201272,0.079734914,1
97,138,0.05623359233,0.05454037338,1
97,146,0.1093745083,0.08796307445,1
97,154,0.1029385328,0.1472298056,1
97,162,-0.03679899871,0.05033544451,1
97,170,-0.05357236788,0.012782529,1
105,10,0.02833135799,0.01066067442,1
105,18,-0.03979690373,-0.09443733841,1
105,26,-0.1232671812,-0.03637329862,1
105,34,-0.1530733109,-0.02587455697,1
105,42,-0.09275047481,0.01781062782,1
105,50,-0.104467921,0.1813372672,1
105,58,-0.1447239816,0.1627039611,1
105,66,-0.02516182885,-0.051917959,1
105,74,0.104068622,-0.07005397975,1
105,82,0.1030908972,0.03871043772,1
105,90,0.1301475167,0.04409076273,1
105,98,-0.02244280279,0.1157109365,1
105,106,-0.08792022616,0.0418266952,1
105,114,-0.1101212949,0.009167034179,1
105,122,-0.1330800802,0.06133608893,1
105,130,-0.007952472195,-0.05048296601,1
105,138,0.0002691633999,0.02956887335,1
105,146,0.03424498439,0.07583797723,1
105,154,0.05419214815,0.1569927186,1
105,162,-0.008274771273,0.0358762145,1
105,170,-0.08981113136,0.003399183974,1
113,10,-0.01953127235,-0.06777143478,1
113,18,-0.09767458588,-0.04173515737,1
113,26,-0.1236249954,0.07023639232,1
113,34,-0.1027331948,0.09017140418,1
113,42,-0.08786670119,0.04716366529,1
113,50,-0.1028021425,0.1057153568,1
113,58,-0.09717178345,0.1839590371,1
113,66,0.04486860335,0.1011359096,1
113,74,0.1498257518,-0.02182043716,1
113,82,0.09347673506,0.07264403999,1
113,90,0.08684544265,-0.00387955457,1
113,98,0.07114456594,0.007343303412,1
113,106,0.09704301506,0.03093659878,1
113,114,0.2001477629,-0.04711520299,1
113,122,0.1091906428,-0.1322648823,1
113,130,0.1210616976,-0.009412139654,1
113,138,0.05824016035,-0.01427876204,1
113,146,0.004859674722,-0.005742199719,1
113,154,0.1327367574,0.08969688416,1
113,162,0.02579060569,-0.01790174842,1
113,170,-0.1165629253,-0.09360936284,1
121,10,-0.1109796092,-0.05277096108,1
121,18,-0.1903549433,0.04237290844,1
121,26,-0.06489380449,0.154149875,1
121,34,-0.1070599779,0.238032043,1
121,42,-0.188126117,0.1095626354,1
121,50,-0.06220695376,0.1141244471,1
121,58,-0.08402395993,0.1516561061,1
121,66,-0.02309388667,0.1144704595,1
121,74,0.07344330847,0.02534043603,1
121,82,0.009737551212,0.02118457854,1
121,90,0.03144398332,-0.02839625441,1
121,98,0.06255743653,0.01472571492,1
121,106,0.0105278641,0.06368488818,1
121,114,-0.0516369231,-0.05485543236,1
121,122,-0.09297307581,-0.06738791615,1
121,130,0.03501108661,0.0383274667,1
121,138,0.04159525409,-0.08509969711,1
121,146,0.06376926601,-0.04952959344,1
121,154,0.05711087212,0.01574519835,1
121,162,-0.06968386471,-0.06120094657,1
121,170,-0.1426352859,-0.14810206,1
129,10,0.04197196662,-0.04875517264,1
129,18,-0.01661564037,0.09650886804,1
129,26,-0.0867202282,0.1581432968,1
129,34,-0.167259872,0.2042860389,1
129,42,-0.03291044757,0.05984316766,1
129,50,0.1121744886,0.0307360366,1
129,58,-0.01155025885,0.09057220817,1
129,66,0.05416353419,0.02133185416,1
129,74,0.1198417023,-0.05326713622,1
129,82,0.05289666355,0.0682554096,1
129,90,0.01839187369,-0.04044142738,1
129,98,0.02270329744,0.08074799925,1
129,106,0.02921487764,0.07932002842,1
129,114,-0.133165881,0.1218586415,1
129,122,-0.151802972,0.1563243121,1
129,130,0.07330838591,0.07503991574,1
129,138,0.06343715638,-0.08249941468,1
129,146,0.01955875754,-0.008454211056,1
129,154,-0.03384124488,-0.04517314211,1
129,162,-0.1299440712,-0.01853583939,1
129,170,-0.07052282989,0.03457950056,1
137,10,0.3158119023,0.04923998937,1
137,18,0.06149057299,0.1475315988,1
137,26,-0.1499828994,0.1192769632,1
137,34,-0.1397487819,0.08293657005,1
137,42,-0.07001657784,0.02022733539,1
137,50,0.04098714143,0.05829960853,1
137,58,0.06819915026,0.0582999438,1
137,66,0.06547295302,0.05659370869,1
137,74,0.09355857223,0.01333351806,1
137,82,0.1174279675,0.06638357043,1
137,90,0.09438553452,0.01929638535,1
137,98,0.1093949676,0.1109471172,1
137,106,0.1258161366,0.03935783356,1
137,114,0.07512661815,0.01419760287,1
137,122,0.08975788951,0.09959055483,1
137,130,0.03590574861,0.1343072653,1
137,138,0.03743000329,0.06264542043,1
137,146,-0.02333667502,0.03111128509,1
137,154,-0.07918531448,0.01555113494,1
137,162,-0.06747028232,0.05630727112,1
137,170,0.01669096202,0.1082718447,1
145,10,0.314265728,0.1536421776,1
145,18,0.1678909659,0.1220791936,1
145,26,-0.001982657239,0.01485375315,1
145,34,-0.07100328803,0.01726414263,1
145,42,-0.04719857872,0.1279164106,1
145,50,0.01677664369,0.1808791608,1
145,58,0.05392476171,0.2073599696,1
145,66,0.03764697164,0.2206409276,1
145,74,0.02745255455,0.09722034633,1
145,82,0.1287247837,-0.01364705712,1
145,90,0.1045577973,-0.03855156898,1
145,98,0.1010729223,0.01616209,1
145,106,0.03174317628,0.07005458325,1
145,114,0.07872836292,0.07146288455,1
145,122,0.2077557147,0.1447633356,1
145,130,0.03318110108,0.1402314156,1
145,138,0.03369025141,0.1034976915,1
145,146,0.01279553771,-0.01310057193,1
145,154,-0.06602454185,0.1138819307,1
145,162,-0.08127148449,0.07481919974,1
145,170,0.1649759114,-0.07877606153,1
153,10,0.07344187796,0.2069046199,1
153,18,0.05333971977,0.08340153098,1
153,26,0.1055151969,-0.05451713502,1
153,34,-0.0250142701,-0.06814923882,1
153,42,-0.01369385421,0.006958700716,1
153,50,0.03623776138,0.05414823815,1
153,58,0.1245996356,0.2475552261,1
153,66,0.1068202928,0.218312189,1
153,74,-0.06879086792,0.1357375681,1
153,82,-0.1075449586,0.08261232823,1
153,90,-0.07956663519,-0.01528362185,1
153,98,-0.03690374643,0.02390589565,1
153,106,-0.1118086576,0.1891329885,1
153,114,0.0893279314,0.1218195558,1
153,122,0.2651883364,0.1062417626,1
153,130,0.1689477563,0.06006518751,1
153,138,0.1037355363,-0.08706325293,1
153,146,0.08717944473,0.007546827197,1
153,154,0.07287228107,0.1060486138,1
153,162,0.03363291919,0.0127562806,1
153,170,0.1368746161,-0.1427844465,1
161,10,0.01360858977,0.2256040275,1
161,18,0.03761209548,0.1070935354,1
161,26,0.07451714575,0.01930589601,1
161,34,0.04686472565,-0.04054995626,1
161,42,0.004574298859,-0.07027831674,1
161,50,0.1037359536,0.001722086221,1
161,58,0.3460432291,0.1141490042,1
161,66,0.1801395416,0.1666217744,1
161,74,-0.06247073039,0.07719822973,1
161,82,-0.001443904825,0.05140157044,1
161,90,0.02154636569,0.1402180493,1
161,98,0.07328243554,0.03648904711,1
161,106,0.1410005838,0.1627792716,1
161,114,0.2225116342,0.1626071185,1
161,122,0.3291501403,0.03928603977,1
161,130,0.1802549064,-0.00964140147,1
161,138,0.1371458322,-0.08751443028,1
161,146,0.0919335559,0.01803342625,1
161,154,0.003008688102,0.07249865681,1
161,162,0.0271384865,0.04514742643,1
161,170,0.1521878242,0.04159940779,1
169,10,0.05789665878,0.1923073828,1
169,18,0.04138092324,0.1377882659,1
169,26,-0.08770462871,0.04379742593,1
169,34,-0.112692669,-0.03861118481,1
169,42,0.06254155189,-0.01018585265,1
169,50,0.1954034567,0.03086401522,1
169,58,0.2529891431,0.002878054976,1
169,66,0.1474367976,0.05727566779,1
169,74,0.03249977529,0.07576602697,1
169,82,0.01993241534,-0.02797115594,1
169,90,0.01114595681,0.04582479596,1
169,98,0.1002465114,-0.003584258258,1
169,106,0.2915759981,0.1329611391,1
169,114,0.2553815246,0.1774502248,1
169,122,0.08856724203,0.02646956407,1
169,130,0.03320623934,-0.0511286743,1
169,138,-0.03302270174,-0.04838557169,1
169,146,-0.04744723067,-0.01993209496,1
169,154,-0.005734167993,0.01270721853,1
169,162,0.02622393146,0.04904969037,1
169,170,0.1421252191,0.1456786245,1
177,10,0.1159771085,0.1863788664,1
177,18,0.08095923066,0.1192487478,1
177,26,0.1039756164,0.003583319485,1
177,34,0.02538117394,-0.161807552,1
177,42,0.1100542024,0.1285388023,1
177,50,0.2656570971,0.3461018205,1
177,58,0.1950953603,0.06067275256,1
177,66,0.1655781418,0.07076472044,1
177,74,0.05465835333,0.04836595058,1
177,82,-0.1295816749,0.004468493164,1
177,90,-0.06232341379,-0.001384750009,1
177,98,0.1103854552,0.03287285566,1
177,106,0.2508261204,0.03943262249,1
177,114,0.1658597589,0.00616338104,1
177,122,0.06370513886,-0.02693936974,1
177,130,0.005338676274,-0.01321769413,1
177,138,-0.03521230444,-0.02366288565,1
177,146,-0.09632892907,0.01451859251,1
177,154,-0.07469849288,-0.04356176779,1
177,162,0.04051291943,0.01379874721,1
177,170,0.171592474,0.06246644258,1
185,10,0.1749833077,0.2194077224,1
185,18,0.08821118623,0.04692479223,1
185,26,0.1021587327,0.03911200166,1
185,34,-0.03841611743,0.08931962401,1
185,42,-0.1029861346,0.1555989832,1
185,50,0.0004670824856,0.3527959585,1
185,58,0.1229870766,0.2768956721,1
185,66,0.1128127053,0.1732536852,1
185,74,0.0330703184,0.02888398245,1
185,82,0.01373243332,-0.1139390841,1
185,90,0.04671598971,0.01308029145,1
185,98,0.119105272,0.02683260851,1
185,106,0.1975757927,0.03554151952,1
185,114,0.1022916511,0.1634986848,1
185,122,-0.04360428825,0.09772799164,1
185,130,-0.06275057793,-0.04311232269,1
185,138,0.125431627,-0.05620130152,1
185,146,-0.007551517338,-0.008940998465,1
185,154,-0.1849648952,-0.09818029404,1
185,162,0.01382559165,-0.02461899817,1
185,170,0.164180994,0.007769100368,1
193,10,0.16533117,0.2143419981,1
193,18,0.1667277664,0.08055879176,1
193,26,0.128545329,0.1577106118,1
193,34,-0.0405164063,0.1575098932,1
193,42,-0.1176745892,0.1064179242,1
193,50,-0.113814719,0.1718585789,1
193,58,-0.06077149883,0.3972677588,1
193,66,0.05744755268,0.1075306088,1
193,74,0.0778876394,0.04430672526,1
193,82,0.02385443449,-0.1201414317,1
193,90,0.05166047439,-0.09996496141,1
193,98,0.161801368,-0.03260814399,1
193,106,0.1208385453,0.0734885633,1
193,114,-0.03059496917,0.2548864186,1
193,122,-0.07875736058,0.1238713041,1
193,130,0.002779345959,-0.06077281013,1
193,138,0.163972199,0.04381359369,1
193,146,0.06411706656,-0.04532309249,1
193,154,0.03067905828,-0.07499119639,1
193,162,0.1777624488,-0.07268443704,1
193,170,0.2959794998,0.0216307193,1
201,10,0.04664079845,0.1811907291,1
201,18,0.0140636079,0.09026445448,1
201,26,0.05509694666,0.1241056174,1
201,34,-0.07984889299,0.1550796628,1
201,42,-0.05284491926,0.07436138391,1
201,50,0.1364295185,0.1383971721,1
201,58,0.1567419022,0.3768137395,1
201,66,0.2495450377,0.08497790992,1
201,74,0.1580606699,-0.03219495714,1
201,82,0.0595587045,-0.07340716571,1
201,90,0.05917198956,-0.2048089504,1
201,98,0.1211282015,-0.1863559783,1
201,106,0.001282051206,-0.09600056708,1
201,114,-0.4171377718,-0.05520161986,1
201,122,-0.149760589,0.01096068136,1
201,130,0.03904873878,-0.1283981204,1
201,138,0.09613814205,0.04755628109,1
201,146,0.01544371434,-0.02997089177,1
201,154,0.02938821539,0.04362597689,1
201,162,0.09043473005,0.0303066466,1
201,170,0.1249709576,-0.001940742135,1
209,10,0.1361762136,0.1727470607,1
209,18,0.1041398272,0.09725213051,1
209,26,0.07442259043,0.08556842059,1
209,34,-0.05499332398,0.05976638198,1
209,42,-0.01838127896,-0.002140969038,1
209,50,0.07362064719,0.1133739948,1
209,58,0.1801037788,0.3866214752,1
209,66,0.1725333035,0.2061024159,1
209,74,0.1280207634,0.01135815307,1
209,82,-0.09033828229,-0.1129372269,1
209,90,-0.3112749755,-0.3253534734,1
209,98,-0.07875947654,-0.4108833671,1
209,106,-0.1532426625,-0.5755046606,1
209,114,-0.1996496022,-0.6069293618,1
209,122,-0.04810579121,-0.2676389217,1
209,130,0.2520358562,-0.2947432399,1
209,138,0.08049157262,-0.02138682455,2
209,146,0.04279386252,0.05655414984,1
209,154,-0.1715718955,0.01601183414,1
209,162,-0.2008445561,0.1162344739,1
209,170,-0.1112377122,0.05523127317,1
217,10,-0.0214298144,0.1734767854,1
217,18,-0.04741835222,0.2048277408,1
217,26,-0.1141914874,-0.1328054368,1
217,34,-0.1108559072,-0.06013007835,1
217,42,-0.07307997346,0.02039052546,1
217,50,-0.06401784718,-0.02569967322,1
217,58,-0.06081196666,0.1637157202,1
217,66,9.178556502e-05,0.1600653976,1
217,74,0.1055319086,0.1391457319,1
217,82,-0.2036199719,-0.1185276955,1
217,90,-0.4026930332,-0.3023162484,1
217,98,-0.06170599908,0.04281563312,1
217,106,0.05885505676,0.2162883878,1
217,114,-0.1167829633,0.08401011676,1
217,122,-0.1156322584,0.06818300486,1
217,130,-0.1543924063,0.1804292351,1
217,138,-0.06900156289,0.105085507,1
217,146,0.01484903693,0.1027486175,1
217,154,-0.07912619412,0.03413267434,1
217,162,-0.007860915735,0.07565423846,1
217,170,0.09934967756,0.3247608542,1
225,10,-0.2243302763,0.1796492636,1
225,18,-0.1790502518,0.04620335251,1
225,26,-0.2246458232,-0.1300555021,1
225,34,-0.1593896598,-0.07040355355,1
225,42,-0.03632472456,-0.1181473583,1
225,50,-0.1139382944,-0.270399183,1
225,58,-0.1260923296,0.09269368649,1
225,66,-0.02390812337,0.1973450184,1
225,74,-0.08764709532,0.1779339015,1
225,82,-0.1714574397,-0.01225431263,1
225,90,-0.2662320733,-0.1860449612,1
225,98,-0.1658645272,-0.006028078496,1
225,106,-0.0151508078,-0.01880198717,1
225,114,-0.1947947443,0.001788944006,1
225,122,-0.1521082073,-0.02434922755,1
225,130,-0.01621714979,0.09295124561,1
225,138,-0.02087312192,0.09003718942,1
225,146,0.02627735958,0.07904426008,1
225,154,-0.06457324326,0.03899546713,1
225,162,-0.06857010722,0.01811148226,1
225,170,0.04961024597,0.2175231874,1
233,10,-0.19757393,0.3084319532,1
233,18,-0.1579369605,0.1426540315,1
233,26,-0.1237325221,-0.04767445475,1
233,34,-0.1542525887,-0.02758505195,1
233,42,-0.09629139304,-0.07685884833,1
233,50,-0.08892436326,-0.04058359191,1
233,58,-0.2520840168,0.1287944466,1
233,66,-0.269004941,0.2528116703,1
233,74,-0.2581061125,0.147985518,1
233,82,-0.2037085742,-0.04485544562,1
233,90,-0.1536962539,-0.04652569443,1
233,98,-0.08178755641,0.04429603741,1
233,106,-0.001781895757,-0.07784941047,1
233,114,-0.1205009222,-0.1807927191,1
233,122,-0.1536339819,-0.1364624351,1
233,130,-0.04442035034,0.03777908534,1
233,138,-0.01758751273,0.1345778406,1
233,146,-0.001567550004,0.09241753817,1
233,154,-0.08884114027,0.05437166244,1
233,162,-0.08635509014,-0.1109842807,1
233,170,-0.001706372947,0.04273073375,1
241,10,-0.1463129222,0.2623092532,1
241,18,-0.1893094182,0.1579924226,1
241,26,-0.1446486413,3.688037395e-06,1
241,34,-0.148205936,-0.06171067804,1
241,42,-0.1486648023,-0.03739594296,1
241,50,-0.1376306117,0.003920998424,1
241,58,-0.266225636,0.04306877404,1
241,66,-0.2620830536,0.2345354706,1
241,74,-0.2152019143,0.1365921497,1
241,82,-0.2281241119,-0.02760128677,1
241,90,-0.102989167,0.006016198546,1
241,98,-0.1217006594,0.06776711345,1
241,106,-0.06808018684,-0.03374081478,1
241,114,-0.08676426113,-0.2158258557,1
241,122,-0.09416992962,-0.06087910011,1
241,130,-0.06643055379,0.05116984248,1
241,138,-0.08926907182,0.0927529335,1
241,146,-0.1256248355,0.02055350691,1
241,154,-0.2295426428,-0.05786849558,1
241,162,-0.2964197695,-0.186761871,1
241,170,-0.2361092567,-0.06989745796,1
249,10,-0.1177464873,0.1382458806,1
249,18,-0.1739809215,0.09669752419,1
249,26,-0.2229296118,0.06378482282,1
249,34,-0.2628161311,0.02543077245,1
249,42,-0.233803466,0.02860209346,1
249,50,-0.2355965972,-0.01185841858,1
249,58,-0.2133524418,0.04150297493,1
249,66,-0.1539263576,0.08084353805,1
249,74,-0.1780689806,0.1073355228,1
249,82,-0.2313480079,0.09599293768,1
249,90,-0.1679142416,0.03878717124,1
249,98,-0.2307517231,0.02076381817,1
249,106,-0.2919016182,0.02470525727,1
249,114,-0.3045078516,0.02875587717,1
249,122,-0.1215867251,0.02089557238,1
249,130,-0.09453738481,0.04901064932,1
249,138,-0.1910520792,-0.09216758609,1
249,146,-0.2295431197,-8.580437861e-05,1
249,154,-0.1314520985,-0.102259621,1
249,162,0.1964982748,-0.1533292383,1
249,170,-0.1196635142,0.003402037546,1
257,10,-0.07198235393,0.1670137644,1
257,18,-0.2312483639,0.1210100353,1
257,26,-0.3712354302,0.1306817979,1
257,34,-0.381508559,-0.04282422364,1
257,42,-0.3024228811,-0.05194408819,1
257,50,-0.1950932145,-0.02703059465,1
257,58,-0.09762185812,0.1072826982,1
257,66,-0.09737014025,0.1275064647,1
257,74,-0.108618699,0.1077960506,1
257,82,-0.1521459669,0.1265231073,1
257,90,-0.1667834371,0.1066708937,1
257,98,-0.2293112129,-0.01964635216,1
257,106,-0.3107021153,0.0622658357,1
257,114,-0.1618256569,0.1052839383,1
257,122,0.0167767778,0.08332484961,1
257,130,-0.05679066479,0.1217759997,1
257,138,-0.1367653906,0.03102024645,1
257,146,-0.1193881258,0.08049632609,1
257,154,-0.08850882947,0.05382303894,1
257,162,-0.06186781079,0.1969986111,1
257,170,-0.03044527769,0.1156527847,1
265,10,0.08916667104,0.2713145316,1
265,18,-0.1756572425,0.2031216025,1
265,26,-0.243710041,0.1769934297,1
265,34,-0.2012703568,-0.05867595226,1
265,42,-0.1698370576,-0.06063779816,1
265,50,0.00429572165,0.002086289227,1
265,58,0.02676685154,0.1701622307,1
265,66,-0.09340940416,0.175776884,1
265,74,-0.128226608,0.1691085547,1
265,82,-0.1334931254,0.1487251073,1
265,90,-0.1610536724,0.1704981774,1
265,98,-0.1494965702,-0.0039638374,1
265,106,-0.1105153784,-0.07157370448,1
265,114,-0.08453883231,-0.01832842827,1
265,122,0.128393501,0.06222776324,1
265,130,0.04002793878,0.2240476608,1
265,138,-0.07354919612,0.2400992513,1
265,146,-0.04442451149,0.1080230772,1
265,154,-0.08776143193,0.1188788861,1
265,162,-0.06086470187,0.2116909325,1
265,170,0.006246656179,0.2253171057,1
273,10,0.1117239296,0.285281539,1
273,18,-0.1436655074,0.1987251341,1
273,26,-0.1503827125,0.1993270963,1
273,34,-0.1107083559,0.02952969074,1
273,42,-0.1185771674,0.05272206292,1
273,50,-0.07297755033,0.07057438791,1
273,58,-0.008381053805,0.1269246936,1
273,66,0.03510420024,0.06017870456,1
273,74,-0.06556538492,0.09823009372,1
273,82,-0.1641189456,0.1191032231,1
273,90,-0.170572117,0.09321863949,1
273,98,-0.1588591933,0.05484841764,1
273,106,0.01484976709,-0.0493215993,1
273,114,0.1239983737,-0.01681927592,1
273,122,-0.003408618271,0.1087127179,1
273,130,-0.01699860394,0.1762947738,1
273,138,-0.09905916452,0.2263888866,1
273,146,-0.1459330171,0.08946093917,1
273,154,-0.1052447855,0.0196344927,1
273,162,-0.09693378955,0.001848030835,1
273,170,-0.05594843253,0.05562985316,1
281,10,-0.01700628176,0.1042044908,1
281,18,-0.08065348119,-0.03125339001,1
281,26,-0.1138762981,0.09979654849,1
281,34,-0.08271892369,0.1226272136,1
281,42,-0.07666628808,0.06513659656,1
281,50,0.006127581,0.04635675251,1
281,58,-0.002221242059,0.08782658726,1
281,66,-0.01128271781,0.1100176349,1
281,74,-0.03839339316,0.1079027206,1
281,82,-0.07532142848,0.1349664181,1
281,90,-0.01877941191,-0.00228587538,1
281,98,-0.1681129634,-0.02143622935,1
281,106,0.07558586448,-0.07866958529,1
281,114,0.06462951005,-0.06292566657,1
281,122,-0.002742100973,-0.0005080513656,1
281,130,-0.0212043114,0.1342312992,1
281,138,-0.08575933427,0.1410699934,1
281,146,-0.06657690555,0.07162509114,1
281,154,-0.0550403446,-0.01837086119,1
281,162,-0.03938357532,-0.08973346651,1
281,170,-0.09622321278,-0.004712238908,1
289,10,-0.1375917494,-0.04172421992,1
289,18,-0.2642704248,-0.1122282743,1
289,26,-0.2425585389,0.1244517937,1
289,34,-0.14191553,0.1529513896,1
289,42,-0.1253847182,0.1794005632,1
289,50,-0.117644392,0.08856213838,1
289,58,-0.08907518536,-0.004410751164,1
289,66,-0.01303692535,0.09618152678,1
289,74,0.07590126991,0.1299452186,1
289,82,0.08635079861,0.1905843914,1
289,90,0.07295842469,0.13257882,1
289,98,0.08655840904,-0.01081182063,1
289,106,0.08021472394,-0.02056594566,1
289,114,-0.04220753908,-0.08295240253,1
289,122,-0.01618945971,-0.08771698177,1
289,130,-0.02909432352,0.1300904602,1
289,138,-0.02319628,0.1513400227,1
289,146,-0.006159193814,0.1016970202,1
289,154,-0.03599835187,0.01509741694,1
289,162,-0.07844101638,-0.07526383549,1
289,170,-0.06789766997,-0.03456347063,1
297,10,-0.03372044861,-0.05215859413,1
297,18,-0.202579245,-0.01488594338,1
297,26,-0.1485828012,0.08921726048,1
297,34,0.03041689098,0.04424746335,1
297,42,-0.1667457819,0.0734147504,1
297,50,-0.2156370282,0.1055480465,1
297,58,-0.2049820125,0.09497709572,1
297,66,-0.150196746,0.05448535085,1
297,74,-0.008038077503,0.1044743359,1
297,82,0.0119149927,0.06896230578,1
297,90,-0.1034289673,0.1005630717,1
297,98,-0.02630976774,0.1588858664,1
297,106,0.005653647706,0.08797381073,1
297,114,-0.1287825704,-0.009194415063,1
297,122,-0.1223604307,0.06088646501,1
297,130,-0.06497333199,0.1753645688,1
297,138,-0.121011436,0.2030254453,1
297,146,-0.09736574441,0.149345994,1
297,154,-0.01408488117,0.05664274096,1
297,162,-0.0220615752,0.03831904382,1
297,170,-0.02949179709,0.01979668438,1
305,10,-0.02687759697,0.02318461984,1
305,18,-0.007339201868,0.1055512726,1
305,26,-0.06015257537,0.08594587445,1
305,34,-0.02693820745,-0.09089547396,1
305,42,-0.05183543265,-0.05610239133,1
305,50,-0.04477931559,0.08292005956,1
305,58,-0.09543608129,0.1678288579,1
305,66,-0.165556848,0.2215732038,1
305,74,-0.1237401068,0.1954672039,1
305,82,-0.08526781946,-0.05497954786,1
305,90,-0.1458751857,0.06323443353,1
305,98,-0.07718712837,0.2100152969,1
305,106,-0.04841816425,0.05038645864,1
305,114,-0.1830512285,0.02430127561,1
305,122,-0.2197375298,0.1965994835,1
305,130,-0.1431018561,0.2731382251,1
305,138,-0.09727091342,0.2610795498,1
305,146,-0.0700282082,0.1295420527,1
305,154,-0.01226419955,0.121847868,1
305,162,0.0777740404,0.1862131059,1
305,170,-0.005289062858,0.1197680384,1
313,10,-0.223711729,0.01019271649,1
313,18,-0.03128348291,0.1855715811,1
313,26,-0.007359240204,0.1263374686,1
313,34,0.02872050554,-0.06744867563,1
313,42,-0.002965770662,-0.166063413,1
313,50,-0.03763860092,0.0005653668195,1
313,58,-0.02754559368,0.1612924933,1
313,66,-0.07009195536,0.09498416632,1
313,74,-0.08618371934,0.01140606403,1
313,82,-0.02850238979,0.05091288686,1
313,90,-0.09305875748,0.140773952,1
313,98,-0.1179564893,0.1891590357,1
313,106,-0.1241332665,0.01784098148,1
313,114,-0.1277940571,-0.01884003729,1
313,122,-0.16324839,0.1634508669,1
313,130,-0.0802161321,0.2555003464,1
313,138,0.1125334799,0.2547709942,1
313,146,0.1566522121,0.2082774937,1
313,154,0.1703555286,0.2423060238,1
313,162,0.1237169877,0.2323883623,1
313,170,0.0139259994,0.01701651514,1
321,10,-0.2717142403,0.00338460505,1
321,18,-0.005562104285,0.119416751,1
321,26,0.08024632931,0.07716782391,1
321,34,-0.007797904313,-0.03373132646,1
321,42,0.02272409201,-0.1187164932,1
321,50,0.05118335783,-0.02316389978,1
321,58,0.06145462394,0.1539940238,1
321,66,0.1607944071,0.002794865519,1
321,74,0.1137307286,-0.07609083503,1
321,82,-0.02160088718,-0.01129068062,1
321,90,-0.008887238801,0.09278395027,1
321,98,-0.01391689479,0.1480425,1
321,106,-0.09755666554,-0.01034168899,1
321,114,-0.1593001187,-0.01076797396,1
321,122,-0.1498538107,0.1239094436,1
321,130,-0.04638592154,0.1317346096,1
321,138,-0.07902050763,0.2091191113,1
321,146,-0.02535306662,0.2317511439,1
321,154,0.1447411776,0.221519351,1
321,162,0.01323449332,0.1223313808,1
321,170,-0.1770579964,-0.03751727939,1
329,10,-0.07605162263,0.05808511376,1
329,18,0.1969681829,0.1573786587,1
329,26,0.1897469461,-0.01405968145,1
329,34,0.1656292677,-0.09577248991,1
329,42,0.1541025639,-0.130288884,1
329,50,0.02115160413,-0.06838209182,1
329,58,-0.01610141993,0.09015166759,1
329,66,0.2455717921,-0.01009397302,1
329,74,0.2423676252,-0.09334352612,1
329,82,0.02803122997,-0.075767681,1
329,90,0.02030030638,-0.01007760409,1
329,98,0.04522956908,-0.07957682759,1
329,106,-0.02332937345,-0.1276081949,1
329,114,-0.07162216306,0.04057666659,1
329,122,-0.1250202656,0.1134265661,1
329,130,-0.1066653579,0.05957699567,1
329,138,-0.03129800409,0.13662453,1
329,146,-0.0306016095,0.1390706599,1
329,154,0.02227189392,0.07598924637,1
329,162,-0.0145757962,0.08809360862,1
329,170,-0.1568642408,-0.02494830266,1
337,10,-0.02007989585,-0.01122993976,1
337,18,0.2208762765,0.1794038117,1
337,26,0.2295681089,0.1316024363,1
337,34,0.1497388929,-0.0262431819,1
337,42,-0.03499669582,-0.07689023763,1
337,50,-0.0261493288,-0.113188833,1
337,58,0.07976792008,0.02217818052,1
337,66,0.09491974115,0.01512549073,1
337,74,0.1674369127,-0.1407611966,1
337,82,0.1682649255,-0.06889842451,1
337,90,0.04621612653,0.02149737254,1
337,98,-0.02006060258,-0.06510333717,1
337,106,-0.02892571688,-0.2056252062,1
337,114,0.02379914001,-0.0394796133,1
337,122,-0.1208789274,0.05421609432,1
337,130,-0.1526448131,0.06981413066,1
337,138,-0.0198911,0.04852056503,1
337,146,0.08527673781,0.01277033985,1
337,154,0.03281680867,-0.004802986979,1
337,162,0.004170617089,0.02090201154,1
337,170,-0.04726484418,0.0308135692,1
345,10,0.02282637358,-0.1273252964,1
345,18,0.2609473169,0.1269610971,1
345,26,0.317065984,0.1356214881,1
345,34,-0.02018093318,0.1064985543,1
345,42,-0.3538022041,0.03822163492,1
345,50,-0.0385651961,-0.06576289237,1
345,58,0.05810594931,0.09608675539,1
345,66,-0.04148682952,0.05332315341,1
345,74,0.07080840319,-0.008608635515,1
345,82,0.1049401909,-0.04540277272,1
345,90,0.0309492778,-0.04420190305,1
345,98,-0.01452526823,-0.0569778122,1
345,106,-0.03026115522,-0.1530240476,1
345,114,-0.04802952707,-0.1590903848,1
345,122,-0.05482342839,-0.110650219,1
345,130,-0.04788970202,0.08658850193,1
345,138,-0.03192236274,0.03594530746,1
345,146,0.046013318,-0.1656480432,1
345,154,0.03093321621,-0.05521196127,1
345,162,-0.0444217138,0.009290303104,1
345,170,0.00273296982,0.07529573143,1
353,10,0.1041594148,-0.2195956558,1
353,18,0.06138642132,0.1128513813,1
353,26,0.03634666279,0.207893759,1
353,34,-0.06943179667,0.1172414497,1
353,42,-0.19804883,-0.009835682809,1
353,50,-0.2151892781,-0.0003231726587,1
353,58,-0.02348642424,0.1578825414,1
353,66,-0.06087299809,0.04960720241,1
353,74,-0.0139478296,0.06386318803,1
353,82,0.01535440609,-0.06046685576,1
353,90,-0.08183918893,-0.1852133274,1
353,98,-0.07706106454,-0.1321035177,1
353,106,-0.03248635679,-0.118362546,1
353,114,-0.04640197009,-0.1131931245,1
353,122,-0.07053291053,-0.03246537596,1
353,130,0.03150289133,0.07928049564,1
353,138,0.03645224124,0.009035851806,1
353,146,-0.047460109,-0.08106099069,1
353,154,0.02589616179,-0.1002956629,1
353,162,-0.009667236358,0.01054541394,1
353,170,-0.1010570377,0.1160051003,1
361,10,0.1514556855,-0.1388998628,1
361,18,0.04114500433,0.09971939027,1
361,26,-0.009916687384,0.2133381069,1
361,34,-0.08007793874,0.1379933357,1
361,42,-0.08083625138,0.005069892853,1
361,50,-0.02851223946,0.03159253299,1
361,58,0.07536648214,0.0444855243,1
361,66,-0.000340577215,0.07479181886,1
361,74,-0.1129582897,0.06340478361,1
361,82,-0.09400327504,-0.04068337753,1
361,90,-0.08502313495,-0.08820711076,1
361,98,-0.1246365085,0.03741190583,1
361,106,0.03263736516,0.04020416737,1
361,114,0.01577873528,0.0377535373,1
361,122,-0.06706348807,0.2111186832,1
361,130,-0.1090780646,0.1144562289,1
361,138,-0.001641511917,0.0529342033,1
361,146,-0.0904802084,-0.006516678259,1
361,154,-0.1457686722,-0.1372640282,1
361,162,-0.09665413201,-0.09503610432,1
361,170,-0.2216319293,0.1947896928,1
369,10,-0.04652354866,-0.03271973133,1
369,18,-0.05090130866,-0.04537953436,1
369,26,0.01867664605,-0.1500857472,1
369,34,-0.07060110569,-0.06509573013,1
369,42,-0.1237601116,-0.0007514357567,1
369,50,-0.05976521969,-0.01018343866,1
369,58,0.006998792291,-0.009756376036,1
369,66,-0.0005761608481,-0.0213894099,1
369,74,-0.1901446581,-0.05688339472,1
369,82,-0.1462848485,0.108694382,1
369,90,-0.1611845493,0.09260702133,1
369,98,-0.147871092,0.1183671802,1
369,106,-0.005554683506,0.1072442681,1
369,114,-0.04926916957,0.218467012,1
369,122,-0.1841598749,0.3042033017,1
369,130,-0.1881336868,0.06670159101,1
369,138,0.03570403904,0.08253385127,1
369,146,0.05738733709,0.01223003678,1
369,154,-0.006396282464,-0.06173878908,1
369,162,-0.01534447074,0.1208738238,1
369,170,-0.3296335936,0.3648623824,1
377,10,-0.0793614313,0.02579207718,1
377,18,0.02766733244,-0.08922434598,1
377,26,0.1033699885,-0.1919882149,1
377,34,-0.03258169442,-0.1328412294,1
377,42,-0.1444659829,0.1609476358,1
377,50,-0.1456023604,0.03498907015,1
377,58,-0.1405733228,0.06939216703,1
377,66,-0.088201195,-0.02928471193,1
377,74,0.02331515588,-0.1339737326,1
377,82,0.02512814477,-0.01379302889,1
377,90,-0.03868968785,0.1525325179,1
377,98,-0.2488164157,0.1443517804,1
377,106,-0.1080183014,0.03048110753,1
377,114,-0.09109199047,0.1385097504,1
377,122,-0.2325540781,0.01118253917,1
377,130,-0.09130663425,-0.03871028125,1
377,138,0.03185085207,0.06668592989,1
377,146,0.06829071045,0.06056644022,1
377,154,0.1638284028,0.02269498259,1
377,162,0.06030202284,0.11505346,1
377,170,-0.1020624787,0.25010252,1
385,10,-0.06895705312,-0.04399955273,1
385,18,0.0384962894,0.0628747642,1
385,26,0.05659397691,-0.0147526795,1
385,34,-0.005700845271,-0.0005009826273,1
385,42,-0.07761071622,0.2789118886,1
385,50,-0.120351091,0.02784435451,1
385,58,-0.1938961744,0.01777931489,1
385,66,-0.2395785302,-0.0338716656,1
385,74,0.06880679727,0.07169579715,1
385,82,0.1423074007,0.0496116057,1
385,90,-0.03479072079,0.1426107585,1
385,98,-0.09346029907,0.1305155456,1
385,106,-0.07148612291,0.03666748106,1
385,114,-0.09418693185,0.07388274372,1
385,122,-0.01357068866,-0.05422543362,1
385,130,0.03284768015,-0.04899573326,1
385,138,0.06155939028,0.1114631593,1
385,146,0.1482275426,0.1040030271,1
385,154,0.09008810669,0.1016121134,1
385,162,0.04658835381,0.08342242986,1
385,170,0.1543454826,-0.003857061267,1
393,10,0.1258579195,0.1283837259,1
393,18,0.003606936894,0.04190716147,1
393,26,-0.001894561574,0.05510788411,1
393,34,0.0347414054,0.145366773,1
393,42,0.0171142295,0.3325699568,1
393,50,0.04310203716,0.03385844827,1
393,58,-0.02698522061,-0.04295849055,1
393,66,-0.1191238761,0.004687450826,1
393,74,-0.08992078155,0.262129873,1
393,82,0.05619927123,0.2454985678,1
393,90,-0.09752713144,0.215646714,1
393,98,-0.06645154208,0.1441102326,1
393,106,-0.1119553745,0.1342634857,1
393,114,-0.1319575012,0.09520567954,1
393,122,0.01182948239,0.08991384506,1
393,130,0.03072807938,0.01130380295,1
393,138,0.1377217174,0.09911774099,1
393,146,0.2409857661,0.09188875556,1
393,154,0.06679973006,0.08850082755,1
393,162,0.08315949887,0.04387125745,1
393,170,0.1438031793,-0.1844508499,1
401,10,-0.08796137571,0.2450016737,1
401,18,-0.03998617083,0.06228356063,1
401,26,-0.04203067347,0.07924370468,1
401,34,0.1089432687,0.430880934,1
401,42,0.1619246751,0.1129432991,1
401,50,0.1568066478,0.04811120033,1
401,58,0.1420765519,0.1792511046,1
401,66,-0.002606902272,0.1303661764,1
401,74,-0.03449362516,0.1332041621,1
401,82,0.03034921736,0.09194274247,1
401,90,0.07140986621,0.06102699041,1
401,98,-0.1390943974,0.02908159792,1
401,106,-0.1451781243,0.1245536879,1
401,114,-0.04135365784,0.1194455326,1
401,122,-0.04272148013,-0.0401140973,1
401,130,-0.1291311383,0.01013032719,1
401,138,-0.03693050519,0.1236008927,1
401,146,-0.0361667946,0.08906182647,1
401,154,-0.06452990323,0.05171583593,1
401,162,-0.04285831749,0.03813330457,1
401,170,-0.04512767494,-0.1877182126,1
409,10,-0.2875724435,0.03461413085,1
409,18,-0.1851808727,0.07022242248,1
409,26,-0.0002773385495,0.1541617811,1
409,34,0.08830498159,0.1909397244,1
409,42,0.1570468694,0.09825396538,1
409,50,0.1884129345,-0.006174981594,1
409,58,0.09965795279,0.2267302573,1
409,66,0.1473006159,0.09903492779,1
409,74,0.0830219388,-0.05509398133,1
409,82,-0.1648623049,0.06482557207,1
409,90,-0.1659893394,0.05019842088,1
409,98,-0.09308642149,0.0791015923,1
409,106,-0.07596302032,0.1200332344,1
409,114,-0.03260592371,0.09041616321,1
409,122,-0.07366612554,-0.01847116649,1
409,130,-0.1333908439,-0.04861068726,1
409,138,-0.2379132211,0.2274550498,1
409,146,-0.1679654121,0.1153041199,1
409,154,-0.07826727629,0.06495630741,1
409,162,-0.1952711642,0.08457881212,1
409,170,-0.4664729238,-0.04671853781,1
417,10,-0.4840309024,-0.0815590173,1
417,18,-0.2214816064,-0.1072213054,1
417,26,0.05416148156,0.04772822559,1
417,34,0.2406119704,0.2268320173,1
417,42,0.174149856,0.2087453306,1
417,50,0.1995117664,0.1220974475,1
417,58,0.07078260183,0.24561055,1
417,66,0.1491826326,-0.01976188645,1
417,74,0.1051036268,-0.3232718706,1
417,82,-0.08013795316,-0.02075144649,1
417,90,-0.2709527314,0.09140819311,1
417,98,-0.2327377647,0.1815491617,1
417,106,-0.01002545655,0.2644921243,1
417,114,-0.2932120562,0.1087985635,1
417,122,-0.4793342352,0.1491983831,1
417,130,-0.531422019,0.1260231137,1
417,138,-0.5151821971,0.1818603128,1
417,146,-0.3321843445,0.1299631745,1
417,154,-0.2027355731,0.1241177544,1
417,162,-0.5755583644,0.0428904444,1
417,170,-0.5210156441,-0.001914046705,2
