PIVlab, ASCII chart output - 02-Aug-2025
FRAME: 28, filenames: A:[28]FullStack_Pos0035_TgUtrmcherry_K4K8MO-1.avi & B:[29]FullStack_Pos0035_TgUtrmcherry_K4K8MO-1.avi, conversion factor xy (px -> m): 1, conversion factor uv (px/frame -> m/s): 1
x [px],y [px],u [px/frame],v [px/frame],Vector type [-]
9,10,0.4432705045,0.2262085676,1
9,18,-0.005652152002,0.1321840882,1
9,26,-0.1015521884,-0.02708365768,1
9,34,-0.1887120903,0.03207738698,1
9,42,-0.06615671515,0.0586040616,1
9,50,0.2164681256,0.1069735363,1
9,58,0.366116941,0.08844916523,1
9,66,0.2895195484,0.06796990335,1
9,74,0.08521467447,-0.08189803362,1
9,82,-0.03522497416,-0.1606127918,1
9,90,-0.08070357144,0.007037162781,1
9,98,-0.030992046,0.06870727241,1
9,106,-0.1226298809,0.09475196898,1
9,114,-0.2335749567,0.1633716524,1
9,122,-0.1287190169,0.3073179126,1
9,130,0.01066321507,0.3719900846,1
9,138,0.05464440584,0.2246077657,1
9,146,0.2838501334,0.05272513628,1
9,154,0.2264639139,-0.03981484845,1
9,162,-0.04638775438,0.09947429597,1
9,170,-0.3984684348,0.2296838611,1
17,10,0.1072410345,-0.03824449331,1
17,18,-0.1244796365,-0.1160781682,1
17,26,-0.1499354839,0.08278995752,1
17,34,-0.02770715952,0.09720145911,1
17,42,0.03477718681,0.1041060537,1
17,50,0.0797059685,0.0863064155,1
17,58,0.1446214467,0.003827892244,1
17,66,0.002228975296,0.1164736077,1
17,74,0.04089635611,-0.03742598742,1
17,82,0.07048281282,-0.1207560301,1
17,90,-0.02797805145,-0.006003081799,1
17,98,0.003191329539,0.06509752572,1
17,106,-0.07866628468,0.007628493011,1
17,114,-0.1559911966,0.04809601232,1
17,122,-0.05115159601,0.1720924377,1
17,130,-0.02969330363,0.1372049451,1
17,138,-0.06401278824,0.1571246237,1
17,146,-0.05844713748,0.08663648367,1
17,154,-0.1249987558,-0.0002478808165,1
17,162,-0.1461883485,0.1013529003,1
17,170,-0.1328497231,0.1081686988,1
25,10,0.001796014607,0.1282126606,1
25,18,0.01792989671,0.1053603068,1
25,26,0.06721022725,0.1525181532,1
25,34,0.1610808671,0.07324364781,1
25,42,0.167474851,-0.06091657281,1
25,50,0.02119782567,-0.004915799946,1
25,58,0.03572455049,0.0006494112313,1
25,66,-0.0009902119637,0.1856450289,1
25,74,0.01759912074,0.05075823516,1
25,82,0.0804341808,-0.09658510238,1
25,90,0.0956223309,-0.03813648224,1
25,98,0.1543994546,-0.0518068336,1
25,106,0.1919047236,-0.08451725543,1
25,114,-0.03661548719,0.02874936163,1
25,122,-0.06477215886,-0.1554805189,1
25,130,-0.01848361827,-0.0610886775,1
25,138,0.01642234437,0.1057495996,1
25,146,-0.03938050196,0.04646090418,1
25,154,-0.09928686917,0.02830786258,1
25,162,-0.1084621921,-0.04855994508,1
25,170,-0.03178241104,0.001777460799,1
33,10,0.105093956,0.1061893329,1
33,18,0.1443350166,0.1729266644,1
33,26,0.2664113641,0.1638084352,1
33,34,0.2269842476,-0.03527568281,1
33,42,0.1443849206,-0.05841846019,1
33,50,0.08952221274,0.03060371056,1
33,58,0.03200293332,-0.04302614555,1
33,66,0.02202001214,0.07942824811,1
33,74,0.06607794762,0.0360847488,1
33,82,0.07752417773,0.0244432278,1
33,90,0.06273524463,0.0165312551,1
33,98,0.09818132222,-0.03652701899,1
33,106,0.1970354021,-0.07110249996,1
33,114,0.2488074899,0.001435160637,1
33,122,0.01207505912,-0.09128500521,1
33,130,-0.09501428902,-0.07842478156,1
33,138,0.001306448132,0.0131845437,1
33,146,0.04064036161,-0.08748853207,1
33,154,-0.02620049194,-0.09377552569,1
33,162,-0.1102538183,-0.1179203317,1
33,170,-0.08212345093,0.004798294976,1
41,10,0.01744471304,0.06919775158,1
41,18,0.09086711705,0.140009895,1
41,26,0.1925823092,0.08502551168,1
41,34,0.1864924282,0.009906556457,1
41,42,0.1386652589,0.06111218408,1
41,50,0.08640572429,0.009862200357,1
41,58,0.0720257163,0.007971935906,1
41,66,0.0723221302,-0.06888028979,1
41,74,0.03023773246,-0.1158413365,1
41,82,-0.008084058762,-0.01376201957,1
41,90,0.02979790419,-0.02653277665,1
41,98,0.07138618827,-0.03897952288,1
41,106,0.06988022476,-0.04959900677,1
41,114,0.1306043714,0.05026325583,1
41,122,0.05558487028,-0.07377371192,1
41,130,-0.04826438427,-0.05458956957,1
41,138,0.06691007316,-0.02159389481,1
41,146,0.1039650142,-0.1040695161,1
41,154,0.03663326055,-0.1362033188,1
41,162,0.009098800831,-0.001635968685,1
41,170,0.04411426187,0.002673281357,1
49,10,0.09806353599,0.03499988467,1
49,18,0.1688620448,-0.05866282433,1
49,26,0.07004099339,-0.1599100828,1
49,34,0.1184231862,0.199511081,1
49,42,0.1645762771,0.1504016221,1
49,50,0.02599543333,-0.02958777547,1
49,58,0.006767030805,-0.04173199087,1
49,66,-0.003291539848,-0.1336755008,1
49,74,-0.1178160608,-0.2158555388,1
49,82,-0.1153498814,-0.1039457172,1
49,90,-0.01147682592,-0.1273417473,1
49,98,0.009393516928,-0.1225511208,1
49,106,-0.04692399502,-0.04984586686,1
49,114,-0.08844262362,-0.006750665605,1
49,122,-0.05018484592,-0.01459921151,1
49,130,0.0930981487,0.06372405589,1
49,138,0.1548674703,0.07537221909,1
49,146,0.1684687734,0.01587990858,1
49,154,0.2128435373,-0.04207022488,1
49,162,0.1027282625,-0.007484018803,1
49,170,0.0133454157,0.02446971834,1
57,10,0.1198678911,0.04021141306,1
57,18,0.1382030547,-0.04588145763,1
57,26,-0.002754438668,-0.04354359582,1
57,34,0.05852047354,0.02552116103,1
57,42,0.0741854459,0.1324354559,1
57,50,0.05538462102,0.03526153043,1
57,58,0.05855370313,-0.1949470192,1
57,66,0.05691419914,-0.1057233363,1
57,74,0.02135409229,-0.1394605935,1
57,82,-0.02493737452,-0.06918859482,1
57,90,0.05594163388,-0.1809204519,1
57,98,0.04936970025,-0.2609316111,1
57,106,0.04582576081,-0.08694969118,1
57,114,0.03337851912,-0.002683050931,1
57,122,0.0184649229,0.196328789,1
57,130,0.07062456012,0.1333557665,1
57,138,0.1308989227,0.02174600214,1
57,146,0.1631127447,-0.01085676067,1
57,154,0.1212602556,0.02120357752,1
57,162,0.121909529,0.03894305229,1
57,170,0.0530166626,0.09597370774,1
65,10,-0.02704749629,0.06662335247,1
65,18,0.01658789068,0.1366131008,1
65,26,0.06212313473,0.04125660658,1
65,34,0.04247064888,0.04131379724,1
65,42,0.04273402691,0.1237609684,1
65,50,0.02523792535,0.02607315779,1
65,58,-0.02202289924,0.02390994132,1
65,66,-0.07387193292,0.06701426208,1
65,74,0.01379391178,0.03713213652,1
65,82,0.07255776227,0.05537483841,1
65,90,0.1155840755,-0.1245084926,1
65,98,0.1292868108,-0.07998663187,1
65,106,0.1404877305,0.008536864072,1
65,114,0.1595134586,0.006696477532,1
65,122,0.1763981432,0.2247463018,1
65,130,0.1052644551,0.1094763875,1
65,138,0.09007234871,0.05316960439,1
65,146,0.1436982304,-0.0235468857,1
65,154,0.1194177419,-0.01069629192,1
65,162,0.08279536664,0.0305889789,1
65,170,0.04017907009,0.0750137046,1
73,10,-0.1486023366,0.05520401895,1
73,18,-0.08901591599,0.1391521692,1
73,26,-0.004839841276,0.02459195256,1
73,34,0.02545568347,0.1077880487,1
73,42,0.07250362635,0.09591826797,1
73,50,0.000824097544,0.01076322794,1
73,58,-0.1463269144,0.1695478559,1
73,66,0.03648885339,0.2290462554,1
73,74,0.09793306887,0.1331683248,1
73,82,0.0995246619,0.1635236144,1
73,90,0.07219473273,0.1427046955,1
73,98,0.1063088477,0.1991700679,1
73,106,0.06486450136,0.1539814323,1
73,114,0.08052255213,-0.007820941508,1
73,122,0.1331049204,0.01069335639,1
73,130,0.1764881313,-0.08529367298,1
73,138,0.1251966655,0.02379273623,1
73,146,0.1230041832,0.1006655693,1
73,154,0.07732771337,0.04148189723,1
73,162,0.09527411312,0.1049342752,1
73,170,0.1686453074,0.1056778356,1
81,10,-0.161995396,0.1700920463,1
81,18,-0.08291634917,0.2031699419,1
81,26,-0.01848506927,-0.02166152,1
81,34,0.1319503784,0.04817290604,1
81,42,0.09531988204,0.1302885115,1
81,50,-0.02815473825,0.1126706377,1
81,58,-0.08865513653,0.1326117218,1
81,66,0.05179703981,0.05037096143,1
81,74,0.1500955671,0.09772797674,1
81,82,-0.03288730979,0.1231696457,1
81,90,-0.02969354019,0.04892459139,1
81,98,0.03701174632,0.1216950268,1
81,106,-0.05559466779,0.1478231847,1
81,114,-0.03129288554,0.01873372495,1
81,122,-0.0378440246,-0.07725547254,1
81,130,0.09724546224,-0.1843141615,1
81,138,0.1164618358,-0.07600876689,1
81,146,0.05527506024,0.06784076989,1
81,154,0.03546731174,0.06477797031,1
81,162,-0.00695502013,0.1425054818,1
81,170,0.03457151353,0.03713921458,1
89,10,0.0407750681,0.2142407447,1
89,18,0.05466684699,0.2290355861,1
89,26,0.1080733314,0.1201170981,1
89,34,0.1730819643,-0.0357837379,1
89,42,-0.01366772503,0.03916826099,1
89,50,-0.08082395792,0.03314952552,1
89,58,-0.09907204658,0.02781490982,1
89,66,0.08133609593,0.1009378955,1
89,74,0.1721392274,0.1423680186,1
89,82,-0.01832749136,0.00787298847,1
89,90,0.0004575611092,-0.08695980906,1
89,98,-0.03447268531,0.04719414935,1
89,106,-0.2044887841,0.1380344033,1
89,114,-0.08343107253,0.007183104753,1
89,122,0.002537980676,-0.08262708783,1
89,130,0.1266040504,-0.1478456259,1
89,138,0.1505360901,-0.0439151898,1
89,146,0.05232080072,-0.0797906816,1
89,154,0.04409983009,-0.05631287396,1
89,162,0.08682461828,-0.03009326383,1
89,170,0.1145854592,0.01258730516,1
97,10,0.1966985464,0.2155907303,1
97,18,0.1322962195,0.2596940398,1
97,26,0.04179339856,0.251394093,1
97,34,-0.03153987229,-0.03006775677,1
97,42,-0.08700364083,0.06635507941,1
97,50,-0.1212190986,0.1093880311,1
97,58,-0.1331028491,0.2286771685,1
97,66,-0.06269040704,0.1124620736,1
97,74,0.0561112687,0.1175912768,1
97,82,0.01612926833,-0.04924726486,1
97,90,0.05278906226,-0.106261149,1
97,98,0.07489673793,-0.01142841578,1
97,106,-0.01587241516,0.1790027618,1
97,114,-0.09467255324,-0.02730937302,1
97,122,0.009969286621,-0.03983638063,1
97,130,0.1812433898,-0.03380901366,1
97,138,0.210635379,-0.05621825904,1
97,146,0.1482441276,-0.1512643248,1
97,154,0.1118555367,-0.0490086861,1
97,162,0.05788423866,0.0004952978343,1
97,170,0.1720282584,0.02684687078,1
105,10,0.1358135343,0.326230973,1
105,18,0.1912149489,0.2958045304,1
105,26,0.003425486386,0.1850209832,1
105,34,-0.09038582444,0.03309322149,1
105,42,-0.1176958606,0.1526125073,1
105,50,-0.1094385982,0.2010712028,1
105,58,-0.06005316973,0.1240190044,1
105,66,-0.02881687135,-0.02302043885,1
105,74,0.02853415906,0.06707921624,1
105,82,-0.03215488046,0.05159432068,1
105,90,0.08585577458,0.05472445115,1
105,98,0.2241306305,-0.0300723128,1
105,106,0.1598174572,-0.0516846776,1
105,114,0.01236970909,0.04258226603,1
105,122,0.03180291876,0.07152935863,1
105,130,0.1420794427,0.03419734165,1
105,138,0.2231020182,-0.01486374997,1
105,146,0.07875038683,0.02540545166,1
105,154,0.09595097601,0.05054501444,1
105,162,0.09588388354,-0.01282665506,1
105,170,0.03496216983,0.003794997931,1
113,10,0.1078637093,0.243814677,1
113,18,0.1019255593,0.1819054335,1
113,26,0.09028373659,0.1326180547,1
113,34,0.08792185783,0.07262383401,1
113,42,0.06079328805,0.07956244051,1
113,50,0.02708313987,0.159415409,1
113,58,0.05613935739,0.05361311138,1
113,66,0.02712748945,0.007066942751,1
113,74,-0.04244241491,0.1267894059,1
113,82,-0.06347610056,0.1280142516,1
113,90,-0.01688218676,0.1584176868,1
113,98,0.02513179928,0.0323106721,1
113,106,0.03024595603,-0.05298981071,1
113,114,0.05012551323,0.04836692289,1
113,122,0.05634346977,0.04349960387,1
113,130,0.1071887985,0.1039216295,1
113,138,0.2781812549,0.04016982764,1
113,146,0.04178374261,0.05687476695,1
113,154,0.0141909942,0.04668588191,1
113,162,0.1134890616,0.1219400689,1
113,170,-0.09517751634,0.1508116722,1
121,10,0.00769560039,0.2680623531,1
121,18,0.1433560401,0.1426487267,1
121,26,0.276347667,0.008102253079,1
121,34,0.1501100957,0.04511013255,1
121,42,0.07973536849,0.0246315673,1
121,50,0.1750351936,0.03550731018,1
121,58,0.1480029672,0.0515544638,1
121,66,0.08371807635,-0.003970094025,1
121,74,0.02513774857,0.1900270879,1
121,82,-0.01496748626,0.2201429904,1
121,90,-0.0158951655,0.09690274298,1
121,98,-0.01988723874,0.1185111478,1
121,106,-0.03450141475,0.06456572562,1
121,114,-0.1147003099,0.09238162637,1
121,122,-0.08429594338,-0.01704389788,1
121,130,0.06707637757,-0.0374243781,1
121,138,0.1974875331,0.04986472055,1
121,146,0.0849853307,-0.0960291028,1
121,154,-0.04901378974,-0.1293199956,1
121,162,-0.04504597932,0.09139025211,1
121,170,-0.243417576,0.09426531941,1
129,10,0.08033882827,0.2403213382,1
129,18,0.1279865801,0.08137165755,1
129,26,0.1751817316,-0.1046495289,1
129,34,0.0932418555,0.01678597182,1
129,42,0.06544563919,-0.03218302131,1
129,50,0.222304076,-0.1726196855,1
129,58,0.1667474657,0.0785984844,1
129,66,0.07195334136,0.07978732884,1
129,74,0.006719738245,0.1240698174,1
129,82,0.06688059866,0.2122139633,1
129,90,0.1780781448,0.006683833897,1
129,98,0.1914018095,0.007796224207,1
129,106,0.07437077165,0.03395297751,1
129,114,-0.07208661735,0.0892149657,1
129,122,-0.0547087267,-0.06117352098,1
129,130,0.03521718085,-0.1504003108,1
129,138,0.01701080054,-0.05096955597,1
129,146,-0.0891609937,-0.07415566593,1
129,154,-0.1957112402,-0.1694488227,1
129,162,-0.1653321981,-0.06997437775,1
129,170,-0.1656277627,-0.08464615792,1
137,10,0.03685895354,0.2577691376,1
137,18,0.00622520037,0.01504512131,1
137,26,0.005018204451,-0.2487571537,1
137,34,0.08690045774,-0.05854801089,1
137,42,0.1177559718,-0.118320629,1
137,50,0.1294920444,-0.1126323044,1
137,58,0.146282658,0.1001920849,1
137,66,0.0678267777,0.1269918531,1
137,74,0.02495788038,0.02263930254,1
137,82,0.1223264784,0.004919726402,1
137,90,0.1771034747,-0.1027822495,1
137,98,0.04773081839,-0.1055896431,1
137,106,0.07126117498,-0.005549680442,1
137,114,0.04597840458,0.002418300137,1
137,122,0.06115445495,-0.0360324569,1
137,130,0.01528020948,-0.06873251498,1
137,138,-0.09890901297,-0.1298854798,1
137,146,-0.05180974305,-0.05627924204,1
137,154,-0.1177159101,-0.1495445818,1
137,162,-0.09729816765,-0.1460571289,1
137,170,-0.04963283241,-0.1057408378,1
145,10,-0.2303947955,0.5195022821,1
145,18,-0.156705603,0.1243736073,1
145,26,-0.04017286748,-0.1404798329,1
145,34,0.09455789626,-0.1131125838,1
145,42,0.1448172927,-0.1121251434,1
145,50,0.1172641665,-0.03714132309,1
145,58,0.1069677845,0.02025815845,1
145,66,0.1548858583,0.1180077791,1
145,74,0.1461865455,0.0305855982,1
145,82,0.01766044647,-0.06328649819,1
145,90,-0.0661835894,-0.06576950103,1
145,98,-0.04989831895,-0.1107307822,1
145,106,0.1517767906,-0.07054619491,1
145,114,0.08261045069,-0.1327096522,1
145,122,0.04284235835,-0.05434110016,1
145,130,0.1293429285,-0.02996351384,1
145,138,0.06310362369,-0.02597536147,1
145,146,0.08566636592,-0.0283684358,1
145,154,0.09678135812,-0.1351049542,1
145,162,-0.0008705742657,-0.1199055612,1
145,170,-0.01259731501,0.02002035081,1
153,10,-0.0948766917,0.4206075668,1
153,18,0.01026072912,0.2390874922,1
153,26,-0.02516069636,0.05954346806,1
153,34,0.1142981127,0.07320705056,1
153,42,0.1215290725,-0.046864409,1
153,50,0.05397570133,0.05232856423,1
153,58,0.09029810131,0.1665761173,1
153,66,0.2135552913,0.1493330002,1
153,74,0.03023566864,0.0784477666,1
153,82,-0.2267657518,-0.05381644517,1
153,90,-0.2466298938,-0.1397295296,1
153,98,-0.08271802962,-0.1180011481,1
153,106,0.09526128322,-0.1001838222,1
153,114,0.102124095,-0.04452123865,1
153,122,0.0613752231,-0.08442039043,1
153,130,0.02289819345,-0.1148489192,1
153,138,-0.006585435942,-0.05712015554,1
153,146,0.05980420858,-0.0157917887,1
153,154,0.007493179291,-0.008905019611,1
153,162,-0.06892649084,0.02025744691,1
153,170,-0.07028801739,0.01454706863,1
161,10,-0.1267891824,0.1828238368,1
161,18,-0.04281983525,0.2501975894,1
161,26,-0.020018287,0.2083834261,1
161,34,0.0888652131,0.1571089625,1
161,42,0.09155709296,0.1378524303,1
161,50,0.05245573074,0.1511955559,1
161,58,0.005486700684,0.1905767769,1
161,66,0.01386192441,0.1331803799,1
161,74,-0.07512886077,0.08820688725,1
161,82,-0.2479097247,-0.02669434249,1
161,90,-0.2367001921,-0.1352925301,1
161,98,-0.1444602013,-0.03382244706,1
161,106,-0.02090489864,-0.05208789185,1
161,114,-0.03016305715,-0.05037263781,1
161,122,-0.02890572697,-0.0882679522,1
161,130,-0.03888794035,-0.03899780288,1
161,138,-0.04496135935,0.07176461816,1
161,146,-0.003022842109,0.00661271438,1
161,154,0.01105073839,0.1000584885,1
161,162,-0.02486841753,0.01796045527,1
161,170,-0.2514221668,-0.1117877364,1
169,10,-0.03204397857,0.08004201204,1
169,18,0.03543495387,0.2103490978,1
169,26,-0.008464349434,0.2345239669,1
169,34,0.006747111678,0.1694255769,1
169,42,0.02061941102,0.1012955233,1
169,50,0.01348365843,0.07732059062,1
169,58,-0.03170099109,0.08166886121,1
169,66,-0.009038345888,0.05366905034,1
169,74,-0.04292580113,0.06435763836,1
169,82,-0.1842010766,-0.03921386972,1
169,90,-0.1476788074,-0.02692117542,1
169,98,-0.1039296538,0.005435015075,1
169,106,-0.1483007073,-0.007331643254,1
169,114,-0.06468944252,-0.02744965255,1
169,122,0.08171567321,0.02289107442,1
169,130,0.09756550938,0.02123665065,1
169,138,0.02467293665,0.04799860343,1
169,146,0.001613549888,0.04468405619,1
169,154,0.06498755515,0.07325232774,1
169,162,0.08086292446,-0.01757977903,1
169,170,-0.1705583483,-0.07173100859,1
177,10,-0.2204681486,-0.03643551469,1
177,18,-0.1592992097,0.1226104945,1
177,26,0.04818979278,0.1222476065,1
177,34,0.0919938311,0.1306125522,1
177,42,0.00931969285,0.04349271208,1
177,50,-0.04673533514,0.05134936422,1
177,58,-0.09594655037,0.06306416541,1
177,66,-0.05891793966,0.008324511349,1
177,74,-0.01901068538,0.03085022978,1
177,82,-0.08396644145,-0.0422410965,1
177,90,-0.08353106678,0.06127753481,1
177,98,-0.09071484208,0.006203183904,1
177,106,-0.2123235166,0.005667984486,1
177,114,-0.08302467316,0.05006714165,1
177,122,0.05156991631,-0.003044126555,1
177,130,0.02450976148,-0.1479446441,1
177,138,0.01975132525,-0.1119451523,1
177,146,0.04758597165,0.001609839499,1
177,154,0.07324013859,-0.02604071796,1
177,162,0.06878098845,-0.07278893143,1
177,170,0.06156109273,-0.05391568691,1
185,10,-0.2243079841,-0.1386766136,1
185,18,-0.1370635927,0.1115953773,1
185,26,0.06168883294,0.07877701521,1
185,34,0.02305591851,0.1950689852,1
185,42,-0.03145450726,0.1051935479,1
185,50,0.001844638959,0.06649994105,1
185,58,-0.01854645088,-0.06411857903,1
185,66,-0.02086441591,-0.01740108058,1
185,74,0.06159691513,0.002452496439,1
185,82,0.01186750643,-0.07669818401,1
185,90,0.0394814387,8.28653574e-05,1
185,98,0.07465213537,-0.006928645074,1
185,106,-0.02524683625,-0.006614771672,1
185,114,-0.08546155691,-0.04518021643,1
185,122,-0.09138545394,-0.04288418591,1
185,130,-0.09337551892,-0.1184875965,1
185,138,-0.06662798673,-0.08836921304,1
185,146,-0.04935202375,-0.08754976094,1
185,154,-0.1279149204,-0.1298361421,1
185,162,-0.044890102,-0.1114710271,1
185,170,0.1276831329,-0.04107905924,1
193,10,0.1248055249,-0.1366627812,1
193,18,0.2449127734,0.1408873498,1
193,26,-0.08209085464,0.1678894758,1
193,34,-0.09614644945,0.1467595547,1
193,42,-0.005425356328,0.0192161873,1
193,50,0.07052700222,-0.04851661623,1
193,58,-0.01022072323,-0.09912193567,1
193,66,0.04915295541,-0.08167291433,1
193,74,0.1682959497,-0.05415660888,1
193,82,0.1061731875,-0.08897215873,1
193,90,-0.001090541482,-0.0698806271,1
193,98,-0.1043406129,-0.03739111871,1
193,106,-0.1497244239,-0.006009665318,1
193,114,-0.154789567,-0.008399467915,1
193,122,-0.01517884806,0.05053027719,1
193,130,-0.02398131788,0.1690668911,1
193,138,-0.1041460186,-0.04438972473,1
193,146,-0.05757830292,-0.09763667732,1
193,154,-0.01377435774,-0.1816882491,1
193,162,0.0516545251,-0.0882409662,1
193,170,0.1239429861,-0.01699993759,1
201,10,0.189950496,-0.008487083018,1
201,18,0.1771023273,0.07127268612,1
201,26,0.007022749633,0.04664757848,1
201,34,0.07898493856,-0.07246012986,1
201,42,0.0868454203,-0.03375664726,1
201,50,-0.03763091937,-0.08071094751,1
201,58,0.03738456219,-0.01345833018,1
201,66,0.05040834099,-0.1519281715,1
201,74,0.1332125515,-0.03411924839,1
201,82,0.2101429403,0.05327451602,1
201,90,0.1836482435,0.07822114229,1
201,98,-0.1064043939,0.04006197676,1
201,106,-0.1072500721,-0.05545217916,1
201,114,-0.04206525907,-0.0364241004,1
201,122,0.05634037405,0.0238650851,1
201,130,0.03572835028,-0.03758426011,1
201,138,0.02619020641,-0.1645662487,1
201,146,0.002904616296,-0.09586530924,1
201,154,-0.05461647734,-0.03481700271,1
201,162,-0.06264358759,-0.04459822923,1
201,170,-0.1173178554,-0.06968590617,1
209,10,0.002681359649,0.2278071344,1
209,18,0.03133518994,-0.1135164052,1
209,26,0.05126561224,-0.2012281567,1
209,34,0.09180365503,-0.1459238082,1
209,42,0.004147384316,0.1038339958,1
209,50,-0.07374673337,-0.06244840473,1
209,58,0.2843827605,-0.178490147,1
209,66,0.02312375605,-0.1691628844,1
209,74,0.03545159101,0.1365222335,1
209,82,0.2211436331,-0.003174945712,1
209,90,0.3355109692,0.2574250698,1
209,98,0.08824007213,0.1901497245,1
209,106,-0.1178990081,-0.1900295615,1
209,114,-0.1202153638,-0.2218509912,1
209,122,-0.08390304446,-0.1494017541,1
209,130,0.1510068625,-0.2159511447,1
209,138,0.2047466636,-0.2453605235,1
209,146,0.04514031112,-0.1576324999,1
209,154,-0.2146702707,0.1532555372,1
209,162,-0.2431022525,-0.151148051,1
209,170,-0.08355934918,-0.1685827374,1
217,10,0.09022203088,0.3516826332,1
217,18,0.1023826152,0.1739681661,1
217,26,0.06575230509,0.06099633127,1
217,34,0.1478886008,0.07622706145,1
217,42,0.1361266673,-0.0640161857,1
217,50,-0.01301171165,-0.05330777168,1
217,58,0.05303814262,0.01737397909,2
217,66,0.01110561378,0.05341230333,1
217,74,0.02159988508,0.2128883451,1
217,82,0.03383676708,0.5332709551,1
217,90,0.0324093923,0.08863833547,1
217,98,0.05949494615,0.0694295913,1
217,106,0.07701278478,0.06666335464,1
217,114,0.08876099437,-0.3765509129,1
217,122,0.1122922897,-0.2093151808,1
217,130,-0.01321583521,0.04172033444,1
217,138,-0.0700141564,-0.1224518567,1
217,146,-0.07043901831,-0.1115804166,1
217,154,-0.1659089774,-0.2505287528,1
217,162,-0.06103379279,-0.1407352537,1
217,170,0.1304676682,-0.07734399289,1
225,10,-0.09212143719,0.3624906838,1
225,18,0.006940729916,0.1549631804,1
225,26,0.1355382204,0.05541931093,1
225,34,0.2323929071,0.08116116375,1
225,42,0.01515836641,0.08860121667,1
225,50,-0.0851739794,0.07206756622,1
225,58,-0.07032408565,0.2478815317,1
225,66,-0.02767677978,0.1217968911,1
225,74,-0.04053942859,0.156789124,1
225,82,-0.0001807361841,0.2786152363,1
225,90,0.07429181784,0.0998172611,1
225,98,0.07911893725,0.03787440062,1
225,106,0.009375058115,-0.04187386855,1
225,114,-0.1398798525,-0.2821537256,1
225,122,0.004139167257,-0.1034981459,1
225,130,0.0964622125,0.1055817604,1
225,138,-0.002685107291,0.02572152764,1
225,146,-0.06744916737,-0.06828262657,1
225,154,-0.1162557378,-0.2084637433,1
225,162,-0.06943282485,-0.08213311434,1
225,170,0.01961585879,0.08073920012,1
233,10,-0.0679442063,0.262062788,1
233,18,-0.05576526001,0.1257776469,1
233,26,0.007725786418,0.1344898641,1
233,34,0.06054203957,0.09324046224,1
233,42,-0.0168337971,0.1142594516,1
233,50,-0.007438894361,0.111589998,1
233,58,-0.04799067974,0.1971596479,1
233,66,-0.1470446587,0.1507018656,1
233,74,-0.05058977753,0.1718058586,1
233,82,0.03793393821,0.1576918662,1
233,90,-0.002586599439,0.04807937145,1
233,98,0.02029193938,0.02410446107,1
233,106,-0.02412234247,-0.01467975508,1
233,114,-0.05319406837,-0.06681640446,1
233,122,0.04718630016,0.03966799378,1
233,130,0.05257805809,0.1521196663,1
233,138,-0.03641765937,0.07228653878,1
233,146,-0.1416950822,-0.1177867502,1
233,154,-0.2066098452,0.02047371492,1
233,162,-0.2909249067,-0.02975097112,1
233,170,0.004858665168,0.05652382225,1
241,10,-0.03210571408,0.2097561955,1
241,18,-0.08282408118,0.2044198513,1
241,26,-0.1780462861,0.1634635627,1
241,34,-0.134420231,0.09754869342,1
241,42,-0.03026398271,0.07612966001,1
241,50,0.009308561683,0.1419637352,1
241,58,-0.2168450952,0.2789580822,1
241,66,-0.1621467173,0.2254734337,1
241,74,-0.1031679809,0.1025788188,1
241,82,0.01567615196,0.04689519107,1
241,90,0.01047753356,-0.03695184365,1
241,98,-0.02482113987,-0.06690500677,1
241,106,-0.05652042478,0.02689664438,1
241,114,-0.0486208275,0.198639214,1
241,122,0.04317260534,0.1759677678,1
241,130,0.06775283813,0.1779538244,1
241,138,-0.005844790488,0.05565944314,1
241,146,-0.1238856837,-0.0988791436,1
241,154,-0.1616774201,0.1019171253,1
241,162,-0.1002070829,0.0550744459,1
241,170,0.1549052,-0.04375888407,1
249,10,-0.07471951842,0.2321040332,1
249,18,-0.1203842759,0.1960928887,1
249,26,-0.1950576007,0.1520139277,1
249,34,-0.1457704157,0.1562863886,1
249,42,-0.05522472411,0.1138221249,1
249,50,-0.02290143073,0.02937885374,1
249,58,-0.04775763303,0.09028065205,1
249,66,-0.007044777274,0.1524017751,1
249,74,0.006632335484,0.1050919816,1
249,82,-0.1400766969,-0.0001938678324,1
249,90,-0.07170824707,0.007633129135,1
249,98,-0.1007568166,-0.001043162309,1
249,106,-0.1569755971,0.07503248751,1
249,114,-0.1715607941,0.197041288,1
249,122,-0.1495631039,0.0324312821,1
249,130,-0.02586984634,0.0574741438,1
249,138,0.04470441863,0.09123844653,1
249,146,-0.07391308993,-0.04092035815,1
249,154,-0.1489944607,-0.02539533377,1
249,162,-0.1452032626,-0.05016358197,1
249,170,0.06103080884,-0.06437831372,1
257,10,-0.1635425836,0.1491294205,1
257,18,-0.2120534033,-0.003400564194,1
257,26,-0.2347688377,0.2125082016,1
257,34,-0.09942668676,0.1451250911,1
257,42,-0.04978419095,0.04201517999,1
257,50,-0.1176740825,0.01390950382,1
257,58,-0.05025684088,-0.006553694606,1
257,66,-0.001582868397,-0.02183490992,1
257,74,-0.006551906466,0.1262793541,1
257,82,-0.1304199398,-0.05021133274,1
257,90,-0.2527968585,-0.09687588364,1
257,98,-0.1395212859,0.02314919606,1
257,106,-0.05262157321,0.06443400681,1
257,114,-0.07653345168,0.1079493016,1
257,122,-0.1717915088,-0.06970261782,1
257,130,-0.04170624539,0.00925478898,1
257,138,0.004608746618,0.09342032671,1
257,146,-0.1215461716,-0.004713404924,1
257,154,-0.09572847188,-0.3602560163,1
257,162,-0.1214564443,-0.08152695745,1
257,170,-0.1361093223,-0.04860463366,1
265,10,-0.0521181263,0.1831738055,1
265,18,-0.2245831937,0.03510200977,1
265,26,-0.219167158,0.1534173489,1
265,34,-0.08958692849,0.1598893404,1
265,42,-0.1258112192,0.06712888181,1
265,50,-0.1875032932,0.2335302234,1
265,58,-0.07026406378,0.06901217997,1
265,66,0.04420555383,0.01962746121,1
265,74,-0.09663197398,0.1547622979,1
265,82,-0.1393211186,0.006562171504,1
265,90,-0.1693823636,-0.07855689526,1
265,98,-0.1299161613,-0.1072256267,1
265,106,0.01770120859,-0.1109946668,1
265,114,-0.03356535733,-0.0124662891,1
265,122,-0.06105771661,-0.05242072791,1
265,130,-0.01919946074,0.03278442472,1
265,138,-0.02878974378,0.07820902765,1
265,146,-0.05621512979,0.001567065716,1
265,154,-0.0657132864,-0.07596056163,1
265,162,-0.04104263335,-0.2046655118,1
265,170,-0.08443276584,-0.03834074363,1
273,10,0.186347127,0.3302271068,1
273,18,-0.1577033401,0.2690241933,1
273,26,-0.2557184994,0.1255920827,1
273,34,-0.160998866,0.1161391735,1
273,42,-0.09849012643,0.08625207841,1
273,50,-0.01931999251,0.09617906809,1
273,58,0.03039490432,0.07681131363,1
273,66,0.02588816732,0.05901744217,1
273,74,-0.05996117741,0.08008393645,1
273,82,-0.1331347525,0.1264544129,1
273,90,-0.1766789258,0.06749276072,1
273,98,-0.1786132455,-0.07338281721,1
273,106,-0.1562058777,-0.08664336801,1
273,114,-0.1871887445,-0.02753482759,1
273,122,-0.1457541436,-0.1312364936,1
273,130,-0.1141703129,-0.1404813975,1
273,138,-0.05466229469,0.009765356779,1
273,146,-0.01375984401,0.06847586483,1
273,154,-0.07088805735,-0.1085800827,1
273,162,-0.04388488829,-0.2409005016,1
273,170,-0.1016911268,-0.1118976772,1
281,10,-0.03203962371,0.3817402422,1
281,18,-0.1187445521,0.1864367574,1
281,26,-0.171210736,0.1132391468,1
281,34,-0.1412653625,0.01592001319,1
281,42,-0.1113585681,0.04381089658,1
281,50,-0.04178809747,0.03423259035,1
281,58,-0.01578962058,0.001157481223,1
281,66,-0.04616524279,0.03413053602,1
281,74,-0.02004465461,-0.01551395189,1
281,82,0.09346394986,0.05790697783,1
281,90,0.04961621761,0.1716864109,1
281,98,-0.1794409752,-0.08781737089,1
281,106,-0.2561040819,-0.1099799499,1
281,114,-0.2238757461,-0.07542458922,1
281,122,-0.1731748879,-0.1163254976,1
281,130,-0.1473900825,-0.19674474,1
281,138,-0.05713836849,-0.2777169347,1
281,146,0.04547413439,-0.06993567944,1
281,154,-0.06292360276,-0.08799917251,1
281,162,-0.1226551235,-0.1905111969,1
281,170,-0.09600783885,-0.1403170824,1
289,10,-0.2131593525,0.267403841,1
289,18,-0.05761665106,0.01987072825,1
289,26,0.01843048632,-0.1418928206,1
289,34,0.01535017043,0.009839329869,1
289,42,-0.002305328846,0.04494590312,1
289,50,-0.05200642347,0.01142447814,1
289,58,-0.0676459074,0.008134871721,1
289,66,-0.0556800738,0.04801050574,1
289,74,-0.04803101718,-0.05049749464,1
289,82,-0.03353956342,-0.1006866172,1
289,90,-0.09058473259,-0.1468753815,1
289,98,-0.1874879897,-0.1927929223,1
289,106,-0.1511422843,-0.2100076824,1
289,114,-0.1811010689,-0.08668235689,1
289,122,-0.1501180232,-0.0986513868,1
289,130,-0.02538815141,-0.1555800438,1
289,138,0.04397564381,-0.1333326697,1
289,146,0.1062470078,-0.1888997406,1
289,154,-0.01592288166,-0.1184406877,1
289,162,-0.0803662762,-0.06845197082,1
289,170,-0.1002092734,-0.08834792674,1
297,10,-0.12710765,0.2409977317,1
297,18,-0.05777747929,-0.004306100309,1
297,26,-0.04606691003,-0.007391568273,1
297,34,-0.02097374201,-0.04739919305,1
297,42,0.005635641515,-0.02895781025,1
297,50,-0.06020505726,0.04567037895,1
297,58,-0.08677058667,0.1038759798,1
297,66,-0.1404702216,-0.08480586857,1
297,74,-0.3348635137,0.04410250112,1
297,82,-0.1900961548,-0.04061276838,1
297,90,-0.07819893211,-0.0592639558,1
297,98,-0.07454609871,-0.34454,1
297,106,-0.1048811078,-0.2544158697,1
297,114,-0.07399193943,0.02548988909,1
297,122,-0.01490475237,-0.04030108452,1
297,130,-0.05434937775,-0.1186703742,1
297,138,-0.0542280972,-0.03985720128,1
297,146,-0.03415949643,-0.09171067923,1
297,154,-0.1100628674,-0.1730832756,1
297,162,-0.1281679571,-0.09885635972,1
297,170,-0.04749650508,-0.1064825654,1
305,10,0.01202835143,0.2053744048,1
305,18,-0.02490892261,0.07467752695,1
305,26,0.03387054428,0.0956813246,1
305,34,0.1423040777,0.01289661601,1
305,42,0.2108729631,0.009359370917,1
305,50,0.1938225329,0.05026825145,1
305,58,0.004150804132,0.04878181964,1
305,66,-0.1497561336,-0.03647769988,1
305,74,-0.1179066226,0.164934814,1
305,82,0.03183668852,0.1334167123,1
305,90,0.1026369855,0.06157924235,1
305,98,-0.03224909306,-0.08326342702,1
305,106,-0.1380106211,-0.06700059026,1
305,114,-0.05500990152,0.1044489741,1
305,122,0.01768645644,-0.02804582193,1
305,130,-0.1298250258,-0.1035696417,1
305,138,-0.1482921392,-0.09815363586,1
305,146,-0.1284593344,-0.0854613483,1
305,154,-0.2302817106,-0.1080662906,1
305,162,-0.2424557209,-0.09227669239,1
305,170,0.01041633636,-0.1532549858,1
313,10,0.02351304889,-0.005417093635,1
313,18,-0.02002840117,-0.06086009741,1
313,26,0.04210159183,0.01109899208,1
313,34,0.0567804426,0.2206901461,1
313,42,0.03602951393,0.09449505061,1
313,50,-0.004447681829,-0.03699436039,1
313,58,-0.06320682168,-0.0006961021572,1
313,66,-0.0568651557,-0.02921947464,1
313,74,-0.1268597245,0.07631513476,1
313,82,-0.01850947738,0.1337751746,1
313,90,0.01371699572,-0.05824619532,1
313,98,-0.1589975804,-0.05033075064,1
313,106,-0.2046035528,-0.003602959216,1
313,114,-0.1294034868,0.1166121513,1
313,122,-0.1568364501,0.0146394819,1
313,130,-0.1781046689,-0.05887819827,1
313,138,-0.1695375443,-0.05881544575,1
313,146,-0.1974891722,-0.1439900398,1
313,154,-0.3529745936,-0.1801107824,1
313,162,-0.3286315203,-0.1150045544,1
313,170,-0.07318394631,-0.03116462752,1
321,10,-0.01727290452,-0.0309583731,1
321,18,-0.04642826319,-0.0673507601,1
321,26,0.03425212204,-0.01637497544,1
321,34,0.07878361642,0.1926804334,1
321,42,-0.006008692086,0.1661724299,1
321,50,-0.02413517237,0.02807519771,1
321,58,-0.01410889626,-0.05631429702,1
321,66,-0.07036983222,-0.05481920391,1
321,74,-0.1123542562,0.08540480584,1
321,82,-0.0933163166,0.03840004653,1
321,90,-0.07903471589,-0.1284526587,1
321,98,-0.1590083838,-0.1919154823,1
321,106,-0.1904166788,-0.08179987967,1
321,114,-0.1540995836,0.03616364673,1
321,122,-0.06852520257,0.04725545645,1
321,130,-0.09815186262,0.01652370766,1
321,138,-0.1834559441,-0.01464587823,1
321,146,-0.2642372251,-0.1497609317,1
321,154,-0.3802682161,-0.1833275855,1
321,162,-0.4373466074,-0.03699100763,1
321,170,-0.1759018153,0.06958705187,1
329,10,-0.1774630249,0.1281381845,1
329,18,-0.0722772181,0.1950914711,1
329,26,0.07201264799,0.05854525417,1
329,34,0.07236397266,0.15993765,1
329,42,-0.08351048082,0.1225209385,1
329,50,-0.2124061584,0.06407620013,1
329,58,-0.1316708922,0.009329639375,1
329,66,-0.08284963667,-0.002908159047,1
329,74,-0.07396931946,0.2061200142,1
329,82,-0.0926284045,-0.06291002035,1
329,90,-0.1985040009,-0.1002453342,1
329,98,-0.07974946499,-0.2435035408,1
329,106,-0.0408866778,-0.1532611549,1
329,114,-0.05462247133,0.007990092039,1
329,122,-0.07634040713,0.05446307361,1
329,130,-0.2187592536,-0.01178852096,1
329,138,-0.1761851758,-0.006419863552,1
329,146,-0.2142488807,-0.07091263682,1
329,154,-0.3230407238,-0.05055967718,1
329,162,-0.314933002,0.08885423094,1
329,170,-0.2432675809,0.2204829752,1
337,10,-0.2816017568,0.07526131719,1
337,18,-0.1136391312,-0.04380885512,1
337,26,-0.04782098532,0.005204128101,1
337,34,0.009102571756,0.1651098579,1
337,42,-0.02898566425,0.05817940086,1
337,50,-0.122714594,0.02115659416,1
337,58,-0.1453612447,0.04524693266,1
337,66,-0.06314353645,0.01586684957,1
337,74,0.03215513378,0.1664924324,1
337,82,-0.1971848905,0.06102494523,1
337,90,-0.3909786046,-0.02015187591,1
337,98,-0.2828031778,-0.1295375526,1
337,106,-0.1488766074,-0.1563017368,1
337,114,-0.01969850063,0.02124033868,1
337,122,-0.03289276361,0.07016844302,1
337,130,-0.1104038358,0.04037094116,1
337,138,-0.1268094033,0.115740709,1
337,146,-0.1535701156,0.07869147509,1
337,154,-0.1927751452,0.01244723797,1
337,162,-0.1447460651,0.02505517751,1
337,170,-0.1697456092,0.1808689535,1
345,10,-0.1452369094,0.1149899811,1
345,18,-0.03913197294,-0.07254143804,1
345,26,-0.0312744081,-0.09469070286,1
345,34,-0.04596893489,0.1351558268,1
345,42,-0.1082625911,0.1913008243,1
345,50,-0.05935121328,-0.002722278237,1
345,58,-0.09615850449,0.05033777654,1
345,66,-0.09099467099,0.1006094366,1
345,74,-0.04643456638,0.09852668643,1
345,82,-0.1027260125,0.08638845384,1
345,90,-0.1917064041,0.1182796508,1
345,98,-0.23084566,-0.0670895949,1
345,106,-0.05282194167,-0.2499541342,1
345,114,-0.005055196583,-0.1004342958,1
345,122,0.002364866436,0.03636134788,1
345,130,0.03765231371,0.03571907803,1
345,138,-0.008946985006,0.1135606542,1
345,146,-0.1362678111,0.1179317981,1
345,154,-0.02323430777,0.02040264942,1
345,162,0.01643322408,0.001082345843,1
345,170,-0.06664416939,0.07627028227,1
353,10,-0.08367419988,0.1386655122,1
353,18,0.02704995126,0.04825896397,1
353,26,0.01702694595,-0.1677125692,1
353,34,-0.07907959074,-0.07064640522,1
353,42,-0.1679522395,0.08716216683,1
353,50,-0.06500786543,-0.1610472798,1
353,58,-0.1105685458,0.124676913,1
353,66,-0.1588084102,0.1791128367,1
353,74,-0.1255199909,0.1106877327,1
353,82,-0.02403520048,-0.04647187889,1
353,90,0.02313089371,0.02873576805,1
353,98,-0.1125973612,-0.07873883843,1
353,106,-0.02974300832,-0.2716856599,1
353,114,-0.05924206972,-0.07956376672,1
353,122,-0.07262868434,0.1487739235,1
353,130,0.00958185643,0.08235105872,1
353,138,-0.1032965332,0.01431269199,1
353,146,-0.1648380905,0.01597959548,1
353,154,-0.01240719855,-0.003550184891,1
353,162,0.008458763361,0.01205344498,1
353,170,0.0289594382,0.04685020447,1
361,10,-0.006521596573,0.04621256888,1
361,18,0.106811218,-0.02894396335,1
361,26,0.09495736659,-0.1791823655,1
361,34,-0.03717833012,-0.184396714,1
361,42,-0.06562248617,-0.02129464969,1
361,50,-0.02945755422,-0.07269939035,1
361,58,-0.1709683985,0.1794861108,1
361,66,-0.1743562073,0.1571553648,1
361,74,-0.1012495086,0.03810254857,1
361,82,-0.09701064229,-0.1352390051,1
361,90,-0.05854228139,-0.03573568165,1
361,98,-0.1413677186,0.0363464281,1
361,106,-0.1108913049,-0.03011931106,1
361,114,-0.1552948207,0.03988671303,1
361,122,-0.3177609444,0.1734925658,1
361,130,-0.1431006938,0.158239305,1
361,138,0.0661727339,0.09166520089,1
361,146,0.08199378848,0.04556057975,1
361,154,0.05990815163,-0.04512452707,1
361,162,0.03487414122,0.05216351897,1
361,170,0.08033369482,-0.02178609744,1
369,10,-0.01015333831,-0.01376926899,1
369,18,-0.06179055572,-0.1168917865,1
369,26,0.1076894253,-0.2408494502,1
369,34,-0.01060991734,-0.1332290918,1
369,42,-0.1000436097,0.2944887578,1
369,50,-0.1155359298,0.1409144998,1
369,58,-0.1584766656,0.1360426545,1
369,66,-0.2212763876,0.1158787459,1
369,74,-0.3213587701,-0.04141233116,1
369,82,-0.2393687665,-0.02506864071,1
369,90,-0.1263157576,0.05775067955,1
369,98,-0.09955607355,0.07528368384,1
369,106,-0.07014253736,0.0882076323,1
369,114,-0.04336330295,0.0362733677,1
369,122,-0.1390227079,0.03895544633,1
369,130,-0.2144182771,0.08873467147,1
369,138,-0.1627256423,0.09204827994,1
369,146,-0.09356570244,0.1263041645,1
369,154,-0.0009271278977,0.04656096548,1
369,162,-0.008254144341,-0.02213076502,1
369,170,-0.08371849358,-0.0396270752,1
377,10,-0.1520121098,0.06291534007,1
377,18,-0.1978886276,-0.054129228,1
377,26,-0.2027162611,-0.1637717336,1
377,34,-0.02464534342,-0.0434490405,1
377,42,-0.04556599259,0.3275997043,1
377,50,-0.1379994452,0.1629492939,1
377,58,-0.1562112719,0.1763251126,1
377,66,-0.1972421408,0.1300498396,1
377,74,-0.1199454367,0.02269606665,1
377,82,-0.09135915339,0.03116218187,1
377,90,-0.1278235018,0.0588449724,1
377,98,-0.1388784051,-0.03331557289,1
377,106,-0.1436575204,-0.03305110335,1
377,114,-0.04254914075,-0.04854980484,1
377,122,-0.05015456676,0.04806553572,1
377,130,-0.1876645088,0.08593758196,1
377,138,-0.1651728302,0.03610189259,1
377,146,-0.08455788344,0.08365367353,1
377,154,-0.1825155914,0.09418789297,1
377,162,-0.1255390942,-0.04698421434,1
377,170,-0.156218946,-0.08357210457,1
385,10,-0.1971265376,0.4159339666,1
385,18,-0.106037885,0.08681996912,1
385,26,-0.05975081772,-0.07570298016,1
385,34,-0.1023262888,0.05895157531,1
385,42,-0.1193627119,0.06552578509,1
385,50,-0.1203817874,0.08764572442,1
385,58,-0.1266970336,0.2551804781,1
385,66,-0.1320360601,0.1893227547,1
385,74,0.01806423813,0.1086638868,1
385,82,0.08247964084,-0.005656838417,1
385,90,-0.1455785483,0.1080098301,1
385,98,-0.08441630006,-0.04831767082,1
385,106,0.03484019637,-0.1622141451,1
385,114,-0.06990383565,-0.03645837307,1
385,122,-0.0956299305,0.1277402192,1
385,130,-0.1247821525,0.06825138628,1
385,138,-0.1857407391,-0.103384465,1
385,146,-0.1341879815,-0.05283202603,1
385,154,-0.08811999857,-0.05046074092,1
385,162,-0.129152149,-0.07088372111,1
385,170,-0.1682865471,-0.04288144782,1
393,10,-0.214613542,0.3510026634,1
393,18,-0.06980215013,0.04306334257,1
393,26,-0.04222320765,-0.1113235056,1
393,34,-0.1459251791,0.03865697235,1
393,42,-0.4039974213,-0.02973192558,1
393,50,-0.3855153322,0.01781825721,1
393,58,-0.1603956372,0.1191854179,1
393,66,0.02390700579,0.1028635204,1
393,74,0.02895021439,0.186258629,1
393,82,-0.1171579659,0.1767901778,1
393,90,-0.1797145605,0.2122709751,1
393,98,-0.1147789359,0.03710725904,1
393,106,-0.04975952953,-0.01333537884,1
393,114,-0.1555199325,-0.09121662378,1
393,122,-0.1169367433,-0.2319922447,1
393,130,-0.008397497237,0.02746859007,1
393,138,-0.06154707074,0.07928469777,1
393,146,-0.1223896369,-0.05250343308,1
393,154,-0.05904299766,-0.0994931981,1
393,162,-0.07122801989,-0.001817185432,1
393,170,-0.1703806967,0.08287606388,1
401,10,-0.2017466426,0.1953709722,1
401,18,-0.05802841485,0.02694823593,1
401,26,-0.07127937675,-0.06266495585,1
401,34,-0.1580722779,0.01231979951,1
401,42,-0.2196466774,0.04539644718,1
401,50,-0.16739209,-0.004561565816,1
401,58,-0.04313459992,-0.01364043355,1
401,66,-0.02693288028,-0.06113380194,1
401,74,-0.07541063428,0.1195558012,1
401,82,-0.2887730002,0.2628279924,1
401,90,-0.3022497892,0.2915509045,1
401,98,-0.146464169,0.3006274104,1
401,106,-0.05914564431,0.2164531052,1
401,114,-0.09223758429,-0.1187542081,1
401,122,-0.1188037097,-0.2032511681,1
401,130,0.07743576169,-0.07088385522,1
401,138,-0.02271626145,0.07382600009,1
401,146,-0.122178562,-0.09124033898,1
401,154,-0.1036087126,0.009940654039,1
401,162,-0.1289163232,0.07967233658,1
401,170,-0.1254548728,0.02958194353,1
409,10,-0.2836336493,0.05847963691,1
409,18,-0.1752391011,0.06002230942,1
409,26,7.091462612e-05,0.08221516013,1
409,34,-0.05795703828,0.2638700604,1
409,42,-0.2148896754,0.2152771652,1
409,50,-0.1994920075,0.05217713118,1
409,58,-0.2229127288,0.07068951428,1
409,66,-0.2462830991,0.02950953692,1
409,74,-0.3058179021,0.1003458127,1
409,82,-0.3367441893,0.1784719378,1
409,90,-0.2406963408,0.1512892246,1
409,98,-0.1458079368,0.2406739295,1
409,106,0.009371995926,0.1849500835,1
409,114,-0.06257019937,-0.01105330512,1
409,122,-0.1521402597,-0.09787964821,1
409,130,0.0598295629,-0.09380714595,1
409,138,-0.05441196263,-0.01810356975,1
409,146,-0.09270939231,-0.1198410988,1
409,154,0.007522009313,0.04226908088,1
409,162,-0.04372356459,0.09716165811,1
409,170,-0.1765229106,-0.05472425744,1
417,10,-0.2969187498,-0.3245418072,1
417,18,-0.1303248256,-0.08292429149,1
417,26,0.1122091785,0.1605080813,1
417,34,0.07601611316,0.4939284921,1
417,42,-0.4070331752,0.3153034747,1
417,50,-0.3197728693,0.3119045496,1
417,58,-0.1952142119,0.2234146446,1
417,66,-0.2013531923,0.1626388133,1
417,74,-0.4410621524,0.05919721723,1
417,82,-0.3484736681,0.1941063702,1
417,90,-0.2001415044,0.194146961,1
417,98,-0.1777293831,0.202598989,1
417,106,-0.05118173361,0.07097616792,1
417,114,-0.2338677943,0.112840727,1
417,122,-0.416660428,0.01721139252,1
417,130,-0.4266809523,-0.069770962,1
417,138,-0.2995622456,0.07543154806,1
417,146,-0.1179450601,0.02901041694,1
417,154,0.1160483584,-0.05413209647,1
417,162,0.01684034988,0.0558353886,1
417,170,-0.5119822025,-0.1069716066,1
