PIVlab, ASCII chart output - 02-Aug-2025
FRAME: 61, filenames: A:[61]FullStack_Pos0035_TgUtrmcherry_K4K8MO-1.avi & B:[62]FullStack_Pos0035_TgUtrmcherry_K4K8MO-1.avi, conversion factor xy (px -> m): 1, conversion factor uv (px/frame -> m/s): 1
x [px],y [px],u [px/frame],v [px/frame],Vector type [-]
9,10,-0.4549348652,-0.1581924707,1
9,18,-0.05900239944,0.1224369705,1
9,26,0.1023783982,0.1314500272,1
9,34,0.1182518601,0.1734297127,1
9,42,-0.09834492207,0.1244071126,1
9,50,-0.2853213847,0.1704233587,1
9,58,-0.2779351175,0.1195591092,1
9,66,-0.02464164793,0.06271140277,1
9,74,0.1047944948,0.1193361431,1
9,82,0.02474582195,0.03682909906,1
9,90,-0.07774764299,-0.09899385273,1
9,98,-0.01809675246,-0.1502047777,1
9,106,0.03396078944,-0.1989270598,1
9,114,-0.0865111351,-0.1552663445,1
9,122,-0.07219491899,0.1301752925,1
9,130,0.007370360196,0.1357462108,1
9,138,0.1107386798,-0.03541114554,1
9,146,0.1783833206,-0.2085863054,1
9,154,0.1884883642,-0.260841161,1
9,162,0.1860467792,-0.1816316247,1
9,170,0.2670875192,0.1181420684,1
17,10,-0.1878937334,-0.1198011637,1
17,18,-0.05298702791,0.06098689139,1
17,26,0.05842123926,0.09692021459,1
17,34,0.05288748443,0.07132540643,1
17,42,0.01000566408,-0.06759613752,1
17,50,-0.01808938384,-0.02997677401,1
17,58,-0.06460304558,0.09318353981,1
17,66,-0.1105506197,0.001683533192,1
17,74,-0.05255722255,0.07599109411,1
17,82,0.02571648359,0.07488916069,1
17,90,-0.00805305317,-0.1098028421,1
17,98,-0.02300248668,-0.1698537469,1
17,106,-0.06010144949,-0.1288025081,1
17,114,-0.1910860837,-0.05930542201,1
17,122,-0.1873944402,0.1369090676,1
17,130,-0.03125690296,0.1212990806,1
17,138,-0.003303702921,0.05953210592,1
17,146,0.03487796336,-0.06748475134,1
17,154,0.04196154326,-0.1586624533,1
17,162,0.1353729665,-0.01299735531,1
17,170,0.2729741633,0.2725414634,1
25,10,0.1526661217,-0.01011504792,1
25,18,0.2032672614,0.1044216976,1
25,26,0.1975547671,0.1111467704,1
25,34,0.1208895296,0.03156580031,1
25,42,0.03439708054,-0.1495511085,1
25,50,-0.06583666801,-0.2315019667,1
25,58,-0.07927012444,-0.1151830927,1
25,66,-0.1007534191,-0.08087688684,1
25,74,-0.187271744,0.005404322408,1
25,82,-0.1174841002,0.01922326162,1
25,90,-0.04292996973,-0.1711223125,1
25,98,-0.09792678803,-0.1009585857,1
25,106,-0.204843998,-0.0591275543,1
25,114,-0.2011248171,0.0832926929,1
25,122,-0.1500947475,0.08722890913,1
25,130,-0.02217967063,-0.06860210001,1
25,138,-0.04040654004,0.008775737137,1
25,146,-0.1988526881,-0.0899829343,1
25,154,-0.1977655143,-0.05029432103,1
25,162,0.0605163537,0.1101070419,1
25,170,0.227534011,0.3888779879,1
33,10,0.1674292833,-0.0102340132,1
33,18,0.1207974777,0.05086661503,1
33,26,0.04942589998,0.03491682187,1
33,34,0.04850933701,0.0166067481,1
33,42,0.1155567765,-0.146422103,1
33,50,0.05884340033,-0.2201902121,1
33,58,0.03741506487,-0.1146045104,1
33,66,-0.01447223872,-0.09795260429,1
33,74,-0.2320988178,-0.08192946017,1
33,82,-0.1356898546,-0.005869146436,1
33,90,0.02234275639,0.03003235161,1
33,98,-0.02208353579,-0.04362523556,1
33,106,-0.1085815281,-0.05286562443,1
33,114,-0.06300092489,0.0597079657,1
33,122,-0.07905163616,0.008238773793,1
33,130,-0.05663757771,-0.07900663465,1
33,138,-0.05794493854,-0.007282862905,1
33,146,-0.1389410347,-0.05638355762,1
33,154,-0.1113252342,0.07661329955,1
33,162,0.05780190602,0.1296568364,1
33,170,0.1685611904,0.3174303472,1
41,10,-0.009122438729,-0.1674736738,1
41,18,0.1198483258,-0.1155761331,1
41,26,0.1263112873,-0.04335666448,1
41,34,0.1921890974,0.02051839419,1
41,42,0.1511988044,-0.1186453253,1
41,50,0.00922526978,-0.1716487706,1
41,58,0.002568215132,0.06341600418,1
41,66,-0.005858935416,-0.1042251736,1
41,74,-0.176384896,-0.1017354876,1
41,82,-0.2086425573,0.02384424582,1
41,90,-0.1368439794,0.1104854047,1
41,98,0.07640306652,-0.1496392488,1
41,106,0.01339713484,-0.1287420541,1
41,114,-0.1138464659,-0.04871308804,1
41,122,-0.1010165513,-0.02827870473,1
41,130,-0.1837092787,0.01141382288,1
41,138,-0.1212257892,0.1286261827,1
41,146,-0.09013534337,0.01716892235,1
41,154,-0.09044144303,0.07825488597,1
41,162,-0.06492806971,0.01012068242,1
41,170,-0.08370523155,0.1603626013,1
49,10,-0.04393981397,-0.1007247493,1
49,18,0.05717270076,-0.1579137444,1
49,26,0.1041686535,-0.02416664362,1
49,34,0.003676429391,0.07391663641,1
49,42,-0.08984326571,-0.02574965358,1
49,50,-0.06934070587,-0.1769560277,1
49,58,-0.112786442,0.01964502223,1
49,66,-0.07322068512,-0.06790940464,1
49,74,-0.1211307645,-0.002824809402,1
49,82,-0.1650240421,0.04538033158,1
49,90,-0.1305997968,-0.05060785264,1
49,98,-0.007091119885,-0.3111321628,1
49,106,-0.03881696612,-0.04996136576,1
49,114,-0.1137852669,0.06844863296,1
49,122,-0.2460888922,0.02656902559,1
49,130,-0.3952386677,0.07138771564,1
49,138,-0.1767061502,0.07004097104,1
49,146,0.03258955479,0.1177124679,1
49,154,0.0115349628,0.132114917,1
49,162,-0.0537644513,-0.01871486008,1
49,170,-0.08450017869,0.07710029185,1
57,10,0.08330923319,-0.02451581508,1
57,18,0.02898306772,-0.04857290536,1
57,26,0.1012449116,0.04209472239,1
57,34,-0.04061891511,-0.07413540781,1
57,42,-0.199919939,-0.196093902,1
57,50,-0.1243380159,-0.1058124006,1
57,58,-0.07509338856,0.01098876167,1
57,66,-0.02896353602,0.0646507591,1
57,74,-0.1361484528,0.1085061058,1
57,82,-0.1637833714,0.04241744801,1
57,90,-0.150187999,-0.1825815588,1
57,98,-0.1339212805,-0.101954706,1
57,106,-0.08715489507,0.07904624939,1
57,114,-0.09195396304,0.1138945147,1
57,122,-0.08102852106,0.1247514933,1
57,130,-0.2179679126,0.1193617433,1
57,138,-0.25979352,0.07338923216,1
57,146,0.0338768959,0.1066016108,1
57,154,-0.1187461913,0.1591016501,1
57,162,-0.1189018488,-0.003513112664,1
57,170,-0.04438574612,0.08735585213,1
65,10,0.01643137261,-0.09123764187,1
65,18,0.1255957037,0.08193182945,1
65,26,0.1466137171,0.02750664949,1
65,34,0.016492052,-0.03533000126,1
65,42,-0.107439138,-0.06787402183,1
65,50,-0.07661297917,-0.0915800035,1
65,58,-0.1229464561,-0.01164526492,1
65,66,-0.09664141387,-0.0003917627037,1
65,74,-0.1194752902,0.1625076532,1
65,82,-0.1697705835,0.07613795996,1
65,90,-0.1004153341,-0.143264547,1
65,98,0.0213041231,-0.04664787278,1
65,106,0.0127422139,-0.0522178933,1
65,114,-0.03903098404,-0.01983441226,1
65,122,-0.1052039564,0.08551187813,1
65,130,-0.1219989806,0.1839790791,1
65,138,-0.009423397481,0.1042166352,1
65,146,0.007443226874,0.01659154892,1
65,154,-0.1234180778,0.07649479806,1
65,162,-0.06402881444,0.08806096017,1
65,170,-0.0257307142,0.1090400144,1
73,10,-0.2098294944,-0.1074002907,1
73,18,-0.1249143034,0.04803901166,1
73,26,0.09591171145,0.0006800219417,1
73,34,-0.03407497704,0.1343349814,1
73,42,-0.07837433368,0.1410703212,1
73,50,-0.005714043975,0.005876462907,1
73,58,-0.2494890094,0.01915200427,1
73,66,-0.2490150928,0.0120164752,1
73,74,-0.1098684445,0.1218838841,1
73,82,-0.1427865326,0.1450210065,1
73,90,-0.2024190128,-0.02130481973,1
73,98,-0.1988196224,-0.04658348486,1
73,106,-0.1665810645,-0.008207637817,1
73,114,-0.05570970476,-0.004107303917,1
73,122,-0.05477939919,0.02495011687,1
73,130,-0.05969550088,0.1238709614,1
73,138,-0.03863485157,0.1912842989,1
73,146,-0.03943354636,0.0632044971,1
73,154,0.007189325988,0.07455082238,1
73,162,0.002378068864,0.1586302519,1
73,170,-0.0942742154,0.02067185193,1
81,10,-0.2149509192,-0.0831771791,1
81,18,-0.1424776465,-0.05019357055,1
81,26,-0.003250412643,-0.05014441535,1
81,34,0.01935816184,0.06004533917,1
81,42,0.1255071163,0.1251757443,1
81,50,0.05676111579,0.0921825245,1
81,58,-0.1773615479,0.0305724442,1
81,66,-0.1923779547,0.0100491643,1
81,74,-0.109519653,0.013009049,1
81,82,-0.00465297699,0.08318933845,1
81,90,-0.07401417941,-0.05076443031,1
81,98,-0.2606648207,-0.01761879027,1
81,106,-0.07442802936,0.05178401247,1
81,114,-0.03812190145,0.03871661425,1
81,122,-0.09183503687,0.09018079937,1
81,130,-0.08076535165,0.1144318283,1
81,138,-0.168648392,0.2051616907,1
81,146,-0.1672837734,0.1683948636,1
81,154,-0.1219223961,0.1242102832,1
81,162,-0.1970234513,0.1821029931,1
81,170,-0.1452495754,-0.105808869,1
89,10,-0.06146989763,-0.1658487618,1
89,18,0.0604891628,-0.1133531183,1
89,26,-0.01438797265,-0.1379597932,1
89,34,-0.05061950907,-0.1722239703,1
89,42,0.09176684916,0.05315103382,1
89,50,0.122929059,0.09041226655,1
89,58,-0.07539094985,0.01495169848,1
89,66,-0.03016614541,-0.05216167867,1
89,74,0.06252139807,-0.05302942172,1
89,82,-0.0006520655006,0.06436051428,1
89,90,-0.01202858798,-0.03367536888,1
89,98,0.004826195538,0.02511113137,1
89,106,-0.04955928028,0.09011863172,1
89,114,-0.05799231678,-0.03815595806,1
89,122,-0.06839118898,0.08516996354,1
89,130,-0.02162382752,0.1161000431,1
89,138,-0.07813148946,0.2098094076,1
89,146,-0.1404625624,0.1822020262,1
89,154,-0.2103115171,0.09306124598,1
89,162,-0.2101415396,0.07981577516,1
89,170,-0.04272050411,-0.1857591569,1
97,10,-0.1770920902,-0.1438701004,1
97,18,0.003219112754,-0.0888505429,1
97,26,-0.06625206023,-0.1070308089,1
97,34,-0.1555079967,-0.1345708817,1
97,42,0.05929717422,0.1209593043,1
97,50,0.07940798253,-0.007461860776,1
97,58,-0.06589443982,0.03493082523,1
97,66,-0.02762211859,0.1157940552,1
97,74,0.1608552039,0.1050918773,1
97,82,0.0628163293,0.08608075976,1
97,90,0.05359829217,0.06014161557,1
97,98,0.04902613908,0.1789102107,1
97,106,-0.03313678503,0.1553516835,1
97,114,-0.00218912214,-0.04713665694,1
97,122,-0.1341805756,-0.06935232878,1
97,130,-0.01748547703,0.008218415082,1
97,138,-0.06287066638,0.2066340148,1
97,146,-0.1339744627,0.1365765482,1
97,154,-0.1066947058,-0.06497073174,1
97,162,-0.2837070525,-0.01181606203,1
97,170,-0.09745366871,-0.1719614118,1
105,10,-0.1109249145,-0.05430042744,1
105,18,-0.04763521999,-0.087232925,1
105,26,-0.07948023081,0.02332559787,1
105,34,0.01204318553,0.05429490656,1
105,42,0.0619466342,0.1194439828,1
105,50,-0.0001270789653,-0.03811042383,1
105,58,-0.05612526834,0.04091506079,1
105,66,-0.1321152151,0.1778504699,1
105,74,-0.1448695064,0.06092075258,1
105,82,-0.01258370932,-0.07560622692,1
105,90,0.02007433027,0.06490375102,1
105,98,-0.1184380427,0.1948871166,1
105,106,-0.0746447444,0.08741655201,1
105,114,-0.05810105801,-0.008766446263,1
105,122,-0.1968246549,-0.0981207788,1
105,130,0.05469250679,-0.2116319835,1
105,138,-0.02265227586,0.1053061336,1
105,146,-0.04993422329,0.03250779212,1
105,154,-0.009144373238,0.001963168383,1
105,162,-0.04645736516,0.03734201193,1
105,170,-0.04871329665,-0.1357501596,1
113,10,-0.1322197914,0.02616553009,1
113,18,-0.08812104911,-0.03848862648,1
113,26,-0.2274565399,-0.03780870885,1
113,34,-0.06237012148,0.001587329432,1
113,42,0.02743589319,0.03290174901,1
113,50,-0.01834768057,-0.01306020468,1
113,58,-0.05051023513,0.07758671045,1
113,66,-0.1284091771,0.1986239105,1
113,74,-0.2539028227,0.05210892111,1
113,82,-0.1159630194,-0.06596165895,1
113,90,0.0574560985,0.02149676904,1
113,98,0.02084919438,0.1084262356,1
113,106,-0.09638695419,0.0100678727,1
113,114,-0.08028556406,-0.1116059273,1
113,122,-0.2043451369,0.03217886388,1
113,130,-0.1363098323,0.0339602083,1
113,138,-0.2001479864,0.09868888557,1
113,146,-0.1631519496,0.05135461688,1
113,154,-0.05983220041,0.07029034942,1
113,162,-0.05462013185,-0.004823559429,1
113,170,-0.05848626792,-0.1150847077,1
121,10,-0.1004789099,0.1220050678,1
121,18,0.08211074769,0.05091043934,1
121,26,-0.007945850492,-0.02825056203,1
121,34,0.1189487502,-0.06472926587,1
121,42,0.1934474558,-0.01072193682,1
121,50,0.05057809502,-0.01658502594,1
121,58,-0.07346750796,0.02931903303,1
121,66,-0.1204036176,0.1515616477,1
121,74,-0.148292616,0.1192952842,1
121,82,-0.06277427077,0.127164349,1
121,90,0.01506231166,-0.006377607584,1
121,98,0.03291950375,0.05774365366,1
121,106,-0.07057481259,0.08713951707,1
121,114,-0.1409662664,-0.003465201706,1
121,122,-0.1594919264,0.1485166401,1
121,130,-0.1175263301,0.1677943617,1
121,138,-0.003987532109,0.1270648688,1
121,146,-0.00482945703,0.1940149963,1
121,154,0.004847448319,0.02416646853,1
121,162,-0.06851641089,-0.0408045724,1
121,170,-0.1943322569,0.01317275316,1
129,10,-0.1695219576,0.171883136,1
129,18,-0.08861299604,0.01842074841,1
129,26,0.0919854939,0.0220663175,1
129,34,0.1163130328,0.03021735698,1
129,42,0.0005801524967,0.05210895091,1
129,50,0.02597768232,0.08779707551,1
129,58,0.08456082642,-0.04590163007,1
129,66,0.1045708731,-0.02239951491,1
129,74,0.02197120339,0.09929910302,1
129,82,-0.01500983164,0.1837848872,1
129,90,0.020797709,0.003165259957,1
129,98,0.1243182346,0.01236760989,1
129,106,0.02520131506,0.1339631379,1
129,114,-0.158968389,0.008058845997,1
129,122,-0.0901042223,0.1308287084,1
129,130,0.01518997923,0.1601197124,1
129,138,0.1111864895,0.1263793111,1
129,146,0.1022378728,0.1340605617,1
129,154,0.09551091492,0.01031981409,1
129,162,0.06667782366,-0.03231156617,1
129,170,-0.203343749,0.06449343264,1
137,10,-0.122362949,0.1491122246,1
137,18,-0.08058250695,-0.01891375147,1
137,26,-0.01294493303,-0.03260718659,1
137,34,-0.08688630164,-0.04948050901,1
137,42,-0.1602351964,-0.02854741737,1
137,50,0.04984202981,0.04482741654,1
137,58,0.07496450096,-0.1047224551,1
137,66,0.05792890489,-0.1664940715,1
137,74,0.07258860767,0.04248963669,1
137,82,0.05191421509,0.07617483288,1
137,90,0.009072411805,-0.01952840015,1
137,98,0.03303862736,-0.01798021421,1
137,106,0.001920613926,0.0857700184,1
137,114,-0.04640506208,-0.05217433348,1
137,122,-0.02841877937,0.06572204828,1
137,130,-0.02212456241,0.1444532126,1
137,138,0.05765592679,0.01656533033,1
137,146,0.07270987332,-0.06879037619,1
137,154,0.02376108244,0.002138228156,1
137,162,-0.05097869411,-0.01335918251,1
137,170,-0.1463110298,0.01169605553,1
145,10,-0.08532910049,0.0312756449,1
145,18,-0.0618269816,0.006646892056,1
145,26,-0.1341702044,0.00754706189,1
145,34,-0.1802402139,-0.006911186501,1
145,42,-0.03286309913,-0.04936068505,1
145,50,0.07098508626,-0.03142203763,1
145,58,-0.03044192865,-0.06628288329,1
145,66,-0.02052391507,0.01361805201,1
145,74,0.04508161917,-0.01106964424,1
145,82,0.0600508675,-0.1093881279,1
145,90,0.04827003926,-0.04088182747,1
145,98,0.02238633856,-0.01311310474,1
145,106,0.01708206721,0.09169688821,1
145,114,-0.06826682389,0.1063614935,1
145,122,-0.08739100397,0.05716988444,1
145,130,-0.09872638434,0.09385053813,1
145,138,0.01219877694,0.005168069154,1
145,146,0.08948975801,-0.03513445333,1
145,154,0.08147899806,-0.1705932319,1
145,162,-0.1500613391,-0.05179689452,1
145,170,-0.235306263,0.01244565845,1
153,10,-0.01089554653,-0.05275120959,1
153,18,-0.1121853366,-0.007651314139,1
153,26,-0.1074485481,0.06584569812,1
153,34,-0.0495965369,0.1094555855,1
153,42,-0.0731856674,0.09323735535,1
153,50,-0.1006112546,-0.02350554988,1
153,58,-0.09610903263,-0.006558122113,1
153,66,-0.05828858167,0.03597109392,1
153,74,-0.005961958319,-0.054992266,1
153,82,0.0663690418,-0.1712800264,1
153,90,0.05489221215,-0.1073356569,1
153,98,0.07593926042,-0.1811677814,1
153,106,0.1513632536,0.1246224344,1
153,114,0.03606096655,0.1329193562,1
153,122,0.0001736972481,0.05355861783,1
153,130,-0.06870455295,0.06266415119,1
153,138,-0.09541960061,0.1144412011,1
153,146,0.05992230028,-0.005859829485,1
153,154,0.1278648525,-0.1243343055,1
153,162,0.09119479358,-0.1015500724,1
153,170,-0.06623586267,0.03731131554,1
161,10,0.059373945,-0.09901151806,1
161,18,-0.02387457713,0.06177408993,1
161,26,0.004166010767,0.114766553,1
161,34,0.05761898309,0.1155293435,1
161,42,-0.02080450207,0.050595209,1
161,50,-0.2823351324,-0.008808277547,1
161,58,-0.2213010788,0.07059585303,1
161,66,-0.1125752777,0.02681705356,1
161,74,0.02569337934,-0.0006598420441,1
161,82,0.2115937173,-0.1946433932,1
161,90,0.1480750144,-0.1257480383,1
161,98,0.1511270553,-0.1173621118,1
161,106,0.115440242,0.003801404499,1
161,114,-0.02079845965,0.02270864695,1
161,122,0.0047827214,0.003261864185,1
161,130,0.05449680984,0.06143846363,1
161,138,0.05099610984,0.05669400841,1
161,146,0.08607579768,-0.06184325367,1
161,154,0.03682968393,-0.04633577913,1
161,162,0.02072519064,-0.1507408321,1
161,170,-0.06100734323,-0.07123445719,1
169,10,0.1554612219,-0.07437853515,1
169,18,0.09671586752,0.09258408099,1
169,26,-0.0107030049,0.2371313125,1
169,34,-0.1364263594,0.1317075789,1
169,42,-0.1371310651,0.01923915744,1
169,50,-0.1196074784,0.06757719815,1
169,58,-0.02755368315,0.1447743326,1
169,66,0.04608167708,0.03147225082,1
169,74,0.1113722622,0.02749569342,1
169,82,0.2195012867,0.05075102299,1
169,90,0.1321050823,-0.03198526055,1
169,98,0.1456025392,-0.06597533077,1
169,106,0.05663150549,-0.008147880435,1
169,114,0.02608633041,0.1189386845,1
169,122,0.1221819371,-0.06312176585,1
169,130,0.03469673172,-0.01298686862,1
169,138,0.0536897853,-0.05063938722,1
169,146,0.05229464173,-0.08422516286,1
169,154,0.07057310641,0.01515504718,1
169,162,0.1582086086,0.05050804466,1
169,170,-0.0006769001484,-0.04135504737,1
177,10,0.1014236659,0.05850005522,1
177,18,0.0208324194,0.02387338132,1
177,26,0.001394886523,0.1563780308,1
177,34,0.02680114657,0.2616050839,1
177,42,-0.02362025529,0.1234314367,1
177,50,0.01220458001,0.08966644108,1
177,58,0.1144892424,0.2456837147,1
177,66,0.1693477184,0.05560205504,1
177,74,0.2209359407,-0.05540338904,1
177,82,0.144749254,0.07483319938,1
177,90,0.1477499306,-0.01369808335,1
177,98,0.1462933719,-0.03905306756,1
177,106,0.06173763424,0.04031297565,1
177,114,0.08000353724,0.1790187359,1
177,122,0.04174152389,-0.05825915933,1
177,130,-0.01904223114,-0.1172418967,1
177,138,-0.009243035689,-0.1667816937,1
177,146,-0.09342154115,-0.1094462946,1
177,154,0.0001230724156,0.002997905016,1
177,162,0.1983393282,0.06415901333,1
177,170,0.08328610659,-0.04152825475,1
185,10,0.1361471862,-0.04701785743,1
185,18,0.05349637568,0.04558203369,1
185,26,0.05048025399,-0.03067282587,1
185,34,0.07789454609,0.1861866713,1
185,42,0.0228543207,0.2173766345,1
185,50,0.05590571836,0.1470900476,1
185,58,0.04298538342,0.1697859317,1
185,66,0.1289579868,0.1212725639,1
185,74,0.1949297041,-0.04788543284,1
185,82,0.06097184122,0.02912940457,1
185,90,0.09925045818,0.0749347955,1
185,98,0.1333807707,0.07978837192,1
185,106,-0.04812920466,0.09074629098,1
185,114,0.00353834033,0.08838737011,1
185,122,0.02140775695,0.02857030369,1
185,130,-0.001266915351,0.03234062344,1
185,138,0.01345632598,-0.02921928465,1
185,146,-0.1096004844,-0.01378798764,1
185,154,-0.1125955656,-0.06999585032,1
185,162,0.02568242513,-0.104699634,1
185,170,-0.03027799726,-0.1335341036,1
193,10,0.1370827258,-0.1401665658,1
193,18,0.0838900581,0.00698710978,1
193,26,0.1586489081,0.02058750391,1
193,34,0.132628262,0.1029087901,1
193,42,-0.03186377138,0.1380374432,1
193,50,0.008178088814,0.1845365465,1
193,58,0.03299159929,0.1376660317,1
193,66,-0.1069773585,0.07593512535,1
193,74,-0.1048104092,0.03192123398,1
193,82,0.01070031896,-0.001013164409,1
193,90,0.1185537279,0.04886969924,1
193,98,0.08706374466,0.1211355552,1
193,106,0.08548329026,0.1471633017,1
193,114,0.02233238146,0.2083460689,1
193,122,-0.02559024468,0.09789758921,1
193,130,-0.057934843,0.06488202512,1
193,138,-0.01733098179,0.1571703106,1
193,146,-0.02560387738,0.08656479418,1
193,154,-0.09708470106,-0.04473375902,1
193,162,-0.0731471777,-0.1263764203,1
193,170,-0.01428892463,-0.1937671751,1
201,10,0.1849901974,0.03340812027,1
201,18,0.1577273905,-0.01561220735,1
201,26,0.1751654744,0.1003356054,1
201,34,0.148772791,0.1651485562,1
201,42,0.08491495252,0.06383982301,1
201,50,0.002910355106,0.02457747608,1
201,58,-0.03076127544,0.04905557632,1
201,66,-0.1567450017,-0.09148638695,1
201,74,-0.1651082039,-0.03756259382,1
201,82,0.04375072569,-0.02820770442,1
201,90,0.1137047634,0.07379095256,1
201,98,-0.009239608422,0.09326320142,1
201,106,-0.03384827077,0.1524378806,1
201,114,-0.002631514799,0.2142467946,1
201,122,-0.009739087895,-0.02987000905,1
201,130,-0.06626454741,-0.18170169,1
201,138,0.07388200611,0.1256415546,1
201,146,0.1094289124,0.06537837535,1
201,154,0.04938242957,-0.02279149741,1
201,162,0.01470826752,-0.167424947,1
201,170,0.07490327954,-0.1833785921,1
209,10,0.1222456545,0.1822760254,1
209,18,0.20228073,0.08283043653,1
209,26,0.08133502305,0.09210146964,1
209,34,-0.02762376517,0.1518085003,1
209,42,0.04643615708,0.1170706153,1
209,50,0.05696885288,0.03754214197,1
209,58,-0.04143980145,-0.03805782646,1
209,66,-0.02404890582,-0.0353981182,1
209,74,-0.09717037529,0.03604543209,1
209,82,-0.211301893,-0.08522330225,1
209,90,-0.2509057224,0.04089726508,1
209,98,-0.3333998919,0.08682136238,1
209,106,-0.2627894282,-0.03742288798,1
209,114,0.003066423815,-0.1703889817,1
209,122,0.06271266192,-0.2783194482,1
209,130,-0.1002599299,-0.09997293353,1
209,138,0.09209377319,0.3915651143,1
209,146,0.1512173563,0.0560311228,1
209,154,0.04357251897,0.04298076779,1
209,162,-0.03113038838,-0.05359227955,1
209,170,-0.07980597019,-0.1629201323,1
217,10,0.02030581236,0.07920449972,1
217,18,0.03461173549,-0.1656349003,1
217,26,0.02862355486,-0.1404126137,1
217,34,0.001581093296,0.09586625546,1
217,42,-0.02902057394,0.2911491394,1
217,50,-0.004869133234,0.2543203235,1
217,58,0.004779335111,0.09932760894,1
217,66,-0.03738574684,0.1973893046,1
217,74,-0.09983830154,0.1544689238,1
217,82,-0.305336237,0.07179665565,1
217,90,-0.305151403,0.1153239906,1
217,98,-0.3281328082,0.04117424414,1
217,106,-0.07436275482,0.01999151707,1
217,114,0.1430078,-0.02601796389,1
217,122,0.04788939282,-0.1166475043,1
217,130,-0.1843667775,0.1458708048,1
217,138,-0.1225102842,0.1296406984,1
217,146,0.01962307468,-0.03517110646,1
217,154,-0.07846447825,-0.06548647583,1
217,162,-0.04867114127,-0.01677877456,1
217,170,-0.04354693741,-0.1938957721,1
225,10,0.02173759043,0.1442998797,1
225,18,-0.07331839204,-0.02555772662,1
225,26,-0.1019859463,0.01037241518,1
225,34,0.05196286738,0.1413494647,1
225,42,0.0387259163,0.17632173,1
225,50,0.02113245241,0.0631173104,1
225,58,0.06709544361,0.2324276716,1
225,66,0.01014535222,0.2193255723,1
225,74,-0.05688636005,0.1432001144,1
225,82,-0.07650292665,0.1757154763,1
225,90,-0.09769442677,0.1537204534,1
225,98,-0.1603055149,-0.01031341404,1
225,106,-0.1163700745,-0.03751604632,1
225,114,-0.02871287614,0.09583076835,1
225,122,0.03685740009,0.07394274324,1
225,130,-0.03471586108,0.09449461102,1
225,138,-0.07387907058,0.03938211501,1
225,146,0.08094564825,-0.04050736874,1
225,154,-0.008855456486,-0.026327556,1
225,162,0.01638745144,-0.01745948568,1
225,170,-0.04889473692,-0.08589278162,1
233,10,0.03798097372,0.1141982228,1
233,18,-0.09789045155,0.08631261438,1
233,26,-0.02673365176,0.1246345341,1
233,34,-0.04391440749,0.1068009362,1
233,42,-0.09196282923,-0.01021698862,1
233,50,-0.03039644286,0.119636789,1
233,58,0.00131463632,0.3730788827,1
233,66,-0.03337938339,0.3117230535,1
233,74,-0.01561340317,0.09969270229,1
233,82,-0.05592625588,0.1512027383,1
233,90,-0.1042840406,0.1160285175,1
233,98,-0.1609770507,-0.07283645868,1
233,106,-0.1282683015,-0.08600695431,1
233,114,-0.157301262,0.06094565243,1
233,122,-0.1080540791,0.1287458837,1
233,130,0.01406262815,0.0951680243,1
233,138,-0.007811009884,0.09530775994,1
233,146,0.09221550822,-0.0005653128028,1
233,154,0.1840992123,0.06847117841,1
233,162,0.129476279,0.003867565654,1
233,170,-0.06475149095,-0.02176969498,1
241,10,0.05538441241,0.1219580173,1
241,18,-0.105795458,0.1128073484,1
241,26,-0.1062913835,0.04891081527,1
241,34,-0.04498055577,-0.04446824268,1
241,42,-0.07436525822,0.1169047281,1
241,50,-0.09338576347,0.1956012249,1
241,58,-0.0003902167082,0.2834428847,1
241,66,-0.08329614997,0.1885399371,1
241,74,-0.079706043,-0.009978607297,1
241,82,-0.05045996234,-0.02094605565,1
241,90,0.04887294769,0.05061308295,1
241,98,0.02282732725,0.005373170599,1
241,106,-0.1526315808,-0.03220839053,1
241,114,-0.1126761362,0.002109251916,1
241,122,0.005367038772,0.03519246727,1
241,130,0.1209158599,0.08572116494,1
241,138,0.1165828556,0.08661903441,1
241,146,0.09303821623,-0.03256528825,1
241,154,0.2307149023,0.09533961862,1
241,162,0.06864733994,0.02971539274,1
241,170,-0.1551067084,0.04422667623,1
249,10,0.05726599321,0.09978553653,1
249,18,-0.06052395701,0.1103406549,1
249,26,-0.06711173058,-0.01376960799,1
249,34,-0.02771579474,-0.04484300688,1
249,42,-0.06294688582,0.22445032,1
249,50,-0.1434838176,0.1388560981,1
249,58,-0.03466959298,0.01865363494,1
249,66,-0.02911007404,-0.2649293542,1
249,74,-0.09379966557,-0.1265118271,1
249,82,-0.0965796411,-0.01057500578,1
249,90,-0.1309627444,0.1119298562,1
249,98,-0.08550975472,0.1145575866,1
249,106,-0.1473477781,-0.006538553629,1
249,114,-0.1945634484,-0.08238396049,1
249,122,0.0134847872,-0.0355360955,1
249,130,0.1270135939,-0.08959555626,1
249,138,0.1316530854,0.05053635314,1
249,146,0.06824148446,-0.02109622583,1
249,154,0.07738116384,0.134505868,1
249,162,0.1589731723,0.1170683205,1
249,170,0.1985777915,0.07652398199,1
257,10,0.06263624132,0.08032497764,1
257,18,-0.05231896043,0.001550540328,1
257,26,-0.0199495554,-0.02129936218,1
257,34,-0.072807163,-0.05455952883,1
257,42,-0.05819906667,0.0495551452,1
257,50,0.004331052303,0.03881012648,1
257,58,-0.1913176626,-0.03792498261,1
257,66,-0.2992197275,-0.1847835183,1
257,74,-0.2475896776,-0.06660473347,1
257,82,-0.08243699372,0.09697629511,1
257,90,-0.005838781595,0.2254078984,1
257,98,-0.06186600029,0.1650524586,1
257,106,-0.07128119469,-0.1850349754,1
257,114,-0.0991615206,-0.09260256588,1
257,122,-0.06953322887,-0.02878773212,1
257,130,-0.01514564641,-0.1033905447,1
257,138,-0.05525511503,0.07189275324,1
257,146,-0.05867408961,-0.008633859456,1
257,154,0.1057813168,0.0855743587,1
257,162,0.2548113167,0.08305102587,1
257,170,0.2122286558,0.03752316162,1
265,10,0.06623053551,0.1170031354,1
265,18,0.06678589433,-0.01479466911,1
265,26,0.005661223084,-0.03895120323,1
265,34,0.001007818617,-0.05428045988,1
265,42,0.02681003511,0.04194167629,1
265,50,-0.04460754991,0.113193877,1
265,58,-0.1807178259,0.04919219017,1
265,66,-0.1824162006,-0.02793932706,1
265,74,-0.2435475439,-0.02091528103,1
265,82,-0.1622987241,0.1302807927,1
265,90,-0.07484649867,0.07930272073,1
265,98,-0.04787321016,-0.1034144908,1
265,106,0.009551949799,-0.2020107806,1
265,114,-0.06151698157,-0.07895030081,1
265,122,-0.1002651453,0.07068807632,1
265,130,0.001650088467,0.07964189351,1
265,138,0.01171413809,0.06000645831,1
265,146,-0.07041054964,-0.06091398001,1
265,154,-0.1393626183,-0.05208906531,1
265,162,-0.02978603542,0.002678887919,1
265,170,0.1319520026,0.02703383192,1
273,10,0.02937432565,-0.03873323649,1
273,18,0.1021064818,-0.03262892365,1
273,26,0.1909164041,-0.08897514641,1
273,34,0.07275089622,-0.07638464123,1
273,42,0.07813604176,0.01259515435,1
273,50,0.0504353717,0.04558712989,1
273,58,-0.02973258495,-0.05493267998,1
273,66,0.001200094819,-0.0008336417377,1
273,74,-0.0151508376,0.03762197495,1
273,82,-0.08635478467,0.04287529364,1
273,90,-0.09390991181,0.005721094087,1
273,98,-0.02713824622,-0.1561224163,1
273,106,-0.08652417362,-0.05685122311,1
273,114,-0.1692738086,-0.03664627671,1
273,122,-0.05138063431,0.09185325354,1
273,130,-0.02186478674,0.09322808683,1
273,138,0.03931814432,0.0373166427,1
273,146,-0.01250353083,-0.03858059645,1
273,154,-0.04592140019,-0.03877932578,1
273,162,0.0110218171,0.0236220099,1
273,170,0.01995437965,0.1702472866,1
281,10,0.08208456635,-0.06024864316,1
281,18,0.06074357033,-0.1219198406,1
281,26,-0.00422520563,-0.1918898225,1
281,34,-0.004916758277,-0.1248475164,1
281,42,0.02730122209,-0.06914199144,1
281,50,0.02957452834,-0.1528157592,1
281,58,0.09449145198,-0.1524992883,1
281,66,0.1158479005,0.07034748793,1
281,74,0.1155786961,0.1034180522,1
281,82,-0.01267307252,-0.05900447071,1
281,90,-0.1046275645,-0.01136338897,1
281,98,0.07620178163,-0.07521553338,1
281,106,0.02401186526,-0.03920706362,1
281,114,-0.05337608606,-0.05920182168,1
281,122,0.05539601296,-0.0190882422,1
281,130,0.05441687256,0.04185954481,1
281,138,0.05500611663,-0.0345461145,1
281,146,0.02986964025,-0.08077376336,1
281,154,-0.035418991,-0.04830926284,1
281,162,0.01878509857,0.1069441289,1
281,170,0.02104063891,0.1546566784,1
289,10,0.09654101729,-0.002017349005,1
289,18,0.01898799464,-0.1254820824,1
289,26,-0.05765289068,-0.1689867377,1
289,34,-0.04115335643,-0.05684298277,1
289,42,-0.05770227313,-0.01372409612,1
289,50,0.001800077967,-0.05828778446,1
289,58,0.1374058425,-0.0558257252,1
289,66,0.06122727692,0.1707446724,1
289,74,0.07610180974,0.1005838141,1
289,82,0.08158895373,-0.07904720306,1
289,90,0.08006284386,-0.02777788788,1
289,98,0.09459450096,-0.02294992656,1
289,106,0.2445135415,-0.02959710732,1
289,114,0.2777997255,-0.04261330515,1
289,122,0.1266577542,-0.08908536285,1
289,130,0.0290148966,-0.06406824291,1
289,138,-0.06963496655,-0.04942530021,1
289,146,0.07449280471,-0.1039672643,1
289,154,0.07540296018,-0.06642415375,1
289,162,-0.07131561637,0.08314327896,1
289,170,-0.02224417403,0.0612437278,1
297,10,-0.01957531273,-0.001357324421,1
297,18,-0.1113019213,-0.04007633775,1
297,26,-0.0928234309,-0.1030964926,1
297,34,0.01361948997,-0.07845978439,1
297,42,-0.05199436098,-0.02349112183,1
297,50,-0.03891445696,0.0166792199,1
297,58,-0.04037310183,-0.0001819394529,1
297,66,-0.08226890117,0.02625918575,1
297,74,-0.005898557603,0.03728476167,1
297,82,0.06795847416,-0.08519798517,1
297,90,0.123985514,-0.07052675635,1
297,98,0.04746222124,0.02229083516,1
297,106,-0.03738270327,0.0549056977,1
297,114,-0.008495748043,0.1237295866,1
297,122,0.07276597619,0.004672791809,1
297,130,0.0492009744,-0.02669118717,1
297,138,-0.002510853112,0.005718506873,1
297,146,-0.007204283495,0.01820537262,1
297,154,-0.02048651129,0.01592004485,1
297,162,-0.01782937162,0.09296044707,1
297,170,-0.02385420911,0.2260939479,1
305,10,0.02352719754,-0.1107551381,1
305,18,-0.1080848053,-0.08974499255,1
305,26,-0.08072654903,-0.07839670032,1
305,34,0.04501893744,-0.1607367992,1
305,42,0.05796247348,-0.07736797631,1
305,50,0.07606220245,-0.04238462076,1
305,58,-0.2169610113,-0.01285544783,1
305,66,-0.2492316216,-0.05032744259,1
305,74,-0.0220465064,-0.1234719306,1
305,82,-0.003563445061,-0.1261550486,1
305,90,0.1003509387,-0.09247014672,1
305,98,0.06809821725,-0.05560320616,1
305,106,-0.06524322927,0.0775905326,1
305,114,-0.01333381236,0.2304715514,1
305,122,0.1083758995,0.007965320721,1
305,130,0.1234787256,-0.07308227569,1
305,138,0.115868479,-0.002492403612,1
305,146,0.002011120319,0.09842452407,1
305,154,-0.09090370685,0.07167875767,1
305,162,-0.04446491599,0.1590074003,1
305,170,0.1166025549,0.1095661819,1
313,10,-0.03726096451,-0.1382514834,1
313,18,0.09307626635,-0.02498613298,1
313,26,0.07626074553,-0.04892231897,1
313,34,-0.01834321953,-0.1792827249,1
313,42,-0.0365896672,-0.09373367578,1
313,50,0.00300462544,-0.1087783873,1
313,58,-0.1000291258,-0.1165783778,1
313,66,-0.1437092423,-0.1990317255,1
313,74,-0.006254623644,-0.1684171557,1
313,82,0.008158709854,-0.02210766822,1
313,90,0.05701891333,-0.05830818787,1
313,98,0.0800717175,-0.02320917137,1
313,106,-0.04112875834,0.08423798531,1
313,114,-0.06477864832,0.1714317501,1
313,122,0.1128768027,0.01814639568,1
313,130,0.2210089862,-0.09009542316,1
313,138,0.2446957678,-0.04225088656,1
313,146,0.1723106503,0.1972613335,1
313,154,-0.03325676173,0.07809859514,1
313,162,-0.1202165186,0.1877366304,1
313,170,-0.005767807364,-0.03693018109,1
321,10,-0.03643579036,-0.06060497463,1
321,18,0.02054947242,0.006950780749,1
321,26,0.08064480126,-0.06308691204,1
321,34,0.168208167,-0.06235414371,1
321,42,0.04856144637,0.04595363885,1
321,50,-0.03284324333,-0.0770618692,1
321,58,-0.03121003509,-0.2414681613,1
321,66,-0.02734977379,-0.2120130658,1
321,74,-0.01342112944,-0.1929202378,1
321,82,0.009597100317,0.03295695782,1
321,90,0.1560300589,-0.06108026952,1
321,98,0.1030989513,-0.005606083199,1
321,106,-0.07473549992,0.05239396542,1
321,114,-0.07903851569,0.1133377776,1
321,122,0.02165035158,0.1106163785,1
321,130,0.09691635519,0.05953766406,1
321,138,0.04053231329,0.06634489447,1
321,146,0.00623870641,0.07677352428,1
321,154,0.01933966577,0.0419344902,1
321,162,-0.1755899936,0.08553186059,1
321,170,-0.005097981542,-0.01912170649,1
329,10,-0.03622224554,-0.03852269053,1
329,18,-0.07527013123,-0.06206178665,1
329,26,0.06961410493,-0.06550183892,1
329,34,0.1410742253,0.0233955849,1
329,42,-0.08997046947,-0.0266770497,1
329,50,-0.1711975634,-0.03498847038,1
329,58,-0.05865573138,-0.2219233811,1
329,66,-0.002518713474,-0.0846555531,1
329,74,-0.07501460612,-0.1252046525,1
329,82,-0.008003353141,0.001722801477,1
329,90,0.08385555446,-0.07842513174,1
329,98,0.03052120656,-0.09751008451,1
329,106,0.06864695251,-0.06086070836,1
329,114,0.05446643382,-0.1153274402,1
329,122,-0.007130246609,0.03460326046,1
329,130,0.1167975813,0.06740661711,1
329,138,0.145657748,0.114950411,1
329,146,0.1359215379,0.00715091452,1
329,154,0.2488873303,-0.1667113006,1
329,162,0.07261798531,0.02776861377,1
329,170,0.03980756551,-0.06086381897,1
337,10,0.08720057458,0.03017143905,1
337,18,-0.06054214388,0.01317469403,1
337,26,0.08711812645,-0.07991793752,1
337,34,0.1406489462,0.03014478087,1
337,42,0.005305289291,-0.09606918693,1
337,50,0.002735389397,-0.05641145259,1
337,58,-0.03400743753,-0.1798469722,1
337,66,-0.007458642125,-0.1126754209,1
337,74,-0.06446120143,-0.1437130719,1
337,82,-0.03639924526,-0.1532892138,1
337,90,0.0120690912,-0.1597942263,1
337,98,0.1291855574,0.003347491845,1
337,106,0.2248703837,0.009723594412,1
337,114,0.08160041273,-0.1704307497,1
337,122,0.03420684859,-0.1009533703,1
337,130,0.1511051953,-0.003787178546,1
337,138,0.1823611259,-0.02948100865,1
337,146,0.1608801335,0.02265030332,1
337,154,0.1641302854,-0.05514591932,1
337,162,0.07530664653,-0.02915219963,1
337,170,0.01672097296,-0.04725718498,1
345,10,0.1788311005,0.253803432,1
345,18,0.04207082093,0.1418877691,1
345,26,0.03344386816,0.01438087597,1
345,34,-0.01789203845,0.01850334182,1
345,42,0.02945474535,-0.1652820706,1
345,50,0.0679859221,-0.009733714163,1
345,58,-0.02022833377,-0.1149276868,1
345,66,-0.03234001994,-0.1155102924,1
345,74,-0.03027966432,-0.09928442538,1
345,82,-0.0173064433,-0.2081246376,1
345,90,0.07563832402,-0.06646041572,1
345,98,0.2104667276,0.1695079058,1
345,106,0.2019553334,0.2312750369,1
345,114,0.03654976189,-0.0740628317,1
345,122,0.03558890522,-0.07714287192,1
345,130,0.02440089732,-0.03885289654,1
345,138,0.02224222943,-0.1088422984,1
345,146,0.08761823177,-0.01587045938,1
345,154,0.1208071262,0.05400239304,1
345,162,0.04385378584,-0.05551407114,1
345,170,-0.03358723968,-0.04392212257,1
353,10,0.2543477416,0.1721771359,1
353,18,0.05621601641,0.0979591161,1
353,26,0.001259349287,-0.004512611777,1
353,34,-0.0682047382,-0.1732346416,1
353,42,-0.0317091234,-0.1556238234,1
353,50,0.04720756412,-0.02911688387,1
353,58,0.03959237784,-0.1066599339,1
353,66,0.04016477615,-0.08735205978,1
353,74,0.01163751632,0.01847593114,1
353,82,0.07850013673,0.07184171677,1
353,90,0.05768188834,0.08488161862,1
353,98,0.100765273,0.1305739582,1
353,106,0.1307629943,0.2568914294,1
353,114,-0.005955643952,0.06146402657,1
353,122,-0.01514737308,0.06732608378,1
353,130,-0.04338469729,0.1022622585,1
353,138,-0.03346464783,0.03216462582,1
353,146,-0.01889950037,0.03514876589,1
353,154,-0.1039378867,-0.04616443813,1
353,162,-0.02460241318,-0.06689466536,1
353,170,0.008926998824,-0.08235497773,1
361,10,0.2964156866,-0.1597159356,1
361,18,-0.001814812422,-0.07027063519,1
361,26,-0.005652554333,-0.157636404,1
361,34,-0.02201311663,-0.261867404,1
361,42,-0.0402690582,-0.03921429813,1
361,50,0.0524571538,-0.04626395553,1
361,58,0.08290465921,-0.07473623008,1
361,66,-0.08248244971,0.04480668902,1
361,74,-0.05599942803,0.06474514306,1
361,82,0.2261249125,0.02152028121,1
361,90,0.1809230894,0.02740384638,1
361,98,0.1759847701,0.0474672094,1
361,106,0.2520144284,0.1821338832,1
361,114,0.1730917245,0.1583578289,1
361,122,0.1723415554,0.1733092219,1
361,130,0.04197432101,0.1494169831,1
361,138,-0.07880600542,0.00742566213,1
361,146,-0.03844451532,0.005032237619,1
361,154,0.04105077311,-0.06155924872,1
361,162,-0.007688718848,-0.1333521754,1
361,170,-0.01205335371,-0.03010832518,1
369,10,0.3007024527,0.05111764371,1
369,18,0.3335362673,-0.176987052,1
369,26,0.1098323166,-0.130104214,1
369,34,-0.0005923118442,-0.03417429328,1
369,42,0.02122832276,-0.002395346761,1
369,50,0.03519497067,-0.04443835467,1
369,58,0.05944615975,-0.02153462172,1
369,66,0.09224539995,-0.03343596309,1
369,74,0.04883444309,0.05839907005,1
369,82,0.2804302871,-0.06132331491,1
369,90,0.4210653901,0.009876441211,1
369,98,0.2633324265,0.1015630886,1
369,106,0.1693287194,0.1021012813,1
369,114,0.2433025539,0.1034884751,1
369,122,0.1779736727,0.06375126541,1
369,130,0.0761429444,-0.05055370182,1
369,138,0.05817979202,0.0182171613,1
369,146,0.07745449245,-0.008673079312,1
369,154,0.1389762759,-0.03471338749,1
369,162,0.05078440905,0.0004468057305,1
369,170,0.02596276253,0.03181666136,1
377,10,0.1604220271,0.1654556096,1
377,18,0.1889768541,0.04713114724,1
377,26,0.09626793861,-0.05789394677,1
377,34,0.01648060232,-0.08428665996,1
377,42,0.1674440205,-0.1545277238,1
377,50,0.1287714094,-0.06495086104,1
377,58,0.06453245878,0.01408066414,1
377,66,0.1257214248,-0.01048780605,1
377,74,0.09125830233,0.1050155684,1
377,82,0.06929367781,0.05295113847,1
377,90,0.1613614261,-0.05005940422,1
377,98,0.107097432,-0.1013343632,1
377,106,0.2612736225,-0.1015467122,1
377,114,0.1820068955,0.02345694415,1
377,122,0.08415817469,0.06827888638,1
377,130,0.1639763713,0.05952404439,1
377,138,0.1909170598,0.1488944888,1
377,146,0.1591043323,0.0108509399,1
377,154,0.02395980805,0.02162657864,1
377,162,0.04373868182,0.1213536263,1
377,170,0.01642717794,0.133431673,1
385,10,0.02851369232,0.198146224,1
385,18,0.01913818717,0.1407104433,1
385,26,-0.06561356783,-0.009581118822,1
385,34,-0.02937471122,-0.1465559006,1
385,42,0.04844382405,-0.2037065625,1
385,50,0.1701142192,-0.003044102341,1
385,58,0.07421483099,0.09050291777,1
385,66,0.003290191293,0.05651475117,1
385,74,0.02366528288,0.05523578078,1
385,82,-0.03221678734,-0.03346647695,1
385,90,0.1309840828,-0.01517861895,1
385,98,0.2969441414,-0.1286046654,1
385,106,0.3388068676,-0.1990407407,1
385,114,0.1106925607,0.04302356392,1
385,122,-0.064780958,0.231468603,1
385,130,0.2044261396,0.1870570183,1
385,138,0.19204548,0.1855351478,1
385,146,0.1082726046,0.009067334235,1
385,154,0.05724741518,-0.06976067275,1
385,162,0.07484866679,0.03012382984,1
385,170,0.02936500683,0.1889506429,1
393,10,0.03407720476,0.1854383945,1
393,18,-0.0160798952,0.1499477923,1
393,26,-0.05364207923,0.0977024138,1
393,34,-0.04266326129,-0.03493987769,1
393,42,0.03962285072,-0.08454471827,1
393,50,0.1819573641,-0.03487548977,1
393,58,0.07918915153,-0.1017906964,1
393,66,0.07872126997,-0.09755645692,1
393,74,0.05136163905,-0.04312249646,1
393,82,-0.1125681549,-0.03766072541,1
393,90,0.000249914825,0.003892436624,1
393,98,0.05692315102,-0.06889746338,1
393,106,0.1656098366,0.08211411536,1
393,114,0.2387051284,0.2061465532,1
393,122,0.2375090718,0.169828549,1
393,130,0.1295328736,0.2364865392,1
393,138,0.1278319061,0.1528986692,1
393,146,0.1509007514,0.02361985296,1
393,154,0.1384945512,0.01589220203,1
393,162,0.104684487,0.0404060781,1
393,170,0.02804126963,0.2153322697,1
401,10,0.04833948612,0.01082755625,1
401,18,0.1934552491,0.06558644772,1
401,26,0.1795173883,0.1801093519,1
401,34,0.1339987069,0.1256731153,1
401,42,0.2037525326,-0.001575350761,1
401,50,0.1883412004,-0.03236519173,1
401,58,0.02030418068,-0.1438918859,1
401,66,0.09831042588,-0.1738878489,1
401,74,0.04192278534,-0.02998354658,1
401,82,-0.01461995766,0.09848400205,1
401,90,-0.1234877855,0.09151627868,1
401,98,-0.01105997711,-0.04736706242,1
401,106,0.04634796083,0.09731543064,1
401,114,-0.00154036656,0.1423273981,1
401,122,0.03890399635,0.1557876766,1
401,130,0.03220111132,0.2958323061,1
401,138,0.2120680362,0.09487014264,1
401,146,0.1353669763,0.01676969975,1
401,154,0.02686500549,0.09438030422,1
401,162,-0.001278681681,0.1998018324,1
401,170,-0.04452747107,0.264460355,1
409,10,0.1405913234,-0.1188475937,1
409,18,0.06972775608,0.07257691026,1
409,26,0.03640533984,0.1778707951,1
409,34,0.08801814914,0.1427210569,1
409,42,0.07455722988,0.07271929085,1
409,50,0.07088343799,0.001803547144,1
409,58,0.1656944454,0.08374452591,1
409,66,0.04199787229,0.0159702599,1
409,74,0.02578883991,0.1219482943,1
409,82,0.07827603817,0.1897590309,1
409,90,-0.07693795115,0.109433502,1
409,98,-0.02595151216,-0.06138209254,1
409,106,-0.007786542177,-0.06914114952,1
409,114,-0.1679576337,0.007635056973,1
409,122,-0.1197814643,0.1066514254,1
409,130,0.08502154052,0.2053599507,1
409,138,0.1407890469,0.01415406168,1
409,146,0.08607672155,-0.04676144198,1
409,154,0.04182054847,-0.05877684429,1
409,162,0.0712935105,0.1072974876,1
409,170,0.05725236982,0.1459721178,1
417,10,0.1276811063,-0.1521343291,1
417,18,-0.02096327394,-0.150984481,1
417,26,-0.1087180004,-0.09828451276,1
417,34,0.01664622873,0.02142354846,1
417,42,0.0380448252,0.1745039076,1
417,50,0.05922991037,0.1489347517,1
417,58,0.1089815944,0.2262775004,1
417,66,0.0566130504,0.3950112462,1
417,74,0.1270774305,0.1735817194,1
417,82,0.1935758591,0.1619080603,1
417,90,0.08142592013,-0.03019073606,1
417,98,0.01704917848,-0.2603640258,1
417,106,0.09190747142,-0.3396519423,1
417,114,-0.1978110671,-0.2223510593,1
417,122,-0.3608442545,-0.003201112151,1
417,130,-0.2115409672,-0.04496763647,1
417,138,-0.0289812386,-0.1390400827,1
417,146,0.09961338341,-0.1223330349,1
417,154,0.1694069356,-0.1675504446,1
417,162,0.1902394593,-0.04659647867,1
417,170,0.1794992983,-0.0718883127,1
