PIVlab, ASCII chart output - 02-Aug-2025
FRAME: 81, filenames: A:[81]FullStack_Pos0035_TgUtrmcherry_K4K8MO-1.avi & B:[82]FullStack_Pos0035_TgUtrmcherry_K4K8MO-1.avi, conversion factor xy (px -> m): 1, conversion factor uv (px/frame -> m/s): 1
x [px],y [px],u [px/frame],v [px/frame],Vector type [-]
9,10,-0.03259347379,-0.6654936671,1
9,18,0.1466787905,0.01824906468,1
9,26,0.06437149644,0.2402679324,1
9,34,-0.08896131814,-0.04691548645,1
9,42,-0.09559048712,0.01546943188,1
9,50,0.08080632985,-0.0867523998,1
9,58,-0.07219694555,-0.2629568577,1
9,66,-0.09988396615,0.07243923098,1
9,74,-0.02173097432,0.1792519838,1
9,82,-0.03196097538,0.1278486848,1
9,90,0.1368705183,0.073220402,1
9,98,0.1159123555,0.2298329771,1
9,106,-0.1329895854,0.3186255097,1
9,114,-0.1747772992,0.3247235417,1
9,122,-0.1302936524,0.3505580723,1
9,130,-0.01281745732,0.2753840983,1
9,138,-0.02068781108,0.1871912479,1
9,146,0.1231807545,0.2326702625,1
9,154,0.3023448586,0.1968874037,1
9,162,0.1825210601,0.06376802921,1
9,170,0.06828650832,-0.03306412697,1
17,10,-0.04057323933,-0.3118105531,1
17,18,0.0204295963,0.001249356195,1
17,26,-0.05142217129,0.3449881971,1
17,34,-0.1424617618,0.05837032199,1
17,42,-0.1810927689,0.09046852589,1
17,50,-0.0519336164,0.2263903618,1
17,58,-0.2371768951,-0.05667715892,1
17,66,-0.2212153226,-0.01785016619,1
17,74,0.0254554227,0.03956896067,1
17,82,0.03381993622,0.006493650377,1
17,90,0.02795826644,-0.1911284328,1
17,98,0.03880818188,0.02491253614,1
17,106,-0.04506336898,0.1536654532,1
17,114,-0.1850116551,0.1648964286,1
17,122,-0.2125445604,0.2025591731,1
17,130,-0.03685766459,0.1734740734,1
17,138,0.0215383321,0.1144807935,1
17,146,0.03522453085,0.04738295823,1
17,154,0.01287906617,0.1109088436,1
17,162,-0.02666895464,0.02243621647,1
17,170,-0.002898250706,-0.1982937306,1
25,10,-0.04469431937,-0.05831241608,1
25,18,-0.1932648718,0.024531506,1
25,26,-0.3002306521,0.2965200543,1
25,34,-0.2039070874,0.1654663384,1
25,42,-0.2191853821,0.1537675261,1
25,50,-0.2618117034,0.2680020928,1
25,58,-0.2203868181,0.1388268471,1
25,66,-0.1425808519,0.05107900873,1
25,74,0.02373998612,-0.00535954535,1
25,82,-0.09314924479,-0.02516449988,1
25,90,-0.1488881856,-0.08083813637,1
25,98,-0.08885103464,-0.0007393658161,1
25,106,0.0353371799,0.08386303484,1
25,114,-0.009876810014,0.0454120785,1
25,122,-0.06625811011,0.04132160544,1
25,130,-0.06869593263,0.01667499542,1
25,138,-0.09657208622,0.02478395589,1
25,146,-0.1476789564,-0.03357704356,1
25,154,-0.1872925162,0.003889260814,1
25,162,-0.1883620173,-0.08659011126,1
25,170,-0.03540532663,-0.2540498376,1
33,10,-0.1299428344,-0.1876538843,1
33,18,-0.218842566,0.09169657528,1
33,26,-0.1630387753,0.1461173147,1
33,34,-0.1440351903,0.2800517082,1
33,42,-0.1958507448,0.144550249,1
33,50,-0.1945959926,0.1173662543,1
33,58,-0.1618679464,0.09114716947,1
33,66,-0.106845662,0.04296020046,1
33,74,-0.07649832964,0.02309248596,1
33,82,-0.007313318551,0.03110334277,1
33,90,-0.03978747129,-0.03703021258,1
33,98,-0.07128535956,-0.08522419631,1
33,106,-0.07518090308,0.01304902881,1
33,114,0.01833813637,0.02935923636,1
33,122,-0.07738935202,-0.02402488887,1
33,130,-0.1327278614,-0.03045775741,1
33,138,-0.1052348539,0.04086042941,1
33,146,-0.2893654108,0.04727773368,1
33,154,-0.1868967116,-0.01044675708,1
33,162,-0.03978489339,-0.06282927841,1
33,170,-0.0004047080874,-0.1715782881,1
41,10,-0.1853296459,-0.1927643716,1
41,18,-0.07825927436,0.0408488065,1
41,26,0.02985300869,0.05935173482,1
41,34,-0.1029140428,0.1673984826,1
41,42,-0.1052690446,0.1027151942,1
41,50,-0.09666332603,-0.05805237219,1
41,58,-0.1384386122,-0.1903887093,1
41,66,-0.1659607589,-0.06329085678,1
41,74,-0.07315441966,0.1302854419,1
41,82,0.04599352181,-0.01003599912,1
41,90,0.0008945986629,-0.1563989967,1
41,98,-0.05146663636,-0.1448260248,1
41,106,-0.1107985228,-0.08474574983,1
41,114,-0.04297411442,-0.1098576263,1
41,122,-0.1213533506,-0.01851056144,1
41,130,-0.2252079993,0.02110838145,1
41,138,-0.1175354645,0.125900194,1
41,146,-0.2223261595,0.1475207657,1
41,154,-0.2038552761,0.1099862903,1
41,162,-0.1362223625,-0.03135353327,1
41,170,-0.09865299612,-0.1416550875,1
49,10,-0.1799542308,-0.04630669206,1
49,18,-0.07500969619,-0.0579768233,1
49,26,-0.07089300454,-0.02641256899,1
49,34,-0.1445465237,-0.02947743237,1
49,42,-0.09083807468,-0.001666247845,1
49,50,0.00493735075,-0.05713750422,1
49,58,-0.1127299443,-0.1882202923,1
49,66,-0.2132934332,0.02824580297,1
49,74,-0.1703941524,0.1257235855,1
49,82,-0.09572675824,-0.0365142785,1
49,90,-0.1270154417,-0.1084852517,1
49,98,-0.1503196657,-0.08326803148,1
49,106,-0.1353274286,-0.1733462512,1
49,114,-0.08909287304,-0.1418991238,1
49,122,-0.06944432855,0.00143173337,1
49,130,-0.03994742781,0.08179936558,1
49,138,-0.06143502891,0.1232754439,1
49,146,-0.112242423,0.2656681538,1
49,154,-0.1380377412,0.228872925,1
49,162,-0.1050035655,-0.0808076337,1
49,170,-0.1375228167,-0.2269644439,1
57,10,-0.1009147614,0.04955345765,1
57,18,0.0002758055925,-0.02654321864,1
57,26,-0.04588250816,-0.1551895142,1
57,34,0.01688519679,-0.2334829122,1
57,42,0.0867119208,-0.3016864061,1
57,50,-0.005966871977,-0.003823839128,1
57,58,-0.008898120373,0.104550764,1
57,66,-0.06618144363,0.01614383981,1
57,74,-0.08322829753,0.03046785668,1
57,82,-0.1065331623,0.04391246289,1
57,90,-0.1385224462,0.2129885703,1
57,98,-0.09711247683,0.02290202305,1
57,106,-0.1180029511,-0.01158027723,1
57,114,-0.08897998184,-0.0208632946,1
57,122,-0.1330248713,0.02678649873,1
57,130,-0.1723185778,0.1263402253,1
57,138,-0.1036986858,0.2072230577,1
57,146,-0.0897333771,0.2881208062,1
57,154,-0.1592739522,0.239884451,1
57,162,-0.1164907813,-0.04469864815,1
57,170,0.004605442286,-0.1217546836,1
65,10,-0.1250649989,0.2025122941,1
65,18,-0.02693298459,-0.03795829415,1
65,26,-0.1272041202,-0.1996471137,1
65,34,0.09172907472,-0.2801242471,1
65,42,0.2579315007,-0.1940310299,1
65,50,0.06945726275,-0.004248999059,1
65,58,-0.04790189862,0.08748570085,1
65,66,-0.0671761483,0.006036294624,1
65,74,-0.06512796879,0.01779277995,1
65,82,-0.07448551059,0.05422901362,1
65,90,-0.1835902631,0.2567721009,1
65,98,-0.1559426785,0.1460441798,1
65,106,0.02895461023,0.1146531552,1
65,114,0.01410395652,0.03048922122,1
65,122,-0.1934203207,-0.001272063702,1
65,130,-0.1889677346,0.1461526453,1
65,138,-0.1555593908,0.1475279778,1
65,146,-0.2051089108,0.1130114347,1
65,154,-0.1733581722,0.1885311455,1
65,162,-0.06386032701,0.04231496528,1
65,170,-0.001895602793,-0.09112410992,1
73,10,-0.1393647045,0.2491663098,1
73,18,-0.08154899627,-0.1045435295,1
73,26,-0.1240922064,-0.1816394627,1
73,34,0.07691441476,-0.2140386552,1
73,42,0.09064892679,-0.1463829577,1
73,50,-0.09232100844,0.03577691317,1
73,58,-0.1758751273,0.04470884427,1
73,66,-0.2122572362,-0.07219142467,1
73,74,-0.1382616758,-0.001322759315,1
73,82,-0.1113177761,0.05942829698,1
73,90,-0.2044052482,0.009062301368,1
73,98,-0.1330544651,0.1287148297,1
73,106,0.01599603891,0.1053922921,1
73,114,-0.03912688792,0.04823943228,1
73,122,-0.1091784909,0.01878484711,1
73,130,-0.06299443543,0.1130575314,1
73,138,-0.02483571321,0.01613597572,1
73,146,-0.06214043498,0.05442966521,1
73,154,-0.08578032255,0.1094820201,1
73,162,-0.05261226743,0.06256842613,1
73,170,-0.1039948612,-0.1400456578,1
81,10,-0.1930057108,0.2418525815,1
81,18,-0.1103099808,-0.04966714233,1
81,26,-0.04622599483,-0.1167203635,1
81,34,-0.008124150336,-0.0538982749,1
81,42,-0.001010689884,-0.05529462919,1
81,50,-0.03545939922,0.06536315382,1
81,58,-0.1465599388,-0.03422493115,1
81,66,-0.09732331336,-0.1853650063,1
81,74,-0.004117559642,0.006047867239,1
81,82,-0.0198850669,0.1104584262,1
81,90,-0.06094255298,-0.1269243211,1
81,98,-0.09077456594,-0.01513078064,1
81,106,-0.1292918473,0.1249860898,1
81,114,-0.3148015141,-0.02798011154,1
81,122,-0.1789846718,0.03214174137,1
81,130,0.06386874616,0.1121162325,1
81,138,-0.05073376,-0.002606257796,1
81,146,-0.1484347582,0.09235601872,1
81,154,-0.2007315457,0.01655966789,1
81,162,-0.1601395309,-0.03449668735,1
81,170,-0.07060188055,-0.1826295257,1
89,10,-0.241006434,0.1046101302,1
89,18,-0.02825893462,-0.01690681279,1
89,26,0.02046024799,-0.1862383932,1
89,34,-0.008725199848,-0.1063649952,1
89,42,-0.03566824272,0.08105900884,1
89,50,-0.09107219428,0.07694096863,1
89,58,-0.04946288094,-0.02457489446,1
89,66,0.02765724622,-0.09834809601,1
89,74,0.0104816556,-0.01699978113,1
89,82,-0.04750759155,0.06495543569,1
89,90,-0.06967009604,0.03330514953,1
89,98,-0.1077966914,0.09490511566,1
89,106,-0.1350049675,0.1119587123,1
89,114,-0.2510267496,-0.0397859104,1
89,122,-0.1941455454,0.02888027206,1
89,130,-0.10893704,0.043940451,1
89,138,-0.170306325,-0.004551045597,1
89,146,-0.1946373433,0.03425371274,1
89,154,-0.2912867069,-0.08269527555,1
89,162,-0.2089446932,-0.158694461,1
89,170,-0.03153249621,-0.05337767676,1
97,10,-0.1134147048,-0.1322449595,1
97,18,-0.0009688064456,-0.00650921464,1
97,26,-0.07525537908,-0.1678606868,1
97,34,-0.1465431452,-0.1752696484,1
97,42,-0.08190837502,0.04548942298,1
97,50,-0.01952925324,-0.05655056611,1
97,58,-0.002823341638,0.06604308635,1
97,66,-0.01065019518,0.07762610167,1
97,74,0.0511716269,0.1515107751,1
97,82,0.0114877522,0.08495814353,1
97,90,-0.04713389277,0.09072866291,1
97,98,-0.0414069891,0.05375041813,1
97,106,-0.05133936554,0.02912678942,1
97,114,-0.05836373568,0.10533306,1
97,122,-0.01385125518,-0.007236612961,1
97,130,-0.08051106334,-0.1857708097,1
97,138,-0.225156188,-0.09947991371,1
97,146,-0.2156558633,-0.06755775958,1
97,154,-0.1887176931,-0.1507994384,1
97,162,-0.1878085136,-0.06441232562,1
97,170,-0.09146295488,0.03244177997,1
105,10,0.09017409384,-0.1607280225,1
105,18,0.1072757766,-0.00708681345,1
105,26,0.0009842440486,-0.04577729106,1
105,34,0.01208877191,-0.06596337259,1
105,42,0.03750276566,0.005775143392,1
105,50,0.05082169175,-0.01256129704,1
105,58,0.01587966084,0.04237080365,1
105,66,-0.05631483719,0.1357611418,1
105,74,-0.07079908252,0.2690789998,1
105,82,-0.04660999775,0.2201102227,1
105,90,0.1277203858,0.07523855567,1
105,98,0.07714933902,-0.08289609104,1
105,106,-0.1363712698,-0.1078076512,1
105,114,0.005715154111,0.1380996704,1
105,122,0.05270557106,-0.006878569722,1
105,130,-0.02161250263,-0.2295992076,1
105,138,-0.1171462089,-0.09204233438,1
105,146,-0.2514028549,-0.04878699034,1
105,154,-0.1774616987,-0.0669162944,1
105,162,-0.08052049577,-0.01848734915,1
105,170,0.01523568109,0.1039059758,1
113,10,0.08771313727,-0.09929019213,1
113,18,0.03169120848,-0.0843110159,1
113,26,-0.03063746542,-0.07199765742,1
113,34,-0.01459329575,-0.0776996538,1
113,42,0.04165191203,0.01376092993,1
113,50,0.1352123022,0.002794191241,1
113,58,0.1447800845,-0.005543138832,1
113,66,0.06920516491,0.1566429436,1
113,74,-0.0006223171949,0.1475379914,1
113,82,-0.05808829516,0.1900578886,1
113,90,0.004201963544,0.1566022784,1
113,98,0.06151490659,-0.1466467977,1
113,106,-0.0008420161903,-0.1004137248,1
113,114,-0.04632010311,0.1829106063,1
113,122,-0.0527093038,0.1320169717,1
113,130,-0.1083024442,-0.0861018151,1
113,138,-0.2007135153,-0.0945225358,1
113,146,-0.1877049804,0.001704428345,1
113,154,-0.1137702614,-0.1082761586,1
113,162,0.02066545188,-0.02941740304,1
113,170,0.009077519178,0.21463117,1
121,10,-0.02047348954,-0.1429148316,1
121,18,0.07229064405,-0.06604304165,1
121,26,0.03620686382,-0.1227489859,1
121,34,0.03038784862,-0.2124854624,1
121,42,0.09016314894,-0.05080063641,1
121,50,0.09022066742,-0.06366328895,1
121,58,-0.02595902979,-0.08455722034,1
121,66,-0.08397501707,0.06159226969,1
121,74,-0.05712582916,0.04965892807,1
121,82,-0.1533253938,0.1160685122,1
121,90,-0.184203878,0.1059898585,1
121,98,-0.04963645339,-0.06268441677,1
121,106,-0.04680664837,0.03003356978,1
121,114,-0.1243543327,0.1921194792,1
121,122,-0.09697666764,0.1704643369,1
121,130,-0.1189238876,0.003293782473,1
121,138,-0.1538041234,0.01087762415,1
121,146,-0.1463733017,0.0452326946,1
121,154,-0.04525499046,-0.06920728087,1
121,162,0.01065394282,0.09586946666,1
121,170,-0.09754384309,0.2459305972,1
129,10,-0.03209999204,-0.06421889365,1
129,18,0.2207886279,-0.09694620967,1
129,26,0.1145887971,-0.169471249,1
129,34,0.1600477099,-0.313434422,1
129,42,0.2086365372,-0.2107371092,1
129,50,0.1247106567,-0.145939827,1
129,58,0.05692915618,-0.1416235417,1
129,66,-0.1261045039,-0.1454360038,1
129,74,-0.1430055201,-0.2021345496,1
129,82,-0.1460716724,-0.01057188958,1
129,90,-0.1452757418,0.09334806353,1
129,98,0.006437309086,0.07275111973,1
129,106,0.02298396081,0.02686526626,1
129,114,-0.1468666196,0.1108506173,1
129,122,-0.1094898582,0.07841607183,1
129,130,-0.04536741227,0.1423402876,1
129,138,-0.09741244465,0.2218060195,1
129,146,-0.1547513306,0.09074667096,1
129,154,-0.1764234304,0.005388963968,1
129,162,-0.1989599019,0.119054392,1
129,170,-0.2287195027,0.1971821934,1
137,10,-0.001963768154,-0.06449543685,1
137,18,0.1581555009,-0.1958353221,1
137,26,0.1365953684,-0.257871747,1
137,34,0.238026917,-0.3668420315,1
137,42,0.232056573,-0.2135912925,1
137,50,-0.03220050409,-0.2097879201,1
137,58,-0.06805688888,-0.1796816289,1
137,66,-0.04953672737,-0.2588990927,1
137,74,-0.05998117477,-0.2052108049,1
137,82,-0.05894780532,-0.145130977,1
137,90,0.0664550662,0.07756866515,1
137,98,0.09662147611,0.1535981297,1
137,106,0.05551755801,0.04581173137,1
137,114,0.0268186219,-0.03600433096,1
137,122,-0.111990422,-0.06018333882,1
137,130,-0.07402924448,0.1238796785,1
137,138,-0.08801867068,0.1842177957,1
137,146,-0.1619278044,0.1260994524,1
137,154,-0.1933744848,0.06432569027,1
137,162,-0.1121535152,0.03106546402,1
137,170,-0.02008628845,0.1186989397,1
145,10,-0.03299346194,-0.1018507481,1
145,18,0.0713410452,-0.1770406365,1
145,26,0.03635597974,-0.1431699991,1
145,34,0.04021413624,-0.2192572057,1
145,42,0.01594590396,-0.05542051047,1
145,50,-0.02686601877,-0.05672869086,1
145,58,-0.01524940692,-0.1047489718,1
145,66,0.09870025516,-0.03898421675,1
145,74,0.1248596013,-0.1399105638,1
145,82,-0.07988692075,-0.07191853225,1
145,90,0.04266419262,0.07850957662,1
145,98,0.02425329387,0.1401844323,1
145,106,0.02019638568,0.1411340833,1
145,114,0.06483827531,0.213902548,1
145,122,-0.1867227256,-0.04751938581,1
145,130,-0.1988442242,0.05353006721,1
145,138,-0.1768773496,0.1575139612,1
145,146,-0.0974585712,0.1565607786,1
145,154,-0.01174847037,0.1441951096,1
145,162,-0.04504045844,0.00415982306,1
145,170,0.01065828651,0.05199679732,1
153,10,-0.001666796394,-0.1009278372,1
153,18,0.1186121404,-0.1045061424,1
153,26,0.1045986935,0.1131613627,1
153,34,-0.1488162577,-0.02668016776,1
153,42,-0.09469564259,-0.06682918966,1
153,50,0.03030159324,0.06335728616,1
153,58,0.03230189905,0.06706491113,1
153,66,0.01643723994,0.06560932845,1
153,74,0.001777525991,0.05205098912,1
153,82,-0.07810363173,-0.03911231086,1
153,90,-0.02410989255,-0.06002981588,1
153,98,0.0006119534373,-0.01849091798,1
153,106,-0.116046235,0.04765604809,1
153,114,-0.2182919979,0.09089171141,1
153,122,-0.08259919286,0.008343782276,1
153,130,-0.06861951947,0.08597954363,1
153,138,-0.31614393,0.1002231091,1
153,146,-0.2127923816,0.1299412549,1
153,154,-0.0821852237,0.1316365898,1
153,162,0.02558539435,0.01496239007,1
153,170,0.06132468581,0.05778087676,1
161,10,0.000447101891,0.004468329251,1
161,18,0.04915089533,-0.08807247877,1
161,26,0.04762626439,0.01559603959,1
161,34,-0.1387384236,0.0512933284,1
161,42,-0.05822344869,-0.1698457301,1
161,50,0.139097631,0.05874151364,1
161,58,0.1053537577,0.1068476215,1
161,66,0.129253462,0.1328327656,1
161,74,0.07488847524,0.1182025746,1
161,82,-0.03676711768,-0.1147532761,1
161,90,-0.03132170811,-0.05978240445,1
161,98,-0.05721393228,-0.1444165111,1
161,106,-0.1342039406,-0.1940888762,1
161,114,-0.1381770968,-0.01345660165,1
161,122,-0.1545162499,0.03872032836,1
161,130,-0.2497797459,0.03160971403,1
161,138,-0.2161835283,0.05764217675,1
161,146,-0.07873398066,0.05792066455,1
161,154,-0.04846034199,0.0129724592,1
161,162,-0.005214150995,0.02537318692,1
161,170,0.02527807653,0.1145476103,1
169,10,-0.1248942465,0.1012959853,1
169,18,-0.04069796205,-0.0561401844,1
169,26,0.02827562578,-0.0464075245,1
169,34,-0.01282637194,-0.03767045215,1
169,42,0.0005606934428,-0.1086130142,1
169,50,0.1475093216,0.05702305213,1
169,58,0.2039641738,0.07551528513,1
169,66,0.2293712497,0.1937861145,1
169,74,0.098372899,0.1265199929,1
169,82,-0.09316460788,-0.006650261581,1
169,90,-0.04001697898,0.2670557797,1
169,98,-0.08810658008,-0.06388172507,1
169,106,-0.0886618197,-0.1028612703,1
169,114,-0.0962844938,0.1321062595,1
169,122,-0.1866497844,0.05255998671,1
169,130,-0.1860469282,0.1904077828,1
169,138,-0.08110585809,0.1807050705,1
169,146,0.009225696325,0.0320847109,1
169,154,0.04578536004,-0.04595816508,1
169,162,-0.02418768965,0.002698786557,1
169,170,-0.06311136484,0.0175059624,1
177,10,-0.06009405479,0.1068820283,1
177,18,-0.03916309774,0.1215759069,1
177,26,-0.001300700009,0.1495327652,1
177,34,0.08739683032,0.01670632884,1
177,42,0.0813125968,-0.06805802882,1
177,50,0.05527909845,0.03794486076,1
177,58,0.1486152709,0.06743852794,1
177,66,0.1677462459,0.211376816,1
177,74,0.1442646384,0.1462744772,1
177,82,0.08572616428,0.1855001897,1
177,90,0.01074686646,0.1118414477,1
177,98,0.007644034922,0.03911687806,1
177,106,0.09126356244,0.009825978428,1
177,114,0.08010289073,0.2498212755,1
177,122,-0.03957302123,0.1278955042,1
177,130,-0.07697125524,0.2968454063,1
177,138,-0.003591910005,0.1326570809,1
177,146,0.06954337656,0.0430230163,1
177,154,0.00102108717,0.01612868905,1
177,162,-0.08088937402,0.03800519183,1
177,170,0.01972068846,0.08195397258,1
185,10,-0.07573486865,0.02263753861,1
185,18,-0.04373425618,0.2249133438,1
185,26,-0.02596814185,0.3002791703,1
185,34,0.06437105685,0.1389934421,1
185,42,0.05040666461,-0.06564106047,1
185,50,-0.1782831252,0.0306574516,1
185,58,0.008675664663,0.03851342201,1
185,66,0.08644044399,0.08108638972,1
185,74,0.154866904,0.1470829993,1
185,82,0.1758512408,0.14650774,1
185,90,0.1026028916,0.01756042987,1
185,98,0.1143837124,0.004173953086,1
185,106,0.1227838844,0.02456430346,1
185,114,0.01472159289,0.2303774953,1
185,122,-0.06680511683,0.1488506198,1
185,130,-0.101509206,0.1078988612,1
185,138,-0.1551477611,0.0617836602,1
185,146,-0.08125717938,-0.05573422089,1
185,154,-0.1149297208,-0.02888261899,1
185,162,-0.1415252835,0.04684849828,1
185,170,-0.04565416276,0.1984962821,1
193,10,0.03598555177,-0.01520846784,1
193,18,-0.009377864189,0.1506501883,1
193,26,0.02533208206,0.2503523231,1
193,34,0.01195886731,0.2870352268,1
193,42,0.001690194011,0.1505635679,1
193,50,-0.06951110065,0.1402058601,1
193,58,0.01725050062,0.0791278407,1
193,66,0.04232304543,0.128434211,1
193,74,0.09845808148,0.1088191569,1
193,82,0.2598560154,-0.006768431515,1
193,90,0.07539091259,0.01788985915,1
193,98,0.06354641169,-0.08850348741,1
193,106,0.1323751062,0.06658136845,1
193,114,-0.001934733242,0.1288706958,1
193,122,-0.108815752,0.0796328187,1
193,130,-0.05965828896,-0.05686485022,1
193,138,-0.1319640279,-0.01796925813,1
193,146,-0.1146949455,-0.09605402499,1
193,154,-0.0893073529,-0.08177420497,1
193,162,-0.1866159141,0.008278250694,1
193,170,-0.05569911003,0.2765347064,1
201,10,0.1139408946,-0.1463969648,1
201,18,0.1746615171,-0.02455991507,1
201,26,0.1150823385,0.1685728282,1
201,34,0.07245229185,0.2633832097,1
201,42,0.05825927109,0.2033580244,1
201,50,-0.02239501476,0.09246839583,1
201,58,-0.02843492106,0.1151300296,1
201,66,0.0389797613,0.2205074131,1
201,74,0.2144529372,0.06357418746,1
201,82,0.2447307855,-0.1197937429,1
201,90,0.1362942755,-0.04175676405,1
201,98,0.04431968182,-0.001678939909,1
201,106,0.01423852798,0.148773253,1
201,114,-0.04657448828,0.1490630209,1
201,122,-0.1415479183,0.08591556549,1
201,130,-0.141820997,-0.01284295321,1
201,138,-0.1836468726,-0.1563473791,1
201,146,-0.1215125993,-0.06857582927,1
201,154,-0.07546507567,-0.03373819217,1
201,162,-0.1108741909,0.005226053298,1
201,170,0.04179962352,0.2369262874,1
209,10,0.0176127851,-0.07606425881,1
209,18,0.2020445615,0.1282890439,1
209,26,0.1973891854,0.1410882771,1
209,34,-0.01476448774,0.09861220419,1
209,42,0.03217868507,0.1594136208,1
209,50,0.06265687943,-0.04466229677,1
209,58,0.06479323655,0.1619843245,1
209,66,0.1252395809,0.2162484229,1
209,74,0.1968573034,0.1908404082,1
209,82,0.06416068226,-0.3228811324,1
209,90,-0.009926855564,-0.2133963853,1
209,98,-0.07732872665,0.1412699968,1
209,106,-0.04202056676,0.232867673,1
209,114,0.03273747861,0.2681546211,1
209,122,-0.154373318,0.1536544561,1
209,130,-0.3432808816,0.1057491228,1
209,138,-0.09374287724,-0.08297806978,1
209,146,0.02241078019,-0.0365142338,1
209,154,0.03451004252,-0.04547521472,1
209,162,0.1397696882,-0.03088515252,1
209,170,0.1988700181,0.2635608613,1
217,10,0.06290872395,0.2085890621,1
217,18,0.01693912968,0.2151736915,1
217,26,0.06897990406,0.1838105768,1
217,34,-0.02468965948,0.09439653158,1
217,42,-0.08561389148,0.1391887069,1
217,50,-0.03371722996,-0.02412735671,1
217,58,0.1009804606,0.1005636528,1
217,66,0.1102493033,0.1214858368,1
217,74,0.04176520184,0.1447851062,1
217,82,0.07840299606,0.06183139235,1
217,90,0.1935400665,0.06459401548,1
217,98,0.2418227792,0.03127309307,1
217,106,0.1164585501,0.02095389366,1
217,114,0.03301024809,0.1579063237,1
217,122,-0.1621266603,0.09538595378,1
217,130,-0.1544748247,0.1142441332,1
217,138,-0.2172899246,0.1711691916,1
217,146,-0.1065364331,0.1370034814,1
217,154,-0.008203290403,-0.04589380324,1
217,162,0.06212497503,0.1242713705,1
217,170,0.154956311,0.3627358675,1
225,10,0.0468794331,0.01866282895,1
225,18,-0.05394650251,0.07961414754,1
225,26,-0.07092668116,0.1617326587,1
225,34,-0.03845079616,0.1784955859,1
225,42,-0.1069907621,0.1463455111,1
225,50,-0.04484301805,-0.138967663,1
225,58,0.02775111608,0.02009765804,1
225,66,-0.06049377844,0.03826344386,1
225,74,-0.02564963698,-0.06612196565,1
225,82,0.002959370613,0.05111934245,1
225,90,-0.02428323962,0.1182564795,1
225,98,0.09358749539,-0.0467758216,1
225,106,0.1649856269,-0.08266442269,1
225,114,0.1116460264,0.06548544019,1
225,122,0.0422957018,0.1009959131,1
225,130,-0.04568617046,0.05807744339,1
225,138,-0.1270869821,0.02437491715,1
225,146,-0.09896072745,0.09265716374,1
225,154,-0.1030857861,0.007551789284,1
225,162,-0.0948124826,0.1066572666,1
225,170,-0.0250460282,0.1915078908,1
233,10,-0.00551713258,-0.127371192,1
233,18,0.007114488631,0.05385341495,1
233,26,-0.2708181739,0.1381189227,1
233,34,-0.2222433239,0.1672951728,1
233,42,-0.1465874761,0.2377822399,1
233,50,-0.084158957,-0.01669020206,1
233,58,-0.09259201586,-0.008244734257,1
233,66,-0.1075049266,-0.005592722446,1
233,74,0.02973607741,-0.06883093715,1
233,82,0.06971196085,-0.00673006475,1
233,90,-0.02103186212,0.08245648444,1
233,98,0.02459741384,-0.0277328454,1
233,106,0.01631802693,-0.01322978362,1
233,114,0.06790262461,0.009331933223,1
233,122,0.1084529012,0.01363766193,1
233,130,-0.002882607281,0.01352071017,1
233,138,-0.1592734754,-0.04015630484,1
233,146,-0.1016205028,0.08850495517,1
233,154,-0.004579814151,0.1506300271,1
233,162,-0.1285028011,0.03351864964,1
233,170,0.003869973123,-0.01033125818,1
241,10,0.02759902179,-0.2121851593,1
241,18,-0.0347282365,0.04835991561,1
241,26,-0.06316969544,0.0491534695,1
241,34,-0.08128654957,0.04745484889,1
241,42,0.01489202678,0.09554930776,1
241,50,0.002902701497,0.07600043714,1
241,58,-0.02745581046,0.04118360579,1
241,66,0.07856789231,0.1488866061,1
241,74,0.07596574724,0.1914523244,1
241,82,0.05593659356,0.1560878158,1
241,90,0.126328066,0.08279249072,1
241,98,0.07185289264,0.01137708127,1
241,106,0.06302792579,0.02966215275,1
241,114,0.1082170084,0.006098882295,1
241,122,-0.01358455606,-0.01833654195,1
241,130,-0.1735952348,0.0687142089,1
241,138,-0.1052212417,0.1397302151,1
241,146,-0.012394391,0.2105973512,1
241,154,0.0007419958711,0.3243350983,1
241,162,-0.008589915931,0.09004602581,1
241,170,-0.01897079498,-0.09924331307,1
249,10,-0.09277805686,-0.2180140167,1
249,18,-0.0459020026,-0.07331036776,1
249,26,0.005870990455,-0.05254462734,1
249,34,0.02242320403,-0.01621949673,1
249,42,0.02278189361,-0.0008125286549,1
249,50,-0.02369781584,-0.003679633141,1
249,58,-0.06677034497,0.0747962147,1
249,66,-0.02736419626,0.1304165721,1
249,74,-0.0159233734,0.1672997922,1
249,82,-0.1606204659,0.2005952299,1
249,90,-0.2398624867,0.1028332934,1
249,98,-0.09991815686,0.07003346831,1
249,106,-0.07719963044,0.06556955725,1
249,114,-0.02144420147,0.1221105382,1
249,122,0.005643837154,0.1162627116,1
249,130,-0.1374856979,0.1970003545,1
249,138,-0.1574622989,0.372202307,1
249,146,-0.03071274236,0.2339658588,1
249,154,0.003961581737,0.2721146941,1
249,162,0.05951251835,0.1044116765,1
249,170,-0.03539171815,-0.2296978831,1
257,10,-0.01965967938,-0.1562594175,1
257,18,-0.1043533087,-0.1879371405,1
257,26,-0.1417396665,-0.1714172959,1
257,34,-0.06068880484,-0.07339647412,1
257,42,-0.0346702151,-0.03467404097,1
257,50,-0.01470300369,-0.03887329996,1
257,58,-0.006560219452,-0.002828814089,1
257,66,-0.02502627671,-0.03987637535,1
257,74,0.02163819969,0.08314524591,1
257,82,-0.2144049406,0.1125134751,1
257,90,-0.2107750326,0.06711862981,1
257,98,-0.09870760143,0.09094733,1
257,106,-0.03457968682,0.1559218764,1
257,114,0.1672898829,0.199725613,1
257,122,0.11372035,0.1921478212,1
257,130,-0.1104846001,0.07647988945,1
257,138,-0.08051373065,0.1136560813,1
257,146,-0.05469848961,0.1167382449,1
257,154,-0.1042079553,0.1519293487,1
257,162,-0.06427595764,0.07260374725,1
257,170,0.02304984629,-0.1756191403,1
265,10,0.01330564916,-0.1369385272,1
265,18,-0.08230680227,-0.1616851389,1
265,26,-0.1909292191,-0.1158509105,1
265,34,-0.1166706905,-0.1280312836,1
265,42,-0.0536978431,-0.08367571235,1
265,50,0.05387989059,-0.1128015667,1
265,58,0.08303590119,-0.05024849623,1
265,66,-0.01809616759,-0.05239324272,1
265,74,-0.1606404483,0.08331279457,1
265,82,-0.1518212706,0.03359938413,1
265,90,-0.229437843,-0.05058149993,1
265,98,-0.1592573375,0.02179273218,1
265,106,0.04231068864,0.152035296,1
265,114,0.1969975233,0.1666586101,1
265,122,0.1670728028,0.1012282968,1
265,130,0.08334730566,-0.02840156853,1
265,138,0.09923012555,0.001554183662,1
265,146,-0.01367356814,0.1180708557,1
265,154,-0.08444601297,0.09504692256,1
265,162,-0.01023319364,0.08261299878,1
265,170,0.1018951833,0.05391204357,1
273,10,0.05904185772,-0.1811980456,1
273,18,-0.09101070464,-0.03434278071,1
273,26,-0.2617218196,0.1246424764,1
273,34,0.0169577077,-0.03032621741,1
273,42,-0.003958068788,-0.1095211059,1
273,50,0.02601883933,-0.2225344181,1
273,58,0.01461594924,-0.1468488574,1
273,66,-0.007118701935,-0.1027664915,1
273,74,0.04116676375,-0.01091474667,1
273,82,0.007846102118,-0.01570368931,1
273,90,0.01543840021,-0.02986694872,1
273,98,0.003870945424,-0.006514504552,1
273,106,0.04163382947,0.0512611568,1
273,114,0.1085553169,0.1106900573,1
273,122,0.09331928939,0.06154236197,1
273,130,0.003787942231,0.05808961391,1
273,138,-0.04186261445,0.07742335647,1
273,146,-0.06190630794,0.1210093349,1
273,154,-0.02158045769,0.02947092056,1
273,162,0.03391679004,0.06212126464,1
273,170,0.04750546813,0.1212749928,1
281,10,0.1446395814,-0.16226542,1
281,18,-0.06140158325,0.01658082753,1
281,26,-0.05763683096,0.1183677614,1
281,34,0.07577797771,0.2311328799,1
281,42,-0.01638986915,-0.07825598121,1
281,50,-0.04411227256,-0.2743040323,1
281,58,0.06816228479,-0.1194357052,1
281,66,0.1365315914,0.0002642096952,1
281,74,0.1412237585,0.0915953815,1
281,82,0.07513575256,-0.01971695572,1
281,90,0.1010677889,-0.05428515375,1
281,98,0.1119392216,-0.0483904928,1
281,106,0.05505068228,-0.04203225672,1
281,114,0.01084165648,0.06938669086,1
281,122,-0.07297786325,0.07296974212,1
281,130,-0.1010701805,0.04663304985,1
281,138,0.02801010571,0.1063331738,1
281,146,0.08747719228,0.074676238,1
281,154,0.04450824112,0.1081437096,1
281,162,-0.01995957643,0.104636848,1
281,170,-0.02018067241,0.1745451093,1
289,10,0.1781195998,-0.1797926724,1
289,18,0.05572698638,0.02452638,1
289,26,0.0285429731,0.0239751786,1
289,34,0.04863094538,-0.02620694786,1
289,42,-0.005001906306,-0.116227448,1
289,50,-0.07962328941,-0.1602420658,1
289,58,-0.02558709681,0.0009229630232,1
289,66,0.09899196774,0.1705598831,1
289,74,0.1921703666,0.1808170378,1
289,82,0.1379356384,0.09524424374,1
289,90,0.1347009391,-0.0394512862,1
289,98,0.1463393569,-0.08981064707,1
289,106,0.009937103838,-0.1293003857,1
289,114,-0.07101862878,0.01210785285,1
289,122,-0.101843372,0.1136664972,1
289,130,-0.04722942784,0.07117369026,1
289,138,0.03903476521,0.0422860682,1
289,146,0.1229105443,0.1453843415,1
289,154,0.1505440623,0.2151976526,1
289,162,0.1428009421,0.1796386838,1
289,170,0.07591290772,0.2040096521,1
297,10,0.1461172998,-0.03305352479,1
297,18,0.1300315857,-0.0668182075,1
297,26,0.08307721466,-0.02616456151,1
297,34,0.03390363976,-0.07614468038,1
297,42,0.06135506555,-0.123831287,1
297,50,-0.05269085616,-0.0514348112,1
297,58,-0.02627552301,5.337409675e-05,1
297,66,0.07122945786,-0.06017475575,1
297,74,0.1239084899,0.06533840299,1
297,82,0.1576497257,0.133977145,1
297,90,0.09617006779,0.03004360572,1
297,98,0.03828106821,-0.127343744,1
297,106,0.04766985029,-0.09228144586,1
297,114,0.02585454285,-0.007380702533,1
297,122,-0.01561493054,0.1135184616,1
297,130,0.00228596665,0.1327792555,1
297,138,-0.1653935611,0.02505030856,1
297,146,-0.0509056747,0.139639467,1
297,154,0.1544678509,0.1118811741,1
297,162,0.2565518618,0.1143775955,1
297,170,0.173907876,0.175919652,1
305,10,-0.05424489081,-0.05534308404,1
305,18,0.1193190664,-0.1948629469,1
305,26,0.1578086615,-0.1282131374,1
305,34,0.05782522261,-0.007376402617,1
305,42,0.1097284853,-0.08233314008,1
305,50,0.2903091013,-0.09175033867,1
305,58,0.08064895123,-0.008906632662,1
305,66,0.04414957389,-0.05825911462,1
305,74,0.09677693248,-0.04486970231,1
305,82,0.08727785945,0.0722867623,1
305,90,0.01116456091,-0.0354594104,1
305,98,0.05587529391,-0.1608168185,1
305,106,0.1785264313,-0.1562824994,1
305,114,0.2378487289,0.03481619805,1
305,122,0.08049114048,0.08108763397,1
305,130,0.03467676789,0.07829195261,1
305,138,-0.09846325219,0.02567700669,1
305,146,-0.01289304718,0.07741046697,1
305,154,0.118584305,0.02952934802,1
305,162,0.1350151151,0.02469788492,1
305,170,0.04188097268,0.1537977159,1
313,10,-0.06519925594,-0.06863941252,1
313,18,0.09194985032,-0.08637347817,1
313,26,0.1699507535,-0.1025891453,1
313,34,0.1319936812,0.03857003152,1
313,42,0.08602510393,-0.0469898209,1
313,50,0.1725366116,-0.02182691917,1
313,58,0.1340211928,0.03543943167,1
313,66,0.1015385985,0.006595551968,1
313,74,0.1439908743,-0.01891574264,1
313,82,0.06524246931,0.01651011221,1
313,90,0.03717858344,-0.06746263802,1
313,98,0.09832157195,-0.06384845078,1
313,106,0.219930619,-0.06074212119,1
313,114,0.1743893474,0.03113134578,1
313,122,0.08840881288,0.05687037483,1
313,130,0.03619273007,0.03413170576,1
313,138,-0.03758470714,0.06089858711,1
313,146,0.02669528127,0.08488017321,1
313,154,0.1238100454,0.05638132989,1
313,162,0.1210558712,0.00672250241,1
313,170,0.01089596748,0.1264715493,1
321,10,-0.03106784075,-0.0117534399,1
321,18,-0.03536011651,-0.04097371548,1
321,26,-0.04745732993,-0.03324142098,1
321,34,0.1096890718,0.0737318024,1
321,42,0.06114858389,-0.1194108129,1
321,50,0.02710159123,0.0584953092,1
321,58,0.2078573704,0.1548255235,1
321,66,0.2200865448,0.03519564122,1
321,74,0.176979214,0.1109901592,1
321,82,0.05492754281,0.05445709825,1
321,90,-0.06025359407,-0.03921550885,1
321,98,0.1438131183,0.1105200797,1
321,106,0.1759236157,0.1175843403,1
321,114,0.1203166246,0.1005592197,1
321,122,0.07643336803,0.01096381247,1
321,130,0.06771524251,0.06636928767,1
321,138,0.003757856786,0.2540750504,1
321,146,0.03238368779,0.1330285966,1
321,154,0.1462750286,0.02407538146,1
321,162,0.1857169867,0.03611245751,1
321,170,0.02215220034,0.0797765404,1
329,10,0.05608712137,-0.08816294372,1
329,18,0.01009131223,-0.10629078,1
329,26,0.150497213,-0.1070279554,1
329,34,0.2858006954,0.005982242525,1
329,42,0.08824148774,-0.1149599776,1
329,50,-0.1096357778,-0.04726593196,1
329,58,0.1063545346,0.01933439076,1
329,66,0.2322365344,-0.01902537234,1
329,74,0.2567888498,0.2936303616,1
329,82,0.1944002956,0.1966059059,1
329,90,0.01126924902,0.1433259547,1
329,98,0.1036602706,0.123946771,1
329,106,0.0371568799,0.08224274218,1
329,114,-0.08986902237,0.04470779002,1
329,122,-0.04551358148,-0.01856677607,1
329,130,0.1044769883,0.009082205594,1
329,138,0.1316034645,0.1631476283,1
329,146,0.1200038716,-0.0258801654,1
329,154,0.09782959521,-0.04809837043,1
329,162,0.2414578199,0.08989818394,1
329,170,0.1016658694,0.0077735167,1
337,10,0.1925843954,-0.1145380139,1
337,18,0.1268971562,-0.08528969437,1
337,26,0.02366109192,-0.123609066,1
337,34,0.02533303201,-0.06846807897,1
337,42,0.12689358,-0.05269343406,1
337,50,0.04012879729,-0.05490839481,1
337,58,0.05182658136,-0.06654593349,1
337,66,0.2007035315,-0.08205705136,1
337,74,0.2746888399,0.08198212087,1
337,82,0.1558850408,0.008753031492,1
337,90,-0.01645532995,0.0703991428,1
337,98,-0.03330099583,0.03889440745,1
337,106,-0.03474036977,-0.07985828817,1
337,114,-0.1654647589,0.05975001305,1
337,122,-0.1818134636,0.1957754791,1
337,130,-0.03544907644,0.03223019838,1
337,138,0.03189586103,0.02445147932,1
337,146,0.008736107498,-0.1271768361,1
337,154,0.0415629968,-0.1160719171,1
337,162,0.118065834,0.01965595037,1
337,170,0.1036804914,-0.02044126391,1
345,10,0.1310899705,-0.08168536425,1
345,18,0.01065644622,0.07936517149,1
345,26,0.01948118955,-0.02252165042,1
345,34,0.1237981319,-0.05250424892,1
345,42,0.2045398057,-0.0285404548,1
345,50,0.01464990526,0.0129821673,1
345,58,-0.02206961811,-0.1162324026,1
345,66,0.106115967,-0.08783395588,1
345,74,0.1513190866,0.0572508052,1
345,82,0.2109124064,-0.07360975444,1
345,90,0.1023790389,-0.05614796281,1
345,98,0.03256686777,-0.0376804173,1
345,106,0.08133116364,0.0003881584853,1
345,114,0.0704010576,0.1428297907,1
345,122,0.01280519739,0.2812792957,1
345,130,0.06290879101,0.09575343132,1
345,138,0.002900643274,-0.03800122067,1
345,146,0.02518293262,-0.1893491745,1
345,154,0.08754365891,-0.1198856309,1
345,162,0.1332063228,-0.02808396146,1
345,170,0.1635856628,-0.02888618037,1
353,10,0.05028669536,-0.2388067991,1
353,18,0.12608473,-0.01379845291,1
353,26,0.1319896728,0.05305803567,1
353,34,0.1573867649,0.02775094286,1
353,42,0.2224283218,0.06031110138,1
353,50,0.2169298828,0.07982113212,1
353,58,0.1210790128,-0.0645609796,1
353,66,0.02411476523,-0.03560686111,1
353,74,-0.0005065202713,0.1856752336,1
353,82,0.2812814116,0.1292798519,1
353,90,0.3470257521,0.09278513491,1
353,98,0.08075909317,-0.03544794023,1
353,106,0.04570251331,0.007816737518,1
353,114,0.02068911493,0.1068924516,1
353,122,0.08558407426,0.05602358654,1
353,130,0.1600853205,0.0976395458,1
353,138,0.06887123734,0.01372760162,1
353,146,0.1218225062,-0.2695897222,1
353,154,0.1469300389,-0.1001885012,1
353,162,0.1841550469,0.02606785484,1
353,170,0.2992880046,0.1452544928,1
361,10,0.0900869444,-0.2156856507,1
361,18,0.1249318123,-0.03965841979,1
361,26,0.2138183266,0.01080392767,1
361,34,0.2505643964,-0.01013074536,1
361,42,0.1618315876,-0.02224589325,1
361,50,0.2685132325,-0.09730441868,1
361,58,0.1415619254,-0.09307813644,1
361,66,-0.01970174909,-0.03498084471,1
361,74,-0.02171736956,-0.07075434923,1
361,82,0.2143631577,-0.1019174382,1
361,90,0.2381537557,0.1500873864,1
361,98,0.07392769307,0.051736027,1
361,106,-0.03262939304,0.04336481914,1
361,114,0.003369159997,0.08668205142,1
361,122,-0.01777539402,-0.01814500615,1
361,130,0.00602093339,0.05106731877,1
361,138,0.1033096313,0.0341828987,1
361,146,0.1291442364,-0.0674245134,1
361,154,0.1168713272,-0.05549032614,1
361,162,0.1165716052,0.149423182,1
361,170,0.1787940264,0.2893437743,1
369,10,0.1623058021,-0.1563030481,1
369,18,0.1696564704,0.09464119375,1
369,26,0.1992131323,0.01647946611,1
369,34,0.08398157358,-0.3496361375,1
369,42,0.13450858,-0.2808127403,1
369,50,0.1948816776,-0.01906420663,1
369,58,0.08194101602,-0.02007386833,1
369,66,0.05805228278,-0.0683317855,1
369,74,0.08233213425,-0.09134078026,1
369,82,0.001595430076,-0.1411402524,1
369,90,0.1059036106,0.06559617817,1
369,98,0.1515330076,0.07898724824,1
369,106,0.04640645534,0.1237334907,1
369,114,0.05597795174,0.1330658495,1
369,122,0.05554758757,0.06643927097,1
369,130,0.1290891469,0.006738580763,1
369,138,0.1243139803,-0.007625440136,1
369,146,0.0411028862,0.04255470261,1
369,154,0.1025587544,0.009739870206,1
369,162,0.02675957233,0.1992097795,1
369,170,-0.04854942858,0.1454168856,1
377,10,0.2213520557,-0.1706731915,1
377,18,0.2059796751,0.05245620012,1
377,26,0.1432301998,0.06164546683,1
377,34,0.1598923057,-0.2247942537,1
377,42,0.1583351195,-0.3495227098,1
377,50,0.07974226773,-0.01434596628,1
377,58,-0.02806119993,0.0749867484,1
377,66,-0.007082521915,0.001955552027,1
377,74,0.00805080682,-0.01311988384,1
377,82,0.1003526002,-0.08643950522,1
377,90,0.2232136279,0.1080967113,1
377,98,0.226878196,-0.02951769531,1
377,106,0.1323928684,0.0656593442,1
377,114,0.06338793039,0.1700808108,1
377,122,0.1163000464,0.07725310326,1
377,130,0.06802407652,-0.03370504454,1
377,138,-0.07723560929,-0.008840799332,1
377,146,0.004618324339,0.09322539717,1
377,154,0.0851476863,0.07600535452,1
377,162,0.02955556661,0.1748050302,1
377,170,-0.04487115517,0.06170179695,1
385,10,-0.05554519594,-0.1002392769,1
385,18,0.09734205902,-0.01002356596,1
385,26,0.1408500969,0.00973652117,1
385,34,0.2507717013,0.1349702924,1
385,42,0.1895324588,0.01013010554,1
385,50,0.002850618213,-0.09060337394,1
385,58,-0.01505934075,-0.04198178649,1
385,66,0.07250191271,-0.06511162221,1
385,74,0.1110094637,0.08170659095,1
385,82,0.05138667673,0.0540310666,1
385,90,0.06160663068,0.1417573392,1
385,98,0.1464869678,-0.06279826164,1
385,106,0.123722665,0.03578214347,1
385,114,0.1335999966,0.1461106837,1
385,122,-0.00467466563,0.05158161372,1
385,130,0.0564424172,-0.03897188976,1
385,138,0.1016069949,-0.03163036332,1
385,146,0.0965487957,0.0135269165,1
385,154,0.1098463237,-0.1086151302,1
385,162,0.09596140683,-0.04341819137,1
385,170,-0.0008885283023,0.02678210661,1
393,10,-0.07008644938,-0.09746108204,1
393,18,0.09568305314,0.08693310618,1
393,26,0.2191693634,0.01695200056,1
393,34,0.2441735566,0.08472458273,1
393,42,0.1438126862,0.06713593751,1
393,50,-0.04248245806,-0.03006893396,1
393,58,-0.05949804932,0.001158974133,1
393,66,0.06008122489,0.02486753464,1
393,74,0.1486633718,0.142666474,1
393,82,0.2206300199,0.2096580267,1
393,90,0.03793418407,0.08813078701,1
393,98,0.06317894161,-0.063352108,1
393,106,0.1314788759,0.08325970918,1
393,114,0.1109562144,0.2145375162,1
393,122,0.1086262614,0.2659585476,1
393,130,0.139680177,0.02790320665,1
393,138,0.1210898235,-0.0408366397,1
393,146,0.09983024001,-0.04630276188,1
393,154,0.1954632252,-0.1177438647,1
393,162,0.1830395758,-0.1451098472,1
393,170,0.04268820584,-0.02058700472,1
401,10,-0.2300056219,-0.1196939871,1
401,18,0.09074162692,0.08435764909,1
401,26,0.2174340338,0.03821393475,1
401,34,0.01862861216,-0.1190348119,1
401,42,-0.05972978473,0.06319086999,1
401,50,0.02671336383,0.1535658091,1
401,58,-0.1028374285,0.05330071598,1
401,66,-0.04461480305,0.04565052688,1
401,74,0.02602839097,0.1261831671,1
401,82,0.1427830756,0.1271956861,1
401,90,0.09506580234,-0.2239080966,1
401,98,0.01468707621,-0.2129965127,1
401,106,0.1565085053,0.08144790679,1
401,114,0.1446399391,0.2050906122,1
401,122,0.1024768502,0.1584930718,1
401,130,-0.0417252928,-0.004732891917,1
401,138,0.05816041678,-0.07968278229,1
401,146,0.2467167079,-0.06906764209,1
401,154,0.2526569664,-0.08367709816,1
401,162,0.2186178863,-0.05880855396,1
401,170,0.1169614047,0.03109132499,1
409,10,-0.1337114871,-0.01592452079,1
409,18,0.1932945698,-0.004339550622,1
409,26,0.1411146075,0.01078993827,1
409,34,-0.08911662549,-0.1437700838,1
409,42,-0.2681643665,-0.01024079323,1
409,50,-0.1678266376,0.1604107022,1
409,58,-0.1387636214,0.008336167783,1
409,66,-0.0402677767,-0.004547419026,1
409,74,0.03186080232,0.1094190702,1
409,82,0.0829244405,0.00172727555,1
409,90,0.03511723131,-0.2392967343,1
409,98,0.0183118917,-0.2320162356,1
409,106,0.07957758009,-0.0683747828,1
409,114,0.07694210112,0.007359489799,1
409,122,0.01748687029,0.05392151326,1
409,130,-0.01870549098,-0.03242569044,2
409,138,-0.02031880617,-0.01831628755,1
409,146,0.3132406175,-0.0004899837077,1
409,154,0.2057932615,-0.02098669112,1
409,162,0.05409759283,0.0774410516,1
409,170,0.0206535235,0.1345300376,1
417,10,-0.08702740073,0.1060383692,1
417,18,0.1208577156,-0.06572106481,1
417,26,0.1105468869,-0.04095332325,1
417,34,-0.02845989168,-0.1918660551,1
417,42,-0.1853233278,-0.2472784221,1
417,50,-0.2955963612,-0.245138213,1
417,58,-0.1894719601,-0.1748691201,1
417,66,0.08039084077,-0.2325420678,1
417,74,0.1705312133,-0.1294193566,1
417,82,-0.005558557808,-0.2124381363,1
417,90,-0.04404512793,-0.1295960844,1
417,98,0.01880123839,-0.2075743675,1
417,106,0.1091136485,-0.2880651951,1
417,114,0.1350852251,-0.1602919251,1
417,122,0.04634854198,-0.1221840084,1
417,130,-0.03026473895,-0.1605750918,1
417,138,0.01791660488,0.05652831495,1
417,146,0.1339223683,0.2406272441,1
417,154,0.08169874549,0.2708034515,1
417,162,-0.04569458216,0.2126886547,1
417,170,-0.3111243248,0.08749482781,1
