PIVlab, ASCII chart output - 02-Aug-2025
FRAME: 273, filenames: A:[273]FullStack_Pos0035_TgUtrmcherry_K4K8MO-1.avi & B:[274]FullStack_Pos0035_TgUtrmcherry_K4K8MO-1.avi, conversion factor xy (px -> m): 1, conversion factor uv (px/frame -> m/s): 1
x [px],y [px],u [px/frame],v [px/frame],Vector type [-]
9,10,-0.2082801759,0.01488928497,1
9,18,-0.01396006346,-0.1867647618,1
9,26,0.07759852707,-0.1824244857,1
9,34,0.07440494001,-0.06763848662,1
9,42,0.07584203035,0.0414320752,1
9,50,-0.01562020183,0.003707438707,1
9,58,0.01150579005,-0.2113627493,1
9,66,0.1230457127,-0.1327992827,1
9,74,0.007813245058,-0.06140546501,1
9,82,-0.06017462909,0.07082923502,1
9,90,0.02479138225,0.02909648046,1
9,98,0.05327754468,-0.03079860099,1
9,106,0.02430901676,-0.002168297768,1
9,114,0.08160594851,0.147293359,1
9,122,0.01846886426,0.3081019819,1
9,130,0.02440177649,0.05304196477,1
9,138,0.04057278857,0.06675800681,1
9,146,-0.09046721458,-0.06512930989,1
9,154,-0.1490631253,-0.206846714,1
9,162,-0.1046804413,-0.1759034246,1
9,170,-0.06017901376,-0.09219727665,2
17,10,-0.1581981182,-0.107584469,1
17,18,-0.08051171899,-0.07086445391,1
17,26,0.06912225485,-0.01261904836,1
17,34,0.03556641191,-0.04991656542,1
17,42,0.004089232534,0.1217369065,1
17,50,-0.01294294372,0.04124746844,1
17,58,-0.07548980415,-0.09525072575,1
17,66,-0.1161262542,0.04078039154,1
17,74,-0.2254137099,0.03753662854,1
17,82,-0.2149764746,0.01135070249,1
17,90,-0.1348464489,-0.03086023964,1
17,98,-0.001754157245,-0.009667679667,1
17,106,0.006724253297,0.1070495695,1
17,114,0.03708019108,0.1667403728,1
17,122,-0.07857324183,0.261672169,1
17,130,-0.06960086524,0.09036567807,1
17,138,-0.009722068906,0.05297324061,1
17,146,-0.06640035659,-0.04284133017,1
17,154,-0.05233731866,-0.09354947507,1
17,162,-0.05592279136,-0.07009410113,1
17,170,-0.0156775862,-0.008491128683,1
25,10,-0.07530860603,-0.07576275617,1
25,18,0.047978919,-0.009967692196,1
25,26,0.1694083959,0.0876462087,1
25,34,-0.02212278917,-0.03582636267,1
25,42,-0.08089467138,0.08931879699,1
25,50,-0.1112685278,0.04843797535,1
25,58,-0.1003932655,-0.02001860738,1
25,66,-0.2078265101,0.06394694746,1
25,74,-0.2468272746,0.1471564472,1
25,82,-0.2642692626,-0.01474826038,1
25,90,-0.1232545227,0.01276371628,1
25,98,0.01177817583,0.04226233065,1
25,106,-0.006112061441,0.07215444744,1
25,114,-0.2345518321,0.08448171616,1
25,122,-0.2731440365,0.1405774057,1
25,130,-0.09536639601,0.02606309578,1
25,138,-0.04712306708,0.03935952485,1
25,146,-0.04001817107,0.02205588482,1
25,154,0.03161201626,0.0784830153,1
25,162,-0.006248064339,0.02578420937,1
25,170,-0.01251331158,-0.0998564139,1
33,10,-0.03492956609,0.1031513065,1
33,18,-0.007867325097,0.1948009431,1
33,26,-0.05958687514,0.2192105204,1
33,34,-0.1056128368,0.1440732926,1
33,42,-0.09632566571,0.1410687566,1
33,50,-0.09226572514,0.08278118819,1
33,58,-0.1200010478,0.05494890362,1
33,66,-0.2153016329,0.01346506178,1
33,74,-0.2538833618,0.04514978081,1
33,82,-0.2942255139,0.07510163635,1
33,90,-0.1573408395,0.07215619832,1
33,98,-0.03582139313,0.08800259233,1
33,106,-0.227444768,0.04505189136,1
33,114,-0.2525938749,0.05287879705,1
33,122,-0.1001531184,0.05575112998,1
33,130,-0.04153525457,0.007094226778,1
33,138,-0.06948199868,0.02255998552,1
33,146,-0.01120945998,0.02690070868,1
33,154,0.03030545637,0.1147410274,1
33,162,0.0226911176,0.1052110195,1
33,170,0.1654388905,-0.1281969845,1
41,10,-0.1573665887,-0.03346303105,1
41,18,-0.1634260714,0.2655903399,1
41,26,-0.04394546151,0.1586485505,1
41,34,0.02306397259,0.1087560952,1
41,42,0.06365151703,0.08284843713,1
41,50,-0.03369152546,0.1156453565,1
41,58,-0.1735553592,0.06596945971,1
41,66,-0.1186998188,0.004428490996,1
41,74,-0.09368269145,0.1407079101,1
41,82,-0.1521555632,0.05861340463,1
41,90,-0.1963534653,-0.03283635899,1
41,98,-0.09126734734,0.04515316337,1
41,106,-0.06840805709,0.07268510759,1
41,114,-0.1158298329,0.01161225326,1
41,122,-0.005913766101,-0.005795595236,1
41,130,0.05092017725,-0.004981933162,1
41,138,0.006083544344,0.009803548455,1
41,146,-0.001030793414,0.0439716354,1
41,154,-0.06000320241,0.1056517437,1
41,162,-0.09888831526,-0.03451830894,1
41,170,-0.00636164844,-0.1258553863,1
49,10,-0.1103257462,-0.06108243763,1
49,18,-0.1338566244,0.04767342657,1
49,26,-0.1625576317,-0.1288368106,1
49,34,-0.09132765979,-0.02042677999,1
49,42,0.07718832046,0.009616352618,1
49,50,-0.09748468548,0.005129903555,1
49,58,-0.1927744746,0.00377644971,1
49,66,-0.09608434141,0.1561910808,1
49,74,-0.04787158966,0.1785428375,1
49,82,-0.04419466853,-0.02763556689,1
49,90,-0.03938136995,-0.07814122736,1
49,98,-0.02942145988,0.04683306068,1
49,106,-0.08075823635,0.02210094035,1
49,114,-0.008960179985,-0.08475713432,1
49,122,0.06101389229,-0.01640133001,1
49,130,0.07088382542,-0.02675957792,1
49,138,0.01905069128,-0.04137872532,1
49,146,0.0153949894,-0.02527499571,1
49,154,0.06242270023,0.02434515581,1
49,162,0.005178637803,-0.02498339675,1
49,170,-0.06285640597,-0.02908965945,1
57,10,0.02892882004,0.08630762994,1
57,18,0.02516953647,0.01068505272,1
57,26,-0.0889435336,-0.1511386931,1
57,34,-0.1108538508,0.03096888214,1
57,42,-0.02278978378,0.08545932174,1
57,50,-0.03953030705,0.00306347385,1
57,58,-0.0476247184,0.01614255831,1
57,66,-0.07111059129,0.1388143301,1
57,74,-0.1167376712,0.1466042995,1
57,82,-0.01990117133,0.001370251179,1
57,90,0.02327763662,0.03739106283,1
57,98,-0.005950609222,0.009459510446,1
57,106,-0.04990307242,-0.03702645749,1
57,114,-0.2099478692,-0.09064970165,1
57,122,-0.1145420671,0.03002838045,1
57,130,-0.03462295234,-0.06976164877,1
57,138,0.02071382105,-0.1402772665,1
57,146,0.1297899038,0.06379038841,1
57,154,0.1796963215,0.1376764178,1
57,162,0.1428312063,0.08415716141,1
57,170,0.007760338485,0.1460497975,1
65,10,0.05366725847,-0.03003978357,1
65,18,0.08348575234,-0.02989802323,1
65,26,-0.03334803134,0.04427715391,1
65,34,-0.09923101962,0.0567028299,1
65,42,-0.08557794988,0.05787344649,1
65,50,-0.1431477368,0.07140414417,1
65,58,-0.03153970093,0.01913239062,1
65,66,0.008410416543,0.07101073861,1
65,74,-0.07001513243,0.2246021926,1
65,82,0.007450323552,0.09701119363,1
65,90,0.283182174,0.004023876041,1
65,98,0.2311497033,0.01291780546,1
65,106,0.03096051328,0.09287263453,1
65,114,-0.2037361115,0.01866868511,1
65,122,-0.1656460613,0.0232363455,1
65,130,-0.1507425308,-0.1089803055,1
65,138,-0.07389581203,-0.1901581734,1
65,146,0.1532050371,0.0884404555,1
65,154,0.1681081653,0.09401975572,1
65,162,0.1214910001,0.05782046914,1
65,170,-0.09430993348,0.1026829928,1
73,10,-0.07778562605,-0.02177910134,1
73,18,-0.1874461174,-0.09823649377,1
73,26,-0.06542989612,0.03251267225,1
73,34,-0.06826865673,0.03571489081,1
73,42,-0.08942130953,-0.01825294644,1
73,50,-0.04900482669,-0.06198178977,1
73,58,-0.02950831875,0.1407957375,1
73,66,-0.06840381026,0.1113117039,1
73,74,-0.1495805383,0.03157649189,1
73,82,-0.008598973975,-0.01757385023,1
73,90,0.08864886314,-0.02072291635,1
73,98,0.08091555536,0.1370181143,1
73,106,0.05858876556,0.1904400587,1
73,114,0.1080346182,0.03444030136,1
73,122,0.1779483408,0.02510121465,1
73,130,0.01205605268,-0.002743732184,1
73,138,-0.008815621026,-0.1405441165,1
73,146,0.1002180949,-0.04427761957,1
73,154,0.1029180363,-0.00765384268,1
73,162,0.009030062705,0.04625837132,1
73,170,0.007196921855,0.02725683898,1
81,10,-0.102576308,-0.2229340374,1
81,18,-0.1075980887,-0.07055477798,1
81,26,0.0391141437,0.08545058221,1
81,34,0.05206450447,-0.003552433103,1
81,42,0.0007356759161,-0.1160578206,1
81,50,-0.01635504887,-0.2143679112,1
81,58,-0.1009966955,0.07881866395,1
81,66,-0.08772398531,0.1339703351,1
81,74,-0.06834790111,-0.0240935497,1
81,82,0.02478049695,-0.01336475648,1
81,90,0.06891666353,0.05603714287,1
81,98,0.03770300001,0.1220863685,1
81,106,0.01871629432,0.1803981364,1
81,114,0.1258923709,-0.001624546945,1
81,122,0.2843500078,0.06763931364,1
81,130,0.1960115135,0.05335400999,1
81,138,0.001345787197,-0.1013839245,1
81,146,-0.06009549275,0.03287299722,1
81,154,0.06035961211,0.0344029218,1
81,162,-0.003324173391,0.08888582885,1
81,170,0.04276143387,0.03508072346,1
89,10,0.2360668182,-0.26421839,1
89,18,0.350418359,-0.1174098477,1
89,26,0.2353766263,0.2525551021,1
89,34,0.0316837877,0.04915493727,1
89,42,0.04570380598,-0.1578818858,1
89,50,-0.07689350098,-0.2005115896,1
89,58,-0.2404371202,-0.06583669782,1
89,66,-0.08123268187,-0.008990328759,1
89,74,-0.06691450626,-0.04078040645,1
89,82,-0.01690437086,0.08938419819,1
89,90,0.1034795791,0.1379269063,1
89,98,0.1724023074,0.08395303041,1
89,106,0.02656637877,0.05306773633,1
89,114,0.01152604818,0.05887227505,1
89,122,0.1943882406,0.09078032523,1
89,130,0.2106081247,0.007908445783,1
89,138,-0.03977373615,-0.06643983722,1
89,146,-0.1130719632,0.06782585382,1
89,154,-0.01853713393,-0.01548156328,1
89,162,-0.01986678131,0.007663489319,1
89,170,-0.03044813126,0.06371788681,1
97,10,0.02305853739,-0.04210244492,1
97,18,0.1765584052,0.02349134535,1
97,26,0.1773264408,0.02378164977,1
97,34,0.1216156036,-0.0207524877,1
97,42,0.05322965235,-0.08402250707,1
97,50,-0.05101469532,-0.1370196939,1
97,58,-0.0638820231,-0.08315718174,1
97,66,-0.05269808322,-0.1237377375,1
97,74,-0.06707122177,-0.1158644259,1
97,82,-0.02813119069,0.07393462956,1
97,90,-0.08727692813,0.1062696278,1
97,98,-0.1330865473,-0.009612996131,1
97,106,-0.04498323798,-0.005848497152,1
97,114,0.01001864672,0.08850928396,1
97,122,0.0604005754,0.167162329,1
97,130,0.05432261899,-0.04611220956,1
97,138,0.006083615124,-0.06625725329,1
97,146,-0.007909331471,0.09977738559,1
97,154,0.08006702363,0.02955204248,1
97,162,-0.01711200923,-0.08800760657,1
97,170,0.02103579044,0.01707402803,1
105,10,0.04960992932,0.1791095436,1
105,18,0.1013262793,0.1670460701,1
105,26,0.1035796627,-0.04226694256,1
105,34,0.05176658928,-0.04049013555,1
105,42,0.008866637945,-0.006700804457,1
105,50,-0.0425773114,-0.09086913615,1
105,58,0.00183904171,-0.151914984,1
105,66,0.07349845767,-0.1952144206,1
105,74,-0.1385234743,-0.06999906898,1
105,82,-0.1242168099,0.009919498116,1
105,90,-0.07910943031,0.001244792715,1
105,98,-0.1136265621,-0.05698664486,1
105,106,-0.08464555442,-0.01072153449,1
105,114,-0.08441220224,0.04620853066,1
105,122,-0.03017709404,0.09823942184,1
105,130,0.1061463952,-0.04430464283,1
105,138,0.1155797169,-0.09239437431,1
105,146,-0.01905484498,-0.05439060181,1
105,154,-0.1220399067,-0.0005476735532,1
105,162,-0.008196689188,-0.0672820285,1
105,170,0.03712498024,-0.07518082857,1
113,10,0.1054373756,0.1376489997,1
113,18,-0.002605646849,-0.1002289727,1
113,26,-0.05131765455,0.01761204936,1
113,34,0.1419035792,0.09553790092,1
113,42,0.1221090406,0.006176318973,1
113,50,-0.1082271636,-0.0659610182,1
113,58,0.02705282345,-0.05120607093,1
113,66,0.1236217618,-0.138312012,1
113,74,-0.003820076585,-0.1097758561,1
113,82,-0.1796676219,-0.08689637482,1
113,90,-0.1617999226,-0.0552585423,1
113,98,-0.1013908386,-0.08775340021,1
113,106,-0.08032278717,0.01180335693,1
113,114,-0.16624026,0.01948296279,1
113,122,-0.1076175123,0.007227161899,1
113,130,0.02973927185,-0.04239553213,1
113,138,-0.1703536659,-0.08193852007,1
113,146,-0.2770612836,-0.1236274168,1
113,154,-0.131418556,-0.03263004869,1
113,162,-0.03163761646,0.01371287555,1
113,170,-0.008666222915,-0.08884117007,1
121,10,0.06098017097,-0.07284573466,1
121,18,-0.0414749831,-0.1754437685,1
121,26,-0.1362662017,0.06654392183,1
121,34,0.005131615326,0.2350791693,1
121,42,0.04591593146,0.05222043023,1
121,50,0.02171500213,0.06492301077,1
121,58,0.03938386217,0.1321079284,1
121,66,0.05859293416,-0.05937700719,1
121,74,-0.0863673687,-0.2584362924,1
121,82,-0.1304830313,-0.1505082548,1
121,90,-0.06361471117,-0.08108401299,1
121,98,-0.03416675329,-0.01994311064,1
121,106,-0.06961417198,0.0304254666,1
121,114,-0.1280764341,-0.06243895739,1
121,122,-0.06765665114,-0.03709609807,1
121,130,-0.01552539691,0.009933238849,1
121,138,-0.1308391988,-0.09124152362,1
121,146,-0.0789116025,-0.07984766364,1
121,154,-0.1151521876,0.1066149026,1
121,162,-0.1784612834,0.06854624301,1
121,170,0.03391803429,-0.1659106612,1
129,10,-0.03188013658,-0.06508111209,1
129,18,-0.1077895612,-0.05787014961,1
129,26,-0.01824222691,0.09410007298,1
129,34,-0.02700989507,0.1598981321,1
129,42,-0.1097812429,0.06403010339,1
129,50,-0.1027052477,0.04051128775,1
129,58,-0.03444612771,0.08065013587,1
129,66,0.1269278228,-0.1444824338,1
129,74,0.01404079609,-0.3213722408,1
129,82,0.000115018338,-0.1424193233,1
129,90,0.02488831431,-0.07294366509,1
129,98,-0.09125264734,-0.01702111214,1
129,106,-0.1750025451,0.004604484886,1
129,114,-0.07411707938,0.01018172503,1
129,122,0.09409421682,-0.04980775714,1
129,130,-0.01396204904,0.04270832986,1
129,138,-0.3125649691,-0.01919588819,1
129,146,-0.07631608844,0.01376893185,1
129,154,-0.1429955065,0.166567415,1
129,162,-0.142888695,0.1072687209,1
129,170,0.03323620558,-0.2147307098,1
137,10,-0.1078879908,-0.04116520286,1
137,18,-0.1451180726,-0.03997593001,1
137,26,-0.03713963553,0.1185732335,1
137,34,0.01477407664,0.1955467612,1
137,42,0.0001876577735,0.05309668928,1
137,50,-0.04934972152,0.01988580823,1
137,58,0.06097504497,0.04252292961,1
137,66,0.06398247182,-0.1093885601,1
137,74,-0.06260525435,-0.2668676972,1
137,82,0.006419069134,-0.219484359,1
137,90,0.06914077699,-0.1222238019,1
137,98,-0.0820909068,-0.03043289296,1
137,106,-0.1865934879,0.0631243363,1
137,114,-0.06421074271,0.04920069873,1
137,122,0.01765384711,-0.04033044726,1
137,130,-0.03230848163,0.005805395544,1
137,138,-0.1334966123,-0.1317193508,1
137,146,-0.1687524617,0.006269913167,1
137,154,-0.1340879649,0.0717709139,1
137,162,-0.03264563531,0.09243652225,1
137,170,0.1446390301,-0.09135147184,1
145,10,-0.1681372225,-0.04589496553,1
145,18,0.01747069322,0.02505023219,1
145,26,0.1299652159,0.1402687728,1
145,34,0.1482493877,0.1771306396,1
145,42,0.1292835325,0.09417580068,1
145,50,0.06474804878,0.1651117206,1
145,58,0.02883593738,0.08478993922,1
145,66,-0.1138840988,-0.07647027075,1
145,74,-0.1543620527,-0.1372040957,1
145,82,-0.04075535387,-0.1663847864,1
145,90,0.004917316139,-0.1232510209,1
145,98,-0.0333077684,0.06292484701,1
145,106,-0.09938276559,0.1006467789,1
145,114,-0.03490945697,-0.07715959847,1
145,122,0.0164735578,0.0492471084,1
145,130,-0.0281169638,0.009060522541,1
145,138,-0.1173067689,-0.036294505,1
145,146,-0.2219335586,-0.04473629221,1
145,154,-0.2898269296,0.0178187415,1
145,162,-0.07651184499,-0.02118417062,1
145,170,0.1828009188,-0.01714105904,1
153,10,0.04019476473,-0.03036594018,1
153,18,0.2071483284,0.08763071895,1
153,26,0.2173534036,0.01743972115,1
153,34,0.2848235071,-0.0009307563305,1
153,42,0.3117482364,0.04663444683,1
153,50,0.1413210332,0.1011036783,1
153,58,0.03421280533,0.002317480743,1
153,66,-0.03125755861,-0.04147605971,1
153,74,-0.1278891861,-0.02730451897,1
153,82,-0.09933052957,0.07312576473,1
153,90,0.03942634165,0.080142878,1
153,98,0.02384288423,0.1241096184,1
153,106,-0.08387237787,0.0003653392196,1
153,114,-0.07273684442,0.03275457397,1
153,122,-0.0115748141,0.1650048345,1
153,130,-0.03695692867,0.08620288968,1
153,138,-0.0990428105,0.105810672,1
153,146,-0.1478532106,0.1044285521,1
153,154,-0.1759313941,0.05217380822,1
153,162,-0.06622825563,-0.0375594981,1
153,170,0.1648157835,-0.09943065047,1
161,10,-0.1218923479,-0.06625233591,1
161,18,-0.02107963711,0.1464703828,1
161,26,0.07703203708,0.0208263211,1
161,34,0.1803139448,-0.267768383,1
161,42,0.1687868088,0.001050967723,1
161,50,-0.02694480121,-0.06661729515,1
161,58,0.1409979463,-0.1682571769,1
161,66,0.01627857983,-0.02033408359,1
161,74,-0.06025011837,0.04259471595,1
161,82,-0.0154566355,0.2027759701,1
161,90,0.049275022,0.1828860343,1
161,98,0.1745515019,0.05809047073,1
161,106,0.1258023232,0.01555205509,1
161,114,0.03257036954,0.03242273629,1
161,122,-0.01248376444,0.08029202372,1
161,130,0.04839449748,0.2318977565,1
161,138,0.05278010666,0.2295795679,1
161,146,-0.03846670687,0.05173782259,1
161,154,-0.1654625535,0.1292340904,1
161,162,-0.173903659,0.02353750914,1
161,170,-0.006467297673,-0.1637741029,1
169,10,-0.08542864025,0.02367584035,1
169,18,0.1160710827,0.1097579226,1
169,26,0.2542378902,0.1234386712,1
169,34,0.2586390972,0.08626960218,1
169,42,0.07171668112,0.05340305716,1
169,50,0.07435381413,0.0516252704,1
169,58,0.1737783104,0.02947046049,1
169,66,0.04907561094,-0.1235985532,1
169,74,-0.05301948637,0.04902009666,1
169,82,-0.04908324406,0.1625446379,1
169,90,0.07823097706,0.05445087701,1
169,98,0.1526280344,-0.05737733841,1
169,106,0.08457137644,-0.01535303891,1
169,114,0.05942999944,-0.004114369862,1
169,122,0.008073143661,0.1391367018,1
169,130,-0.04949539155,0.1888353527,1
169,138,-0.1051031947,0.1594153047,1
169,146,0.01773065329,-0.03610800952,1
169,154,0.0367423743,0.1223711073,1
169,162,0.02324198,-0.04061071947,1
169,170,0.08954082429,-0.085215725,1
177,10,0.1389953792,0.08747458458,1
177,18,0.1200759113,0.1018983573,1
177,26,0.04645995051,0.1498007029,1
177,34,0.04176389426,0.2189580351,1
177,42,0.03416483849,0.1721486896,1
177,50,0.06339780986,0.1569171995,1
177,58,0.05911158025,0.1282800734,1
177,66,0.04598068446,-0.07096698135,1
177,74,0.03911681101,0.02862393484,1
177,82,-0.05161214247,0.0526143685,1
177,90,0.008610259742,0.03624350205,1
177,98,0.119100675,-0.06688064337,1
177,106,0.07004737854,-0.0572508648,1
177,114,0.02099698409,0.03036556207,1
177,122,-0.0709868446,0.2391880751,1
177,130,-0.1124761105,0.1502412856,1
177,138,-0.2293333411,0.01413809508,1
177,146,0.01886375435,-0.1449126154,1
177,154,0.07598587871,-0.05012827367,1
177,162,0.129072547,0.0001604482532,1
177,170,0.1000800133,0.09727320075,1
185,10,0.03854499012,0.0462320596,1
185,18,0.03770047799,0.1137900278,1
185,26,0.05521120131,0.1407230347,1
185,34,-0.009984456003,0.1932230294,1
185,42,-0.07174470276,0.1942953914,1
185,50,-0.05937441066,0.1049284264,1
185,58,-0.01215657219,0.05689734221,1
185,66,-0.0294334963,0.0245590955,1
185,74,0.1173219681,0.04349065572,1
185,82,0.05463663116,0.01978229731,1
185,90,-0.002715109382,0.05417464674,1
185,98,-0.0779555887,0.007308888249,1
185,106,-0.2178944647,-0.05258277804,1
185,114,-0.1674754918,-0.06149923056,1
185,122,-0.1166514307,0.04019568115,1
185,130,-0.0886329636,0.1143847629,1
185,138,0.02507008612,0.09581375122,1
185,146,0.1511867046,-0.03162519261,1
185,154,0.0289985016,0.0103578195,1
185,162,-0.2378006428,0.06810498983,1
185,170,-0.236998409,0.1633001268,1
193,10,0.06919895113,0.0816712752,1
193,18,7.749348879e-05,0.07145329565,1
193,26,-0.0875980258,0.06327430904,1
193,34,-0.04316965863,0.05876424164,1
193,42,0.02107920125,0.1763714701,1
193,50,0.02082304284,0.00934921205,1
193,58,0.04215337336,-0.02727074921,1
193,66,-0.01573892683,0.02082907408,1
193,74,-0.004209391773,0.04975447804,1
193,82,0.02524112165,-0.006791502237,1
193,90,0.05808893591,0.04168298841,1
193,98,-0.03710522503,0.07576373219,1
193,106,-0.176051259,-0.0431233719,1
193,114,-0.2178219259,-0.1478493512,1
193,122,-0.1975694895,-0.06013379246,1
193,130,-0.03393268585,0.07212316245,1
193,138,-0.02158730477,0.03762137517,1
193,146,-0.05720759928,0.1113140061,1
193,154,-0.1278709173,0.1590015888,1
193,162,-0.1770106703,0.04961840808,1
193,170,-0.2035021037,0.2048570216,1
201,10,-0.1298980862,-0.03171173856,1
201,18,-0.0709400475,0.1211630479,1
201,26,-0.05136796087,0.09906032681,1
201,34,-0.01157223433,0.04504429549,1
201,42,0.1069762036,0.2360273004,1
201,50,0.1464282125,0.1625028402,1
201,58,0.06527946144,0.01969629526,1
201,66,-0.02238391899,0.05197118223,1
201,74,-0.01546974853,0.06962627172,1
201,82,0.05831751227,0.03970585018,1
201,90,0.1324137449,0.1182730719,1
201,98,0.1290938556,0.08906342834,1
201,106,0.0006772279739,-0.1150885671,1
201,114,-0.1222541928,-0.2116393,1
201,122,-0.06527799368,-0.03392408788,1
201,130,-0.1531531513,-0.04595921189,1
201,138,-0.1788136363,-0.04086416215,1
201,146,-0.1709025502,0.2022234797,1
201,154,-0.1698889136,0.3021814227,1
201,162,-0.09082406759,0.1265455335,1
201,170,-0.09490843117,0.09217098355,1
209,10,-0.1573485434,-0.08472242951,1
209,18,0.05650249869,0.009135231376,1
209,26,0.08834251761,0.08701600879,1
209,34,0.08277358115,-0.004740223289,1
209,42,0.06921394169,0.08522941917,1
209,50,-0.09699134529,0.1016212553,1
209,58,-0.07805414498,0.1495276392,1
209,66,-0.03457158059,0.139572069,1
209,74,-0.005001906306,0.051698111,1
209,82,0.1790641546,0.02059908584,1
209,90,0.1731731892,0.1127842516,1
209,98,-0.05122596025,0.1287530512,1
209,106,-0.1941050589,0.006720338017,1
209,114,-0.2282969356,-0.1509994566,1
209,122,-0.148917675,-0.04887222499,1
209,130,-0.2431912124,-0.0364677757,1
209,138,-0.2809388041,-0.01370621659,1
209,146,-0.2001058161,0.1049386784,1
209,154,-0.1341461539,0.1153263375,1
209,162,-0.06390490383,0.1427610517,1
209,170,-0.05976289511,0.1741995215,1
217,10,-0.1562002301,-0.04524297267,1
217,18,0.07301867008,0.09578756243,1
217,26,0.1139741614,0.1271237731,1
217,34,0.04375088215,0.1020638049,1
217,42,-0.04307518899,0.05383574218,1
217,50,-0.05519538373,0.04873633385,1
217,58,-0.05012577772,0.1276882589,1
217,66,-0.08401611447,0.06850366294,1
217,74,-0.04793114215,0.0166364722,1
217,82,0.1612792164,-0.02685335279,1
217,90,0.191451177,0.063498348,1
217,98,-0.08790296316,0.2472402155,1
217,106,-0.1665198654,0.2064237744,1
217,114,-0.1327801347,0.04255374894,1
217,122,-0.06987068802,0.02003566921,1
217,130,-0.1095886603,0.03550763056,1
217,138,-0.09996409714,0.05933393538,1
217,146,-0.008502617478,0.01594542712,1
217,154,-0.1104310304,0.006736334413,1
217,162,-0.1772539318,0.05733339116,1
217,170,-0.06164316088,0.2459498644,1
225,10,-0.05473916233,0.1458961517,1
225,18,0.02188575827,0.1487874538,1
225,26,0.05970738828,0.2632941008,1
225,34,-0.1442462802,0.2710163295,1
225,42,-0.2027831078,0.05987666547,1
225,50,-0.1311214566,0.1003590971,1
225,58,-0.1182592586,0.03631946445,1
225,66,-0.1395136118,-0.09949988872,1
225,74,-0.1351088881,0.06019895524,1
225,82,0.01192146633,0.02846160159,1
225,90,0.05974408612,0.09525882453,1
225,98,0.03187204525,0.1866713613,1
225,106,0.004796586931,0.1207448989,1
225,114,-0.02303347364,0.132930696,1
225,122,-0.02240519226,-0.006798099726,1
225,130,-0.145428136,-0.06186410785,1
225,138,-0.08606387675,0.08842492104,1
225,146,0.005901433527,0.06108252704,1
225,154,-0.04899803549,-0.006496615708,1
225,162,-0.07224838436,0.03206007183,1
225,170,0.07353809476,-0.1735760868,1
233,10,0.05380029231,0.1043448076,1
233,18,-0.01804815605,0.05170014128,1
233,26,0.07447119057,0.09807690978,1
233,34,-0.1411229074,0.1034009755,1
233,42,-0.2459828407,-0.04901103675,1
233,50,-0.1007877737,0.06466673315,1
233,58,-0.04040037096,-0.01207702234,1
233,66,-0.1173908487,-0.09917476028,1
233,74,-0.1239431575,0.1544564515,1
233,82,-0.09215694666,0.156514585,1
233,90,-0.07320216298,0.07016758621,1
233,98,0.04680486396,-0.1099639982,1
233,106,0.01990204677,-0.03347699344,1
233,114,-0.2126564384,0.03897368908,1
233,122,-0.1592977047,-0.05205119401,1
233,130,-0.1166450977,-0.0214823056,1
233,138,-0.1032055244,-0.0372351408,1
233,146,-0.1078044921,0.0070207268,1
233,154,-0.06346197426,0.05467587709,1
233,162,0.01383526996,0.07415388525,1
233,170,0.05736688152,-0.07464789599,1
241,10,-0.03322707117,-0.1233414784,1
241,18,-0.03645075113,0.05977225304,1
241,26,0.02525936812,0.06959912181,1
241,34,-0.01538477838,-0.07859292626,1
241,42,-0.1550494134,-0.1466812491,1
241,50,-0.1162585095,-0.05129123107,1
241,58,-0.03209682554,-0.003245145082,1
241,66,-0.1125830263,-0.07356540114,1
241,74,-0.0756868571,0.2086263895,1
241,82,-0.02333140373,0.231885612,1
241,90,0.03347431868,0.1112485826,1
241,98,0.0734372586,-0.14979963,1
241,106,-0.1012169123,-0.1196414828,1
241,114,-0.2080985755,-0.1987147927,1
241,122,-0.1223109961,-0.1050977856,1
241,130,-0.1279629469,0.04322964698,1
241,138,-0.1085482463,0.09261609614,1
241,146,0.01434585452,0.2662401199,1
241,154,0.03282000124,0.1568908542,1
241,162,-0.165649116,0.07867467403,1
241,170,-0.05151502043,-0.047899656,1
249,10,-0.03016687557,0.02099215984,1
249,18,0.04563515633,0.06596682966,1
249,26,0.04345665872,-0.03322819993,1
249,34,-0.02913620695,-0.1182801947,1
249,42,-0.1040437669,-0.1433012635,1
249,50,-0.06725168228,-0.1984289736,1
249,58,-0.04105260968,-0.001246257918,1
249,66,-0.18407166,-0.03837396577,1
249,74,-0.1742834449,0.07230494916,1
249,82,-0.04605672508,0.110818252,1
249,90,0.03946606442,0.01698547415,1
249,98,-0.06675424427,-0.0860568583,1
249,106,-0.1166575477,-0.1499141157,1
249,114,-0.06726566702,-0.181568414,1
249,122,-0.1293725371,-0.1319359839,1
249,130,-0.2076543272,-0.1764808893,1
249,138,-0.05757081509,0.01299521141,1
249,146,0.02792064101,0.1337478757,1
249,154,0.02777628601,0.1432678998,1
249,162,-0.05241439864,0.1744992733,1
249,170,-0.00458352454,0.05146026611,1
257,10,-0.03481857479,0.04875603318,1
257,18,-0.01831910759,-0.05485971645,1
257,26,-0.06307190657,-0.2137058526,1
257,34,-0.01676923409,-0.07251024991,1
257,42,-0.05695547163,-0.07043343037,1
257,50,-0.07928792387,-0.03982440755,1
257,58,-0.02404706925,-0.02277975902,1
257,66,-0.08394253254,-0.01523262635,1
257,74,-0.1645740271,0.02448376268,1
257,82,-0.04284933954,-0.0570898205,1
257,90,0.06215368956,-0.05920341611,1
257,98,-0.0243628975,-0.05267588049,1
257,106,-0.02174026519,-0.02741559595,1
257,114,0.02058368176,-0.09017628431,1
257,122,-0.08744470775,-0.1210572198,1
257,130,-0.1839872003,-0.2707751393,1
257,138,-0.05377819762,-0.01407959685,1
257,146,-0.1069619283,-0.04298605397,1
257,154,-0.1261778772,0.05505347252,1
257,162,-0.06534931064,0.3763924539,1
257,170,-0.01300393045,0.1676719338,1
265,10,-0.06932663172,-0.07144704461,1
265,18,0.08716155589,-0.07860122621,1
265,26,0.001643396914,-0.0209040232,1
265,34,-0.04466628656,0.04815695435,1
265,42,-0.02134994045,-0.003783330321,1
265,50,-0.08740974963,0.1514413059,1
265,58,0.002497171983,0.06981742382,1
265,66,0.02965594269,0.07774858177,1
265,74,-0.09913592786,0.1206060275,1
265,82,0.03393302485,-0.06916709244,1
265,90,0.06241871044,-0.1268874258,1
265,98,-0.02030069008,-0.2419498265,1
265,106,0.02284658328,-0.02318379283,1
265,114,0.01196492463,-0.02279764041,1
265,122,0.0567515716,0.0394208394,1
265,130,0.07178898156,-0.01437926479,1
265,138,0.06700371951,-0.004197036847,1
265,146,0.02347818203,0.03574003279,1
265,154,0.03297523782,0.08768615127,1
265,162,0.07176783681,0.2681490481,1
265,170,0.06406399608,0.1006140932,1
273,10,-0.07038555294,-0.04163788259,1
273,18,-0.0186785832,0.1027562469,1
273,26,-0.06772729754,0.1136409268,1
273,34,-0.1256414354,0.09045850486,1
273,42,-0.08620655537,0.01905061863,1
273,50,-0.005708559416,-0.07406880707,1
273,58,0.05864226073,0.02352843061,1
273,66,-0.1333000362,0.05439044908,1
273,74,-0.01453378424,0.02614184655,1
273,82,0.1066017151,-0.1150309592,1
273,90,0.07065006346,-0.2265803814,1
273,98,0.1325403154,-0.1373485625,1
273,106,0.08288931102,-0.004035562277,1
273,114,0.0523147732,0.1392087638,1
273,122,0.1336763799,0.07435265929,1
273,130,0.1909242868,0.06849005818,1
273,138,0.1582657397,-0.02592723072,1
273,146,0.1695613861,0.05141313002,1
273,154,0.134384945,0.06698749959,1
273,162,0.1259483546,0.1083705947,1
273,170,0.07676120847,0.1080887169,1
281,10,-0.0008626114577,-0.04064981639,1
281,18,-0.03405958414,0.2526723146,1
281,26,-0.04981668666,0.1697821617,1
281,34,0.01798271015,0.07370376587,1
281,42,0.007881816477,-0.08513174951,1
281,50,0.07069116086,-0.06178430468,1
281,58,0.08495356143,0.1067004129,1
281,66,0.01404828206,0.05027654767,1
281,74,0.06911078095,-0.01454852149,1
281,82,0.05665941536,-0.04672475532,1
281,90,0.1528717875,-0.02520018257,1
281,98,0.2473550439,-0.01128341816,1
281,106,0.1461623162,0.1247113794,1
281,114,0.07401374727,0.001017648727,1
281,122,-0.03616968542,-0.177230984,1
281,130,-0.02010802925,-0.01747944206,1
281,138,0.04302681983,-0.01183961984,1
281,146,0.0851554051,0.07281538844,1
281,154,0.129451409,0.09577957541,1
281,162,0.006753370166,0.121367842,1
281,170,-0.0002244897187,0.1938183159,1
289,10,0.158501476,0.03425163776,1
289,18,0.0189951621,0.09999094158,1
289,26,0.06919287145,0.1847934425,1
289,34,0.05660447106,0.130354017,1
289,42,-0.01797763258,-0.0337375626,1
289,50,0.1317337751,0.02532151341,1
289,58,0.1192950681,0.1611119807,1
289,66,0.0375643,0.09193461388,1
289,74,-0.1414661258,-0.03986259177,1
289,82,-0.1716659367,0.1066777259,1
289,90,0.1155840456,0.04792697728,1
289,98,0.1244746745,-0.01649110019,1
289,106,0.04222974926,-0.03212379664,1
289,114,0.054682374,-0.1993413568,1
289,122,-0.01666347682,-0.2648529112,1
289,130,-0.0351998806,-0.05254640803,1
289,138,0.02594844252,-0.05028413609,1
289,146,0.04609628394,0.1805261225,1
289,154,0.06942026317,0.2022224963,1
289,162,-0.02476277575,0.1197437197,1
289,170,0.007701683789,0.1881378442,1
297,10,0.0480696857,0.1821545064,1
297,18,0.02443163469,0.08461916447,1
297,26,0.2346562147,0.03242631257,1
297,34,0.2399931848,0.07053163648,1
297,42,0.181480512,0.1063567251,1
297,50,0.3366403282,-0.01120862365,1
297,58,0.4465320408,0.1102962717,1
297,66,-0.08983233571,0.08612327278,1
297,74,-0.2184290588,0.02223479003,1
297,82,-0.1186305881,0.2239710391,1
297,90,0.04124924913,-0.06297094375,1
297,98,-0.05651261657,-0.1742036641,1
297,106,0.0238521453,-0.0732659474,1
297,114,-0.03996115178,-0.3079932332,1
297,122,-0.06952059269,-0.2042113841,1
297,130,0.003156423569,-0.003420457244,1
297,138,0.04709091038,-0.05977926403,1
297,146,0.06408108771,0.1291057765,1
297,154,0.1623743176,0.05588708818,1
297,162,0.1432426125,0.06412436813,1
297,170,0.1024163663,0.203746736,1
305,10,0.0170096606,-0.08289050311,1
305,18,-0.029044047,-0.004016458988,1
305,26,0.02329043299,-0.04885419086,1
305,34,0.1152459681,-0.03967260569,1
305,42,-0.02693518996,0.03248483688,1
305,50,0.01502967998,-0.0337687023,1
305,58,0.1421756595,0.07684559375,1
305,66,0.007805107161,0.08089064062,1
305,74,-0.06250891089,0.1216467768,1
305,82,-0.08304968476,0.2763941884,1
305,90,0.00473703444,0.1614357233,1
305,98,0.1657235622,-0.1173913926,1
305,106,0.1573922634,-0.02519280836,1
305,114,-0.01934806257,-0.2627223134,1
305,122,-0.03948873281,-0.1745484769,1
305,130,-0.03265484422,0.0290321447,1
305,138,-0.06011944264,-0.007442556322,1
305,146,-0.09621369839,-0.09590303898,1
305,154,0.02041288093,-0.05572713912,1
305,162,0.07511997223,0.03827701509,1
305,170,0.1069283113,0.1506966949,1
313,10,-0.1552143395,-0.04776613787,1
313,18,-0.1549971998,-0.1292286217,1
313,26,-0.0335819535,-0.1153634936,1
313,34,0.08410920203,0.004300892353,1
313,42,-0.1485256404,-0.04066479951,1
313,50,-0.1310630739,-0.0936774686,1
313,58,-0.1685345024,-0.001693032682,1
313,66,-0.1400494576,0.02540343627,1
313,74,-0.1736810058,0.08749762177,1
313,82,-0.1450921297,0.1232703552,1
313,90,-0.05707082152,0.1504148692,1
313,98,-0.1293869466,0.145004645,1
313,106,-0.1213753521,0.1157450229,1
313,114,-0.1122479364,-0.06532645226,1
313,122,-0.1139889732,0.009046789259,1
313,130,0.02382008359,0.03431396931,1
313,138,-0.0248119086,-0.08087914437,1
313,146,-0.02945073694,-0.15004614,1
313,154,0.141115889,-0.009185813367,1
313,162,0.1687756926,-0.05824945122,1
313,170,0.1051291749,0.08257395774,1
321,10,-0.01344202273,-0.07588067651,1
321,18,-0.04039489478,-0.1177588403,1
321,26,0.03581127897,-0.09767748415,1
321,34,0.07056484371,0.0810193345,1
321,42,-0.02034773678,-0.04155477136,1
321,50,-0.09324903786,-0.1581344157,1
321,58,-0.1671727896,-0.1102922335,1
321,66,-0.1568886489,-0.02292593569,1
321,74,-0.2374861091,0.115130499,1
321,82,-0.2054815888,0.05293691158,1
321,90,-0.04549339414,0.1181490347,1
321,98,-0.07807615399,0.286614418,1
321,106,-0.1136125997,0.1120314449,1
321,114,-0.1034938619,0.1085144654,1
321,122,-0.1765559465,0.1969202757,1
321,130,0.07598023117,0.0820247978,1
321,138,0.2071453631,-0.0555998981,1
321,146,0.08729951084,-0.05099634454,1
321,154,0.09558047354,-0.1290777624,1
321,162,0.09147659689,-0.090002276,1
321,170,-0.05138840526,0.1642711163,1
329,10,0.09400570393,-0.1781911999,1
329,18,0.1109589189,-0.099324435,1
329,26,-0.004730889574,-0.02574613504,1
329,34,-0.05609425902,0.09419356287,1
329,42,-0.1828840971,0.04533410445,1
329,50,-0.2036157846,0.04896973819,1
329,58,-0.149530232,-0.04174099118,1
329,66,-0.1844823956,-0.002831763122,1
329,74,-0.1699182987,0.1143268347,1
329,82,-0.0363753587,0.1828629076,1
329,90,0.01907948405,0.1280853748,1
329,98,0.08691097796,0.2165953815,1
329,106,-0.04347994179,0.1407363117,1
329,114,-0.1075392365,0.2981520891,1
329,122,-0.0258171428,0.09204979241,1
329,130,0.1122481972,-0.01280660927,1
329,138,0.1086215228,0.01285904646,1
329,146,0.0691640377,-0.03075399995,1
329,154,0.2036954015,-0.1207648814,1
329,162,0.1644391119,0.01506260596,1
329,170,0.03096963838,0.198915258,1
337,10,0.2176841646,0.01352278143,1
337,18,0.07882842422,0.04444044083,1
337,26,0.03348146006,0.0185425207,1
337,34,0.1025471091,0.04993632436,1
337,42,-0.04438438267,0.0959584713,1
337,50,-0.0805401206,0.1001392454,1
337,58,-0.1417120695,0.09083332866,1
337,66,-0.1488911808,0.0691216588,1
337,74,-0.03208446875,0.05278751254,1
337,82,0.02872935683,0.1682025492,1
337,90,0.00546592474,0.09309092909,1
337,98,-0.09731177241,0.1359690875,1
337,106,-0.05215746909,0.141910702,1
337,114,0.006354503334,0.316529274,1
337,122,0.007665960118,0.01294807345,1
337,130,0.06658181548,-0.083963871,1
337,138,0.1157925501,-0.05453019589,1
337,146,0.1856244802,-0.06263840944,1
337,154,0.2064923644,-0.1093752757,1
337,162,0.1443028599,0.03250782937,1
337,170,0.05875273794,0.1409129947,1
345,10,-0.01372494921,0.1325737089,1
345,18,-0.1740505546,0.08638035506,1
345,26,-0.1144699603,0.01636958122,1
345,34,0.0460916087,-0.02092771977,1
345,42,0.02423820272,0.148098141,1
345,50,-0.1265864074,0.110213317,1
345,58,-0.1657282263,-0.07788969576,1
345,66,-0.08505357802,-0.08927030861,1
345,74,0.0299560912,0.07466392219,1
345,82,0.04001115635,0.0910994783,1
345,90,-0.02990730479,0.04051043093,1
345,98,-0.1086648628,0.09348002076,1
345,106,0.02510796674,-0.0151699055,1
345,114,0.1074139923,0.03025957569,1
345,122,-0.02847731113,-0.1106009856,1
345,130,-0.02363703772,0.008355887607,1
345,138,-0.09077271074,-0.004898717627,1
345,146,0.09335615486,0.05835368857,1
345,154,0.03780117258,-0.08692678064,1
345,162,-0.08338419348,-0.1606259346,1
345,170,-0.01728049293,-0.005679316819,1
353,10,-0.1731976569,0.1141777635,1
353,18,-0.1456703991,0.07515501976,1
353,26,-0.09691236913,0.004658028483,1
353,34,-0.003579601645,-0.0687757805,1
353,42,0.101383172,0.07810084522,1
353,50,0.07524138689,0.1068924591,1
353,58,-0.0822269544,-0.0372572504,1
353,66,-0.326865375,-0.1386088878,1
353,74,0.01326097548,0.1943088472,1
353,82,0.1358190477,0.05577921867,1
353,90,0.04554803669,0.03699050844,1
353,98,-0.01949207857,0.1217232868,1
353,106,0.02028871328,-0.07311894,1
353,114,0.05710316077,-0.2309931666,1
353,122,0.0123470109,-0.03565734625,1
353,130,-0.2291652709,0.1260745972,1
353,138,-0.4115180671,0.06775872409,1
353,146,-0.104184404,0.187157616,1
353,154,0.08489988744,0.01820566133,1
353,162,-0.06402981281,-0.1533984095,1
353,170,-0.01023823023,-0.1100816354,1
361,10,0.04094950482,0.2105835974,1
361,18,-0.104896754,0.02687220275,1
361,26,-0.1106671616,-0.07197210193,1
361,34,0.01854092628,0.003343783319,1
361,42,-0.02880449593,-0.00183253549,1
361,50,-0.1596772373,-0.01242150366,1
361,58,-0.01731369272,0.007813125849,1
361,66,0.03738394752,-0.006636694074,1
361,74,0.04103549197,0.1915842295,1
361,82,0.02443306893,0.02690282837,1
361,90,0.2288911194,0.1206340194,1
361,98,0.3122419715,0.174239397,1
361,106,0.236586526,-0.07532636821,1
361,114,0.242361486,-0.2588113248,1
361,122,0.1570066214,0.1388964355,1
361,130,-0.05536652356,0.158855468,1
361,138,-0.06597944349,0.08899305016,1
361,146,0.07343733311,0.151465416,1
361,154,0.05864042416,0.137862578,1
361,162,0.08738535643,0.06339017302,1
361,170,0.2171745747,-0.05788962543,1
369,10,0.2195115387,0.328034997,1
369,18,0.06641035527,0.03015893698,1
369,26,-0.04820241407,-0.1163639873,1
369,34,-0.07995536178,-0.01796432771,1
369,42,-0.1905460805,-0.003885143436,1
369,50,-0.229539305,0.07793945819,1
369,58,0.05628427118,0.1099927425,1
369,66,0.1724830717,0.03931739926,1
369,74,0.1522013247,0.03340424597,1
369,82,0.1423494816,0.04065917432,1
369,90,0.2054749131,0.1389714777,1
369,98,0.161595121,0.2894425988,1
369,106,0.07551774383,0.001238957047,1
369,114,0.1109917462,0.2075431049,1
369,122,0.1734519005,0.1501860321,1
369,130,-0.04372445121,0.1116513759,1
369,138,-0.07771808654,0.03794161975,1
369,146,0.1095038578,0.1110466421,1
369,154,-0.03134376556,0.1725848913,1
369,162,0.05971822888,0.1723901182,1
369,170,0.1854029894,0.08451750129,1
377,10,0.1248890907,0.3448870778,1
377,18,0.1095332503,0.01762111485,1
377,26,-0.006319716573,-0.073343575,1
377,34,0.007320404053,-0.02618590184,1
377,42,0.007102273405,-0.0502259694,1
377,50,0.007241572253,0.109366551,1
377,58,0.08258677274,0.2075665146,1
377,66,0.07893896103,0.1009687185,1
377,74,0.06349430233,0.07192163169,1
377,82,-0.02470378578,0.05057335272,1
377,90,0.08614744246,-0.01701211184,1
377,98,0.1626817584,0.1998451352,1
377,106,0.2965763211,0.143670395,1
377,114,0.303701967,0.2281927019,1
377,122,0.2443526983,0.02157834172,1
377,130,0.06490147859,-0.07978899777,1
377,138,-0.01802095026,-0.07598154992,1
377,146,0.1506975591,0.09139856696,1
377,154,0.1105383262,0.01143617928,1
377,162,0.1378753483,0.03722653538,1
377,170,0.1973894387,-0.006767291576,1
385,10,0.02001235634,0.08583679795,1
385,18,-0.09242352843,0.02479764819,1
385,26,-0.07961386442,0.2456030846,1
385,34,-0.01354779303,0.1407078654,1
385,42,-0.02679473534,-0.04008953273,1
385,50,0.04645961151,0.1033627689,1
385,58,-0.03097374737,0.2050033361,1
385,66,-0.06177194789,0.1689525694,1
385,74,0.1666926444,0.06096956134,1
385,82,0.1138428003,0.01038372144,1
385,90,0.07529118657,-0.02947708592,1
385,98,0.1055315882,0.009363442659,1
385,106,0.2247998267,0.1226645634,1
385,114,0.2721136808,0.4159478843,1
385,122,0.176322937,0.09075695276,1
385,130,0.04278296977,-0.2338526398,1
385,138,0.05470924079,-0.0475195609,1
385,146,0.02698770165,0.1657845974,1
385,154,-0.07810382545,0.1163515151,1
385,162,0.02711571753,-0.0730067268,1
385,170,0.1991006732,-0.1255569458,1
393,10,0.08330374956,-0.3149977326,1
393,18,-0.03215758875,-0.1489125043,1
393,26,0.02995538339,0.1291772723,1
393,34,0.008523439988,0.2350756526,1
393,42,-0.01669508219,-0.01349233091,1
393,50,0.07629541308,0.05018790811,1
393,58,-0.03304893896,0.1840716004,1
393,66,0.01407337189,0.1393338591,2
393,74,0.1297228634,0.195507735,1
393,82,0.1856535822,0.005275942385,1
393,90,0.1888505965,0.09706160426,1
393,98,0.07939937711,-0.04114357382,1
393,106,0.02881680429,0.2046030164,1
393,114,0.04157932103,0.03258665651,1
393,122,0.04973772168,-0.01674748585,1
393,130,-0.03754677624,-0.008474342525,1
393,138,-0.1048056558,0.03553872183,1
393,146,-0.2279373556,0.2267152518,1
393,154,-0.1536371708,0.2955718338,1
393,162,-0.01775962859,0.02231060714,1
393,170,0.1471008062,-0.251039654,1
401,10,0.1422288865,-0.5943462849,1
401,18,0.06779368222,-0.2571414709,1
401,26,0.07021589577,0.04363149777,1
401,34,-0.0231957715,0.144587487,1
401,42,-0.1601713151,0.1480425298,1
401,50,-0.04008581489,-0.4245436192,1
401,58,0.05564635247,0.03091804683,1
401,66,0.02139151096,0.008803546429,1
401,74,-0.2035980374,0.1930758357,1
401,82,-0.04440021142,-0.03281326592,1
401,90,-0.01175326481,-0.001613050699,1
401,98,-0.07301515341,0.04295100272,1
401,106,-0.03838852048,0.230130896,1
401,114,-0.02828098834,-0.05149327219,1
401,122,0.02554747462,-0.07566923648,1
401,130,0.04922833294,-0.1080217585,1
401,138,0.004210703075,0.06028307229,1
401,146,-0.08391724527,0.2064082325,1
401,154,-0.1848569512,0.2797834277,1
401,162,-0.04943116009,0.1053906009,1
401,170,0.04478110373,-0.3541570306,1
409,10,0.171066761,-0.6324350238,1
409,18,0.146524474,-0.1736109406,1
409,26,0.08842258155,0.02109041438,1
409,34,-0.09829381853,-0.0216710344,1
409,42,-0.06738503277,-0.0566188395,1
409,50,0.1568852067,0.1031338498,1
409,58,0.3208883703,0.1968349218,1
409,66,0.1206708848,0.1470734626,1
409,74,-0.1107803881,0.09424690902,1
409,82,-0.1138031334,0.1129716188,1
409,90,0.02314755321,0.1472112685,1
409,98,0.03478240967,0.1559790373,1
409,106,-0.1197993755,0.09623356909,1
409,114,-0.2465149313,0.15078789,1
409,122,-0.07325764,0.1132974476,1
409,130,0.0489474535,0.09639891982,1
409,138,0.1205765381,0.1795865744,1
409,146,0.1112186536,0.1170478612,1
409,154,-0.01841421425,0.1939130276,1
409,162,0.06387275457,0.1165940985,1
409,170,0.1157123372,-0.1251240075,1
417,10,0.07054150105,-0.0188780725,1
417,18,0.06044641137,0.0663773641,1
417,26,0.1736308336,-0.118823722,1
417,34,0.0903871879,-0.1046818495,1
417,42,0.02338075638,0.01419763267,1
417,50,0.01529417932,0.2367028594,1
417,58,0.1561430544,0.08031424135,1
417,66,0.3268498778,0.1323908269,1
417,74,0.263979584,0.2816483378,1
417,82,0.1353843957,0.3309090734,1
417,90,0.1576407999,0.250417769,1
417,98,0.2152440995,0.1131298691,1
417,106,0.09423007071,-0.08057251573,1
417,114,-0.06704379618,0.01878479123,1
417,122,-0.1005653888,0.356800139,1
417,130,0.02475244179,0.3351200819,1
417,138,0.2211185992,0.2500366569,1
417,146,0.2210218906,0.1764467806,1
417,154,0.1947339177,0.2078425288,1
417,162,0.2476887703,0.1959155351,1
417,170,0.1691071391,0.4213660955,1
