PIVlab, ASCII chart output - 02-Aug-2025
FRAME: 14, filenames: A:[14]FullStack_Pos0035_TgUtrmcherry_K4K8MO-1.avi & B:[15]FullStack_Pos0035_TgUtrmcherry_K4K8MO-1.avi, conversion factor xy (px -> m): 1, conversion factor uv (px/frame -> m/s): 1
x [px],y [px],u [px/frame],v [px/frame],Vector type [-]
9,10,0.05477455258,0.01739390939,1
9,18,0.0291705355,-0.1571079195,1
9,26,0.01462959498,-0.1849341989,1
9,34,0.2193282247,-0.03785535693,1
9,42,0.2302272618,0.1508221626,1
9,50,0.1306729466,-0.01567609236,1
9,58,0.1981910467,-0.08795405924,1
9,66,0.1448920369,-0.1534582675,1
9,74,0.1060843468,-0.008901908994,1
9,82,0.3148373961,0.1858279407,1
9,90,0.3127120137,0.1816884428,1
9,98,0.1323566586,0.1513783932,1
9,106,0.1092137247,0.09552544355,1
9,114,0.09173368663,-0.002274855971,1
9,122,0.03269886971,0.06147449836,1
9,130,0.1216174141,0.03428072482,1
9,138,0.1622609198,-0.0007936246693,1
9,146,0.07572174072,0.09638699144,1
9,154,-0.04739078879,0.02451344952,1
9,162,0.03591649234,-0.1661989838,1
9,170,-0.1033812761,-0.2690370977,1
17,10,-0.001592032611,0.03417656571,1
17,18,0.1890751719,-0.07751210034,1
17,26,0.2088816464,-0.04222806543,1
17,34,0.1164481938,0.01830669679,1
17,42,0.0259700641,0.1623562276,1
17,50,0.03365714848,-0.1318287402,1
17,58,0.1251606792,-0.1347013563,1
17,66,0.09398003668,-0.03789143264,1
17,74,0.06374913454,0.07106482983,1
17,82,0.1184950471,0.2125655562,1
17,90,0.1762391925,0.2669366896,1
17,98,0.2119351178,0.06001976132,1
17,106,0.1564524025,-0.06297889352,1
17,114,0.04155759513,-0.1049696729,1
17,122,-0.008744396269,0.1037190259,1
17,130,0.05182429403,-0.09177064896,1
17,138,0.2537804842,-0.0699454546,1
17,146,0.1315491498,0.03536277264,1
17,154,0.0544866249,-0.03911375999,1
17,162,0.008133489639,-0.1078704149,1
17,170,0.0009213760495,0.04498435557,1
25,10,0.1613315344,0.1164832488,1
25,18,0.2269382775,-0.06980813295,1
25,26,0.163364768,-0.006039436907,1
25,34,0.07402033359,0.09702929854,1
25,42,-0.02808632702,0.1146193743,1
25,50,0.02931801975,-0.01654161513,1
25,58,0.06270137429,-0.1983934939,1
25,66,0.06147852167,-0.09158135206,1
25,74,0.05328456685,0.03010411188,1
25,82,-0.004445374012,0.1661197841,1
25,90,0.02545189857,0.2662742138,1
25,98,0.1209428161,0.002679310739,1
25,106,0.1829912215,0.06412288547,1
25,114,-0.04985390604,-0.01454252936,1
25,122,-0.03496672213,0.01510287076,1
25,130,-0.07893446088,-0.07112774253,1
25,138,-0.02353712358,-0.05265757814,1
25,146,0.06469035149,0.01955107972,1
25,154,0.00290966779,0.03624230623,1
25,162,-0.1293187439,0.04017011821,1
25,170,-0.08474035561,0.150262326,1
33,10,0.2108680606,0.0872566551,1
33,18,0.1012315378,-0.04400572553,1
33,26,0.04387913644,-0.03125416487,1
33,34,0.03499503434,0.12936005,1
33,42,-0.01925679296,0.1219300479,1
33,50,-0.0337334536,0.1975798905,1
33,58,0.03946595639,-0.03662404045,1
33,66,0.1975857913,-0.112226814,1
33,74,0.1237550229,-0.01973858476,1
33,82,0.08202542365,0.178285718,1
33,90,0.08482635021,0.2193816304,1
33,98,0.1704595834,0.01266596466,1
33,106,0.2997978628,0.0721181035,1
33,114,0.04157733917,0.005047086626,1
33,122,0.01663336158,-0.06040387228,1
33,130,0.06897079945,-0.08122564107,1
33,138,0.03783478588,-0.03863820806,1
33,146,0.02337215841,0.02394197322,1
33,154,-0.0002970919013,0.09774453938,1
33,162,-0.000622279942,0.02433138341,1
33,170,0.01371038333,0.07078623772,1
41,10,-0.004130616784,-0.02731439471,1
41,18,-0.007066853344,-0.04538183659,1
41,26,-0.06814655662,-0.07025754452,1
41,34,-0.04218203202,0.05134954304,1
41,42,-0.005179807544,0.09894926846,1
41,50,-0.001911714673,0.186901778,1
41,58,0.02626017854,0.06744358689,1
41,66,0.1040048525,0.01464762166,1
41,74,0.2072318792,0.05422640964,1
41,82,0.145242393,0.1695185006,1
41,90,0.1105694473,0.2139083296,1
41,98,0.2251722664,0.08854534477,1
41,106,0.2381498218,0.01549110003,1
41,114,0.2070198953,-0.1035629958,1
41,122,0.07781608403,-0.1136377305,1
41,130,0.04870881885,-0.1237343997,1
41,138,0.1070756614,0.01249800622,1
41,146,0.03030545264,-0.0296132341,1
41,154,-0.008235756308,-0.02592828497,1
41,162,0.09118109196,0.03063260019,1
41,170,0.2920975089,-0.01489343867,1
49,10,-0.0234406814,-0.02054201812,1
49,18,-0.08768732846,-0.08446154743,1
49,26,-0.06407439709,-0.004784777761,1
49,34,-0.2161655128,0.09776109457,1
49,42,-0.1086927205,0.05430261791,1
49,50,-0.06730668992,0.1422678083,1
49,58,0.0187349543,0.09640157968,1
49,66,0.09670643508,0.1493774801,1
49,74,0.1685935259,0.1991189867,1
49,82,0.2211104631,0.06665337086,1
49,90,0.09395541996,0.1235078424,1
49,98,0.07077108324,0.1413472295,1
49,106,0.1350252926,0.06389672309,1
49,114,0.07042659819,-0.01760703698,1
49,122,-0.01591937616,-0.01883140579,1
49,130,-0.01338286698,-0.03902436793,1
49,138,0.03577330709,0.01046682708,1
49,146,0.04375945032,-0.06698335707,1
49,154,0.02863745019,0.003353524953,1
49,162,-0.03563063592,0.0335880816,1
49,170,-0.02691035718,-0.0585334599,1
57,10,0.1556639671,0.06722378731,1
57,18,-0.002791585401,-0.03912032768,1
57,26,-0.04290158302,0.08142745495,1
57,34,0.04084611684,0.02629098669,1
57,42,-0.02629737556,-0.04128235206,1
57,50,-0.03210337833,-0.1013929024,1
57,58,0.07976578921,0.1031447649,1
57,66,0.1453955024,0.1095049977,1
57,74,0.1110410541,0.1163116992,1
57,82,0.04259455204,0.0196544975,1
57,90,0.008613958955,0.07693746686,1
57,98,0.06394545734,0.1480090916,1
57,106,0.07282851636,0.02385213971,1
57,114,-0.04517626762,0.02169689909,1
57,122,0.01994462684,0.01906088926,1
57,130,0.05914351344,-0.0270453319,1
57,138,-0.06490243971,-0.07054011524,1
57,146,0.05582933128,-0.02108096331,1
57,154,0.05617808551,-0.0005203597248,1
57,162,0.03020967543,-0.06089800224,1
57,170,0.02222626656,0.01425914466,1
65,10,0.08176183701,0.115752615,1
65,18,0.07616986334,0.1782247275,1
65,26,0.1414687335,0.1035842746,1
65,34,0.08182148635,0.02979544736,1
65,42,-0.02995688096,0.03448534757,1
65,50,-0.02530531585,0.08774191141,1
65,58,0.04345659912,0.1080873907,1
65,66,0.0987097919,0.07491695881,1
65,74,-0.01554237306,-0.01183115691,1
65,82,-0.1284454316,0.1324234307,1
65,90,-0.02617307007,0.08819465339,1
65,98,0.05762414634,0.04515043646,1
65,106,0.03843943775,0.06070966274,1
65,114,0.04829265922,0.003374157473,1
65,122,0.1400482357,0.01354294643,1
65,130,0.2019841373,0.02804505266,1
65,138,0.05916365236,0.0694206655,1
65,146,0.08937996626,0.02537407912,1
65,154,0.2309205085,0.006655272096,1
65,162,0.1692927033,0.02176506631,1
65,170,0.03700166196,0.1292283088,1
73,10,-0.01016952097,0.1213094518,1
73,18,0.1042720973,0.1959970891,1
73,26,0.1352212429,0.02959016338,1
73,34,0.04303375632,-0.06535471976,1
73,42,0.03053625301,0.1035666168,1
73,50,0.04049311206,0.1664461792,1
73,58,0.1445277184,0.03934342414,1
73,66,-0.02700938471,0.1386316866,1
73,74,-0.174499616,0.04098844528,1
73,82,-0.1096525416,-0.08702889085,1
73,90,0.01439793408,0.04873149842,1
73,98,0.1219237447,0.05307118595,1
73,106,0.1985968351,0.06528782845,1
73,114,0.1251052618,0.1016847491,1
73,122,0.1256276369,-0.004708504304,1
73,130,0.2610579133,-0.01445896737,1
73,138,0.1603311896,0.1610527486,1
73,146,0.1189741045,0.05425385013,1
73,154,0.2185136974,0.02359347418,1
73,162,0.1884377301,-0.04291054606,1
73,170,-0.0513573885,-0.01239786297,1
81,10,0.08011121303,0.06473442912,1
81,18,0.1250393093,-0.04662622511,1
81,26,0.1476367414,-0.1209665984,1
81,34,-0.01260314882,-0.271140486,1
81,42,0.092709288,0.08153904974,1
81,50,0.2020427883,0.1285328269,1
81,58,0.1194584072,-0.06290668249,1
81,66,-0.01821820438,0.1543798894,1
81,74,0.01635219902,0.138017118,1
81,82,0.2441314161,-0.06815636903,1
81,90,0.2160366029,0.0925636068,1
81,98,0.1127032861,0.1337124705,1
81,106,0.1439415812,0.0547102876,1
81,114,0.178176403,0.100026913,1
81,122,0.1845247447,-0.003235837445,1
81,130,0.1723677814,-0.02385075763,1
81,138,0.1195459962,0.1038555577,1
81,146,0.1075624675,0.1033566445,1
81,154,0.1288155913,-0.03798361123,1
81,162,0.1100232899,-0.1475825012,1
81,170,-0.02908602357,-0.07740776986,1
89,10,0.1158093959,-0.007694900036,1
89,18,-0.01415453106,-0.1775837541,1
89,26,0.003343716264,-0.2292079926,1
89,34,0.1188549995,-0.2221559435,1
89,42,0.2725523114,0.1111677587,1
89,50,0.1560849547,0.1691015363,1
89,58,0.01155678928,-0.08756349981,1
89,66,0.001580972224,-0.02357143909,1
89,74,0.1158419698,0.1686068773,1
89,82,0.2178870142,0.06357683986,1
89,90,0.1610517353,0.0469000414,1
89,98,0.1566268355,0.1028656289,1
89,106,0.2022431791,0.1410086751,1
89,114,0.1385929137,0.09126839042,1
89,122,0.1220746785,0.02294920385,1
89,130,0.1787984967,0.1446689516,1
89,138,0.1412187219,0.09328597039,1
89,146,0.08267323673,0.05262355134,1
89,154,0.1117722839,-0.04554703832,1
89,162,0.02536606789,-0.09106401354,1
89,170,-0.1103536636,-0.08453964442,1
97,10,0.2225608379,-0.008346490562,1
97,18,0.08429972082,-0.08047458529,1
97,26,-0.007244247943,-0.08821074665,1
97,34,0.1129610687,-0.02749204636,1
97,42,0.1339193881,0.2218390256,1
97,50,0.008721143007,0.1400254667,1
97,58,-0.002492308617,-0.04500217736,1
97,66,-0.006227388978,-0.08276375383,1
97,74,0.06893505156,-0.002626571804,1
97,82,0.07680858672,-0.001801107079,1
97,90,0.08252241462,0.001067813486,1
97,98,0.07628586143,0.06131640822,1
97,106,0.04014310241,0.0670375824,1
97,114,0.01992572099,0.07345321029,1
97,122,0.01714102924,-0.0424926579,1
97,130,0.2242576778,0.08088627458,1
97,138,0.2007885873,0.08332753181,1
97,146,0.08779235184,0.02869071439,1
97,154,0.1641546488,-0.01405900903,1
97,162,0.1506556869,-0.005471745506,1
97,170,-0.04383777082,-0.0577728264,1
105,10,0.06610064209,0.05778893083,1
105,18,0.09402182698,0.1679056585,1
105,26,-0.1435720325,0.05264304578,1
105,34,0.02996554784,-0.001439064741,1
105,42,0.0132239908,0.2694692612,1
105,50,-0.1302006543,0.127193436,1
105,58,-0.07257573307,-0.02734130248,1
105,66,0.01232387777,-0.004310857505,1
105,74,-0.02087890171,-0.1101268828,1
105,82,-0.024998812,-0.03465810418,1
105,90,0.05564521998,-0.0446247831,1
105,98,0.08250293136,0.01551138051,1
105,106,0.07031533122,0.01667210087,1
105,114,0.1080290675,-0.04998804629,1
105,122,0.08854401112,-0.05040831119,1
105,130,-0.07441981882,-0.09846355021,1
105,138,0.06375830621,-0.01810603775,1
105,146,0.0691813454,0.07666609436,1
105,154,0.05854596943,0.1066378057,1
105,162,0.05614065751,0.04029303044,1
105,170,-0.04347062856,-0.006455790251,1
113,10,0.04636136442,0.04224304855,1
113,18,-0.02541239932,0.07260577381,1
113,26,-0.02067754418,0.1720765829,1
113,34,0.009704250842,0.1696421802,1
113,42,0.02147166617,0.1828406006,1
113,50,-0.07523462921,0.09934101999,1
113,58,-0.08828558028,0.04462026432,1
113,66,-0.03924098238,0.05401739106,1
113,74,-0.0006102621555,-0.04854346439,1
113,82,-0.04136216268,-0.01658336818,1
113,90,0.04029911384,-0.08740244806,1
113,98,0.1173825711,-0.0591599308,1
113,106,0.07344539464,0.02592784539,1
113,114,0.1612694263,0.07619588077,1
113,122,0.09828131646,0.04058657587,1
113,130,-0.03920700401,-0.1235069484,1
113,138,0.06278406084,-0.06552489847,1
113,146,0.0152836442,0.02838584408,1
113,154,-0.008040100336,-0.02870382741,1
113,162,0.04453654587,-0.0983979702,1
113,170,0.006991498172,-0.03177687153,1
121,10,0.03789195418,-0.03676483035,1
121,18,-0.006108095869,0.001654341817,1
121,26,0.0598173365,0.1863808632,1
121,34,0.04992847145,0.2981713414,1
121,42,0.04813598841,0.09097841382,1
121,50,0.1027479917,0.03607799485,1
121,58,0.08032599837,0.04554259405,1
121,66,-0.04149923474,0.06662648916,1
121,74,-0.03621115908,0.032794144,1
121,82,-0.05520371348,-0.008778989315,1
121,90,-0.02076440491,-0.02981814742,1
121,98,0.08216575533,-0.05558557063,1
121,106,0.06698945165,0.02181253396,1
121,114,-0.02181902155,0.1027594805,1
121,122,-0.02438623086,-0.007579542696,1
121,130,0.08562013507,-0.2113923132,1
121,138,0.1370635927,-0.09747774154,1
121,146,0.01772285439,0.1074445918,1
121,154,-0.07062853873,-0.1041512936,1
121,162,-0.02424900793,-0.079088673,1
121,170,0.01547437906,0.02013342455,1
129,10,-0.01736630872,0.02730095387,1
129,18,0.009560748935,0.05412147939,1
129,26,0.1475183666,0.09309630841,1
129,34,0.1615774035,0.1827359051,1
129,42,0.1401338279,0.1373867393,1
129,50,0.1899419129,0.03537612408,1
129,58,0.06051453948,-0.07785989344,1
129,66,-0.09718944132,-0.08577168733,1
129,74,-0.07817474753,-0.07550597936,1
129,82,-0.06298419088,0.01105944812,1
129,90,0.0003173500299,0.05794416368,1
129,98,0.04356810078,0.01695888676,1
129,106,-0.02467293292,-0.01701038145,1
129,114,-0.09221573174,-0.01015847921,1
129,122,-0.05043065548,-0.1286802143,1
129,130,0.1768348962,-0.2301821411,1
129,138,0.1666393727,-0.1145236939,1
129,146,0.07323640585,0.1011202186,1
129,154,0.06627222151,0.02147321589,1
129,162,0.1189799607,0.06017403305,1
129,170,0.06301414967,0.06150925159,1
137,10,-0.1681902409,-0.01074681431,1
137,18,-0.1266293228,0.1898980737,1
137,26,0.04489744082,0.1710515618,1
137,34,0.07911016792,0.1331090331,1
137,42,0.07070556283,0.05709416419,1
137,50,0.07058856636,-0.03852529824,1
137,58,-0.004866342992,-0.1681124866,1
137,66,-0.01818619296,-0.1095141992,1
137,74,-0.06333284825,0.07637355477,1
137,82,-0.06801657379,0.05892344192,1
137,90,-0.04300186783,0.09208418429,1
137,98,-0.02579052001,0.06248101965,1
137,106,-0.007085748017,-0.02642530017,1
137,114,-0.06876910478,-0.01749585196,1
137,122,-0.03959869593,-0.04269344732,1
137,130,0.03643550351,0.006609257311,1
137,138,0.0709529072,-0.001583043486,1
137,146,0.04272416979,-0.03385154903,1
137,154,0.05609294027,-0.04242506251,1
137,162,0.0532467328,-0.0818683207,1
137,170,0.04879988357,-0.04749199003,1
145,10,-0.1322617233,0.04519167542,1
145,18,-0.04537730291,0.270068258,1
145,26,-0.08119532466,0.1820738465,1
145,34,-0.1814382076,0.02461279929,1
145,42,0.01799590141,0.0070252195,1
145,50,0.02461760864,-0.0545363687,1
145,58,0.05694327503,-0.08886781335,1
145,66,0.06145481393,0.005401458591,1
145,74,-0.01020916924,0.1552446783,1
145,82,0.0470951274,0.02822372317,1
145,90,-0.07837955654,-0.03376949579,1
145,98,-0.1283833385,0.1019342989,1
145,106,-0.1222669035,-0.01591483876,1
145,114,-0.09753842652,-0.008243845776,1
145,122,-0.04870396852,-0.02292945236,1
145,130,-0.02789296955,0.07459802926,1
145,138,-0.0416588448,0.1252320558,1
145,146,-0.1029844508,-0.004042152315,1
145,154,-0.1307337582,-0.02030626684,1
145,162,-0.1261071563,-0.163881287,1
145,170,-0.004631713033,-0.09560710192,1
153,10,-0.1095945537,0.1387417614,1
153,18,-0.01142960787,0.2516554594,1
153,26,0.08634392917,0.1748754084,1
153,34,-0.01554213651,-0.003531247377,1
153,42,-0.08422800899,0.1128579304,1
153,50,-0.05198548362,-0.0264788717,1
153,58,0.001819663681,-0.04741988331,1
153,66,0.009715008549,0.06737858057,1
153,74,0.06857402623,0.1965580881,1
153,82,0.1400311291,0.1985194385,1
153,90,0.09427492321,0.07070113719,1
153,98,0.004217401147,0.03682991117,1
153,106,-0.07067363709,-0.01998426765,1
153,114,-0.1279428005,0.02140604332,1
153,122,-0.05074543506,0.002797149122,1
153,130,0.008675459772,0.05598720908,1
153,138,-0.02067170292,0.1144832596,1
153,146,-0.1258504093,-0.0002807825804,1
153,154,-0.1823524088,-0.01098255441,1
153,162,-0.1155751795,-0.06118381396,1
153,170,0.008314780891,-0.2056106031,1
161,10,0.0807223618,0.123225376,1
161,18,0.02944697067,0.2355602682,1
161,26,0.09219513834,0.1360912919,1
161,34,0.06688398123,0.1497371495,1
161,42,-0.07142245024,0.08266246319,1
161,50,-0.0518742092,-0.07008428872,1
161,58,-0.01676659286,0.09032100439,1
161,66,-0.004767377861,0.1082748994,1
161,74,-0.00208180584,0.1426358372,1
161,82,-0.01584762707,0.09059958905,1
161,90,-0.0160189122,0.06295052171,1
161,98,-0.1153690293,0.007279928774,1
161,106,-0.143178612,-0.07483592629,1
161,114,-0.007835991681,0.05007743835,1
161,122,-0.09118759632,0.03094471619,1
161,130,-0.1062068194,0.1132125407,1
161,138,-0.02424330264,0.07213069499,1
161,146,-0.1287830919,-0.06744340062,1
161,154,-0.1535461396,-0.004864282906,1
161,162,-0.06527312845,-0.0327511318,1
161,170,0.03087223321,-0.2733014822,1
169,10,0.06827695668,0.1601446867,1
169,18,-0.0271968767,0.1466149688,1
169,26,-0.008145658299,0.2221597433,1
169,34,0.1236687005,0.2248764634,1
169,42,0.03485929221,-0.003800556064,1
169,50,-0.01099213399,0.0239578113,1
169,58,0.0380555205,0.1429944187,1
169,66,-0.008355012164,0.1165420637,1
169,74,0.03216607124,0.08391068876,1
169,82,0.01673394442,-0.05698984116,1
169,90,-0.01517030597,-0.1161611304,1
169,98,-0.06627015769,-0.05241171643,1
169,106,-0.0972526148,0.06125190854,1
169,114,-0.01836244762,0.2313363105,1
169,122,-0.02905360609,-0.003780517727,1
169,130,-0.09557496756,-0.05173586681,1
169,138,-0.1425094455,-0.1675421447,1
169,146,-0.06481852382,-0.1426124275,1
169,154,-0.05706658587,-0.01111663133,1
169,162,-0.05983165279,-0.009604804218,1
169,170,0.05313697457,0.1274510324,1
177,10,0.03983336687,0.1982284933,1
177,18,-0.03639667481,0.06442222744,1
177,26,-0.07148894668,0.0978962481,1
177,34,0.1068681031,0.1540607214,1
177,42,0.2275617719,0.09167414904,1
177,50,0.01516875252,0.2660713494,1
177,58,0.06433137506,0.1173654124,1
177,66,-0.0002332972363,0.1008052751,1
177,74,-0.08270258456,0.05851601809,1
177,82,-0.01836260781,0.04692506045,1
177,90,-0.008650649339,-0.0847428143,1
177,98,-0.05754668266,-0.07939739525,1
177,106,-0.2015041411,0.1292164475,1
177,114,-0.233545959,0.2889237404,1
177,122,-0.1095087081,0.1098406985,1
177,130,-0.04895083606,-0.04581545666,1
177,138,-0.01868967339,-0.1016646773,1
177,146,0.02799788862,-0.1648337841,1
177,154,-0.01931596175,-0.1197840571,1
177,162,-0.02125262469,-0.06713373214,1
177,170,0.09301257133,0.02259541675,1
185,10,0.01358179562,0.09548082948,1
185,18,-0.007340755314,-0.01083538681,1
185,26,-0.08460968733,-0.1003622711,1
185,34,0.000614348799,-0.07652831078,1
185,42,0.08341119438,-0.02640146576,1
185,50,0.06405197084,0.1220021471,1
185,58,0.1115427539,0.03217533231,1
185,66,0.05270373076,0.09354791045,1
185,74,-0.1306179017,0.02400527894,1
185,82,0.01534745842,0.04126539081,1
185,90,-0.1042712629,0.01601592079,1
185,98,-0.2054332793,-0.1199392974,1
185,106,-0.2154592127,-0.1178823858,1
185,114,-0.2050121129,0.0296324417,1
185,122,-0.1638982147,0.1511440724,1
185,130,-0.1598554105,0.05628600717,1
185,138,-0.04833628237,0.01349700615,1
185,146,-0.007247462869,-0.09112402052,1
185,154,-0.02916106582,-0.1631905437,1
185,162,-0.07780340314,-0.1370731294,1
185,170,0.04500639066,-0.09890718758,1
193,10,-0.02529695258,0.1452993304,1
193,18,-0.09371519834,0.07085870206,1
193,26,-0.008586928248,-0.05133581161,1
193,34,0.05872670561,-0.09709300101,1
193,42,0.142832458,-0.1183509454,1
193,50,0.2335935384,0.006094649434,1
193,58,0.09114406258,-0.04419904202,1
193,66,-0.06139558554,0.1236340031,1
193,74,-0.1566233039,0.2555099726,1
193,82,-0.1146620885,0.1055631116,1
193,90,-0.1567878425,-0.05027678236,1
193,98,-0.1147463247,-0.2011173069,1
193,106,-0.06415667385,-0.2539079785,1
193,114,-0.1701852977,-0.1168371439,1
193,122,-0.2203815877,0.07887943089,1
193,130,-0.1686721295,0.1253215224,1
193,138,-0.1844171137,0.1038167924,1
193,146,-0.1662587523,0.07606708258,1
193,154,-0.08601536602,-0.1043272614,1
193,162,-0.1479699761,-0.1150693074,1
193,170,-0.04494729638,-0.173910737,1
201,10,0.01701928861,0.1612023115,1
201,18,0.07519114763,0.1584193408,1
201,26,0.07448407263,0.09489038587,1
201,34,0.05828429386,-0.04585070908,1
201,42,0.07384522259,-0.1013169289,1
201,50,0.01589815132,0.04145918787,1
201,58,-0.08183252811,-0.1534923166,1
201,66,-0.1151132882,-0.009492043406,1
201,74,-0.1280165613,0.2697008252,1
201,82,-0.1323688179,0.3737029135,1
201,90,-0.1047908664,-0.01378711313,1
201,98,-0.01250178181,-0.2079844475,1
201,106,-0.06326074153,-0.1284937561,1
201,114,-0.1304485798,-0.1310993433,1
201,122,-0.06509275734,-0.07104119658,1
201,130,-0.1254314184,0.0309503004,1
201,138,-0.09349804372,0.1513895243,1
201,146,-0.06699284166,0.2170958221,1
201,154,-0.004308655858,0.1487981677,1
201,162,-0.06092467159,-0.02648938447,1
201,170,-0.1340459883,-0.08791275322,1
209,10,0.002345852554,0.1682069004,1
209,18,0.1953614205,0.05162128806,1
209,26,0.08370504528,0.1781235337,1
209,34,0.02883177996,-0.1681938767,1
209,42,0.007634192705,-0.1789769679,1
209,50,-0.1457344443,0.05097384006,1
209,58,-0.1372769475,-0.3291689157,1
209,66,-0.110633187,-0.3844006658,1
209,74,-0.1519101262,0.07390223444,1
209,82,-0.1447912157,0.1626771688,2
209,90,-0.04013585672,0.07787358761,1
209,98,0.04742913693,-0.211612016,1
209,106,0.169901073,0.0300264135,1
209,114,0.06827279925,-0.1360199153,2
209,122,0.136120975,-0.3839201331,1
209,130,0.06665292382,0.02845482901,1
209,138,0.114229165,0.3051941991,1
209,146,0.04154462367,0.1714755595,2
209,154,0.06659369171,0.2793704867,1
209,162,-0.04965654388,0.0547872819,1
209,170,-0.0478606075,-0.01981897652,1
217,10,0.07539200038,0.2516397238,1
217,18,0.2198213637,0.1141597629,1
217,26,0.1312140524,-0.004970297217,1
217,34,0.06858386099,0.06648078561,1
217,42,0.01516481489,0.3053764701,1
217,50,0.0333106406,0.3666998148,1
217,58,0.03880891204,0.02873230912,1
217,66,-0.04695945233,-0.01268146187,1
217,74,-0.1699572653,0.07277930528,1
217,82,-0.2547500432,0.1252299547,1
217,90,0.002642044798,0.3022839129,1
217,98,0.05613417923,0.2394064367,1
217,106,0.08432268351,0.1864896864,1
217,114,0.09751772135,-0.05908659101,1
217,122,0.09382561594,-0.2514214814,1
217,130,0.1775959879,-0.1907675266,1
217,138,0.1007839069,-0.003175010905,1
217,146,0.05234847218,-0.1157582998,1
217,154,0.09267748892,-0.4707692862,1
217,162,-0.1288653314,-0.216574654,1
217,170,0.0480023548,-0.1632985175,1
225,10,0.009130954742,0.1837950945,1
225,18,-0.03314260393,0.2141434252,1
225,26,0.04602712393,0.08945074677,1
225,34,0.1486910284,0.08371353894,1
225,42,0.0290585719,0.06587804109,1
225,50,0.1059262007,0.06277317554,1
225,58,0.0892097801,-0.04917103425,1
225,66,0.03020454571,0.07814397663,1
225,74,0.03885065764,0.08759398013,1
225,82,0.004512194544,0.08656829596,1
225,90,0.07932688296,0.1027975976,1
225,98,0.1247890145,0.07527361065,1
225,106,0.1134098843,0.06971609592,1
225,114,0.08300936222,-0.01714295149,1
225,122,0.1901988685,0.01023384929,1
225,130,0.2102366388,0.009923450649,1
225,138,0.006588233635,-0.08150674403,1
225,146,-0.05231140926,-0.09071992338,1
225,154,0.02116252482,-0.2578398287,1
225,162,-0.07210832089,-0.2522599697,1
225,170,0.05807825923,-0.001090079546,1
233,10,0.08592153341,0.108352676,1
233,18,0.09478438646,0.1367464364,1
233,26,0.09145770967,0.1239147335,1
233,34,0.1228380501,0.1371901333,1
233,42,0.04718232155,0.08572396636,1
233,50,-0.002877619117,0.05254820734,1
233,58,0.1012818739,0.08019162714,1
233,66,0.131023109,0.2189244181,1
233,74,0.01569851115,0.1680254638,1
233,82,-0.06948946416,0.09852126241,1
233,90,0.0003859568387,-0.01975068636,1
233,98,0.06347797066,-0.05380019173,1
233,106,0.1288010329,-0.1326946169,1
233,114,0.05497688055,-0.1634726077,1
233,122,0.06519562006,0.02615745366,1
233,130,0.07457033545,0.1727459729,1
233,138,-0.04266216978,-0.05592287704,1
233,146,-0.07215175033,-0.1431494355,1
233,154,-0.09458272159,-0.06981950998,1
233,162,-0.2249755263,-0.1089712828,1
233,170,-0.06344271451,0.1273239255,1
241,10,0.07037622482,0.117515482,1
241,18,0.01985416561,0.1158837229,1
241,26,0.04940310866,0.1473984718,1
241,34,0.1442496926,0.1756290942,1
241,42,0.02678983286,0.102333568,1
241,50,-0.01170811802,0.09298653156,1
241,58,0.1571459174,0.1089651734,1
241,66,0.1507183909,0.1009694263,1
241,74,0.006425049156,0.07298889011,1
241,82,-0.09254604578,0.0578988567,1
241,90,-0.05953624845,-0.005649846047,1
241,98,0.04564087838,-0.0318200253,1
241,106,0.05217215791,-0.09158749878,1
241,114,-0.01413751394,-0.1169276685,1
241,122,0.06556500494,-0.004395671189,1
241,130,0.2064724565,0.06551858783,1
241,138,0.02253101766,-0.1692284942,1
241,146,-0.1342271417,-0.1974278986,1
241,154,-0.234985292,0.002626463771,1
241,162,-0.3927285373,-0.08804582059,1
241,170,-0.3465510607,0.07136915624,1
249,10,0.02007044852,0.1378618479,1
249,18,0.0004562493414,0.2078012228,1
249,26,-0.01358532719,0.1555861235,1
249,34,-0.03299307078,0.1248123348,1
249,42,-0.0166599378,0.01235445589,1
249,50,-0.04450303316,0.03777705133,1
249,58,0.04922009259,-0.04243883118,1
249,66,0.009335145354,-0.0335989967,1
249,74,-0.01060437784,-0.1101636142,1
249,82,0.0844783932,0.002252601087,1
249,90,-0.0238387119,8.461344987e-05,1
249,98,0.0007868576795,-0.08751279116,1
249,106,0.01280000247,-0.08355084062,1
249,114,0.06017787755,-0.1038075984,1
249,122,0.01931264251,0.05117389932,1
249,130,0.1193234921,-0.1966573745,1
249,138,0.1101541817,-0.1935161501,1
249,146,0.007970055565,-0.06833574176,1
249,154,-0.07877516747,0.03252885118,1
249,162,-0.1249187887,0.05504973978,1
249,170,-0.1582966894,0.06951336563,1
257,10,-0.04843920469,0.1211100072,1
257,18,-0.01701950096,0.2349852026,1
257,26,-0.05061604083,0.07375720888,1
257,34,-0.02825791202,-0.04863299429,1
257,42,-0.006440615281,-0.1137165874,1
257,50,0.04047174007,-0.08105684817,1
257,58,0.1666058302,-0.006579212844,1
257,66,0.06516655535,0.07197442651,1
257,74,0.1137481034,0.04935047776,1
257,82,0.1545756906,0.1331268251,1
257,90,0.08210375905,0.07582513243,1
257,98,0.05472387373,-0.09930363297,1
257,106,-0.08140665293,-0.1334212422,1
257,114,-0.07546249032,-0.2129176259,1
257,122,0.1264516562,0.0571475625,1
257,130,0.1570868045,-0.1269321144,1
257,138,0.08344314247,-0.1581524611,1
257,146,-0.061158292,-0.06783640385,1
257,154,-0.007124379277,0.03757447377,1
257,162,0.09023886919,-0.1832247078,1
257,170,0.06409175694,0.0288221091,1
265,10,0.003090921789,0.06399254501,1
265,18,-0.02635123394,0.1457308531,1
265,26,-0.07361143827,0.1183629632,1
265,34,0.005070008803,0.003732487559,1
265,42,-0.02799305134,-0.03975459188,1
265,50,0.06534804404,-0.001228567213,1
265,58,0.0956697017,0.1060018837,1
265,66,0.04078161716,0.1750254631,1
265,74,0.05417420343,0.06045963243,1
265,82,0.03957290202,0.04814524949,1
265,90,0.07365193963,-0.04562180862,1
265,98,0.1107438132,0.009821180254,1
265,106,-0.07356841117,-0.09390633553,1
265,114,-0.1650661528,-0.09618793428,1
265,122,-0.004614882171,0.01649287343,1
265,130,0.04397541285,-0.0003418400884,1
265,138,0.03358744085,-0.2312247455,1
265,146,-0.03289165348,-0.09836854041,1
265,154,-0.0490193218,-0.02224884182,1
265,162,0.00288278982,-0.1733498573,1
265,170,0.0664068386,-0.2751524448,1
273,10,0.04948422685,0.07967665792,1
273,18,-0.04307367653,0.1678325087,1
273,26,-0.1065575033,0.1599119306,1
273,34,-0.03616604954,0.06498016417,1
273,42,0.03706301004,0.02040882036,1
273,50,0.03275023401,0.02035814337,1
273,58,0.06198452041,-0.02567190304,1
273,66,0.04760849476,0.03156754375,1
273,74,-0.0267594438,-0.02331528068,1
273,82,-0.02488474548,-0.1084027886,1
273,90,0.1223523468,0.03535226732,1
273,98,0.1293777525,0.04252553731,1
273,106,-0.007190485485,-0.1919113994,1
273,114,-0.09170534462,-0.04713717848,1
273,122,-0.0439363122,-0.05306232721,1
273,130,-0.01812020689,-0.1477736831,1
273,138,-0.01974789053,-0.2159660757,1
273,146,-0.03516269103,-0.08853074163,1
273,154,0.0678043738,-0.02180275321,1
273,162,0.04450843483,-0.1194367632,1
273,170,0.02859476954,-0.2045107484,1
281,10,0.01682104357,0.225834161,1
281,18,-0.02956680208,0.1968927383,1
281,26,-0.05849531665,0.1735129356,1
281,34,-0.05027411878,0.1633795351,1
281,42,-0.01841690578,0.09006984532,1
281,50,-0.02760390565,0.09149193764,1
281,58,0.1428232491,-0.07577475905,1
281,66,0.1724594235,-0.1526759416,1
281,74,0.01625084318,0.03376978636,1
281,82,0.04409752041,0.08513571322,1
281,90,0.09386526048,0.2046810985,1
281,98,0.1137737185,0.08647824824,1
281,106,0.03982074559,-0.08878373355,1
281,114,-0.08394575119,-0.09736469388,1
281,122,-0.06424732506,-0.1730359346,1
281,130,-0.08305115998,-0.1374530047,1
281,138,-0.1125410274,-0.07096765935,1
281,146,0.01109031215,-0.1654497832,1
281,154,0.002374816686,-0.05107969046,1
281,162,-0.01321253181,-0.1063020006,1
281,170,-0.003018826246,-0.1788473129,1
289,10,-0.0622901544,0.2468881607,1
289,18,-0.08959469199,0.1800472438,1
289,26,0.03338076174,0.1806953698,1
289,34,0.004694909789,0.2689758539,1
289,42,-0.03606044501,0.2242359668,1
289,50,0.03105029464,0.07417972386,1
289,58,0.1168176308,0.08408213407,1
289,66,0.1252540648,0.01127588749,1
289,74,0.1028720438,0.08811080456,1
289,82,0.02868700773,0.1617131531,1
289,90,-0.06451125443,0.1132594496,1
289,98,-0.08915332705,0.05661937967,1
289,106,-0.06593372673,0.01868754253,1
289,114,-0.1121138781,-0.1128135324,1
289,122,-0.1521687359,-0.1576545686,1
289,130,-0.1235504597,0.04690099508,1
289,138,-0.1351845562,-0.01740697026,1
289,146,-0.01225184649,-0.1568185538,1
289,154,0.04887288064,-0.126527667,1
289,162,-0.03634297848,-0.02855478227,1
289,170,-0.146977216,-0.113287285,1
297,10,-0.1674948037,0.1529013813,1
297,18,-0.007234804332,0.1444367915,1
297,26,0.1195236966,0.1031941324,1
297,34,0.09441361576,0.2195333838,1
297,42,0.02466908097,0.2122283727,1
297,50,0.09103342891,0.005600184202,1
297,58,0.08131662011,0.1198722497,1
297,66,0.07989753783,0.1772637069,1
297,74,0.07762865722,0.116184853,1
297,82,0.03365549445,0.07623641193,1
297,90,-0.1141469255,0.04106876254,1
297,98,-0.2851861119,0.03551613539,1
297,106,-0.24407655,0.04072727263,1
297,114,-0.1173599213,-0.08307641745,1
297,122,-0.1321716607,-0.08533265442,1
297,130,-0.1729401648,0.1003651693,1
297,138,-0.1066081673,0.03497062996,1
297,146,-0.05912694335,-0.08845344931,1
297,154,0.02386074327,-0.07975973189,1
297,162,0.04474890605,-0.04108010978,1
297,170,-0.07295028865,-0.08164946735,1
305,10,-0.1759191155,0.02655849606,1
305,18,-0.07097791135,0.09106196463,1
305,26,0.02773524821,0.1816755682,1
305,34,-0.008761703968,0.238836199,1
305,42,-0.07666844875,0.191840902,1
305,50,-0.04888259619,0.1311233938,1
305,58,-0.09310360253,0.1494572461,1
305,66,-0.04140384123,0.2536645532,1
305,74,-0.005509477109,0.1271204352,1
305,82,-0.06634250283,-0.104944244,1
305,90,-0.1396814734,-0.0845656395,1
305,98,-0.185728848,0.007278077304,1
305,106,-0.1066456363,0.03393071145,1
305,114,0.03153479844,0.01874245331,1
305,122,0.02747865766,-0.07426041365,1
305,130,0.01084239036,-0.03652029485,1
305,138,-0.0356429331,0.02515917644,1
305,146,-0.108117789,0.07163907588,1
305,154,-0.1072000489,-0.01713700406,1
305,162,-0.04978910461,-0.04531701654,1
305,170,0.03171940148,-0.1579541266,1
313,10,-0.2134336382,-0.04891038314,1
313,18,-0.02843760327,0.1264182925,1
313,26,0.07456018031,0.2415172011,1
313,34,-0.03973267227,0.2097355425,1
313,42,-0.05175644904,0.1462076902,1
313,50,-0.07125362754,0.1806191057,1
313,58,-0.1620934308,0.1305770278,1
313,66,-0.2227373719,0.2718852162,1
313,74,-0.04718983173,0.1136866063,1
313,82,-0.04138934612,-0.2158085555,1
313,90,-0.09974259138,-0.1760159433,1
313,98,-0.05682293326,-0.07255817205,1
313,106,-0.05127693713,-0.01682156697,1
313,114,0.03068065643,-0.09205377102,1
313,122,-0.0008755624294,-0.105789125,1
313,130,-0.03115760162,-0.07027684897,1
313,138,-0.09938912839,-0.05003899708,1
313,146,-0.1936433315,0.1535268724,1
313,154,-0.1171059906,0.06006167829,1
313,162,0.03020126559,-0.04101825505,1
313,170,0.1075052917,-0.2111381292,1
321,10,-0.2842262387,-0.08090146631,1
321,18,0.03481766954,0.1369625628,1
321,26,0.1882299334,0.2427738607,1
321,34,0.08932801336,0.1110546589,1
321,42,0.05421845987,0.07815639675,1
321,50,-0.05448047444,0.02883806825,1
321,58,-0.2191372961,0.03937575221,1
321,66,-0.2365967929,0.2376773953,1
321,74,-0.09272827953,0.121873118,1
321,82,-0.1022176892,-0.151788339,1
321,90,-0.2207051218,-0.1525444388,1
321,98,-0.1709803343,-0.04997970164,1
321,106,-0.1118675023,-0.01190157235,1
321,114,-0.1092858985,-0.1604014039,1
321,122,0.003309372813,-0.05541508645,1
321,130,0.02708435804,-0.04419764876,1
321,138,-0.08647830039,-0.06160382926,1
321,146,-0.1024009734,0.004654708318,1
321,154,-0.02334713191,0.06160321459,1
321,162,0.1390819252,-0.06729020178,1
321,170,0.2592959702,-0.1784791052,1
329,10,-0.1235546023,0.00425202772,1
329,18,0.02154408023,0.2141081542,1
329,26,0.1182469279,0.2403215766,1
329,34,0.1987353861,0.09956186265,1
329,42,0.1003351584,0.06970141083,1
329,50,-0.1269452721,0.01773918048,1
329,58,-0.1193405315,0.1061399877,1
329,66,-0.04182058573,0.04584548622,1
329,74,0.0364356637,0.06287848204,1
329,82,0.2033108473,0.183842212,1
329,90,0.05786704272,0.005141397938,1
329,98,-0.2629289329,0.03209929913,1
329,106,-0.1609137952,-0.07664592564,1
329,114,-0.05381051823,-0.035208188,1
329,122,0.0419521369,0.00544660911,1
329,130,0.05840584636,-0.05531919748,1
329,138,0.02140048891,-0.01984659582,1
329,146,-0.007868662477,0.05343336612,1
329,154,-0.0758138746,0.0149906259,1
329,162,0.02005680278,-0.006214804947,1
329,170,0.1761525869,-0.1337444186,1
337,10,-0.139183417,0.1806186736,1
337,18,-0.01549826935,0.3520852327,1
337,26,0.001904338598,0.1598141789,1
337,34,0.03680907935,0.05950158089,1
337,42,0.06005797908,0.105212234,1
337,50,-0.09165269136,0.126052469,1
337,58,-0.1483419538,0.08604960889,1
337,66,0.0344683677,0.04417366534,1
337,74,0.06659632176,0.01213682443,1
337,82,0.03517596424,0.2578260303,1
337,90,0.004643954337,0.06621670723,1
337,98,-0.05990530178,-0.04948826134,1
337,106,-0.1454905123,-0.09216897935,1
337,114,-0.091453664,-0.026984483,1
337,122,-0.02577607334,0.02737226523,1
337,130,-0.09271171689,0.07030046731,1
337,138,-0.1061969995,-0.02336117066,1
337,146,-0.08685282618,0.107099086,1
337,154,-0.03303122893,0.08750745654,1
337,162,-0.03116081655,-0.03251412883,1
337,170,-0.06828017533,-0.05109727383,1
345,10,-0.1279381961,0.138653636,1
345,18,-0.05527961999,0.2642740011,1
345,26,-0.04555857182,0.0711755529,1
345,34,-0.03215535358,0.02219692618,1
345,42,0.02768024057,0.1697791815,1
345,50,-0.07969886065,0.1391992718,1
345,58,-0.1013954431,0.07818604261,1
345,66,0.07710422575,0.1543197632,1
345,74,0.01965966076,0.1303523481,1
345,82,-0.1200485379,0.1109773293,1
345,90,-0.006933238357,-0.05761935934,1
345,98,-0.02391912043,-0.1928695142,1
345,106,-0.07038015127,-0.06371512264,1
345,114,-0.02579022199,-0.009104978293,1
345,122,-0.01639067382,0.001027038321,1
345,130,-0.0075985156,-0.08015715331,1
345,138,0.0008649230003,-0.07836099714,1
345,146,-0.1812088192,0.05370631814,1
345,154,-0.1773807704,0.08612413704,1
345,162,-0.1029616445,0.003536120057,1
345,170,-0.3159466088,0.1478723884,1
353,10,-0.05531165004,0.08117124438,1
353,18,0.01707193255,0.1796777546,1
353,26,-0.01708369702,0.07479289919,1
353,34,-0.0323119238,0.05034779012,1
353,42,-0.04473435879,0.104099825,1
353,50,-0.1122721434,0.09536723793,1
353,58,-0.06698880345,0.1080958769,1
353,66,-0.05581525713,0.1519713402,1
353,74,-0.02387778461,0.05421806127,1
353,82,-0.06815195084,0.04865640402,1
353,90,-0.2318846136,-0.06865017116,1
353,98,0.01058225706,-0.3465739489,1
353,106,0.1017010584,-0.09677439183,1
353,114,0.06578772515,-0.02527325973,1
353,122,0.03134102002,-0.06930856407,1
353,130,0.0104088299,-0.1423121095,1
353,138,-0.03486936539,0.06399113685,1
353,146,0.007039522752,0.02174430341,1
353,154,0.1141142696,-0.0009282380342,1
353,162,0.01803009957,0.065189071,1
353,170,-0.3375416994,0.1573184878,1
361,10,-0.02147262543,0.1262822598,1
361,18,-0.1155308634,0.1556729972,1
361,26,-0.2284522951,0.04296849668,1
361,34,-0.001654304564,0.09172570705,1
361,42,0.07167433202,0.03169385344,1
361,50,-0.005745448172,0.07366026193,1
361,58,-0.01995700411,0.09137246013,1
361,66,-0.1716519296,0.1123966724,1
361,74,-0.1315283179,-0.01815863699,1
361,82,-0.05389606208,0.005358569324,1
361,90,-0.1526029259,-0.04966903478,1
361,98,0.07527659833,-0.2864122391,1
361,106,0.2587856352,-0.02938462235,1
361,114,0.1081137806,-0.0778593272,1
361,122,-0.04296498746,0.03310578689,1
361,130,-0.0009198561311,-0.008569890633,1
361,138,-0.07942906022,0.03538520634,1
361,146,-0.03306228667,0.01877336204,1
361,154,0.02628969401,0.004231441766,1
361,162,-0.127933681,0.1086022183,1
361,170,-0.2480116785,0.06669129431,1
369,10,-0.04525247216,0.06992821395,1
369,18,-0.07609318942,0.0880240351,1
369,26,-0.145776093,0.07639570534,1
369,34,-0.06369894743,0.04788117856,1
369,42,0.03841385245,-0.00248285383,1
369,50,0.1021353975,0.131467551,1
369,58,-0.01535977423,0.1382868886,1
369,66,-0.2278884798,0.1093648002,1
369,74,-0.3750934303,0.03354147077,1
369,82,-0.1056281179,0.07985642552,1
369,90,0.107674323,0.03520650789,1
369,98,0.1740734279,-0.1152574793,1
369,106,0.1788331419,0.03442128003,1
369,114,-0.04057331383,0.02173302695,1
369,122,-0.1225114316,0.05233415589,1
369,130,-0.1393883973,0.05546540022,1
369,138,-0.101616472,-0.01283473521,1
369,146,-0.04106815159,0.02058458328,1
369,154,-0.1353899837,0.1345622689,1
369,162,-0.1776441038,0.1583496034,1
369,170,-0.1841153502,0.08378698677,1
377,10,0.00482557714,0.05221776664,1
377,18,-0.0688759014,0.02613663673,1
377,26,-0.1202168912,0.1087823808,1
377,34,-0.04548481479,0.04972715676,1
377,42,-0.03457474336,0.1285533905,1
377,50,-0.08546818793,0.0940893814,1
377,58,-0.07179173827,0.1446538121,1
377,66,-0.02569809929,-0.006172748283,1
377,74,-0.03200348839,-0.121183157,1
377,82,0.05986256152,-0.02631977946,1
377,90,0.1233950257,-0.05004221573,1
377,98,0.03656859696,-0.03432172909,1
377,106,-0.09942322969,-0.01415309403,1
377,114,-0.007815301418,-0.03572646528,1
377,122,-0.03662285954,0.02513618022,1
377,130,-0.1282766759,0.04356854036,1
377,138,-0.04917774722,0.02859612927,1
377,146,-0.03479514271,0.01173474081,1
377,154,-0.1222970188,0.1028616205,1
377,162,-0.05176954716,0.1689550877,1
377,170,-0.1296260357,0.1135954559,1
385,10,0.04409428686,0.08644147962,1
385,18,-0.1519822478,0.04336504266,1
385,26,-0.1540578306,-0.003464490175,1
385,34,-0.006153784692,0.1176863611,1
385,42,-0.03886188939,0.2541797161,1
385,50,-0.05514317751,0.08322116733,1
385,58,-0.01044303179,-0.0007095895708,1
385,66,-0.02129273489,-0.0517019853,1
385,74,-0.02053073794,-0.0999063924,1
385,82,-0.0451535657,-0.1495642513,1
385,90,0.02105773985,-0.09494981915,1
385,98,-0.1065569222,0.1229453608,1
385,106,-0.185006395,0.1166319102,1
385,114,-0.1614824533,-0.07412773371,1
385,122,-0.2185330689,0.1054010987,1
385,130,-0.1201410145,0.09155450761,1
385,138,0.006815794855,0.02239457704,1
385,146,-0.04930429533,-0.09778562188,1
385,154,-0.08359950036,-0.01992656663,1
385,162,0.01453266293,0.03373116627,1
385,170,-0.02539262921,0.09049494565,1
393,10,0.05072899908,0.06558190286,1
393,18,-0.04707268625,0.07112594694,1
393,26,-0.15453659,-0.005792818964,1
393,34,-0.09123092145,0.1817733198,1
393,42,-0.290183574,0.4138203561,1
393,50,-0.09262832254,0.2660833895,1
393,58,0.04035132378,-0.02845019847,1
393,66,-0.02907341719,-0.03133363277,1
393,74,-0.07244754583,0.02195801586,1
393,82,-0.1201151758,-0.1089069694,1
393,90,-0.01835994236,0.03334581852,1
393,98,-0.07423970848,0.1079186499,1
393,106,-0.1573889405,0.09386242181,1
393,114,-0.1567599177,-0.07504041493,1
393,122,-0.1682964563,0.08393906802,1
393,130,-0.07503214478,0.05560578778,1
393,138,0.08183912933,0.03585330024,1
393,146,-0.005331508815,-0.09160335362,1
393,154,-0.03096461296,-0.09084500372,1
393,162,0.1559858322,-0.06381927431,1
393,170,0.1788244545,0.06659477204,1
401,10,0.07126703858,0.08115098625,1
401,18,0.01860004291,-0.04179275408,1
401,26,-0.08014277369,0.01383831352,1
401,34,-0.02388903499,0.1376549304,1
401,42,-0.1519974619,0.4191503525,1
401,50,-0.08997675031,0.4126597047,1
401,58,0.1033788994,0.04447501898,1
401,66,0.09812624753,-0.01891471073,1
401,74,0.02586404607,0.06685224175,1
401,82,-0.02258350328,0.004594992846,1
401,90,-0.1571346521,0.1869940609,1
401,98,-0.2107746005,-0.02278388664,1
401,106,-0.2467312962,-0.04346049577,1
401,114,-0.1838908195,-0.0208739806,1
401,122,0.07155629992,0.02292061225,1
401,130,0.1824440509,-0.1047745049,1
401,138,0.1312970221,0.007576801814,1
401,146,0.07997135073,0.1453667283,1
401,154,0.01704816893,-0.04323416948,1
401,162,0.02136053517,0.02083281241,1
401,170,0.1057872847,-0.06713922322,1
409,10,-0.08392123878,-0.03055876493,1
409,18,-0.003816723824,-0.05651984736,1
409,26,-0.09389674664,0.1156184077,1
409,34,-0.04931552708,0.1276678592,1
409,42,0.1151096299,0.3627781868,1
409,50,0.08732493222,0.2963203192,1
409,58,0.220337674,0.0557891354,1
409,66,0.1923929602,-0.008552692831,1
409,74,0.0100289993,0.09592217207,1
409,82,0.01187999919,0.002435263246,1
409,90,0.009798765182,-0.01653685793,1
409,98,-0.104931742,-0.1045759395,1
409,106,-0.2514121234,-0.04250007495,1
409,114,-0.1973814666,-0.06594438851,1
409,122,0.07077820599,0.02148638293,1
409,130,0.1769668609,0.06871131063,1
409,138,-0.07008121908,-0.02753409371,1
409,146,-0.2268340886,-0.07591120899,1
409,154,-0.1526463628,-0.04533883184,1
409,162,-0.07843757421,0.1053217128,1
409,170,-0.006367504597,-0.1339021325,1
417,10,-0.5014562011,-0.01065213233,1
417,18,-0.2921010554,-0.01908193529,1
417,26,-0.006783366203,0.1169037819,1
417,34,-0.0006322935224,-0.07854810357,1
417,42,0.2978437245,0.1384539604,1
417,50,0.2216171622,0.1119871438,1
417,58,0.05989688635,-0.0333096832,1
417,66,-0.03448780254,-0.04703027755,1
417,74,-0.1555202603,0.1557062864,1
417,82,-0.08067436516,-0.1109546721,1
417,90,0.08994384855,-0.1679972857,1
417,98,0.06911904365,-0.07248054445,1
417,106,0.037432082,0.002599400468,1
417,114,0.04861547798,-0.07154355198,1
417,122,0.008478216827,-0.04737442732,1
417,130,-0.04955162108,0.0636472851,1
417,138,-0.2160169184,0.06132863835,1
417,146,-0.1845169514,0.02501702309,1
417,154,-0.1593423635,0.2174338996,1
417,162,-0.08560223877,0.1807731986,1
417,170,0.1914242804,-0.04893483967,1
