PIVlab, ASCII chart output - 02-Aug-2025
FRAME: 231, filenames: A:[231]FullStack_Pos0035_TgUtrmcherry_K4K8MO-1.avi & B:[232]FullStack_Pos0035_TgUtrmcherry_K4K8MO-1.avi, conversion factor xy (px -> m): 1, conversion factor uv (px/frame -> m/s): 1
x [px],y [px],u [px/frame],v [px/frame],Vector type [-]
9,10,0.09420214593,-0.3980022669,1
9,18,-0.05858257413,-0.149975732,1
9,26,-0.1644236296,-0.002134607174,1
9,34,-0.1027728319,-0.02377117611,1
9,42,-0.1494420916,-0.04890923947,1
9,50,-0.06627596915,-0.1090105996,1
9,58,0.1470648497,-0.06064732373,1
9,66,0.1372193098,-0.04959374294,1
9,74,0.1002282649,-0.004924839363,1
9,82,0.07924695313,0.06526794285,1
9,90,0.1076625586,-0.01541714184,1
9,98,0.0727429688,-0.02448212355,1
9,106,-0.008216260001,0.04984858632,1
9,114,0.08742479235,0.001430250704,1
9,122,0.115508005,-0.082894288,1
9,130,0.1011843234,-0.08694493771,1
9,138,0.1082573831,0.07548204809,1
9,146,-0.01048707962,0.2187919766,1
9,154,-0.1134191006,0.2920932174,1
9,162,-0.06703980267,0.1997872144,1
9,170,-0.09904411435,-0.2954574227,1
17,10,-0.02098272741,-0.03150479496,1
17,18,0.05199108645,0.02788089588,1
17,26,0.113201946,0.06425593793,1
17,34,0.08065669239,-0.05232063681,1
17,42,-0.03904333711,-0.07587814331,1
17,50,-0.03378762305,-0.09920142591,1
17,58,0.01344326325,-0.1577548981,1
17,66,0.05402725562,0.01634534076,1
17,74,0.04665456712,0.0009876787663,1
17,82,0.06424795091,0.01887915842,1
17,90,0.1510643065,-0.067359671,1
17,98,0.09045991302,-0.02711458132,1
17,106,-0.07283308357,0.02738822997,1
17,114,0.1165036485,-0.06412367523,1
17,122,0.08879423141,0.006865363568,1
17,130,0.08237186074,0.09599204361,1
17,138,0.04227776825,0.1232416779,1
17,146,-0.03691387922,0.1123949364,1
17,154,0.08950085938,0.2626900077,1
17,162,0.1428027004,0.1669436991,1
17,170,-0.1168606728,-0.1378076971,1
25,10,-0.07707838714,0.1337899864,1
25,18,0.0636523515,0.04967690259,1
25,26,0.09336319566,-0.02250080928,1
25,34,0.01645088568,0.01994345896,1
25,42,-0.03264481947,-0.01681340858,1
25,50,-0.0363798365,-0.01342888921,1
25,58,-0.01042640954,-0.02903957479,1
25,66,-0.03749764338,0.04045379534,1
25,74,-0.05019146949,0.008851427585,1
25,82,0.09165579081,-0.0640001148,1
25,90,0.1426326036,-0.09787198901,1
25,98,0.08444146812,-0.01666925848,1
25,106,0.102971524,-0.0595436804,1
25,114,0.03455530852,-0.1084832922,1
25,122,-0.02804941311,0.07884480059,1
25,130,0.00291493535,0.1366062164,1
25,138,0.03815426677,0.1274685264,1
25,146,0.03422112763,0.07673040777,1
25,154,0.1092010736,0.1248970702,1
25,162,0.1499880403,0.06618975848,1
25,170,0.02260481566,-0.05749530345,1
33,10,-0.07456582785,0.2356982231,1
33,18,0.08460121602,0.09102357924,1
33,26,0.09870688617,0.02209123969,1
33,34,0.04227775708,0.06451234221,1
33,42,-0.00116270408,0.02017627656,1
33,50,-0.1535811126,-0.01170240343,1
33,58,-0.1308672279,0.09983210266,1
33,66,-0.06109029055,0.07627698779,1
33,74,-0.1763978302,-0.009281458333,1
33,82,-0.04308753461,-0.0194859039,1
33,90,0.01613006368,-0.01666337065,1
33,98,-0.004848577082,-0.04210940748,1
33,106,0.03781639785,-0.0900375247,1
33,114,-0.02154862881,-0.1144904196,1
33,122,-0.007659193128,0.007626026869,1
33,130,0.02338608727,0.03319961578,1
33,138,0.07937965542,-0.003671012819,1
33,146,0.05205789208,0.009820122272,1
33,154,-0.006307896227,0.02748329565,1
33,162,0.05954186991,0.09266544878,1
33,170,0.2256141305,0.06412984431,1
41,10,-0.07244541496,0.07611200213,1
41,18,0.0998897329,0.1172098443,1
41,26,-0.01301255822,0.07474372536,1
41,34,-0.0357260406,0.0317556113,1
41,42,-0.07753804326,0.04002983868,1
41,50,-0.2259758711,0.04116611183,1
41,58,-0.1955071986,0.1169268936,1
41,66,-0.06907325983,0.1172930896,1
41,74,-0.06796759367,0.0425520502,1
41,82,-0.1079393476,0.004106190056,1
41,90,-0.05877029151,0.04555526376,1
41,98,-0.04015953466,0.01710398868,1
41,106,-0.01793198287,0.07320232689,1
41,114,-0.03115989827,-0.04992739111,1
41,122,-0.05305985361,-0.04867681488,1
41,130,-0.1051212624,-0.08218342811,1
41,138,-0.04624247551,-0.07236720622,1
41,146,-0.08516179025,-0.07965078205,1
41,154,-0.1413275003,-0.01945906132,1
41,162,0.05287911743,0.2176682055,1
41,170,0.3368913531,0.1774992198,1
49,10,-0.0523173064,-0.03208844364,1
49,18,-0.09070323408,0.03350796923,1
49,26,-0.123074472,0.009724013507,1
49,34,-0.1674653888,0.1019575596,1
49,42,-0.09815251827,0.1773620695,1
49,50,0.01097495854,0.09397481382,1
49,58,0.01586619765,0.1122883335,1
49,66,-0.07324945927,0.1522767544,1
49,74,-0.05732605979,0.1499205232,1
49,82,-0.08613750339,0.04970467463,1
49,90,-0.02580162138,-0.02708972991,1
49,98,0.1133073717,0.04173713923,1
49,106,-0.04237509891,0.09767056257,1
49,114,-0.06446292996,-0.03671129793,1
49,122,-0.07485000789,-0.1189574748,1
49,130,-0.07629882544,-0.1489363909,1
49,138,-0.004472240806,-0.121358484,1
49,146,-0.05248123407,-0.006544522941,1
49,154,-0.1507793814,0.07865585387,1
49,162,0.06718063354,0.142041117,1
49,170,0.1877632886,0.165887475,1
57,10,0.02429023758,0.02527610585,1
57,18,-0.1060278863,0.0615718998,1
57,26,-0.2029291093,-0.05359126627,1
57,34,-0.3131952882,0.01989696175,1
57,42,-0.2062262893,0.1496461332,1
57,50,-0.03540379554,0.145029664,1
57,58,0.006637196988,0.125003621,1
57,66,-0.1176457629,0.2164810151,1
57,74,-0.1063684449,0.201993078,1
57,82,-0.0654765293,0.06372596323,1
57,90,0.01566560566,-0.1135381833,1
57,98,0.06117350608,0.03720199317,1
57,106,-0.03761656582,0.1179144979,1
57,114,0.03226592392,-0.058175385,1
57,122,0.0007740668952,-0.1953831613,1
57,130,-0.01002255362,-0.2358734608,1
57,138,0.04602649063,-0.1090988517,1
57,146,-6.683915854e-05,0.1264075935,1
57,154,-0.2104676068,0.259356916,1
57,162,-0.03926575929,0.09508265555,1
57,170,0.1447864175,0.07338833064,1
65,10,-0.06613112986,0.02494907379,1
65,18,-0.05554893613,0.1265944242,1
65,26,-0.06980544329,0.04749592021,1
65,34,-0.09956653416,-0.01437918469,1
65,42,-0.1177025214,0.03673392162,1
65,50,-0.0742174685,0.04181929305,1
65,58,-0.0454727374,-0.003201924264,1
65,66,-0.1148065776,0.1083908826,1
65,74,0.001894980669,0.1346272826,1
65,82,0.09091192484,0.07330786437,1
65,90,-0.02295382321,-0.01443437487,1
65,98,-0.02756096795,0.2472547293,1
65,106,0.02639121376,0.1432457566,1
65,114,0.03441796079,-0.01464438345,1
65,122,-0.05663821846,-0.1520891041,1
65,130,0.01452062093,-0.1288599372,1
65,138,0.07294707,0.0143417418,1
65,146,-0.035743054,0.1297645122,1
65,154,-0.1971630007,0.2139917761,1
65,162,-0.08453510702,0.07837375998,1
65,170,0.2429186106,0.0778722614,1
73,10,-0.1367877722,-0.1138432398,1
73,18,-0.05068702996,-0.08599104732,1
73,26,-0.02633814886,0.06934481114,1
73,34,0.04398521408,0.01003156044,1
73,42,0.01051734388,-0.03274986893,1
73,50,-0.1019860357,-0.06584993005,1
73,58,-0.1170992702,-0.0500912182,1
73,66,-0.06021164358,0.06149213389,1
73,74,-0.01970847696,0.105307743,1
73,82,-0.03197056055,0.1298926175,1
73,90,-0.05587445199,0.0782571584,1
73,98,-0.006552122533,0.2592663765,1
73,106,0.04310812429,0.1333506107,1
73,114,-0.03494311124,-0.05124254525,1
73,122,-0.08385065198,-0.1618803293,1
73,130,-0.01251890417,-0.1239076629,1
73,138,0.0255779773,-0.02499233931,1
73,146,0.01124506816,-0.04529932141,1
73,154,-0.09109786898,-0.02343948931,1
73,162,0.01181871444,-0.003535784781,1
73,170,0.2851489186,0.07928045839,1
81,10,-0.1435776055,-0.06255619228,1
81,18,-0.1613018513,-0.06128361449,1
81,26,-0.1322942823,-0.004767354578,1
81,34,0.05345351249,0.04674328119,1
81,42,0.1072359234,-0.05550869182,1
81,50,0.03936714306,0.04539223015,1
81,58,-0.04831391573,-0.01146830246,1
81,66,-0.02900154144,0.01858381554,1
81,74,-0.0008822754025,0.05069880188,1
81,82,-0.04746096581,0.08582913876,2
81,90,-0.1498219669,0.04723409563,1
81,98,-0.04897470027,0.02802018821,1
81,106,-0.03221705928,0.07839332521,1
81,114,-0.04573091865,-0.09678508341,1
81,122,-0.03564337641,-0.1048270538,1
81,130,-0.01768253744,-0.1655681133,1
81,138,-0.06537624449,-0.131153509,1
81,146,-0.03115985915,-0.1269578338,1
81,154,-0.02067276835,-0.140761584,1
81,162,0.03740940243,-0.04981257021,1
81,170,0.1834929585,0.05418965966,1
89,10,-0.1822818816,-0.04639366269,1
89,18,0.00551725179,-0.007040593307,1
89,26,-0.07117950916,-0.0379318893,1
89,34,0.0111258924,0.004655947443,1
89,42,0.2232700139,-0.00764356181,1
89,50,0.1301102489,0.07847654819,1
89,58,-0.01417424716,0.01213146746,1
89,66,0.0166760087,-0.001982133836,1
89,74,0.08229803294,0.04238669574,1
89,82,-0.007169056684,0.115491055,1
89,90,-0.02327066287,0.07292832434,1
89,98,-0.07644756138,-0.00774641335,1
89,106,-0.0621592775,0.03663568571,1
89,114,0.0263242051,0.01270435471,1
89,122,0.07127852738,-0.07807846367,1
89,130,-0.1003859192,-0.1711606085,1
89,138,-0.1974055618,-0.1423075348,1
89,146,-0.02178784087,-0.038255319,1
89,154,0.08869153261,0.01046086848,1
89,162,0.03127463907,0.03877221048,1
89,170,-0.007204636931,0.005788952112,1
97,10,-0.2047032118,-0.04459417611,1
97,18,0.03362584487,0.02248019911,1
97,26,0.07449389994,0.1340891421,1
97,34,0.0692178309,0.01221536472,1
97,42,0.1366991997,-0.014865648,1
97,50,0.04331470281,0.001709863544,1
97,58,0.01631943882,0.001801025122,1
97,66,0.06961221248,0.09786374867,1
97,74,0.1535052359,0.1487871855,1
97,82,0.08745763451,0.1265318841,1
97,90,-0.02154084295,0.152703613,1
97,98,-0.05017889664,0.08672238141,1
97,106,-0.002017229795,0.05816162378,1
97,114,0.03007265925,0.1510953754,1
97,122,0.05375011265,-0.06054120511,1
97,130,0.01867105812,-0.2224067152,1
97,138,0.03930355981,-0.1099772304,1
97,146,0.1256506145,-0.03753501177,1
97,154,0.1700249314,0.02947071195,1
97,162,0.1029901952,0.05874104798,1
97,170,0.06854809076,0.01868849993,1
105,10,-0.266918242,0.09351786971,1
105,18,0.04167916626,0.0983575806,1
105,26,0.2198213935,0.06786782295,1
105,34,0.3088934422,-0.03478311002,1
105,42,0.2758346498,-0.10971196,1
105,50,0.1045663729,-0.07095625252,1
105,58,0.004421457648,-0.03089324757,1
105,66,0.08381041139,0.2000911832,1
105,74,0.1677386314,0.2588856816,1
105,82,0.2340431809,0.06363864243,1
105,90,0.2123210728,0.1383115649,1
105,98,0.108135052,0.06106260419,1
105,106,0.2173046023,0.03473006561,1
105,114,0.20616588,0.1283417344,1
105,122,0.0739325434,-0.004932995886,1
105,130,0.07786471397,-0.1360979229,1
105,138,0.09512005746,-0.0959328413,1
105,146,0.08784140646,0.01786438189,1
105,154,0.08385691792,0.002881065011,1
105,162,0.09282823652,-0.05718653277,1
105,170,-0.01797708124,0.009682431817,1
113,10,-0.2462346405,-0.04543535411,1
113,18,-0.08227112889,0.003017883748,1
113,26,0.1721755117,-0.2065015435,1
113,34,0.2230105549,-0.1281742603,1
113,42,0.08927253634,-0.2720929086,1
113,50,0.01301580667,-0.01323638484,1
113,58,0.02071715891,0.04443456978,1
113,66,0.0751092732,0.1005889028,1
113,74,0.05570784211,0.2565747499,1
113,82,0.1199839115,0.009971886873,1
113,90,0.196236372,-0.04189629853,1
113,98,0.1417106688,0.05587399378,1
113,106,0.1912376136,0.1061357111,1
113,114,0.1471433192,0.03233233839,1
113,122,0.04533616453,-0.2842519581,1
113,130,0.007926065475,-0.1578059494,1
113,138,-0.1749397069,0.02817096561,1
113,146,-0.02238041908,0.02971857414,1
113,154,0.005994539708,0.02894797921,1
113,162,-0.04324535653,-0.03437361494,1
113,170,-0.215369463,-0.008667007089,1
121,10,0.01437894255,0.04091252387,1
121,18,-0.1121560261,-0.1183376834,1
121,26,-0.05706329644,-0.2599564195,1
121,34,-0.1364789903,-0.05086300522,1
121,42,-0.1027345657,-0.05261285231,1
121,50,0.06066304818,0.04253084958,1
121,58,0.0261685513,0.03616355732,1
121,66,-0.01057348028,-0.009914651513,1
121,74,-0.05070851371,0.02738179453,1
121,82,0.01732450724,-0.03993323818,1
121,90,0.05792805552,-0.05921610072,1
121,98,0.02730379254,0.05885599554,1
121,106,0.04486251995,0.1416912079,1
121,114,0.005321975797,-0.01974382252,1
121,122,-0.001314803958,-0.1612197906,1
121,130,0.1019523218,-0.128680557,1
121,138,-0.0262100473,0.101316236,1
121,146,-0.07099740952,0.04537676275,1
121,154,0.009067714214,0.01398596913,1
121,162,0.1044618189,0.16060251,1
121,170,-0.1367921829,-0.02562828362,1
129,10,0.1555343568,0.1451997757,1
129,18,-0.1950731277,-0.07563579828,1
129,26,-0.2249892652,-0.1434087306,1
129,34,-0.1758625507,0.0157969743,1
129,42,-0.2082495987,0.04836983606,1
129,50,-0.0227278918,0.03091139346,1
129,58,0.116034463,-0.02892978303,1
129,66,0.09186401963,-0.08447754383,1
129,74,-0.03142594174,-0.1543799043,1
129,82,0.02630099654,-0.1094786525,1
129,90,0.0170205608,0.03723302484,1
129,98,-0.03520223498,0.02290056087,1
129,106,0.0179207921,0.06899312139,1
129,114,-0.1825535148,0.08189296722,1
129,122,-0.1671435386,0.09812317789,1
129,130,0.05936126411,0.1243136227,1
129,138,-0.04180455208,0.0728919208,1
129,146,-0.08911862224,0.01572123542,1
129,154,0.1971156299,0.04440869391,1
129,162,0.1520413756,0.2904259861,1
129,170,-0.07216632366,0.07579754293,1
137,10,0.07377439737,0.3301910758,1
137,18,-0.013267681,0.1616841704,1
137,26,-0.1129455119,0.001653475687,1
137,34,-0.165263027,-0.02684452012,1
137,42,-0.1188644245,0.09208318591,1
137,50,0.07144342363,-0.01829330996,1
137,58,0.170271188,-0.1022046804,1
137,66,0.1081209779,-0.1224358752,1
137,74,-0.04279480875,0.02965354919,1
137,82,-0.03407593817,-0.07460125536,1
137,90,-0.01404735073,0.1056635231,1
137,98,0.03721484542,0.1006089002,1
137,106,0.004411183298,0.2475122511,1
137,114,-0.09993645549,0.1563083529,1
137,122,-0.0690055415,0.2518014312,1
137,130,0.0810072571,0.2405899167,1
137,138,0.1198516935,-0.04500076175,1
137,146,0.1003286839,0.004462786019,1
137,154,0.2162152976,0.1534779668,1
137,162,0.1476558149,0.2145587206,1
137,170,0.01090781391,0.1547095031,1
145,10,-0.04847176373,0.2661380768,1
145,18,-0.03083053976,0.2051140815,1
145,26,0.007554933429,-0.02433967218,1
145,34,0.005950137973,-0.09815584123,1
145,42,0.06174650788,-0.1375862658,1
145,50,0.1816505492,-0.1128875017,1
145,58,0.1913873851,-0.07770967484,1
145,66,0.1166478619,0.007149763405,1
145,74,-0.003884905949,0.1099603325,1
145,82,-0.02136837691,0.01371772215,1
145,90,0.04786986113,0.04151144251,1
145,98,0.026981581,0.1729656458,1
145,106,-0.01382297091,0.2947770953,1
145,114,0.1138116419,0.09788443148,1
145,122,0.01376640797,0.152729407,1
145,130,0.002062603831,0.1049509495,1
145,138,0.0705595836,0.05798511952,1
145,146,0.03113175184,0.08974438906,1
145,154,0.08998498321,0.113272056,1
145,162,0.04126063734,0.04440282285,1
145,170,0.04120444506,0.0686686039,1
153,10,-0.06866479665,0.1040999591,1
153,18,-0.05708744004,0.04782477766,1
153,26,0.09667122364,-0.05429388583,1
153,34,0.09586859494,-0.1196305081,1
153,42,0.1226820871,-0.1289693713,1
153,50,0.2494582385,-0.0925899744,1
153,58,0.1161521152,0.0450771898,1
153,66,-0.05385109037,0.1058025062,1
153,74,-0.1062920392,0.04977525026,1
153,82,-0.1313242912,-0.003171043471,1
153,90,-0.07296838611,-0.03492055833,1
153,98,0.03834347054,0.1265024841,1
153,106,0.02231981605,0.2300396264,1
153,114,0.1253438294,0.02352292091,1
153,122,0.1147089526,-0.1014147922,1
153,130,0.1396592259,0.1687795073,1
153,138,0.1544503272,0.1523107588,1
153,146,0.01941355318,0.08006368577,1
153,154,0.03845419735,-0.002684868872,1
153,162,0.008359342813,-0.04031640291,1
153,170,0.02109161764,-0.06693027169,1
161,10,-0.09410319477,-0.02781039476,1
161,18,-0.1403806806,0.09612609446,1
161,26,-0.1048000082,0.09292393923,1
161,34,-0.001829944551,-0.05977176502,1
161,42,0.05909480155,-0.02725448832,1
161,50,0.0574086085,-0.05042215437,1
161,58,0.01808726788,0.03370016813,1
161,66,-0.03302987665,0.04267279431,1
161,74,-0.005032850429,-0.03142741323,1
161,82,0.03466464952,-0.1216554344,1
161,90,0.08167685568,-0.1887923181,1
161,98,0.1448604763,-0.02144698054,1
161,106,0.02325224876,0.02413454652,1
161,114,-0.03481643647,-0.05124989152,1
161,122,0.09760134667,-0.05360820889,1
161,130,0.1360817999,0.07295267284,1
161,138,0.0754660219,0.04697390273,1
161,146,0.0886638239,0.01006152481,1
161,154,0.06095524877,-0.02345228195,1
161,162,-0.03026422486,-0.09595794976,1
161,170,-0.07227466255,-0.1888823211,1
169,10,-0.1037133634,-0.2418745607,1
169,18,-0.1569692641,0.04285125807,1
169,26,-0.1344068795,0.063924402,1
169,34,0.1470663995,-0.05301500484,1
169,42,0.1932770312,-0.007380025461,1
169,50,0.2214467525,-0.09669298679,1
169,58,0.0765048936,-0.06886618584,1
169,66,0.00274771452,0.01267786138,1
169,74,0.08607487381,-0.08475996554,1
169,82,-0.04577600211,-0.1901008189,1
169,90,0.09376554191,-0.1973143071,1
169,98,0.1409919262,-0.1897632778,1
169,106,0.06321434677,-0.1216452271,1
169,114,0.1274843812,0.1288241148,1
169,122,0.2735727131,0.2115459293,1
169,130,0.1530373096,-0.003962425515,1
169,138,-0.01971166581,-0.05848322064,1
169,146,0.1813557148,0.06071035564,1
169,154,0.1781629026,-0.02297757007,1
169,162,0.2566003203,4.87100333e-05,1
169,170,0.2288673818,-0.0584044829,1
177,10,0.07724695653,-0.04431985319,1
177,18,-0.04259683192,0.03941014409,1
177,26,-0.06046652049,-0.0226598531,1
177,34,-0.03342552111,-0.01111084968,1
177,42,0.02509047091,0.101441443,1
177,50,0.15016298,0.05965025723,1
177,58,0.1446209997,0.1270654052,1
177,66,0.1127158701,-0.001395319123,1
177,74,0.1388003826,-0.003627795726,1
177,82,0.1307674348,-0.00436822325,1
177,90,0.1478299648,-0.1102721393,1
177,98,0.07513070107,-0.3106648326,1
177,106,0.07771129906,-0.1110817939,1
177,114,0.196243763,0.09698229283,1
177,122,0.2050940096,0.1517925262,1
177,130,0.07679626346,-0.1128324047,1
177,138,-0.01199157536,-0.05300397426,1
177,146,0.08687376976,0.09191633761,1
177,154,0.1177339703,0.1319574416,1
177,162,0.09069588035,0.1592346132,1
177,170,0.1600695401,-0.001116983593,1
185,10,0.1584813148,0.03112436831,1
185,18,0.1167890579,0.303871572,1
185,26,0.08802731335,-0.07151329517,1
185,34,-0.0171996206,-0.0677594021,1
185,42,0.03929392248,0.1337411404,1
185,50,0.1075557917,0.1864312887,1
185,58,0.123311162,0.193816632,1
185,66,0.03738249093,-0.04792006314,1
185,74,0.0783418119,0.1033665761,1
185,82,0.06576408446,0.05614371225,1
185,90,0.06255751848,-0.07971729338,1
185,98,0.05741091073,-0.1647757292,1
185,106,0.07264895737,-0.08940716088,1
185,114,0.09673593938,0.04298807681,1
185,122,0.02768136561,-0.1715438664,1
185,130,0.0109372884,-0.1939918101,1
185,138,0.0799825266,-0.08728441596,1
185,146,0.1606962681,0.06477884203,1
185,154,0.2551600337,0.287992239,1
185,162,0.005315586925,0.1652732491,1
185,170,0.06482138485,-0.1185863018,1
193,10,0.005740843713,-0.09759601951,1
193,18,0.154052332,0.07703216374,1
193,26,0.1655314863,-0.08328273892,1
193,34,0.1754636168,-0.2777234316,1
193,42,0.1301462352,0.02864303812,1
193,50,0.1526747495,0.1247769296,1
193,58,0.1062298194,0.07936697453,1
193,66,0.03666614741,-0.0005565583706,1
193,74,0.07754588872,0.02683346905,1
193,82,0.05762859434,0.01968567073,1
193,90,0.02711851895,-0.2332267463,1
193,98,-0.005085382611,-0.0791990459,1
193,106,0.0457367748,0.0006166771054,1
193,114,0.1178802624,0.08594780415,1
193,122,0.08856076002,-0.07412733138,1
193,130,-0.08019858599,-0.1895638108,1
193,138,-0.03495410085,-0.102342397,1
193,146,0.06903316826,-0.05764044449,1
193,154,0.06342671812,0.1243273914,1
193,162,-0.004902869463,0.02263935655,1
193,170,-0.05539641529,-0.2827631235,1
201,10,-0.03384375945,-0.01693799347,1
201,18,-0.006268307567,0.04405608401,1
201,26,0.06373993307,-0.02338107303,1
201,34,0.2020323575,-0.283652097,1
201,42,-0.1463806778,-0.04647137597,1
201,50,0.0627495572,-0.04632933438,1
201,58,0.001524144784,-0.05669175088,1
201,66,-0.06496062875,0.0720422864,1
201,74,-0.03897291422,0.009531017393,1
201,82,-0.05936547741,-0.0356413275,1
201,90,-0.00513072405,-0.1724320501,1
201,98,0.02492965385,-0.0573977679,1
201,106,0.08485370129,0.08112569898,1
201,114,0.02950178087,0.08176465333,1
201,122,-0.08089130372,-0.07271291316,1
201,130,-0.1549001634,-0.1349350214,1
201,138,-0.1081617549,-0.1135756522,1
201,146,-0.01118629239,-0.2772536874,1
201,154,-0.09758384526,-0.2605132461,1
201,162,-0.1329840869,-0.05737369508,1
201,170,-0.1600543261,-0.1148505509,1
209,10,-0.1740985513,0.1441209912,1
209,18,-0.005324818194,0.1601945609,1
209,26,0.2449004948,-0.05989957228,1
209,34,-0.1144548729,-0.1471543163,1
209,42,-0.06331598759,-0.05474901944,1
209,50,0.08386131376,-0.07799372077,1
209,58,0.0337761268,-0.05862839147,1
209,66,0.09845748544,0.08753086627,1
209,74,0.04330485687,0.01462496817,1
209,82,-0.1214511693,-0.06611506641,1
209,90,-0.07508608699,-0.0870411247,1
209,98,-0.009325683117,-0.09527954459,1
209,106,-0.06262484193,0.01273661479,1
209,114,-0.1531802267,-0.03925100714,1
209,122,-0.1915988922,-0.09478809685,1
209,130,-0.2216026783,-0.05583069474,1
209,138,-0.176687777,-0.1178826988,1
209,146,0.07615804672,-0.2060940564,1
209,154,0.1584309042,-0.177443102,1
209,162,0.009379766881,-0.1042076871,1
209,170,-0.09054370224,-0.0007176101208,1
217,10,-0.1032305509,0.02034465596,1
217,18,0.04803312197,-0.0667347461,1
217,26,0.03379809484,-0.07735346258,1
217,34,-0.1019307151,-0.005514387041,1
217,42,-0.0676298514,0.08603969216,1
217,50,-0.03165860474,0.04698340595,1
217,58,-0.04263481125,-0.07397447526,1
217,66,0.0864976272,0.0655824244,1
217,74,0.00215729326,-0.01260610484,1
217,82,-0.2233427018,0.001720771194,1
217,90,-0.2894713879,-0.1518074721,1
217,98,-0.1157692,-0.140434742,1
217,106,-0.02674235404,-0.04250638559,1
217,114,-0.1292625517,-0.06931830943,1
217,122,-0.03844832256,-0.0496939458,1
217,130,0.0728495121,-0.07485385239,1
217,138,-0.01340552419,-0.1393092573,1
217,146,0.01448027417,-0.2064010501,1
217,154,0.1024647057,-0.16365996,1
217,162,0.1320495605,-0.1029453129,1
217,170,0.03377456963,0.02618703991,1
225,10,0.08072176576,0.08291523159,1
225,18,0.1159346476,-0.1332614869,1
225,26,0.1677621305,-0.09244717658,1
225,34,-0.02839759551,-0.01346915215,1
225,42,-0.09336180985,0.041491054,1
225,50,-0.04286436737,0.1820792109,1
225,58,-0.05770779029,-0.01908830926,1
225,66,-0.05606077611,-0.00814793352,1
225,74,-0.2091461569,0.03252862766,1
225,82,-0.287704289,0.08002791554,1
225,90,-0.2681853771,-0.05833411962,1
225,98,-0.1550091356,-0.00668333564,1
225,106,-0.06318191439,0.01816826314,1
225,114,0.01737998053,-0.01088853925,1
225,122,0.05750705674,-0.007627967745,1
225,130,0.02856574208,-0.0579932183,1
225,138,0.01921830513,-0.09819906205,1
225,146,0.08527923375,-0.03611138463,1
225,154,0.08367626369,-0.1254711598,1
225,162,0.06952020526,-0.07468166947,1
225,170,0.1160178185,0.03163119406,1
233,10,-0.01182069257,0.2072630525,1
233,18,0.06663093716,0.02588131279,1
233,26,0.2236183435,-0.03499862552,1
233,34,0.06066517532,0.02729661576,1
233,42,0.01953932643,0.02576318383,1
233,50,-0.04770724103,0.09723831713,1
233,58,-0.08668716997,0.03791612014,1
233,66,-0.06272265315,0.06091815233,1
233,74,-0.08382489532,0.06556990743,1
233,82,-0.1470234096,0.07059859484,1
233,90,-0.1196180955,0.05662434921,1
233,98,-0.09708538651,0.04600342363,1
233,106,-0.1612328589,0.06603712589,1
233,114,-0.1225118041,0.02313093096,1
233,122,-0.1009722203,-0.05351324379,1
233,130,-0.1397699714,0.08305523545,1
233,138,-0.05279834941,-0.08660893142,1
233,146,-0.008593495935,-0.08652919531,1
233,154,-0.004288442433,0.004576681182,1
233,162,0.07197065651,0.04476898536,1
233,170,0.01145616919,0.07975105941,1
241,10,-0.06482776254,0.2135689259,1
241,18,0.1014258489,0.08645293117,1
241,26,0.2507877946,0.04712067544,1
241,34,0.2995767891,0.03076718003,1
241,42,0.1442359388,-0.007838388905,1
241,50,0.007070280612,0.07749848068,1
241,58,-0.05676603317,0.0227942653,1
241,66,-0.005379699171,0.02611555904,1
241,74,0.0355794318,-0.002279080451,1
241,82,0.03723744303,-0.0127677992,1
241,90,0.05289851874,0.08282220364,1
241,98,0.04267094284,0.04175165668,1
241,106,0.1697658598,-0.0008678450249,1
241,114,0.02464049309,-0.08580885082,1
241,122,-0.000723708421,-0.02110291272,1
241,130,0.0006577968597,-0.005039140582,1
241,138,-0.02982221544,-0.0808256641,1
241,146,-0.1242685392,-0.1659056097,1
241,154,-0.06618674845,0.03041880205,1
241,162,-0.01671548933,0.1601582021,1
241,170,-0.1400251687,0.04862590879,1
249,10,-0.01289902627,0.1422760189,1
249,18,0.1625019908,0.07208378613,1
249,26,0.1221520826,0.1646918058,1
249,34,0.02616754919,0.07725549489,1
249,42,0.07436141372,-0.05352416635,1
249,50,0.1293208003,0.106586501,1
249,58,-0.02625080757,0.07180948555,1
249,66,-0.04556678981,-0.02176045254,1
249,74,0.003457758576,0.0379357338,1
249,82,-0.06465724111,0.1074040011,1
249,90,0.04607423395,0.1185739487,1
249,98,0.1054971218,0.11007718,1
249,106,0.1033878848,-0.05302514136,1
249,114,0.1117953211,-0.1203819364,1
249,122,0.05587202311,-0.1362825781,1
249,130,0.07583529502,-0.1773883402,1
249,138,-0.02464255504,-0.08535279334,1
249,146,-0.1409151256,-0.08418539166,1
249,154,-0.07266072929,-0.09765794128,1
249,162,-0.09307986498,0.1023542434,1
249,170,-0.1815392971,-0.01121693477,1
257,10,0.05787149072,0.06213561445,1
257,18,-0.01291511208,0.01570469141,1
257,26,-0.1404361725,0.2238640785,1
257,34,-0.246209994,0.222856164,1
257,42,-0.07666794956,-0.05105608702,1
257,50,0.1948243827,-0.009953532368,1
257,58,0.06659159809,0.02875727788,1
257,66,0.007012922317,0.02274759114,1
257,74,0.06603632122,0.08887919784,1
257,82,0.04297208786,0.08399903774,1
257,90,0.1086346135,0.01137586683,1
257,98,0.0875132978,-0.06913059205,1
257,106,-0.04390412569,0.03050534427,1
257,114,-0.1073893309,-0.0359807238,1
257,122,-0.04183876514,-0.175163582,1
257,130,0.004506865516,-0.2143669128,1
257,138,0.04433928058,-0.05190629885,1
257,146,0.08026965708,0.02586366981,1
257,154,0.01058527082,-0.05602667481,1
257,162,-0.0561080426,0.06736770272,1
257,170,-0.2080542445,-0.02023622394,1
265,10,0.1922099292,-0.09948647022,1
265,18,0.06985251606,0.01507630944,1
265,26,-0.06783783436,0.2030957937,1
265,34,-0.1015471965,0.1982291192,1
265,42,0.1091440916,-0.04167493433,1
265,50,0.2952519059,-0.08341622353,1
265,58,0.1796236634,0.0630402267,1
265,66,0.1226321906,0.02423807234,1
265,74,0.1742483079,-0.006511401385,1
265,82,0.06981937587,-0.01434921473,1
265,90,-0.05650952086,-0.1432185769,1
265,98,-0.01039764099,-0.1242204979,1
265,106,0.1732049733,-0.01322360337,1
265,114,0.09229640663,-0.08944624662,1
265,122,-0.06114206463,-0.05672827363,1
265,130,0.0144012114,-0.05734662712,1
265,138,0.05471916124,0.0578302443,1
265,146,0.02948169969,0.01998360269,1
265,154,-0.06705652922,0.002928171307,1
265,162,-0.1068527773,0.07673035562,1
265,170,-0.1347740144,-0.09955132753,1
273,10,0.06795410812,-0.2481689155,1
273,18,-0.04210942984,0.01773070917,1
273,26,-0.05781424791,0.176625073,1
273,34,0.0286062099,0.1888863146,1
273,42,0.1776057482,0.1671521068,1
273,50,0.2012760192,0.2144680619,1
273,58,0.03891322762,0.2138759494,1
273,66,0.001075640321,0.0122096464,1
273,74,0.08644843102,-0.1208244413,1
273,82,0.1145308167,-0.08820542693,1
273,90,-0.08057890832,-0.1237619668,1
273,98,-0.2374248207,-0.0736220777,1
273,106,-0.112483114,-0.1092648655,1
273,114,-0.05741034448,-0.156373322,1
273,122,-0.07769677043,-0.02964849025,1
273,130,-0.01997777447,-0.006185542792,1
273,138,0.03782597929,0.04830110446,1
273,146,0.1491604149,-0.001062299125,1
273,154,0.009251797572,-0.03308582306,1
273,162,-0.09062622488,-0.09674747288,1
273,170,-0.1794542968,-0.1964561939,1
281,10,0.06659001112,-0.2596648335,1
281,18,-0.09768724442,0.09234654158,1
281,26,-0.1058471799,0.1990802288,1
281,34,-0.1249719933,0.1388197839,1
281,42,-0.03830469027,0.2381760031,1
281,50,0.03216795996,0.1306882799,1
281,58,0.06518452615,0.02828029916,1
281,66,0.1047327146,0.04656173289,1
281,74,-0.03228356317,0.1277239919,1
281,82,-0.08807875961,0.04825431108,1
281,90,-0.126913026,0.04982739314,1
281,98,-0.1295984387,-0.0255195424,1
281,106,-0.1165367439,-0.05071242154,1
281,114,-0.1320169866,0.01488701254,1
281,122,-0.05356940627,-0.001475367695,1
281,130,0.01884621009,0.09060366452,1
281,138,0.01860100962,0.04366022348,1
281,146,0.05959871411,-0.08048710972,1
281,154,-0.004308167845,-0.05961410329,1
281,162,-0.2026461363,-0.1254884005,1
281,170,-0.2773163319,-0.1997837871,1
289,10,0.02751993388,-0.1992855072,1
289,18,-0.08083099127,0.1884952784,1
289,26,-0.163187474,0.2552127242,1
289,34,-0.09727025777,0.1440589577,1
289,42,0.04954453558,0.2049045861,1
289,50,-0.1130018234,0.09713515639,1
289,58,0.06919112802,-0.2150762677,1
289,66,0.09409886599,0.1796570122,1
289,74,-0.01354268938,0.4699434638,1
289,82,0.1408603936,0.2592342496,1
289,90,0.01736812666,0.1706487238,1
289,98,0.04308729619,0.06709263474,1
289,106,0.004719957709,-0.032919541,1
289,114,0.001710236073,0.1555653811,1
289,122,0.06876526773,0.1995000541,1
289,130,0.09309282899,0.02474703267,1
289,138,0.01060915552,-0.05416126549,1
289,146,-0.1030350402,-0.09687682986,1
289,154,-0.1284141093,-0.09845325351,1
289,162,-0.1040661931,-0.1677785218,1
289,170,-0.1490223706,-0.1692214012,1
297,10,0.05228631198,-0.1406580806,1
297,18,-0.05128174275,0.09042222798,1
297,26,-0.3402886391,0.2927073836,1
297,34,-0.1044084579,0.202479735,1
297,42,-0.07952043414,0.07928080112,1
297,50,-0.193063587,0.02115784958,1
297,58,-0.009097859263,0.01528948545,1
297,66,-0.08010040969,0.1846701205,1
297,74,-0.1306075752,0.2961426079,1
297,82,-0.04028592259,0.1658146679,1
297,90,0.05712246895,0.1293262541,1
297,98,0.137349695,0.05211319029,1
297,106,0.09578650445,-0.008725017309,1
297,114,0.03996307403,-0.02009895444,1
297,122,0.04063322023,0.1480785459,1
297,130,-0.0007486902177,-0.01578937098,1
297,138,-0.0688713789,-0.07179223746,1
297,146,-0.07912310213,0.08734006435,1
297,154,-0.08789933473,-0.05919761583,1
297,162,0.01038315892,-0.1146574765,1
297,170,0.09635110945,-0.09176322818,1
305,10,0.07854406536,-0.1271387339,1
305,18,0.1620705426,0.08139837533,1
305,26,-0.02682217956,0.2767381668,1
305,34,-0.02908103168,0.2717387676,1
305,42,-0.05011312291,0.1242182106,1
305,50,-0.1685946584,-0.1231680363,1
305,58,-0.09901833534,0.08520427346,1
305,66,-0.1287315786,0.03021899611,1
305,74,-0.2160938233,0.0007933750749,1
305,82,-0.271392405,-0.0308174789,1
305,90,-0.1052526832,0.1116027981,1
305,98,-0.001469943672,0.07717162371,1
305,106,0.07515922189,0.05164442956,1
305,114,0.09262721986,0.09796979278,1
305,122,-0.001808643341,0.02698484063,1
305,130,-0.004969023168,0.1006572247,1
305,138,0.0004777414724,0.08208549023,1
305,146,0.02065379359,0.2209133953,1
305,154,0.03697383776,0.08551382273,1
305,162,0.06199767441,-0.008297160268,1
305,170,0.03850569576,-0.07297821343,1
313,10,0.2038784474,-0.08392038941,1
313,18,0.2320304513,0.06726620346,1
313,26,-0.0198910106,0.1399711072,1
313,34,-0.1560865641,0.2450738549,1
313,42,0.103639707,0.2078104615,1
313,50,0.0294787623,-0.06502960622,1
313,58,-0.04862712324,0.00645050779,1
313,66,-0.08244691789,0.009646601975,1
313,74,-0.06121183932,-0.09547358006,1
313,82,-0.09167476743,-0.04110784829,1
313,90,-0.08162289858,0.1038615555,1
313,98,0.04759340733,0.1893997788,1
313,106,0.167278707,0.1479775906,1
313,114,0.1641619205,0.1923765987,1
313,122,0.08417664468,0.04512362182,1
313,130,0.06997792423,0.1112815291,1
313,138,-0.04871495068,0.1678094864,1
313,146,-0.05208938569,0.2051086128,1
313,154,0.03808566183,0.1289274544,1
313,162,0.0986751765,-0.03121002018,1
313,170,0.07789710164,-0.07812769711,1
321,10,0.09068861604,-0.0792741701,1
321,18,-0.04957478121,-0.1163201332,1
321,26,-0.07365609705,-0.01694095135,1
321,34,-0.05154405907,0.06829414517,1
321,42,0.04509356618,0.1397148967,1
321,50,0.0008499026299,0.09207928181,1
321,58,-0.02598631382,0.03241287172,1
321,66,-0.03685822338,0.05954580754,1
321,74,-0.1124406457,-0.02673073672,1
321,82,-0.1735791266,-0.0709978044,1
321,90,-0.08909139037,0.03656413406,1
321,98,0.05783157423,0.132751435,1
321,106,0.1255912036,0.1140821427,1
321,114,0.07966126502,0.04818306118,1
321,122,0.1219610274,-0.0356750153,1
321,130,0.08668038249,0.05647395179,1
321,138,-0.06023839116,0.08712038398,1
321,146,-0.1254875362,0.144253999,1
321,154,-0.1531996727,0.06062567234,1
321,162,-0.008998654783,-0.02666861564,1
321,170,0.1295667291,-0.009908869863,1
329,10,-0.04411800951,-0.01801489852,1
329,18,-0.08057254553,-0.05989753082,1
329,26,-0.05947260559,-0.1130812988,1
329,34,-0.07575750351,-0.009468922392,1
329,42,0.02359829098,0.06173704565,1
329,50,-0.01276142523,0.07815650851,1
329,58,-0.1431379914,0.05669068545,1
329,66,-0.1473504305,0.09387414157,1
329,74,-0.1858160198,0.05673703551,1
329,82,-0.204436481,-0.08580076694,1
329,90,-0.1285539716,0.1427291036,1
329,98,0.117365703,0.260463655,1
329,106,0.1266216934,0.1143448129,1
329,114,-0.03339658678,-0.07807906717,1
329,122,0.1275004447,-0.1198244765,1
329,130,0.15022479,0.03015172854,1
329,138,0.0002969554625,0.1199841425,1
329,146,-0.009898100048,0.1893244982,1
329,154,-0.0203999877,0.1012998223,1
329,162,-0.01483047567,0.01732931286,1
329,170,0.04373082519,-0.1095714048,1
337,10,-0.05720894784,0.01632457972,1
337,18,0.0399581939,-0.0163556654,1
337,26,0.06970215589,-0.08434333652,1
337,34,0.05167979002,0.0602081269,1
337,42,-0.02717071772,0.06891569495,1
337,50,-0.185809657,0.02413384616,1
337,58,-0.05811891332,0.1594628096,1
337,66,-0.1022306383,0.06353712082,1
337,74,-0.1286993474,0.02786695212,1
337,82,-0.06782808155,0.07242895663,1
337,90,-0.08257135004,0.1909082383,1
337,98,-0.03936673701,0.3011725545,1
337,106,0.1071657985,0.1461496055,1
337,114,0.1588700712,-0.1106508896,1
337,122,0.1918227375,-0.06864309311,1
337,130,0.1411317885,0.06290496886,1
337,138,0.1469056308,0.0811111927,1
337,146,0.1581460238,0.003386892378,1
337,154,0.04046620801,0.01421601325,1
337,162,0.02940204367,0.005650665611,1
337,170,0.02101758122,-0.02331199124,1
345,10,0.00344485417,0.08781959116,1
345,18,0.06459137797,-0.004416529089,1
345,26,0.06512209028,-0.04322916269,1
345,34,0.06349713355,0.07671771199,1
345,42,-0.03954203427,0.02929304168,1
345,50,-0.08601937443,0.03627934307,1
345,58,0.04963552952,0.1243631244,1
345,66,0.009370494634,-0.005411572754,1
345,74,-0.0009836293757,-0.02063906565,1
345,82,0.06284090877,0.06265645474,1
345,90,-0.06818461418,0.02418874949,1
345,98,-0.1032311544,0.09491530061,1
345,106,-0.04227793217,0.1437067389,1
345,114,0.04341167957,-0.02936672419,1
345,122,0.06483628601,0.04379313439,1
345,130,0.04052235186,0.2109852135,1
345,138,0.06618200243,0.1079364046,1
345,146,0.0996202603,0.01884773374,1
345,154,-0.0214404799,-0.05565809458,1
345,162,0.007620149758,-0.1309381425,1
345,170,0.06409726292,0.1259104908,1
353,10,0.1039277241,0.2393837124,1
353,18,0.04496767372,0.0009797252715,1
353,26,0.08569860458,-0.04781987518,1
353,34,0.0809795782,0.1424312741,1
353,42,-0.05130491033,0.08671758324,1
353,50,-0.06446059048,0.131165877,1
353,58,-0.01334727183,-0.04949884862,1
353,66,0.007316857576,-0.05178533867,1
353,74,0.05403565988,-0.1099850982,1
353,82,0.08376243711,-0.1097018272,1
353,90,-0.09712634981,-0.01489961892,1
353,98,-0.1734125316,0.08220074326,1
353,106,-0.147608906,0.04253580794,1
353,114,-0.1007965505,-0.05822547898,1
353,122,-0.1367831528,0.05871291086,1
353,130,-0.07054233551,0.1300587207,1
353,138,0.08512951434,0.1875148714,1
353,146,-0.01040120795,0.2111591101,1
353,154,-0.059910018,0.04964195192,1
353,162,-0.07846356183,-0.08934105933,1
353,170,-0.1187833697,0.04119603336,1
361,10,-0.1479695141,0.3431861401,1
361,18,-0.04152141139,0.03030875325,1
361,26,0.03256230801,0.05117917806,1
361,34,0.06112498045,0.148808822,1
361,42,-0.03227303922,0.223657921,1
361,50,-0.03978676349,0.2364989519,1
361,58,-0.09609856457,0.07920227945,1
361,66,0.05556313321,0.05312760919,1
361,74,0.09349549562,-0.0005453079939,1
361,82,0.05422654003,-0.1087561697,1
361,90,-0.08522574604,0.1191756725,1
361,98,-0.2794396281,0.1711464971,1
361,106,-0.1053095311,-0.112923488,1
361,114,-0.1187612191,-0.1678988487,1
361,122,-0.1575861424,-0.02818609774,1
361,130,-0.06611187011,0.04132947326,1
361,138,-0.04731552303,0.09534563124,1
361,146,-0.08949115872,0.1194026545,1
361,154,-0.1044816524,0.1054991558,1
361,162,-0.0883564949,-0.04727894068,1
361,170,-0.1631006896,0.006361354142,1
369,10,-0.2958992422,0.2142739147,1
369,18,0.05007601529,0.1007336229,1
369,26,-0.04668759555,0.04393871129,1
369,34,-0.1618281007,0.07031290233,1
369,42,-0.1478457004,0.1662513614,1
369,50,-0.1483115107,0.207008034,1
369,58,-0.1371570379,0.2172553092,1
369,66,0.03448252752,0.1695056856,1
369,74,0.05702319741,0.1393914521,1
369,82,0.04952168837,0.01555463672,1
369,90,-0.09303550422,0.1186075658,1
369,98,-0.1368862689,0.05335731059,1
369,106,0.04548549652,0.05248217285,1
369,114,-0.2709318995,-0.1589277685,1
369,122,-0.1537709981,-0.03641549498,1
369,130,-0.1106347144,0.06415199488,1
369,138,-0.19178617,0.08748606592,1
369,146,-0.3671050668,0.1627646238,1
369,154,-0.1325533092,0.124743484,1
369,162,-0.1250544786,-0.05230567604,1
369,170,-0.2031241059,0.09249828756,1
377,10,-0.4418870807,0.1708201319,1
377,18,-0.1014396697,0.2040474415,1
377,26,-0.1348981261,0.05555170774,1
377,34,-0.08815202862,0.1756406575,1
377,42,-0.0941298902,0.2997553945,1
377,50,-0.1123145595,0.2567055821,1
377,58,0.08531844616,0.3209633231,1
377,66,0.1127634048,0.2041262984,1
377,74,-0.06583237648,0.2050868273,1
377,82,-0.007324792445,0.07313659787,1
377,90,-0.01066652499,-0.05949480087,1
377,98,-0.05435935035,-0.0724876225,1
377,106,-0.1311661005,0.05587745085,1
377,114,-0.1116526648,0.03194078431,1
377,122,-0.09371278435,0.09427349269,1
377,130,-0.1296469569,0.03221677244,1
377,138,-0.06813939661,-0.0289549008,1
377,146,-0.04332280904,0.08256281912,1
377,154,-0.1013570949,0.05419713259,1
377,162,-0.2085147798,-0.006195515394,1
377,170,-0.2557252645,0.1888763458,1
385,10,0.02682456374,0.2335536182,1
385,18,-0.04830236733,0.1530014127,1
385,26,-0.191164732,-0.001509718597,1
385,34,-0.04798337072,0.1593645811,1
385,42,0.04214307666,0.2341389805,1
385,50,0.03451810405,0.1670284569,1
385,58,0.03462899104,0.3301233351,1
385,66,0.06417475641,0.2203712761,1
385,74,0.05723294988,0.1971182525,1
385,82,0.09120075405,0.08946894109,1
385,90,0.09098298848,0.07602575421,1
385,98,0.008322052658,0.1429934204,1
385,106,-0.1034459472,0.175457567,1
385,114,-0.1173937619,0.09937541932,1
385,122,-0.1050722525,0.09347589314,1
385,130,0.01546128467,0.09679999948,1
385,138,0.05476891622,-0.05849551409,1
385,146,-0.0144879818,-0.02391089499,1
385,154,-0.02613240108,0.01205268875,1
385,162,-0.1503749639,0.07635387778,1
385,170,-0.2094495893,0.09756833315,1
393,10,0.1422310472,0.2591837049,1
393,18,0.04409014434,0.1112774163,1
393,26,-0.09970953315,-0.009592998773,1
393,34,0.0397477001,-0.04209236801,1
393,42,0.04208903015,-0.1646402329,1
393,50,-0.002869352698,-0.08659239113,1
393,58,-0.00214618817,0.2276470661,1
393,66,-0.01228084322,0.1612402648,1
393,74,-0.01148648933,0.1776743233,1
393,82,0.1495754868,0.04934433103,1
393,90,0.2707348168,0.0987201035,1
393,98,0.1213472486,0.1394066513,1
393,106,0.01081066951,0.1913952827,1
393,114,-0.07260745764,0.1394140422,1
393,122,-0.0372650288,0.1428002864,1
393,130,0.09036988765,0.06595564634,1
393,138,0.1689347178,-0.05452731252,1
393,146,-0.04198557884,-0.05823251233,1
393,154,-0.02803263441,0.04770658538,1
393,162,-0.0440312624,0.05727153271,1
393,170,-0.1088548303,-0.07414960861,1
401,10,0.1828140318,0.12142995,1
401,18,0.0730984658,0.1059340462,1
401,26,0.1115820408,0.1012008637,1
401,34,0.02981137857,-0.3858314455,1
401,42,0.1181624681,-0.40781793,1
401,50,0.09509751946,-0.1812654585,1
401,58,0.03350730613,-0.1015031859,1
401,66,-0.07503063977,-0.06182960421,1
401,74,-0.1898952723,0.06566093117,1
401,82,0.05626080185,0.05730438232,1
401,90,0.1034623235,0.1233432218,1
401,98,0.02495920472,0.05479815602,1
401,106,0.1250663996,0.1488722116,1
401,114,-0.01515953243,0.1221115887,1
401,122,0.003818243742,0.03635039181,1
401,130,0.1583510786,0.02809688821,1
401,138,0.05758245289,-0.03313545138,1
401,146,-0.005015492439,-0.104558073,1
401,154,0.008006859571,0.06790199876,1
401,162,0.04361068457,0.01051069051,1
401,170,0.03461322188,-0.05541015044,1
409,10,0.2671554685,-0.01420199871,1
409,18,0.1334832907,0.05204660445,1
409,26,0.06343086064,0.1002375856,1
409,34,0.09269267321,0.01646596193,1
409,42,0.06385350227,-0.152436167,1
409,50,-0.058295127,-0.1088222712,1
409,58,-0.1528414488,-0.1567979157,1
409,66,-0.3923106194,-0.1398210526,1
409,74,-0.3793459833,-0.07561825961,1
409,82,-0.2080072463,-0.008709892631,1
409,90,-0.2191265076,0.02790899947,1
409,98,-0.135089159,0.1053218991,1
409,106,-0.03289932013,0.08880708367,1
409,114,-0.1437939107,0.07973206043,1
409,122,-0.1556089818,0.1073706448,1
409,130,-0.08212146163,0.1914155334,1
409,138,-0.1474792361,0.1516537219,1
409,146,-0.1133459508,0.08148001879,1
409,154,-0.1305621564,-0.02056924254,1
409,162,-0.04926539958,-0.0297331661,1
409,170,-0.0991050303,0.03680232167,1
417,10,0.1282572299,0.01575365663,1
417,18,-0.2575665712,-0.01269570738,1
417,26,0.07956933975,0.1496583819,1
417,34,0.3136534393,0.1586310267,1
417,42,0.156838432,0.2667840719,1
417,50,-0.03025740385,0.1234943271,1
417,58,-0.1754924059,-0.08261457831,1
417,66,-0.2830950022,-0.05411635339,1
417,74,-0.3036790788,0.004357144237,1
417,82,-0.3115671575,0.01065555215,1
417,90,-0.2846844196,-0.1209261492,1
417,98,-0.3112038076,-0.08836629987,1
417,106,-0.1586926877,-0.02269437909,1
417,114,-0.04124961793,0.1088581234,1
417,122,-0.1340696961,0.2721084952,1
417,130,-0.238815099,0.4629684091,1
417,138,-0.2761727571,0.3522005081,1
417,146,-0.3229657412,0.1507053524,1
417,154,-0.2969805896,-0.06321749091,1
417,162,-0.3911740482,0.008696489036,1
417,170,-0.5753887296,0.2957962751,1
