PIVlab, ASCII chart output - 02-Aug-2025
FRAME: 198, filenames: A:[198]FullStack_Pos0035_TgUtrmcherry_K4K8MO-1.avi & B:[199]FullStack_Pos0035_TgUtrmcherry_K4K8MO-1.avi, conversion factor xy (px -> m): 1, conversion factor uv (px/frame -> m/s): 1
x [px],y [px],u [px/frame],v [px/frame],Vector type [-]
9,10,0.2136414051,0.03564625978,1
9,18,0.1186616123,0.1385749578,1
9,26,-0.04435504228,0.1919552684,1
9,34,-0.09226503223,0.1103502512,1
9,42,-0.03916556388,0.1136028022,1
9,50,-0.08262947202,0.07066772878,1
9,58,-0.05617672205,0.09389512986,1
9,66,-0.08885953575,0.1219123155,1
9,74,-0.00776963681,-0.0861671716,1
9,82,0.05010949075,-0.1144843623,1
9,90,0.04103469104,-0.09139865637,1
9,98,0.04324676469,-0.02478853613,1
9,106,-0.04896664247,0.1327379048,1
9,114,-0.06671310961,0.2163282782,1
9,122,-0.02982136607,0.137945652,1
9,130,-0.002995759249,-0.1139515936,1
9,138,0.1044503599,-0.03992935643,1
9,146,0.2790434062,0.05601726472,1
9,154,0.3394534588,0.1922486424,1
9,162,0.1394143105,0.1748192906,1
9,170,-0.201046735,-0.1578839719,1
17,10,0.1378373057,0.04160692543,1
17,18,0.02711455524,0.06027731299,1
17,26,-0.03654172271,0.1113199145,1
17,34,-0.004992060363,0.1191268787,1
17,42,0.0593216233,0.03762659431,1
17,50,-0.03720905632,0.05962003395,1
17,58,-0.07576029748,0.1690776646,1
17,66,0.04043086991,0.0535582602,1
17,74,0.1368766427,-0.08950407058,1
17,82,0.1721115559,-0.02845161408,1
17,90,0.1665072888,-0.009951476008,1
17,98,0.1147378609,0.02149908245,1
17,106,0.09328385442,0.003253921866,1
17,114,0.03856896609,0.03457410261,1
17,122,0.02081255615,0.08658361435,1
17,130,0.113462925,0.03990069777,1
17,138,0.1283531487,0.1058650464,1
17,146,0.1735832542,0.07463990152,1
17,154,0.1484535038,0.04460799694,1
17,162,-0.02870141715,0.04093471169,1
17,170,-0.05773095787,-0.01590988785,1
25,10,0.07313415408,0.1362376511,1
25,18,0.005490206182,0.04223889112,1
25,26,-0.05077804998,0.08582433313,1
25,34,-0.1073673442,0.06565268338,1
25,42,-0.03785950691,-0.04740761593,1
25,50,0.003790093586,-0.006002705544,1
25,58,-0.02061319724,-0.06402651966,1
25,66,0.09607601911,-0.03767444193,1
25,74,0.2294542491,-0.1177041829,1
25,82,0.1021929532,0.0296354387,1
25,90,0.1234354898,-0.006576945074,1
25,98,0.06058933213,0.04863860458,1
25,106,-0.1020947918,-0.1013077572,1
25,114,-0.1050355136,-0.1129195988,1
25,122,0.02772642672,-0.01359537989,1
25,130,0.1033750772,0.0885874182,1
25,138,0.06261783838,0.05815427005,1
25,146,-0.003154356033,-0.0314142406,1
25,154,-0.05301880091,-0.006306838244,1
25,162,0.008932290599,-0.02240891568,1
25,170,0.1769669354,-0.03495945409,1
33,10,-0.03020229191,0.1163698435,1
33,18,-0.09812549502,-0.05732704699,1
33,26,-0.1604627967,0.01984331757,1
33,34,-0.0897751078,0.008081588894,1
33,42,-0.01115532964,0.0009169988334,1
33,50,0.006336767226,-0.003699377179,1
33,58,-0.02591815218,-0.07486055791,1
33,66,0.08374663442,-0.1076514795,1
33,74,0.1321868598,-0.004267018288,1
33,82,0.02798107266,0.05809139088,1
33,90,0.04376371205,0.047584977,1
33,98,0.03582141548,0.05029641837,1
33,106,-0.05933944136,-0.08297516406,1
33,114,0.0003514364362,-0.1408616453,1
33,122,0.09844732285,-0.1519709527,1
33,130,0.08820775896,-0.07647307217,1
33,138,0.0444078967,-0.07698052377,1
33,146,-0.08970005065,-0.2055277526,1
33,154,-0.1075713262,-0.01072394848,1
33,162,0.004376284778,-0.04128987715,1
33,170,0.1018192768,-0.1208715439,1
41,10,-0.03968484327,0.198096782,1
41,18,0.03997748718,-0.04316923022,1
41,26,0.01098215207,-0.03178140149,1
41,34,0.03698205575,0.06052910537,1
41,42,-0.001520581543,0.08397038281,1
41,50,-0.09286661446,0.07482291758,1
41,58,-0.06547808647,0.02790169045,1
41,66,0.0713692829,-0.003942130134,1
41,74,0.1609361768,-0.04110043496,1
41,82,0.0915338695,0.05833982304,1
41,90,0.003472857177,0.1406749189,1
41,98,0.06392262131,0.1374293864,1
41,106,0.05863983929,0.005465902388,1
41,114,0.08312992007,-0.07660883665,1
41,122,0.04259546101,-0.1855870932,1
41,130,-0.05376557261,-0.1974169016,1
41,138,-0.09461227059,-0.07251414657,1
41,146,-0.1003189683,-0.09384011477,1
41,154,-0.06706802547,-0.002017136663,1
41,162,-0.09245646745,-0.01674390398,1
41,170,-0.01535044611,-0.1539036632,1
49,10,-0.19719024,0.2446227819,1
49,18,0.02397717349,-0.03233801201,1
49,26,-0.05414356291,-0.03229646385,1
49,34,-0.06697234511,0.1207220554,1
49,42,0.08657740057,0.06636404991,1
49,50,0.05500414968,0.2063638866,1
49,58,-0.1504884958,0.1144214869,1
49,66,-0.04316960275,0.1302586049,1
49,74,0.1539228857,0.06912203878,1
49,82,0.1264938861,0.01271939278,1
49,90,-0.01825315133,0.07235503197,1
49,98,-0.105684489,0.1454893351,1
49,106,-0.06359483302,-0.05124882236,1
49,114,0.1295535713,-0.04075207189,1
49,122,0.06045229733,-0.1151320711,1
49,130,0.02400742099,-0.1040266678,1
49,138,-0.04155801237,0.06117282435,1
49,146,-0.1422995627,0.151481986,1
49,154,-0.06235724688,0.03471001983,1
49,162,-0.01820409484,0.006592236459,1
49,170,0.01761385798,-0.1863399595,1
57,10,-0.1092775017,0.08494990319,1
57,18,-0.04697465897,-0.05576956272,1
57,26,-0.02054523304,0.04145250469,1
57,34,-0.02544526197,0.1673529595,1
57,42,-0.03459545597,0.1027409285,1
57,50,-0.02804905921,0.2230967879,1
57,58,-0.05539675802,0.2062528729,1
57,66,-0.001437284052,0.1029141545,1
57,74,0.1453412622,0.1830290407,1
57,82,0.1135351956,0.0450386554,1
57,90,-0.04739199579,0.002809844911,1
57,98,-0.09143212438,0.1150542796,1
57,106,-0.03869662806,0.04995140806,1
57,114,0.1076643616,0.08828458935,1
57,122,0.09085680544,-0.05637408048,1
57,130,0.08072720468,-0.05216577649,1
57,138,0.1084219739,0.1420574635,1
57,146,-0.004250243306,0.1466298103,1
57,154,0.09895458817,0.05113816634,1
57,162,0.08682627976,-0.02540590614,1
57,170,-0.001269452274,-0.2598062754,1
65,10,0.04723972827,-0.06905834377,1
65,18,0.06179560721,0.007567469031,1
65,26,0.02245745622,0.1005868018,1
65,34,-0.001168068498,0.1561911404,1
65,42,-0.1057245284,0.1059626937,1
65,50,-0.1059855893,0.1898150742,1
65,58,0.05820568651,0.1387852132,1
65,66,0.2711411417,0.03963083029,1
65,74,0.2201977968,0.013003245,1
65,82,0.1611907631,-0.02816344053,1
65,90,0.002051100135,0.05683351308,1
65,98,-0.03002379276,0.1546820551,1
65,106,0.02871988341,0.0772575587,1
65,114,0.05338858441,0.08700658381,1
65,122,0.04963093251,-0.002748105675,1
65,130,0.00684017688,0.005191195756,1
65,138,0.05950272083,0.02713401616,1
65,146,0.07644826174,-0.01823765785,1
65,154,0.04384817183,0.0258166045,1
65,162,0.0826690346,-0.02595705539,1
65,170,0.02458698489,-0.1292077154,1
73,10,0.004842668772,-0.129696086,1
73,18,-0.09152679145,0.1111499667,1
73,26,-0.1632689834,0.156387344,1
73,34,0.05520190299,0.1501331031,1
73,42,0.08392348886,0.1351888478,1
73,50,0.0399678424,0.2470437288,1
73,58,0.1224054918,0.07167012244,1
73,66,0.09493993968,-0.04014570266,1
73,74,0.07361941785,-0.02297111228,1
73,82,0.1676795185,-0.008203595877,1
73,90,0.02593512833,0.04277444258,1
73,98,-0.09245662391,0.06400847435,1
73,106,0.0002659969032,-0.04106859118,1
73,114,0.05453367904,0.001311099157,1
73,122,0.02677445486,0.01893818378,1
73,130,-0.05726449192,-0.07458744198,1
73,138,0.06542500108,-0.02967373282,1
73,146,0.08593757451,-0.05725157261,1
73,154,-0.09200510383,-0.1022175699,1
73,162,-0.04931674898,-0.11228358,1
73,170,0.006577370688,-0.06584876776,1
81,10,0.06138118356,-0.2351318449,1
81,18,0.0370073691,0.114934504,1
81,26,-0.04131253809,0.2896805108,1
81,34,0.017547369,0.1365919262,1
81,42,0.1169808656,0.1755521148,1
81,50,0.07267519087,0.1790565848,1
81,58,0.01306734607,0.03304426,1
81,66,0.04153425246,0.1116136909,1
81,74,0.06376227736,0.04390846938,1
81,82,0.1319184899,0.07400631905,1
81,90,0.003149375319,0.0396983549,1
81,98,-0.145766452,0.1719204336,1
81,106,0.02084278315,0.03650353849,1
81,114,0.09563961625,-0.01213132776,1
81,122,0.05263982713,-0.0259575434,1
81,130,-0.007368613034,-0.1212711558,1
81,138,-0.09177488834,-0.0359987542,1
81,146,-0.05287395045,-0.0997286737,1
81,154,0.02017018013,-0.1808552146,1
81,162,-0.03990865126,-0.1815795153,1
81,170,0.04719135165,0.06552316248,1
89,10,0.1636382043,-0.1459544599,1
89,18,0.08109647781,0.05444296822,1
89,26,-0.1101931632,0.3208988011,1
89,34,-0.05844051391,0.1078120619,1
89,42,-0.006503732875,0.1788526773,1
89,50,-0.1589795649,0.04924500361,1
89,58,-0.03076972067,-0.0711043328,1
89,66,0.09896720201,-0.03982559592,1
89,74,0.1580308527,-0.002707284875,1
89,82,0.2395367026,-0.04323124886,1
89,90,0.03476096317,-0.05491978675,1
89,98,-0.123111777,0.03650965169,1
89,106,-0.0944121629,0.1018674225,1
89,114,-0.02446357533,-0.05440429598,1
89,122,0.03461137414,-0.04744336009,1
89,130,0.03765845299,-0.1288518608,1
89,138,-0.1354071498,-0.05088427663,1
89,146,-0.09780129045,-0.08472084254,1
89,154,0.09531494975,-0.09592840821,1
89,162,0.1984862685,-0.06780587137,1
89,170,0.2152855396,0.1767911613,1
97,10,0.09588431567,-0.1245869249,1
97,18,-0.1595118344,0.0152318161,1
97,26,-0.1435516328,0.009494006634,1
97,34,0.1081620753,0.01001809537,1
97,42,0.1204330921,0.1080813855,1
97,50,0.06440845132,0.03707006574,1
97,58,0.03722527251,-0.06002295762,1
97,66,0.04937443882,-0.19078435,1
97,74,0.2492381185,-0.04094420001,1
97,82,0.1711802185,-0.09745702147,1
97,90,0.09732452035,-0.08391414583,1
97,98,0.1050365269,-0.02328246087,1
97,106,0.09911002219,0.03124536574,1
97,114,0.09825569391,-0.04494782537,1
97,122,0.04087143764,-0.06927222759,1
97,130,0.0533759892,-0.1333933324,1
97,138,0.05286711454,-0.1010657623,1
97,146,-0.04117787629,-0.01787170023,1
97,154,0.08909384906,0.1650986224,1
97,162,0.141281575,0.08212693036,1
97,170,0.1220446676,0.1013445109,1
105,10,0.02202329412,-0.226916939,1
105,18,0.01102886349,-0.01572657377,1
105,26,-0.03639784455,-0.07840631157,1
105,34,-0.07470808178,-0.1460399479,1
105,42,-0.007613813505,0.03129917011,1
105,50,0.1077487394,0.01194545627,1
105,58,-0.0262937583,-0.1382898837,1
105,66,0.01587896049,-0.1770850122,1
105,74,0.1636776626,-0.09975664318,1
105,82,0.1237931699,-0.1762714833,1
105,90,0.1637396216,-0.1228075996,1
105,98,0.1205268055,-0.01199959219,1
105,106,0.01979046501,-0.07990086079,1
105,114,0.01177307405,-0.1182807088,1
105,122,0.04181276262,-0.1653407067,1
105,130,0.1110695451,-0.08782085776,1
105,138,0.08536347747,-0.07547241449,1
105,146,-0.02450162172,-0.01170536503,1
105,154,0.1031686813,0.2307577133,1
105,162,0.1753341258,0.1902526319,1
105,170,0.09441769123,0.07189853489,1
113,10,0.08633723855,0.1281909198,1
113,18,0.06077460945,0.06687135994,1
113,26,0.02269664407,-0.01525782049,1
113,34,-0.04793983698,-0.1119056046,1
113,42,0.154594332,-0.01220164541,1
113,50,0.1394508332,0.03802886605,1
113,58,-0.07214238495,-0.009940564632,1
113,66,0.03846150637,-0.005635008216,1
113,74,0.09418667853,-0.05294772238,1
113,82,0.123057358,-0.1550987065,1
113,90,0.1525570899,-0.07213488221,1
113,98,0.04961342737,-0.1068905592,1
113,106,-0.09044716507,-0.1736608446,1
113,114,-0.02378029749,-0.0494010523,1
113,122,0.1776205748,0.08059032261,1
113,130,0.235074684,0.01751218364,1
113,138,0.1232201979,-0.06355896592,1
113,146,-0.009316287935,0.01499069855,1
113,154,-0.03094988689,-0.03124211542,1
113,162,0.07409582287,-0.0280186832,1
113,170,0.06636445969,0.04976312816,1
121,10,0.03778253496,0.1632331759,1
121,18,0.07095454633,0.03302160278,1
121,26,-0.01840437204,0.06007720903,1
121,34,0.09866075963,0.008019648492,1
121,42,0.1904016733,0.02224633843,1
121,50,0.1415680945,0.1241646335,1
121,58,0.1144755781,0.2336992025,1
121,66,0.06316836178,0.1488119364,1
121,74,0.08335345984,0.01740149222,1
121,82,0.166447252,-0.1759498417,1
121,90,0.07934343815,-0.01262723841,1
121,98,0.05314654484,-0.04296049103,1
121,106,0.02517619729,-0.07831177115,1
121,114,0.01823199913,0.07403750718,1
121,122,0.006998969242,0.2648271024,1
121,130,-0.08696764708,0.1715264618,1
121,138,-0.1394578964,0.1428574622,1
121,146,-0.01065111998,0.02551715076,1
121,154,0.1421029419,-0.09532236308,1
121,162,-0.02893317118,-0.1447161734,1
121,170,-0.01790310442,-0.03209345043,1
129,10,-0.2457528561,0.1920521706,1
129,18,0.08908897638,0.09324039519,1
129,26,0.2885330021,0.05634444207,1
129,34,0.1532542706,-0.05939432234,1
129,42,0.1350651681,0.09266171604,1
129,50,0.1283258796,0.1466066837,1
129,58,0.1229093373,0.2456244379,1
129,66,0.01184305549,0.1132344827,1
129,74,0.03683307767,0.06551850587,1
129,82,0.056927789,-0.0619391948,1
129,90,0.003877617419,0.05825071782,1
129,98,0.1033280045,0.1951832473,1
129,106,0.04737589508,0.1102584526,1
129,114,-0.0242555663,-0.05384856835,1
129,122,-0.1578690559,-0.04923513532,1
129,130,-0.1966384947,-0.03951624781,1
129,138,-0.1331860572,0.227122739,1
129,146,-0.03293792158,0.009233862162,1
129,154,-0.09315986186,-0.09345582873,1
129,162,-0.0658595264,-0.04816053808,1
129,170,0.1406157613,-0.05466897041,1
137,10,-0.2281260639,0.222235769,1
137,18,-0.08282104135,0.2848623395,1
137,26,0.1442970932,0.08871839195,1
137,34,0.109917298,0.1105369776,1
137,42,0.03715378046,0.3362178206,1
137,50,0.1330524087,0.1414979845,1
137,58,0.2311950326,0.1196036488,1
137,66,0.1790049523,0.1478110254,1
137,74,0.01068466902,0.07342726737,1
137,82,-0.08768887818,0.06862850487,1
137,90,-0.01280643418,0.02821143717,1
137,98,0.1149332598,0.1761462688,1
137,106,0.04529102892,0.1830632836,1
137,114,0.09599375725,0.003611117601,1
137,122,0.1532465219,-0.0665865615,1
137,130,0.1325684935,-0.1275548786,1
137,138,0.1240864098,-0.01263041701,1
137,146,-0.03727213293,0.02050879411,1
137,154,-0.09198477864,0.03056393564,1
137,162,0.04142361879,-0.03369194269,1
137,170,0.2385804802,0.01163116284,1
145,10,-0.0121498704,0.05115971714,1
145,18,-0.05716301501,0.07783030719,1
145,26,0.1105144098,0.1884757876,1
145,34,0.1902057976,0.1321783662,1
145,42,0.0877622664,0.2264530063,1
145,50,0.07915306091,0.1117049754,1
145,58,0.09152339399,0.100989759,1
145,66,0.01555093378,0.1022425294,1
145,74,-0.09321704507,-0.004445593804,1
145,82,-0.001178860664,-0.01993064024,1
145,90,0.2427690923,-0.006052047014,1
145,98,0.2130748332,-0.01909503341,1
145,106,0.08079554141,0.03772814572,1
145,114,0.1926783919,0.01791753992,1
145,122,0.1555398554,-0.05932426453,1
145,130,0.1064904928,-0.01075475849,1
145,138,0.0213868171,0.2137608379,1
145,146,-0.05977360159,0.1771007478,1
145,154,-0.03410319984,0.1249299496,1
145,162,0.09930255264,-0.09744378179,1
145,170,0.3277068138,-0.002856517211,1
153,10,0.1006696075,0.101624161,1
153,18,0.09476161003,0.01851969212,1
153,26,0.1482152492,-0.07411520183,1
153,34,0.197133556,-0.03265682608,1
153,42,0.1486888528,0.1714100242,1
153,50,0.1400616318,-0.0002481862903,1
153,58,0.04419149458,-0.01127110422,1
153,66,-0.05408177152,-0.007946023718,1
153,74,-0.08754570782,-0.01396878622,1
153,82,-0.02737948857,-0.1100879535,1
153,90,0.06798999012,0.01297835074,1
153,98,0.05248481035,-0.0236027427,1
153,106,0.08766059577,-0.1079487354,1
153,114,0.2304198891,-0.1171297282,1
153,122,0.167340219,-0.1312290281,1
153,130,0.04199207574,0.02657818608,1
153,138,-0.006867926568,0.2673969567,1
153,146,0.01061277278,0.07898366451,1
153,154,-0.03536578268,-0.04569688812,1
153,162,0.0173666887,-0.1277523041,1
153,170,0.134817332,-0.08479743451,1
161,10,0.1463794708,0.239028126,1
161,18,0.08016699553,0.06092285365,1
161,26,0.05613303185,-0.02877848968,1
161,34,0.1232850403,-0.0595973134,1
161,42,0.1197043508,0.07881945372,1
161,50,-0.03169929236,-0.0620864518,1
161,58,0.003418855369,-0.04597916454,1
161,66,-0.01480420865,-0.02557210438,1
161,74,-0.1098973528,-0.02623154968,1
161,82,-0.09718068689,-0.1675852239,1
161,90,-0.04380647093,-0.08642039448,1
161,98,-0.007569856942,0.03206819668,1
161,106,0.1058050394,-0.02359253541,1
161,114,0.2315655053,-0.1152733713,1
161,122,0.2432083786,-0.127803117,1
161,130,0.06962512434,-0.06113757938,1
161,138,0.08017454296,-0.01734664291,1
161,146,0.1113662049,-0.05226382986,1
161,154,-0.01404841989,-0.06027744338,1
161,162,-0.1282947361,0.02010436356,1
161,170,-0.09396406263,-0.03697717935,1
169,10,0.128433615,0.09222269058,1
169,18,0.08680927008,0.02831398323,1
169,26,-0.02029300854,0.02714874968,1
169,34,0.07570360601,-0.0633405596,1
169,42,0.1048170105,-0.03512075171,1
169,50,-0.07077191025,-0.1033535004,1
169,58,-0.1758756638,0.06817910075,1
169,66,0.007144799456,0.07171434164,1
169,74,0.148323521,-0.04434144497,1
169,82,0.07681712508,-0.03600621969,1
169,90,0.03533616289,-0.02600174025,1
169,98,0.01216114312,0.03970696032,1
169,106,0.076782763,0.05481984466,1
169,114,0.1500209123,0.05101676285,1
169,122,0.1581333876,-0.1160765886,1
169,130,0.1952798814,-0.07625772059,1
169,138,0.1427669227,-0.06052127481,1
169,146,0.008232792839,0.003470055759,1
169,154,-0.002747837454,0.1211792082,1
169,162,-0.0113081336,0.1617194414,1
169,170,0.04174518958,0.08101318032,1
177,10,0.1502795666,-0.1423093379,1
177,18,0.0315008238,-0.1338908374,1
177,26,-0.09754223377,0.01933771744,1
177,34,-0.0304640159,0.01028116234,1
177,42,-0.02562535927,-0.1216056794,1
177,50,-0.03684843332,-0.2586142421,1
177,58,0.02017713524,-0.03023956344,1
177,66,-0.008336147293,0.1214284822,1
177,74,-0.0160156507,-0.08701975644,1
177,82,0.02264098823,-0.009000170976,1
177,90,0.08141823858,0.06172988191,1
177,98,0.05377452075,0.1026378721,1
177,106,0.08683553338,0.100989297,1
177,114,0.1141045094,0.1019979492,1
177,122,0.117036894,-0.01654887199,1
177,130,0.05762220919,-0.0735085234,1
177,138,-0.08284123242,-0.008372530341,1
177,146,-0.02803725563,-0.02770574391,1
177,154,-0.1058532447,0.1623817086,1
177,162,-0.1051884592,0.0832625106,1
177,170,0.01927966997,0.1106479615,1
185,10,0.1033560708,-0.2718433738,1
185,18,0.02425981686,-0.2049726546,1
185,26,-0.1903083026,0.0995920077,1
185,34,-0.08754196018,0.148277849,1
185,42,0.07584008574,-0.001896452159,1
185,50,0.2102228254,-0.07076862454,1
185,58,-0.05529050529,-0.03810827807,1
185,66,-0.1155579835,0.02972013876,1
185,74,-0.05014730245,-0.04545000568,1
185,82,-0.07124420255,0.01722578704,1
185,90,0.1484173387,0.0458157137,1
185,98,0.22715877,0.1421720982,1
185,106,0.09226191044,0.1947715133,1
185,114,0.001086570323,0.1920259744,1
185,122,-0.05647712201,0.1215786785,1
185,130,-0.0888293162,-0.04826981574,1
185,138,-0.1381607801,-0.1024425328,1
185,146,-0.05829054117,-0.06031046808,1
185,154,-0.08982146531,-0.04583329335,1
185,162,-0.1685144007,0.02847610414,1
185,170,-0.04470635206,0.1118087023,1
193,10,0.06549147516,-0.2826317847,1
193,18,0.06837574393,0.01223284379,1
193,26,-0.0211975053,0.1965360492,1
193,34,-0.08352956176,0.2430056632,1
193,42,0.03634410724,0.08028397709,1
193,50,0.2175511867,-0.01751908474,1
193,58,-0.03057347611,0.04540465772,1
193,66,-0.09925179183,0.09213107824,1
193,74,-0.01762796938,0.04781988636,1
193,82,0.006169481203,0.05219918489,1
193,90,0.1247314289,-0.01044505835,1
193,98,0.1975278109,0.197609812,1
193,106,0.09005483985,0.1495107412,1
193,114,0.001069799066,0.1047051102,1
193,122,-0.05185675249,0.08058096468,1
193,130,-0.1008700803,-0.04000397399,1
193,138,-0.2452430725,-0.03874234855,1
193,146,-0.1489087343,0.00178421475,1
193,154,-0.1150556952,-0.1196890622,1
193,162,-0.09993839264,0.09536022693,1
193,170,0.02999727428,0.2455568612,1
201,10,-0.001708097756,-0.2675342858,1
201,18,0.1142189354,0.003271371126,1
201,26,0.1534359753,0.2871502042,1
201,34,0.0560037829,0.2281104922,1
201,42,-0.02415447682,0.08454604447,1
201,50,0.05540116131,-0.02014947869,1
201,58,0.02263392508,0.08272182941,1
201,66,0.01817477494,0.09352643788,1
201,74,0.04215048254,-0.01234569214,1
201,82,0.04781585187,0.05169960856,1
201,90,0.09067887068,-0.03109573573,1
201,98,0.2084098756,0.07130053639,1
201,106,0.06310296059,0.08543761075,1
201,114,-0.1505383849,0.08033189178,1
201,122,-0.2268823385,0.06780868769,1
201,130,-0.1826581955,-0.001593180001,1
201,138,-0.1482831389,0.116067782,1
201,146,-0.1007262915,0.07129283994,1
201,154,-0.2856726646,-0.09341181815,1
201,162,-0.09203200042,0.05809193477,1
201,170,0.0893567428,0.2033200562,1
209,10,-0.08569714427,-0.1688111424,1
209,18,-0.03629030287,0.06128816307,1
209,26,0.009109240957,0.1504556537,1
209,34,0.05674086139,0.1218625382,1
209,42,0.03713455424,0.03619082272,1
209,50,0.07209022343,0.02913190983,1
209,58,0.08306410909,0.04935311899,1
209,66,-0.01600733027,0.01556801796,1
209,74,-0.1373389363,0.005700608715,1
209,82,0.04867807403,0.04472937062,1
209,90,-0.003682374954,0.06397204101,1
209,98,0.07864922285,0.005957424641,1
209,106,0.1707476228,0.07166624814,1
209,114,0.04579761624,0.09693097323,1
209,122,-0.09332443774,0.08610127121,1
209,130,-0.06137350202,0.002665884793,1
209,138,-0.01447215676,-0.1075963527,1
209,146,-0.04360997677,0.1365355104,1
209,154,-0.2083474994,0.02222668007,1
209,162,-0.3995908201,-0.07336892188,1
209,170,-0.1584487557,-0.03320443258,1
217,10,-0.06664562225,-0.03529822826,1
217,18,-0.08657494187,0.1568693519,1
217,26,-0.1203126013,0.1585873365,1
217,34,-0.2698513269,0.05265633762,1
217,42,-0.1076532975,-0.036718335,1
217,50,0.04834445193,0.04028242826,1
217,58,0.07511611283,0.06833097339,1
217,66,0.06581747532,-0.03235880286,1
217,74,-0.06886624545,0.0168195162,1
217,82,0.0343336463,0.007137812208,1
217,90,0.04604196548,0.07180377841,1
217,98,-0.00403521955,0.1062560081,1
217,106,0.09473203868,0.2013974488,1
217,114,0.1070602983,0.02275958657,1
217,122,0.09025546908,0.0851726383,1
217,130,0.08203007281,-0.001277063042,1
217,138,0.1115868241,-0.07354835421,1
217,146,0.04117189348,0.1624686718,1
217,154,-0.1032595187,0.03876607865,1
217,162,-0.1017052159,-0.1378038228,1
217,170,-0.01898739487,0.009864605963,1
225,10,-0.0728277117,-0.1570904255,1
225,18,-0.04761359096,0.09783881903,1
225,26,-0.0697806254,0.1325269341,1
225,34,-0.2100914866,0.07806275785,1
225,42,-0.1183951572,0.02441936731,1
225,50,0.09978808463,-0.002704011276,1
225,58,0.06448851526,0.05919456482,1
225,66,0.01017124951,-0.04291972518,1
225,74,0.01450245455,0.02249987423,1
225,82,-0.0004570931196,-0.006867140532,1
225,90,0.1017207429,0.04985064268,1
225,98,0.02422596514,0.1072145179,1
225,106,0.007120266557,0.1539233774,1
225,114,0.0783521086,0.01830327511,1
225,122,0.1572708935,0.1886753589,1
225,130,0.2263899297,0.09882875532,1
225,138,0.1303411573,-0.008453497663,1
225,146,0.08312626928,0.07822273672,1
225,154,0.06746675074,0.05799861252,1
225,162,0.01094449684,-0.2298661321,1
225,170,0.01259584352,0.1321515143,1
233,10,0.04079589993,-0.1518297791,1
233,18,-0.113527827,0.03773858771,1
233,26,-0.1713861674,0.09702669084,1
233,34,-0.1792947352,0.1525834352,1
233,42,-0.135230884,0.1159298792,1
233,50,0.130558297,0.0152653195,1
233,58,-0.1143822223,-0.01054727472,1
233,66,-0.0610717684,-0.04956691712,1
233,74,0.1322254688,0.03074610606,1
233,82,0.0001969998702,-0.05606432632,1
233,90,-0.04208461568,0.008700929582,1
233,98,-0.02478500456,0.1865186542,1
233,106,-0.0339849703,0.196395725,1
233,114,0.03966425359,0.2032010406,1
233,122,0.0742457211,0.20132038,1
233,130,0.2312179059,0.005441889167,1
233,138,0.2327281684,-0.08658050746,1
233,146,0.1833929271,-0.01798773743,1
233,154,0.1206017211,0.1328516304,1
233,162,-0.02937233448,-0.03224374354,1
233,170,0.03249986097,0.2861537337,1
241,10,0.1700769812,-0.113656044,1
241,18,0.1321399957,0.002948546782,1
241,26,0.1041051447,-0.0218080394,1
241,34,-0.04251246154,0.1535782367,1
241,42,-0.1286033541,0.1090700328,1
241,50,-0.001810617745,-0.01683346741,1
241,58,-0.08621054888,-0.1115561277,1
241,66,-0.03494092077,-0.05107790604,1
241,74,0.1286965609,0.03214218095,1
241,82,0.01929319277,-0.06025556102,1
241,90,-0.0397021994,-0.04489676654,1
241,98,-0.009359412827,0.2497269511,1
241,106,-0.003433886915,0.2113651931,1
241,114,0.1462475657,0.396722883,1
241,122,0.1626640856,0.2439858764,1
241,130,0.1056873277,0.184137553,1
241,138,0.1590169668,0.09750661999,1
241,146,0.1961264312,0.1098187566,1
241,154,0.1075194553,0.1948183477,1
241,162,0.1151463762,0.1500527561,1
241,170,0.1078972667,0.4279431999,1
249,10,0.1529726088,-0.05280754343,1
249,18,0.1097194254,0.01838577539,1
249,26,0.05552249402,-0.04365869984,1
249,34,0.1183098704,0.03335803375,1
249,42,0.0879444778,-0.01733611338,1
249,50,0.1152234972,-0.06313540041,1
249,58,0.09628279507,-0.1478869319,1
249,66,0.008804306388,-0.03140667453,1
249,74,0.08386445045,-0.01156415604,1
249,82,0.08492489159,-0.02102331445,1
249,90,0.1024479121,-0.0482525453,1
249,98,0.1381913275,0.006477825344,1
249,106,0.07470293343,0.04619316757,1
249,114,0.002962324768,0.1085471511,1
249,122,0.07640913874,0.1688392609,1
249,130,0.02721841633,0.2644559145,1
249,138,0.001162260771,0.1473840624,1
249,146,0.03770750016,0.1882421076,1
249,154,0.06231509149,0.1711321175,1
249,162,0.1809355468,0.1496254653,1
249,170,0.1691418141,0.3905074298,1
257,10,0.007292613387,0.0254734382,1
257,18,0.04119819403,0.109542042,1
257,26,0.004789151251,0.04385690764,1
257,34,0.226554811,-0.01726540178,1
257,42,0.2023858279,-0.05670195818,1
257,50,0.1418721974,-0.002090211958,1
257,58,0.1978298873,0.01310095936,1
257,66,0.1282245815,-0.1775569767,1
257,74,0.1039101556,-0.1497800201,1
257,82,0.06351322681,-0.1288168877,1
257,90,0.05036985874,0.004215657711,1
257,98,0.08118315041,0.1494685113,1
257,106,-0.007833614945,0.04154293984,1
257,114,-0.06833654642,0.02189081907,1
257,122,-0.006381530315,0.08534221351,1
257,130,-0.06318154186,0.09994074702,1
257,138,-0.07573881745,0.07770247012,1
257,146,-0.009471066296,0.04494228587,1
257,154,0.01817816496,0.02512393147,1
257,162,0.05591927469,0.07197321951,1
257,170,0.04730002582,0.3276921213,1
265,10,-0.07865235209,0.08654039353,1
265,18,0.01872257516,0.231631279,1
265,26,0.0123856999,0.09289438277,1
265,34,-0.02738310769,-0.01749042794,1
265,42,0.1060046926,0.01112143323,1
265,50,0.1682747602,0.01531430706,1
265,58,0.1559188366,-0.04506520554,1
265,66,0.1178330109,-0.1070875823,1
265,74,0.05241379887,-0.08506661654,1
265,82,0.02256628498,-0.01473968104,1
265,90,-0.04982709885,0.1178956032,1
265,98,-0.009376743808,0.1103658676,1
265,106,-0.09672345966,-0.008996024728,1
265,114,-0.1385093778,0.0725608021,1
265,122,-0.02976360731,0.08084087819,1
265,130,-0.06580857188,0.07387726009,1
265,138,-0.08526487648,-0.05622509867,1
265,146,0.06491658092,-0.09714955091,1
265,154,0.1160665825,-0.1603072584,1
265,162,0.1453763992,-0.07124258578,1
265,170,0.05233915895,0.2481599152,1
273,10,-0.07598936558,0.1569463611,1
273,18,-0.1125277579,0.1734393239,1
273,26,-0.1169815287,0.07652869076,1
273,34,-0.1684069484,0.02470438927,1
273,42,-0.07117919624,0.01557432115,1
273,50,0.09187844396,-0.06068594754,1
273,58,0.06586440653,-0.09293979406,1
273,66,0.03773190081,-0.04585763067,1
273,74,0.001269564033,-0.04983016476,1
273,82,0.07565686107,-0.001466393471,1
273,90,0.1355526149,0.02098613605,1
273,98,0.07235576957,-0.04594584554,1
273,106,-0.01284917817,0.006230063736,1
273,114,-0.02160647884,0.06642017514,1
273,122,0.09304760396,0.06405471265,1
273,130,0.08815333992,0.0411821492,1
273,138,-0.06719914079,-0.1347727329,1
273,146,0.03007767349,-0.1109226793,1
273,154,0.08403930068,-0.2036423385,1
273,162,0.09043493122,0.01246723533,1
273,170,0.1421769857,0.1937925816,1
281,10,-0.01351061836,0.1279738545,1
281,18,-0.005429193377,0.1108798608,1
281,26,-0.0185013283,0.1136021093,1
281,34,-0.04619346559,0.09096244723,1
281,42,-0.09511367232,0.1900005639,1
281,50,-0.06967809051,0.1018998101,1
281,58,-0.115590468,0.1133478805,1
281,66,-0.02952359058,0.1323599815,1
281,74,0.02046834677,-0.01801655442,1
281,82,0.0964423269,-0.1523644328,1
281,90,0.2023357004,-0.06153609604,1
281,98,0.117256552,-0.08294969797,1
281,106,0.03800307214,-0.09675941616,1
281,114,0.005944259465,-0.1415010393,1
281,122,0.1783041358,-0.008309584111,1
281,130,0.2521774173,0.003356553614,1
281,138,0.1602926105,-0.0651474148,1
281,146,0.05739352852,0.1004167348,1
281,154,-0.05113517493,-0.07271794975,1
281,162,-0.04928066581,0.1379677057,1
281,170,0.1514773518,0.3162714541,1
289,10,0.0702073276,0.1035271287,1
289,18,0.1380256861,0.03675111383,1
289,26,0.07184942812,0.1257547736,1
289,34,0.003897417337,0.1655027121,1
289,42,-0.0350347124,0.3177483678,1
289,50,-0.01119975746,0.2340637445,1
289,58,0.0312910378,0.15749529,1
289,66,-0.02338425815,-0.0044099316,1
289,74,0.1087991595,-0.007590780035,1
289,82,0.1222665161,-0.04091836885,1
289,90,-0.002228628844,-0.04084375501,1
289,98,-0.04266649485,-0.08988315612,1
289,106,-0.04069908708,-0.158262372,1
289,114,-0.0007945671678,-0.1731483489,1
289,122,0.1220921129,0.004055462778,1
289,130,0.1874575317,-0.009996803477,1
289,138,0.2041888237,-0.005713604391,1
289,146,0.1195605099,0.04101365432,1
289,154,-0.06200747564,-0.02928394452,1
289,162,0.0573765263,0.1966042221,1
289,170,0.2447075993,0.3700031042,1
297,10,0.02870392799,0.2453348935,1
297,18,0.07158511877,0.04582541063,1
297,26,0.01707774028,-0.05939159542,1
297,34,0.05945339054,0.01195777208,1
297,42,0.04034446552,0.1255889535,1
297,50,-0.003982193768,0.2539229989,1
297,58,0.05436571315,0.0415686518,1
297,66,0.003862213343,-0.1200619712,1
297,74,-0.01451355964,-0.006856478751,1
297,82,-0.01879198849,0.04686589539,1
297,90,0.02691646293,-0.1718720645,1
297,98,-0.08144211024,-0.0428542085,1
297,106,-0.1419376731,-0.0182402879,1
297,114,-0.1180474609,0.0257797204,1
297,122,-0.01485066582,0.04609851539,1
297,130,0.04145533219,0.0142343007,1
297,138,0.08723257482,0.06696549058,1
297,146,0.1895733476,0.07354255021,1
297,154,0.0670075193,-0.03592614457,1
297,162,0.07377658784,0.149669677,1
297,170,0.1738842428,0.2628147602,1
305,10,0.07936185598,0.2484512329,1
305,18,0.08915796876,0.0716945976,1
305,26,-0.02306532674,-0.1032764763,1
305,34,-0.003113767132,-0.03155906498,1
305,42,-0.02599230036,0.06766327471,1
305,50,-0.08584535122,0.2098623216,1
305,58,-0.0219424516,0.09354525805,1
305,66,0.001816455275,0.0877334401,1
305,74,-0.1035564765,0.1466914266,1
305,82,-0.2103393525,0.002756215632,1
305,90,-0.05987858027,-0.1467376351,1
305,98,-0.01690160111,-0.07011634111,1
305,106,-0.1123693138,-0.03163509816,1
305,114,-0.139262259,-0.0951487571,1
305,122,-0.02116598189,0.0262882486,1
305,130,0.1473470628,0.06708895415,1
305,138,0.1681614965,0.1450130492,1
305,146,0.1661649048,0.2291755378,1
305,154,0.1015531197,0.111971952,1
305,162,0.07032814622,0.07756093144,1
305,170,0.0583101362,0.1199123263,1
313,10,0.07991087437,0.06571818888,1
313,18,-0.0009300354868,0.1058581695,1
313,26,-0.02100562677,0.0479664281,1
313,34,-0.04249315336,0.05265938491,1
313,42,-0.1357037574,0.05819379538,1
313,50,-0.1640384644,0.1006562412,1
313,58,-0.04623792693,0.2229170352,1
313,66,0.07552901655,0.1574837565,1
313,74,-0.04371887445,0.1837674677,1
313,82,-0.163760215,0.04100139067,1
313,90,0.005166898482,-0.02020628005,1
313,98,-0.05636896938,0.03670093417,1
313,106,-0.08670524508,-0.01057578251,1
313,114,0.05012792721,0.0562772043,1
313,122,0.1402352452,-0.0003280863166,1
313,130,0.2006436884,0.01564305648,1
313,138,0.209335655,0.08666035533,1
313,146,0.06174216419,0.1540816873,1
313,154,-0.01110235602,0.2402623892,1
313,162,0.06220668554,0.05997212231,1
313,170,0.0679576993,0.02100992203,1
321,10,0.1003316119,0.07753103971,1
321,18,0.01163463667,0.1271274388,1
321,26,-0.08102548867,0.154209733,1
321,34,-0.04723782092,0.02137051523,1
321,42,-0.1556163877,0.04955729842,1
321,50,-0.3370324075,0.1100363582,1
321,58,0.04775264487,0.1388697028,1
321,66,0.1820479333,0.1458129734,1
321,74,0.1398564726,0.06405942887,1
321,82,-0.0200867448,0.0215360485,1
321,90,-0.04639040679,0.01881463081,1
321,98,0.02482601441,-0.009320806712,1
321,106,0.09601288289,0.03223829344,1
321,114,0.09702162445,0.03963494301,1
321,122,0.1281757653,-0.0699943006,1
321,130,0.1071994677,0.05771896243,1
321,138,-0.0160817951,0.06014889106,1
321,146,0.01888287067,-0.01820473,1
321,154,-0.1070527956,0.006590832025,1
321,162,-0.04946270213,0.0572178103,1
321,170,0.007345987484,0.01814758033,1
329,10,0.01288563386,0.1161451712,1
329,18,-0.04259072244,0.1443511248,1
329,26,-0.06345410645,0.2338148355,1
329,34,-0.1856015325,0.05917712301,1
329,42,-0.2539849281,0.1198202074,1
329,50,-0.1936753839,0.1206392646,1
329,58,0.02511810884,0.03991756588,1
329,66,0.2731735706,0.06925016642,1
329,74,0.2016445845,-0.002517726272,1
329,82,0.1033610031,-0.09380584955,1
329,90,-0.03931674361,-0.1226596907,1
329,98,0.001122780144,-0.1413928568,1
329,106,0.04700322822,-0.06105384976,1
329,114,0.03371186182,-0.1537747979,1
329,122,-0.02540297061,0.02212003246,1
329,130,0.003520654514,0.1672489345,1
329,138,-0.01930839568,0.07425567508,1
329,146,-0.1592257917,-0.07775594294,1
329,154,-0.08470316231,-0.01280245185,1
329,162,-0.0371196717,0.06963479519,1
329,170,-0.1205367595,0.0848691687,1
337,10,0.1031562462,0.03389172256,1
337,18,0.001295153052,0.0254669562,1
337,26,-0.07980933785,0.07510793209,1
337,34,-0.1179488003,0.03537715971,1
337,42,-0.1445389688,0.1651481688,1
337,50,-0.05941238999,0.0651447624,1
337,58,-0.09007608145,-0.06040932983,1
337,66,-0.08456014097,0.06051674858,1
337,74,0.03876204044,0.1412263364,1
337,82,0.06929250062,0.003946529701,1
337,90,0.05568064749,-0.1596863121,1
337,98,-0.008201509714,-0.163063705,1
337,106,-0.0009323395789,-0.1050076708,1
337,114,0.02044667676,-0.1046305969,1
337,122,-0.004091527313,0.1674056798,1
337,130,-0.01168963313,0.1626556069,1
337,138,-0.04760359973,0.131465435,1
337,146,-0.03047833219,0.04416605085,1
337,154,0.01072678715,0.03408783674,1
337,162,0.04673573375,0.0216152668,1
337,170,-0.03181805834,0.154003337,1
345,10,0.155960992,-0.03912451863,1
345,18,0.0429013744,-0.05968191847,1
345,26,0.002451106906,-0.251793623,1
345,34,-0.03884495795,-0.1459959149,1
345,42,-0.08033575118,0.106939517,1
345,50,-0.06040848792,0.0229222402,1
345,58,-0.2116148323,-0.03729295731,1
345,66,-0.1566813886,0.161118418,1
345,74,0.02571790293,0.1642297208,1
345,82,0.1000681892,0.04026789963,1
345,90,0.004269968718,-0.01587253809,1
345,98,-0.105808042,-0.3543968499,1
345,106,-0.04777261242,-0.1279011369,1
345,114,0.009428910911,0.03031539917,1
345,122,0.01017042063,0.100869976,1
345,130,-0.04822709411,0.1196438968,1
345,138,-0.09247730672,0.1769041419,1
345,146,0.09358524531,0.1848710626,1
345,154,0.02707671374,0.0845476985,1
345,162,-0.06509557366,0.04189745337,1
345,170,-0.1251727343,0.1079850048,1
353,10,0.03568101674,0.07381695509,1
353,18,-0.08649479598,0.1215167642,1
353,26,-0.1199869886,-0.08117514849,1
353,34,-0.02839481086,-0.1068506986,1
353,42,0.09655347466,-0.02510059625,1
353,50,0.03240180761,-0.007893420756,1
353,58,-0.1028293669,0.1385360956,1
353,66,-0.1071669385,0.2277995348,1
353,74,-0.1446473002,0.03544873744,1
353,82,0.09204400331,-0.001351028681,1
353,90,0.06233757362,-0.04403045028,1
353,98,0.0771734491,-0.3286550343,1
353,106,0.1146320626,-0.2439211011,1
353,114,-0.02425740287,-0.08666950464,1
353,122,-0.07235759497,-0.03803867474,1
353,130,0.003307387233,0.08874361962,1
353,138,-0.05873994902,0.2207766175,1
353,146,0.04128473252,0.07209295779,1
353,154,0.1410506666,0.09018222988,1
353,162,-0.1377820373,0.1006411314,1
353,170,-0.1797683835,-0.02995145693,1
361,10,-0.08212623,0.1586857438,1
361,18,0.005548898131,0.06455097347,1
361,26,0.03065367416,-0.06244553253,1
361,34,0.008154451847,-0.007276417688,1
361,42,0.08991467953,0.1178590432,1
361,50,-0.01657724008,0.09378124028,1
361,58,-0.2275983095,0.1954524219,1
361,66,-0.2034095526,0.1747598052,1
361,74,-0.1561385244,0.1474190652,1
361,82,0.05588574708,-0.005826175213,1
361,90,0.09286113083,-0.04418804869,1
361,98,-0.05927608907,0.003182902932,1
361,106,0.1763491631,-0.1409078836,1
361,114,0.1264718771,-0.08062323928,1
361,122,0.01247431338,-0.02205338143,1
361,130,0.02742164023,0.05809462816,1
361,138,0.06498991698,0.1616863608,1
361,146,0.1238170862,0.09981297702,1
361,154,0.06061516702,0.06717466563,1
361,162,-0.09616613388,-0.03624623269,1
361,170,-0.2810201943,-0.05119668692,1
369,10,0.1220533699,0.1241434813,1
369,18,0.1009390429,0.02363839,1
369,26,0.1593956351,-0.0818977356,1
369,34,0.1085800081,0.1041695923,1
369,42,0.002073008567,0.2647816539,1
369,50,-0.07286456227,0.07841456681,1
369,58,-0.1321302503,0.09938021749,1
369,66,-0.09454581141,0.05846728384,1
369,74,-0.1728827953,0.1310233474,1
369,82,-0.1942117065,0.03171411902,1
369,90,0.0289205648,0.008454404771,1
369,98,0.1337628067,-0.07356666028,1
369,106,0.4819367826,0.02510904521,1
369,114,0.2620444596,0.09240043908,1
369,122,-0.01645316184,0.0010516271,1
369,130,-0.003610037267,-0.04356160015,1
369,138,0.1724465936,0.01426598802,1
369,146,0.1145606786,0.09748477489,1
369,154,0.01184598356,-0.01451037824,1
369,162,-0.1301450431,-0.01083144359,1
369,170,-0.375965476,0.06506241113,1
377,10,0.2776692212,0.1082133204,1
377,18,0.2227945179,0.02689479291,1
377,26,0.14438954,0.05968171358,1
377,34,0.2126800269,0.1848832369,1
377,42,0.1788948774,0.1627546996,1
377,50,-0.03456293419,-0.03385356069,1
377,58,-0.06021999568,0.01063345373,1
377,66,-0.1150775552,-0.05585895106,1
377,74,-0.2780058682,-0.04338763654,1
377,82,-0.1048294157,0.01648984477,1
377,90,0.1232167631,0.06254424155,1
377,98,0.3256566525,-0.167842716,1
377,106,0.2774413824,0.01048931107,1
377,114,0.06328605115,0.121301502,1
377,122,0.1351594925,0.05122416094,1
377,130,0.2855430841,-0.06885260344,1
377,138,0.1885577738,-0.008433807641,1
377,146,0.01749593951,-0.006524920464,1
377,154,-0.101044111,-0.1184568107,1
377,162,-0.2275062799,-0.02813280374,1
377,170,-0.4233987331,0.1599686444,1
385,10,0.09831621498,0.1429560333,1
385,18,0.2282829881,0.1169387996,1
385,26,0.2075586915,0.2135829031,1
385,34,0.1313668042,0.07227248698,1
385,42,0.1154558063,0.07653131336,1
385,50,-0.09904155135,-0.007426396012,1
385,58,-0.1423946172,-0.1185573265,1
385,66,-0.1442572773,0.07896018773,1
385,74,-0.07473339885,-0.02983477339,1
385,82,0.01855032146,0.02469445765,1
385,90,0.1010016277,0.06395202875,1
385,98,0.2104585469,0.06992062181,1
385,106,0.07793994248,0.07194694132,1
385,114,-0.05855316296,0.1268105209,1
385,122,-0.04666508734,0.2084685266,1
385,130,0.04394519329,0.01115729287,1
385,138,0.0892996639,0.01321546268,1
385,146,-0.004152321722,-0.06098095328,1
385,154,-0.1045930535,-0.1174130142,1
385,162,-0.1346252859,-0.09168002009,1
385,170,-0.2876199484,0.2132462263,1
393,10,0.1247599274,0.1412217915,1
393,18,0.2179395258,0.2329099774,1
393,26,0.3068130612,0.2600764632,1
393,34,0.03210933506,0.05523804575,1
393,42,-0.06632631272,-0.02937220223,1
393,50,-0.04938327894,-0.008151788265,1
393,58,-0.1841244102,-0.1936168373,1
393,66,-0.1191797629,0.1390631497,1
393,74,0.01279771328,-0.004062632099,1
393,82,0.06339451671,-0.04261177778,1
393,90,0.1244586408,-0.05802537501,1
393,98,0.1478319913,0.03479848057,1
393,106,-0.06206104159,0.1721188724,1
393,114,-0.1650732309,0.2138646394,1
393,122,-0.09341414273,0.1018449441,1
393,130,-0.09079348296,0.00206142664,1
393,138,0.001118007116,0.06580475718,1
393,146,0.03170444816,-0.03310984373,1
393,154,0.02856124565,-0.08076877892,1
393,162,0.05053284392,-0.03427420557,1
393,170,0.02673537657,0.0794589743,1
401,10,0.1472437978,-0.0295811519,1
401,18,0.08076331019,0.13977395,1
401,26,0.1117713377,0.14037624,1
401,34,-0.06219602004,0.09970799088,1
401,42,-0.2434176654,-0.06213644892,1
401,50,-0.05415596813,0.06980649382,1
401,58,-0.02396602556,-0.01136262715,1
401,66,-0.04569784552,0.09491045773,1
401,74,0.0452199243,0.0398747772,1
401,82,-0.01257501356,-0.03016664274,1
401,90,-0.02517329156,-0.05860845,1
401,98,0.01978521049,0.01557011902,1
401,106,0.03930922598,0.216229558,1
401,114,-0.04665478319,0.2981687188,1
401,122,-0.1137497276,0.0854922533,1
401,130,-0.05096814781,0.01710453629,1
401,138,0.0012890324,0.03558711335,1
401,146,0.2288807333,-0.02249529213,1
401,154,0.02998044714,-0.05715130642,1
401,162,-0.01609261334,-0.05358511209,1
401,170,0.07690499723,-0.02880496532,1
409,10,0.2443613559,-0.02718916535,1
409,18,-0.0009572952986,0.07957756519,1
409,26,0.1865014732,0.05295066535,1
409,34,0.04638545215,-0.0348534286,1
409,42,-0.1510894299,0.05943365023,1
409,50,-0.1252998114,0.1663749069,1
409,58,-0.08479614556,0.0130615402,1
409,66,0.01968506724,-0.08859063685,1
409,74,0.04237323254,0.107542932,1
409,82,0.04500489682,0.1257813126,1
409,90,0.04424846172,0.1027672738,1
409,98,0.0278435871,0.2275590003,1
409,106,-0.03419340402,0.1844221801,1
409,114,-0.1971553862,0.1922773272,1
409,122,-0.1820798665,0.1409334838,1
409,130,-0.06877405941,0.0134845227,1
409,138,0.03066110611,-0.01833380572,1
409,146,0.1146338433,0.008651003242,1
409,154,0.01164597273,0.008054144681,1
409,162,-0.03964732215,0.04027169198,1
409,170,-0.2010080516,-0.09404103458,1
417,10,0.1567496657,-0.1297571361,1
417,18,0.0286937505,0.05823796242,1
417,26,0.1905227304,0.06668485701,1
417,34,0.2201666385,0.07134310901,1
417,42,-0.1005806029,0.1221453398,1
417,50,-0.1867070198,0.2160286605,1
417,58,-0.1255234033,0.08490470052,1
417,66,-0.1381905377,-0.1853290945,1
417,74,-0.09604817629,-0.06226592511,1
417,82,-0.03692929447,-0.002331357449,1
417,90,-0.02383264899,0.176603362,1
417,98,0.01249906421,0.3115914166,1
417,106,-0.09560932964,0.2522687912,1
417,114,-0.2023476809,0.05936805904,1
417,122,-0.2157604843,0.06628768146,1
417,130,-0.01506879926,-0.05296547711,1
417,138,-0.008641369641,-0.0752530843,1
417,146,0.06069777906,0.01377821714,1
417,154,0.01439887565,0.1446610391,1
417,162,-0.2157411873,0.09826290607,1
417,170,-0.2083746195,0.002110935748,2
