PIVlab, ASCII chart output - 02-Aug-2025
FRAME: 209, filenames: A:[209]FullStack_Pos0035_TgUtrmcherry_K4K8MO-1.avi & B:[210]FullStack_Pos0035_TgUtrmcherry_K4K8MO-1.avi, conversion factor xy (px -> m): 1, conversion factor uv (px/frame -> m/s): 1
x [px],y [px],u [px/frame],v [px/frame],Vector type [-]
9,10,-0.1257539988,0.08755588531,1
9,18,-0.1332423836,0.182145834,1
9,26,-0.2160230875,0.1536660343,1
9,34,-0.212357223,0.03602981567,1
9,42,-0.02563717216,0.2143373638,1
9,50,0.01837478951,0.1778261065,1
9,58,0.1706754416,0.128282845,1
9,66,-0.01475013793,0.06519955397,1
9,74,-0.1411546916,-0.1032965407,1
9,82,-0.1306715161,-0.166845113,1
9,90,-0.05094152689,0.04779324681,1
9,98,-0.01021904498,0.1102461666,1
9,106,-0.04492746294,0.1239481121,1
9,114,-0.04117029905,0.1476927847,1
9,122,-0.1373992562,0.1873157024,1
9,130,-0.180919379,0.1702548265,1
9,138,-0.07430067658,0.08561715484,1
9,146,0.04082629085,0.1747098714,1
9,154,0.009800765663,0.1136195809,1
9,162,-0.0550111942,0.06982915103,1
9,170,-0.1152915359,-0.05963979661,1
17,10,0.05984056741,-0.1420621276,1
17,18,-0.04579286277,0.07789603621,1
17,26,-0.09921529889,0.08009266108,1
17,34,-0.2179481089,-0.07626658678,1
17,42,-0.1976676285,0.08728018403,1
17,50,-0.06491944194,0.0678859055,1
17,58,0.02079644799,-0.1103621945,1
17,66,-0.03490903229,-0.03386978805,1
17,74,-0.01858874783,-0.1303317994,1
17,82,-0.006741020828,-0.08370252699,1
17,90,0.0171944201,0.09419804066,1
17,98,0.01066355035,0.1278161407,1
17,106,-0.03726547956,0.0565835759,1
17,114,0.07544985414,0.08252899349,1
17,122,-0.05893712491,-0.01930766553,1
17,130,-0.02152291685,-0.03280508146,1
17,138,-0.0555420965,-0.0353252925,1
17,146,-0.09268605709,0.04175077751,1
17,154,-0.06931918114,0.08276226372,1
17,162,-0.1586203724,-0.04031505808,1
17,170,-0.1847046465,-0.1142550409,1
25,10,-0.0308559984,-0.1436946392,1
25,18,-0.08650533855,0.02204244956,1
25,26,-0.0731856972,-0.02456403524,1
25,34,-0.1285329461,-0.04864119366,1
25,42,-0.08450939506,-0.06192675978,1
25,50,0.01081246603,-0.03651040047,1
25,58,0.03848223761,-0.007104571909,1
25,66,0.03205227479,-0.0390881449,1
25,74,0.0236155875,-0.07593874633,1
25,82,0.07342742383,-0.008695457131,1
25,90,0.08347466588,0.08820220828,1
25,98,0.1101897955,-0.009736325592,1
25,106,0.130414024,-0.006918646395,1
25,114,0.1268728375,0.02882460132,1
25,122,-0.09758192301,-0.1433789581,1
25,130,-0.01923461258,-0.2094944268,1
25,138,0.04160343856,-0.08815310895,1
25,146,-0.05073330924,-0.07952094078,1
25,154,-0.1102463156,-0.005964878947,1
25,162,-0.1479041427,0.01386149693,1
25,170,-0.1390480101,-0.08343662322,1
33,10,-0.04868582636,-0.08281899989,1
33,18,-0.02242297865,0.002733517438,1
33,26,0.0161479339,-0.08676812798,1
33,34,-0.01074938476,0.05995201319,1
33,42,0.01760367304,-0.06751911342,1
33,50,0.05120658129,-0.1203044727,1
33,58,0.04617575184,-0.01624424756,1
33,66,0.02393170446,-0.01753169298,1
33,74,0.01175060496,0.04775267094,1
33,82,0.02612809464,0.03590517864,1
33,90,0.03894100338,0.1052936316,1
33,98,0.03632003069,-0.07377359271,1
33,106,0.06485809386,-0.08764505386,1
33,114,0.1464849561,-0.01631081104,1
33,122,0.04451334476,-0.1945032775,1
33,130,-0.0469305627,-0.2204368711,1
33,138,-0.01232571527,0.0193172805,1
33,146,0.007181210443,-0.02919589728,1
33,154,-0.1178104579,0.05682953075,1
33,162,-0.1165653765,-0.02472369932,1
33,170,-0.09668134153,-0.1231920868,1
41,10,-0.05340754986,-0.04774979129,1
41,18,-0.003494892269,-0.003129009157,1
41,26,-0.03760678321,-0.1053218022,1
41,34,0.003819707781,0.0131184198,1
41,42,0.1686875224,-0.06688557565,1
41,50,0.1305890977,-0.1157560647,1
41,58,0.116418153,-0.04118642211,1
41,66,0.06991568953,0.04749699309,1
41,74,0.05968166888,0.01112039946,1
41,82,0.0319050476,-0.01895786077,1
41,90,0.09263794124,0.01137976535,1
41,98,0.1154504865,-0.08400151879,1
41,106,0.09107262641,-0.1681193709,1
41,114,0.1222709715,-0.09700171649,1
41,122,0.1321479678,-0.2525391281,1
41,130,-0.001600494608,-0.1023768112,1
41,138,-0.001861122204,0.1290930212,1
41,146,-0.07408370823,0.2279223502,1
41,154,-0.1780773103,0.1799034476,1
41,162,-0.2445858568,-0.1616158336,1
41,170,-0.1769456416,-0.2283656299,1
49,10,-0.1326737702,0.02241025865,1
49,18,-0.1369885057,0.08886238933,1
49,26,-0.09906824678,0.01643841714,1
49,34,0.08844107389,-0.05962131545,1
49,42,0.07279343158,-0.172259748,1
49,50,0.04847346246,-0.2794162035,1
49,58,0.1202478111,-0.0133972466,1
49,66,0.09418120235,0.1540748626,1
49,74,0.1686976552,0.01685344614,1
49,82,0.1104127318,-0.02401617542,1
49,90,0.07345632464,-0.0501775369,1
49,98,0.1179356799,-0.08894406259,1
49,106,0.1134769544,-0.1150330156,1
49,114,0.05566335842,-0.07370348275,1
49,122,0.07931498438,-0.03700960428,1
49,130,0.08935849369,0.01242037863,1
49,138,0.1019946784,0.1475829184,1
49,146,0.02555616759,0.2763380706,1
49,154,-0.05211088806,0.179332912,1
49,162,-0.09507077187,-0.05149189383,1
49,170,-0.1688634753,-0.2450311184,1
57,10,0.07517008483,0.1125166789,1
57,18,-0.01672431827,0.1802272648,1
57,26,-0.01446724683,0.06123240292,1
57,34,0.2141548991,-0.03084891103,1
57,42,0.1429284364,0.0409450233,1
57,50,0.08224575222,-0.07301352918,1
57,58,0.08349666744,0.07717740536,1
57,66,0.1126758009,0.003578915261,1
57,74,0.1152506173,-0.007124304771,1
57,82,0.08389294147,0.03102966025,1
57,90,0.07377180457,0.02888640761,1
57,98,0.1034778953,-0.04553568363,1
57,106,0.1276351959,-0.02482913062,1
57,114,-0.02136818692,-0.0270749405,1
57,122,-0.09021174163,-0.0215330869,1
57,130,-0.0168447271,-0.06338478625,1
57,138,0.0855300352,0.0707910955,1
57,146,0.09108337015,0.209751904,1
57,154,0.01841463521,0.1432167888,1
57,162,-0.02900645882,-0.005761176348,1
57,170,-0.1225749701,-0.2532899678,1
65,10,0.207193628,0.0008355677128,1
65,18,0.0585790053,0.1740999669,1
65,26,0.05257685483,0.08086904883,1
65,34,0.2298370153,0.01252913848,1
65,42,0.1684801131,0.1150254905,1
65,50,0.09163296223,0.1297490001,1
65,58,0.05730840564,0.09814769775,1
65,66,0.2954475284,-0.05757323653,1
65,74,0.1941876113,0.05890202522,1
65,82,0.1020902693,0.07503932714,1
65,90,0.2019037306,0.02888510749,1
65,98,0.1266448349,0.02517840639,1
65,106,0.009787939489,0.04379478097,1
65,114,-0.1128502488,0.06101350859,1
65,122,-0.1416888237,-0.0646418035,1
65,130,-0.1090990156,-0.1026797295,1
65,138,-0.07176017761,0.04531943798,1
65,146,-0.01369240601,0.1864406317,1
65,154,0.08798845112,0.09562623501,1
65,162,0.03267584741,-0.1107421219,1
65,170,-0.2355748713,-0.328815043,1
73,10,0.3101241589,-0.1632727385,1
73,18,0.1370344311,-0.01404665038,1
73,26,0.1136578172,0.08320862055,1
73,34,0.2498697788,0.07863004506,1
73,42,0.2537097335,0.1351183951,1
73,50,0.1725182682,0.03175771981,1
73,58,0.08548769355,-0.02507387847,1
73,66,0.2291962504,-0.003106616437,1
73,74,0.1945642829,0.1546160281,1
73,82,0.1891736239,0.117977567,1
73,90,0.25404796,0.06795402616,1
73,98,0.1691610366,0.1320333779,1
73,106,0.0808275491,0.110645093,1
73,114,-0.007114648819,0.06393626332,1
73,122,-0.0146438498,0.001901383512,1
73,130,-0.05651187897,-0.08997140825,1
73,138,-0.04387106374,-0.01370774582,1
73,146,0.03015809692,0.06137761101,1
73,154,0.07912546396,0.0894081369,1
73,162,-0.052935265,-0.1137048751,1
73,170,-0.2457910776,-0.2188226879,1
81,10,0.255562067,-0.1211368293,1
81,18,0.1261623204,-0.1219861582,1
81,26,-0.05759119242,-0.06125672907,1
81,34,0.1720131934,0.03740952909,1
81,42,0.222224161,0.07968910038,1
81,50,0.08202605695,-0.03438632935,1
81,58,0.04199907184,0.004499070346,1
81,66,0.1000147909,0.09357184917,1
81,74,0.1490894407,0.06060132384,1
81,82,0.1318952143,0.03313410282,1
81,90,0.05455882847,0.0159516111,1
81,98,0.0607662648,0.1131600365,1
81,106,0.09466259181,0.125260666,1
81,114,0.1487547457,0.0154575631,1
81,122,0.132153511,0.08667966723,1
81,130,-0.0378080681,-0.09147863835,1
81,138,-0.08737713099,-0.1421232522,1
81,146,-0.008607091382,-0.04436828941,1
81,154,0.02190769464,0.06135989353,1
81,162,-0.07635685802,0.09459912777,1
81,170,-0.07100905478,0.04011760652,1
89,10,-0.009643919766,-0.1132704169,1
89,18,-0.07279288769,-0.07941405475,1
89,26,-0.1403994709,0.00618616771,1
89,34,0.07633259892,-0.09160270542,1
89,42,0.2448111922,-0.04040969536,1
89,50,0.06764809042,0.04161471128,1
89,58,0.01702848822,0.1256594062,1
89,66,0.0104059726,0.2340088934,1
89,74,0.09982538223,0.1089078337,1
89,82,0.2178923488,0.01358881593,1
89,90,0.008312314749,0.06356334686,1
89,98,-0.01354940236,0.06852589548,1
89,106,-0.09460239857,0.06348766387,1
89,114,-0.03983093053,0.01342239976,1
89,122,0.02273055539,0.07540353388,1
89,130,-0.05988531187,0.0148036778,1
89,138,-0.07440972328,-0.0814357549,1
89,146,-0.02831521071,-0.01756536774,1
89,154,0.01846666634,0.08116850257,1
89,162,-0.02627466619,0.1070442721,1
89,170,0.05884408578,0.1647531688,1
97,10,-0.1178014129,-0.09337993711,1
97,18,-0.04497811943,-0.03404877335,1
97,26,0.07110980153,0.08031122386,1
97,34,0.1070978791,0.005180139095,1
97,42,0.1011388004,0.04001769423,1
97,50,0.2004493475,0.01957241446,1
97,58,0.1080560386,0.1620759666,1
97,66,0.1039428711,0.1233380511,1
97,74,0.1197089776,0.06175286323,1
97,82,0.06708447635,0.06725548208,1
97,90,0.03562963009,0.05178975686,1
97,98,0.04556758702,-0.002595484257,1
97,106,0.02571511269,0.007377311587,1
97,114,0.02325626463,0.0734076798,1
97,122,0.07381690294,-0.002322431654,1
97,130,0.07187074423,-0.01366033591,1
97,138,0.08442505449,0.08569380641,1
97,146,0.1060097143,0.01520873792,1
97,154,-0.008032754064,0.03945098072,1
97,162,-0.01334464736,-0.006463948637,1
97,170,0.1258994192,0.004198789597,1
105,10,0.0411472097,-0.116140537,1
105,18,-0.00739048887,-0.2583116889,1
105,26,0.04854178429,-0.09717544913,1
105,34,0.08267503232,0.0214994885,1
105,42,0.05338552594,0.07064427435,1
105,50,0.1035387814,0.06979416311,1
105,58,0.1856089532,0.1205811277,1
105,66,0.1560454965,0.0524835512,1
105,74,0.05964697897,-0.06136647984,1
105,82,-0.02675321698,-0.1182573885,1
105,90,0.009663384408,-0.02816395648,1
105,98,0.05869527906,-0.01663915254,1
105,106,0.07155577093,-0.03472142294,1
105,114,0.2013967335,0.05526931584,1
105,122,0.2914702296,-0.03314013034,1
105,130,0.100845702,-0.04599279165,1
105,138,0.03032432869,0.0748449564,1
105,146,0.03129209951,0.004104144871,1
105,154,-0.03895903379,-0.04118487984,1
105,162,-0.02349456027,-0.17517519,1
105,170,0.07426827401,-0.1305320263,1
113,10,0.131835863,-0.1246967614,1
113,18,0.08747655153,-0.2009317428,1
113,26,-0.03124817275,-0.07469436526,1
113,34,-0.02969676629,0.02714796737,1
113,42,-0.04834030569,0.1508181691,1
113,50,0.02125818282,0.07344277203,1
113,58,0.1957913339,0.06547427922,1
113,66,0.1766998172,0.08765473962,1
113,74,0.09340997785,-0.07315501571,1
113,82,-0.00535941124,-0.1340847909,1
113,90,0.01408656314,-0.08898261189,1
113,98,0.1357454062,-0.006063906476,1
113,106,0.05929981172,-0.04966559261,1
113,114,0.06348390877,0.006682720035,1
113,122,0.256074965,0.005445058458,1
113,130,0.2675769329,0.01080197468,1
113,138,-0.06065958738,-0.004230394959,1
113,146,0.0100713335,-0.01159068942,1
113,154,-0.05554657429,-0.05580643192,1
113,162,-0.01131065562,-0.2410498559,1
113,170,0.1365746707,-0.1492887884,1
121,10,0.05980780348,-0.1208038479,1
121,18,0.03194341809,0.01103437692,1
121,26,-0.08518197387,0.02520884946,1
121,34,-0.08866371959,-0.008313415572,1
121,42,-0.05570180714,0.1331846267,1
121,50,0.06119289994,0.007578339428,1
121,58,0.09475488961,-0.01226009429,1
121,66,0.07300230861,0.0376682505,1
121,74,0.07514713705,-0.01004430652,1
121,82,0.1105328202,-0.1021849662,1
121,90,0.09985998273,-0.1108172685,1
121,98,0.02004685253,0.02279688418,1
121,106,-0.03265307844,0.06560514867,1
121,114,-0.008380612358,0.05979405716,1
121,122,0.0714052394,0.07830754668,1
121,130,0.06436792761,0.1456467211,1
121,138,0.03666627035,0.1160744429,1
121,146,-0.02525157109,-0.006011383608,1
121,154,-0.1153767705,-0.147521615,1
121,162,0.01814718172,-0.162701875,1
121,170,0.1661639661,-0.1124161333,1
129,10,-0.06009794399,-0.08469023556,1
129,18,-0.04625437409,0.01997533441,1
129,26,0.1529214531,-0.06270231307,1
129,34,0.1611874253,-0.01258544624,1
129,42,-0.06833759695,0.05949160457,1
129,50,0.0404596515,-0.04070720822,1
129,58,0.09499466419,-0.05001014099,1
129,66,0.08745422959,0.001014542766,1
129,74,0.03263004869,0.0252263546,1
129,82,0.04534072429,-0.03323029354,1
129,90,0.03184336051,-0.1311449111,1
129,98,-0.04265747219,-0.04749097303,1
129,106,-0.06028413028,0.1048802286,1
129,114,-0.08116375655,-0.02905074507,1
129,122,0.1222533137,0.01548200846,1
129,130,0.1988343447,0.1789206117,1
129,138,0.1912300587,0.2810366452,1
129,146,0.008194280788,0.1379552931,1
129,154,-0.09721410275,-0.02273944765,1
129,162,-0.04395522922,-0.2039361596,1
129,170,0.005243957043,-0.1891868711,1
137,10,0.0463078022,0.01367707551,1
137,18,-0.011941351,0.06120455638,1
137,26,0.001327950507,0.008517764509,1
137,34,0.05939684808,-0.002598013729,1
137,42,0.2457082719,0.0255385302,1
137,50,0.03497481719,-0.03128711507,1
137,58,-0.03027532063,-0.01979735866,1
137,66,-0.01067470573,0.02103154734,1
137,74,-0.1008405909,-0.1097076833,1
137,82,-0.08182237297,-0.07385331392,1
137,90,-0.01951068453,-0.08667773008,1
137,98,-0.003043990582,-0.03949375451,1
137,106,0.006031943485,-0.003534951247,1
137,114,-0.1847640723,-0.04959459603,1
137,122,-0.1240574941,-0.04998518527,1
137,130,0.1876400411,0.02253130823,1
137,138,0.1459788382,0.1097161472,1
137,146,-0.02819589153,0.07159534097,1
137,154,-0.04163917154,0.05410802737,1
137,162,-0.08554206043,-0.08253517002,1
137,170,-0.2018684745,-0.1434039474,1
145,10,-0.01422378793,0.02357825637,1
145,18,-0.0174872987,0.1532664001,1
145,26,-0.04695220664,0.07867448032,1
145,34,-0.08217474818,0.02737949789,1
145,42,0.1146178395,0.07197587192,1
145,50,0.06670840085,-0.003040332347,1
145,58,-0.1389888376,-0.02443530411,1
145,66,-0.1961885393,0.02368296683,1
145,74,-0.2291002721,-0.08527489007,1
145,82,-0.07878136635,-0.04477403313,1
145,90,0.1821383089,-0.001965288073,1
145,98,0.1829906404,0.1242749989,1
145,106,0.1102224514,0.1771187186,1
145,114,0.0004558134824,0.1859462559,1
145,122,-0.06249526888,-0.08148885518,1
145,130,0.01789951324,-0.1014637053,1
145,138,-0.03329214454,0.006573099643,1
145,146,-0.04400896654,-0.07564555854,1
145,154,0.04561503232,-0.05135779455,1
145,162,-0.06274756789,0.02211235464,1
145,170,-0.2644233704,-0.0329548195,1
153,10,-0.04317189008,-0.0547606945,1
153,18,-0.1312559098,0.2305091172,1
153,26,-0.1462184489,0.04821569845,1
153,34,-0.0983229056,0.05506499112,1
153,42,0.02771624923,0.06642957777,1
153,50,0.06852893531,-0.02337758988,1
153,58,0.03724915534,-0.09198980033,1
153,66,-0.01739726961,-0.1040138304,1
153,74,-0.1621854156,-0.04484059289,1
153,82,-0.1097059473,-0.03854101151,1
153,90,0.06592968106,-0.08261609823,1
153,98,0.1524251699,0.01463468,1
153,106,0.1516176462,0.1798813492,1
153,114,0.1432879865,0.1685676277,1
153,122,0.1136287376,-0.116104424,1
153,130,0.04337350652,-0.1848673224,1
153,138,-0.008237583563,-0.09787549824,1
153,146,-0.02007603832,-0.0410576351,1
153,154,0.01920983568,-0.08763117343,1
153,162,-0.05301757157,-0.06023087353,1
153,170,-0.2294405848,-0.1461613178,1
161,10,-0.03415185958,-0.07885701954,1
161,18,0.05451217666,0.04804434627,1
161,26,0.05609305948,0.02796460688,1
161,34,0.05596652627,-0.08745245636,1
161,42,0.05675318837,0.01615801454,1
161,50,0.07154980302,0.08131676912,1
161,58,0.083295919,0.0740750879,1
161,66,0.01019129902,-0.08415921777,1
161,74,-0.03828835115,-0.08895038068,1
161,82,0.00671640411,-0.1199614108,1
161,90,0.06919380277,-0.08266423643,1
161,98,0.1397417039,-0.06436604261,1
161,106,0.1551275551,-0.08404093981,1
161,114,0.03436851874,-0.1284778714,1
161,122,-0.003592535853,-0.07931314409,1
161,130,-0.0386578925,-0.08027500659,1
161,138,0.009322196245,-0.08272927999,1
161,146,0.1713962853,0.004515100271,1
161,154,0.1688256115,-0.0979834199,1
161,162,0.1686702371,-0.192051053,1
161,170,-0.007910236716,-0.1968064308,1
169,10,0.1431012154,-0.05284543335,1
169,18,0.1466130614,-0.07721384615,1
169,26,-0.02285105735,-0.0218085777,1
169,34,-0.2754265964,-0.1293603182,1
169,42,-0.176422298,0.002776468173,1
169,50,0.06540710479,0.1381262541,1
169,58,0.2224417031,0.1231678575,1
169,66,0.0716996789,-0.01068084687,1
169,74,-0.02287015505,-0.04892101139,1
169,82,0.09134729952,-0.03438900411,1
169,90,0.1628035605,-0.0775475949,1
169,98,0.08766693622,-0.07273780555,1
169,106,0.07269695401,-0.08290421218,1
169,114,0.03073101863,-0.1974857599,1
169,122,-0.0798966065,-0.1337979585,1
169,130,-0.187963143,-0.1089413762,1
169,138,-0.2770930827,-0.08592940122,1
169,146,0.0593007803,-0.01484397426,1
169,154,-0.02413786575,-0.04066165537,1
169,162,-0.2752206028,-0.01554954425,1
169,170,0.00486282818,-0.07166968286,1
177,10,0.2071603835,-0.0221902132,1
177,18,0.01631348208,-0.04075596854,1
177,26,-0.06394059956,0.01177258603,1
177,34,0.01011919044,-0.0300919693,1
177,42,0.002773955464,-0.01480517909,1
177,50,-0.00450310111,-0.01505910605,1
177,58,0.1443250626,-0.04369912669,1
177,66,0.1179140955,-0.03158225119,1
177,74,-0.07877682149,-0.04780430719,1
177,82,-0.0983004123,-0.06006516144,1
177,90,0.02822900936,-0.1215731502,1
177,98,0.08954785764,-0.05390897393,1
177,106,0.1128014177,0.03309847787,1
177,114,0.1569318175,0.01300277188,1
177,122,0.06807021052,-0.03645024449,1
177,130,-0.03598398715,-0.02545535564,1
177,138,0.07637818158,-0.05045635253,1
177,146,-0.003420709632,-0.1053307056,1
177,154,0.01029085554,0.02789232507,1
177,162,-0.07300142199,0.1187915355,1
177,170,-0.07301467657,0.004074864089,1
185,10,0.05276307464,0.05152105913,1
185,18,-0.01663924381,0.08073861152,1
185,26,-0.07216580212,0.1648863107,1
185,34,0.05315870047,0.04987697676,1
185,42,0.07526357472,-0.1011774093,1
185,50,0.07860174775,-0.2354153693,1
185,58,0.04921716452,-0.1661023051,1
185,66,0.00437033549,-0.152940318,1
185,74,0.03901616856,-0.05754760653,1
185,82,0.08863516152,-0.002939246595,1
185,90,0.0654270649,-0.0974554196,1
185,98,0.1113026291,0.0959276408,1
185,106,0.2911282778,0.1047704816,1
185,114,0.2129662931,0.07900158316,1
185,122,0.0175212808,0.09033029526,1
185,130,-0.01977602765,0.02237357758,1
185,138,-0.04469539225,-0.05438022316,1
185,146,-0.06894356012,-0.1087843776,1
185,154,0.07853186876,0.02041916922,1
185,162,0.126209721,0.1004578844,1
185,170,0.04900017753,0.0791317448,1
193,10,0.1314622611,0.09418228269,1
193,18,0.09305840731,0.1505093724,1
193,26,-0.03643331304,0.1883345544,1
193,34,-0.1045443565,-0.08184947073,1
193,42,-0.03189869598,-0.2107452005,1
193,50,-0.01009059697,-0.2328569442,1
193,58,-0.05323822051,-0.09436777234,1
193,66,-0.08521941304,-0.05434890091,1
193,74,-0.05984738842,0.1599618793,1
193,82,0.01989524998,0.1168019325,1
193,90,0.1083144993,-0.09710642695,1
193,98,0.1278019845,0.003771029413,1
193,106,0.1343999207,0.06081414968,1
193,114,0.1300896704,0.1469931602,1
193,122,0.06816675514,0.09505633265,1
193,130,0.04773084819,-0.0352444835,1
193,138,0.03560947254,-0.0319804363,1
193,146,-0.0648765415,-0.07598689198,1
193,154,-0.04321103543,0.02454376407,1
193,162,0.1994545162,0.001567851752,1
193,170,-0.01163004711,0.0794390142,1
201,10,0.1398146749,0.13519907,1
201,18,0.05245589092,0.1391301751,1
201,26,0.0226290673,0.2299518287,1
201,34,-0.005302883685,-0.3039652705,1
201,42,-0.1566620469,-0.2398545891,1
201,50,-0.1393958777,-0.1079441831,1
201,58,-0.06730554998,-0.02591313422,1
201,66,-0.005930259824,0.1752335131,1
201,74,-0.2067868263,0.1664878279,1
201,82,-0.1563800871,0.0519978106,1
201,90,-0.0009328108281,-0.1499667317,1
201,98,0.0638499558,-0.1801767796,1
201,106,0.02698046342,-0.04356676713,1
201,114,0.02882794291,0.06773800403,1
201,122,0.1036469787,0.08575314283,1
201,130,0.117332913,-0.03054692596,1
201,138,0.124013111,-0.03198496252,1
201,146,0.06708934903,-0.06163160503,1
201,154,-0.0395760946,0.06969413161,1
201,162,0.003715846688,-0.1009731069,1
201,170,0.03943597525,0.06592607498,1
209,10,0.1716874093,0.08416636288,1
209,18,0.06349220872,-0.02608247101,1
209,26,-0.003852851689,-0.02834859304,1
209,34,-0.1039230675,-0.1678022295,1
209,42,-0.1861844808,-0.06380970031,1
209,50,-0.1471779794,0.007698953152,1
209,58,0.01396044344,-0.005730042234,1
209,66,0.05104663223,0.1204648092,1
209,74,-0.1696640551,-0.02846853435,1
209,82,-0.0455631353,-0.05745394528,1
209,90,0.04236239567,-0.2278447151,1
209,98,0.03307365254,-0.1418341845,1
209,106,0.0877429992,-0.03788600117,1
209,114,0.09342381358,0.03475266322,1
209,122,0.05254718661,0.0774359107,1
209,130,0.07248055935,0.007077857852,1
209,138,0.1875056326,-0.1118131429,1
209,146,0.0596594587,0.02153052762,1
209,154,-0.03907478973,0.06111193448,1
209,162,0.109021008,-0.009026844986,1
209,170,0.1373411417,0.007080815732,1
217,10,0.1464291364,0.02746093273,1
217,18,-0.001772446558,-0.110883981,1
217,26,-0.008593451232,-0.1158561632,1
217,34,-0.04476631433,0.1000804752,1
217,42,-0.1447138339,0.1157616451,1
217,50,-0.03002404794,0.05029958859,1
217,58,0.1041838676,0.04474933818,1
217,66,0.1062225923,0.07695759833,1
217,74,-0.1050769836,0.01259260252,1
217,82,-0.05297548324,0.02473927662,1
217,90,-0.06496497244,0.1030547619,1
217,98,-0.07488497347,-0.004881262779,1
217,106,0.04097432643,0.06583318859,1
217,114,0.0319166705,0.1008964106,1
217,122,-0.02986488119,0.08194159716,1
217,130,-0.01315415651,-0.01265713573,1
217,138,-0.007311213762,-0.1341847628,1
217,146,-0.04813106358,0.0234939307,1
217,154,-0.105020836,0.01233244501,1
217,162,-0.02136244625,-0.1566407531,1
217,170,0.2713874876,0.0290895924,1
225,10,-0.09328077734,0.05394783616,1
225,18,-0.08275572956,0.05374872312,1
225,26,-0.06918088347,0.0394333899,1
225,34,-0.07435178012,0.08740962297,1
225,42,-0.1222192496,-0.00935633108,1
225,50,0.002549422905,-0.05681809038,1
225,58,0.100856483,-0.04347874224,1
225,66,0.08814863116,-0.02219050936,1
225,74,0.019231271,0.007008504122,1
225,82,0.003762466833,0.08448880166,1
225,90,-0.03425468877,0.2689931393,1
225,98,-0.06558924913,0.1078213975,1
225,106,-0.01327430829,0.134545207,1
225,114,-0.0005462598056,0.1120663583,1
225,122,-0.002039067447,0.03890634328,1
225,130,0.1060964763,-0.05125046521,1
225,138,0.005224692635,-0.09016515315,1
225,146,-0.1968730241,0.07082792372,1
225,154,-0.13713561,-0.07978124917,1
225,162,-0.05474537984,-0.06816163659,1
225,170,0.08479216695,0.08615919203,1
233,10,-0.1518201083,0.1330732852,1
233,18,-0.08102096617,0.03814514726,1
233,26,0.04489778727,0.1562767178,1
233,34,-0.157717213,0.04474631697,1
233,42,-0.3743381798,-0.01316311955,1
233,50,-0.002590765245,-0.09228290617,1
233,58,0.1428129524,-0.01739614457,1
233,66,0.1484295726,0.00570128113,1
233,74,-0.000874241814,-0.09299387038,1
233,82,-0.09832272679,-0.05341582,1
233,90,-0.0328511335,0.05452409759,1
233,98,-0.01961995475,-0.03688591346,1
233,106,-0.08127074689,0.01510375924,1
233,114,-0.03294474632,0.0653129071,1
233,122,0.08113464713,-0.02598950639,1
233,130,0.2615008354,-0.04539284483,1
233,138,0.07586723566,-0.005523782223,1
233,146,-0.0475076288,0.07694915682,1
233,154,-0.08160495758,0.09259874374,1
233,162,-0.03104504943,0.1155066267,1
233,170,0.008607517928,0.1110737249,1
241,10,-0.2322860658,0.2002275586,1
241,18,-0.06323987991,0.09686986357,1
241,26,0.09922470897,0.0893625021,1
241,34,0.03276564181,0.03264742345,1
241,42,0.03866621479,0.03660946339,1
241,50,0.07298345864,-0.1297802925,1
241,58,0.1141602322,-0.009561897255,1
241,66,0.1580438316,0.08786682785,1
241,74,-0.003967620432,-0.08164275438,1
241,82,-0.1773704588,-0.2801258266,1
241,90,-0.06210272014,-0.1317821145,1
241,98,-0.01631652191,-0.2333260477,1
241,106,-0.03212084994,-0.1061202735,1
241,114,-0.07712996006,0.01077470183,1
241,122,0.06489829719,0.0134569034,1
241,130,0.09070251882,0.04575914517,1
241,138,0.04586908221,0.03296183795,1
241,146,0.04073378444,-0.0435603261,1
241,154,-0.02723968402,0.1000494808,1
241,162,-0.01209063269,0.08683285117,1
241,170,0.0266248621,0.1696712822,1
249,10,0.0387076959,0.08913195133,1
249,18,0.0593104735,0.1702410579,1
249,26,0.02330915257,0.1291648448,1
249,34,-0.06483209133,-0.006277646869,1
249,42,-0.04769406468,0.01646877266,1
249,50,0.001689937897,-0.04305024445,1
249,58,-0.01514039189,-0.0496356599,1
249,66,0.06318946183,0.002357296646,1
249,74,0.02479709312,-0.02898355201,1
249,82,-0.01080345921,0.01772740483,1
249,90,0.07455752045,-0.02478957176,1
249,98,-0.00890160352,-0.07957841456,1
249,106,-0.07278129458,-0.05964152515,1
249,114,-0.1327700317,0.0644230023,1
249,122,-0.02996293083,0.1238941401,1
249,130,0.1670234799,0.02847891673,1
249,138,0.07590457797,-0.01010994986,1
249,146,-0.03529433161,-0.06103698164,1
249,154,-0.09648252279,-0.07903724909,1
249,162,-0.05905362964,-0.03860975802,1
249,170,-0.05148712918,0.1388852,1
257,10,0.201459676,0.02342324704,1
257,18,0.05535890907,0.1219944358,1
257,26,-0.06977848709,0.08081293106,1
257,34,-0.1817045361,0.006863530725,1
257,42,-0.2229266465,0.00999487564,1
257,50,-0.166051954,0.07339812815,1
257,58,-0.07802535594,0.09132272005,1
257,66,-0.0479881838,0.08115004003,1
257,74,-0.009692417458,0.1026952937,1
257,82,-0.03618388623,0.090792723,1
257,90,0.06301407516,0.004827290773,1
257,98,-0.05478332937,-0.0537650995,1
257,106,-0.2014966309,-0.1239320785,1
257,114,-0.1993841529,0.0700423196,1
257,122,-0.04645033926,0.1619113684,1
257,130,0.1948332787,-0.05268670991,1
257,138,0.2068922967,-0.1111640632,1
257,146,-0.06273795664,-0.04027461261,1
257,154,-0.03594372422,-0.08859384805,1
257,162,0.06415738165,-0.05339281633,1
257,170,0.02248629928,0.02923545241,1
265,10,0.1863315701,0.09201429784,1
265,18,-0.05474581942,0.1220199391,1
265,26,-0.1116294414,0.04718073457,1
265,34,-0.105716601,0.1236240566,1
265,42,-0.1010058001,0.07610999048,1
265,50,-0.01091418788,0.1040890366,1
265,58,-0.003042818978,0.1176481023,1
265,66,0.05519472063,0.1122270375,1
265,74,0.004883603193,0.05876570195,1
265,82,-0.01748676784,0.08561518788,1
265,90,0.2064473182,-0.001895397902,1
265,98,-0.1049742401,0.09706557542,1
265,106,-0.1355106086,-0.1121725887,1
265,114,-0.0268779695,-0.1112205386,1
265,122,0.08354140073,0.1026037261,1
265,130,0.1901568174,0.06972129643,1
265,138,0.2111515999,-0.05999104679,1
265,146,0.1211792678,-0.04963843524,1
265,154,-0.008995476179,-0.01070509851,1
265,162,-0.009722406976,-0.03068559431,1
265,170,0.09320937097,-0.0604615733,1
273,10,0.1146068349,0.2037388682,1
273,18,-0.02229358628,0.1567599773,1
273,26,-0.07662238181,0.07425846159,1
273,34,-0.1170074418,0.1099032387,1
273,42,-0.01093434542,0.1461506784,1
273,50,0.1520244479,0.2030418515,1
273,58,0.1339826137,0.06971914321,1
273,66,0.1908231974,-0.08139833808,1
273,74,-0.07030674815,-0.08316317946,1
273,82,-0.4607257545,0.0314977169,1
273,90,0.03765239567,0.03192973137,1
273,98,0.2205934972,0.05825131759,1
273,106,0.1758248061,-0.1713094115,1
273,114,0.03211278468,-0.2087440789,1
273,122,-0.05271511897,-0.0150398463,1
273,130,0.1087685525,0.04322776943,1
273,138,0.1538210213,-0.02406850085,1
273,146,-0.0313135609,0.03193756938,1
273,154,-0.01871048473,0.05305154622,1
273,162,0.02631324902,-0.02406377345,1
273,170,0.01419099793,-0.1042544842,1
281,10,-0.02902680635,0.2340770662,1
281,18,-0.04548115283,0.1087480113,1
281,26,-0.07464186102,0.06521268934,1
281,34,-0.09788978845,0.08771294355,1
281,42,-0.02598715574,0.1386171579,1
281,50,0.05002692342,0.1442371756,1
281,58,0.2131795883,0.02184808627,1
281,66,0.3349326849,-0.09747942537,1
281,74,0.09940873086,-0.3744974434,1
281,82,-0.07387639582,0.0201812312,1
281,90,0.01538525522,0.02047370188,1
281,98,0.04102701694,-0.1044392958,1
281,106,0.0673301816,-0.2670048177,1
281,114,-0.05474726483,-0.1778957546,1
281,122,-0.2327539921,-0.09944356233,1
281,130,-0.1587138176,-0.03814938292,1
281,138,-0.0194779709,-0.01377757452,1
281,146,-0.008252569474,0.1227679625,1
281,154,0.01431972347,0.1018656865,1
281,162,0.05200282857,0.01057874784,1
281,170,-0.03076160699,-0.1549501568,1
289,10,0.03609197587,0.1885922998,1
289,18,-0.02425100468,0.002476137131,1
289,26,0.01329251565,0.0592167452,1
289,34,0.05354553461,0.2024426311,1
289,42,0.02588434331,0.09477777779,1
289,50,0.06031446531,0.05730770528,1
289,58,0.150360465,0.05996921659,1
289,66,0.3103594184,0.06774505973,1
289,74,0.1774819195,-0.09137919545,1
289,82,-0.3347226679,0.2815820575,1
289,90,-0.3083740473,0.1482555717,1
289,98,0.03154658899,-0.0405532904,1
289,106,-0.02980640903,-0.1004759595,1
289,114,-0.07072116435,-0.08873447776,1
289,122,-0.04308675975,-0.1349063218,1
289,130,-0.0551347807,0.02485444397,1
289,138,-0.04407335818,0.09856277704,1
289,146,0.02626025118,0.07495073974,1
289,154,-0.01222194731,0.02278635651,1
289,162,-0.05507453904,0.01690971106,1
289,170,-0.193873167,-0.08074118197,1
297,10,0.02189040929,0.03734023124,1
297,18,0.1239878833,-0.1310760081,1
297,26,-0.007756688632,-0.09923384339,1
297,34,-0.1825418025,0.1252423823,1
297,42,-0.06182085723,0.1221935749,1
297,50,-0.0006221234798,0.1316979676,1
297,58,-0.1154951081,0.1543178856,1
297,66,-0.008981343359,0.1512064934,1
297,74,0.2530899942,0.07228788733,1
297,82,0.06519113481,0.2534098923,1
297,90,-0.05833795667,0.376108259,1
297,98,0.0245751366,0.09924830496,1
297,106,-0.07445943356,-0.01096333377,1
297,114,-0.07955276966,0.1107791737,1
297,122,0.02488470636,0.05501898378,1
297,130,0.1012957543,0.06534843147,1
297,138,0.1142441258,0.1818767786,1
297,146,0.1459929496,-0.05405606702,1
297,154,0.0268764738,-0.1861411184,1
297,162,-0.2201078534,0.002107273787,1
297,170,-0.2777426243,0.04674241319,1
305,10,-0.1492233574,-0.09801757336,1
305,18,0.1196669042,-0.1029155105,1
305,26,0.01938993484,-0.0948517248,1
305,34,-0.1013942733,-0.02691669762,1
305,42,-0.1347741187,0.1300655305,1
305,50,-0.1583495885,0.2296145856,1
305,58,-0.1750378907,0.2658601403,1
305,66,-0.0379005149,0.1975763589,1
305,74,-0.01864852011,0.1069955528,1
305,82,-0.02139145508,0.02730231732,1
305,90,0.04128618911,0.1339177638,1
305,98,0.01141797751,0.08637205511,1
305,106,-0.02094525099,0.0527414009,1
305,114,-0.02763425559,0.1841011643,1
305,122,0.07253502309,0.1132471859,1
305,130,0.06392477453,0.0440467447,1
305,138,0.05404728651,0.1023697406,1
305,146,0.126621753,-0.05841862038,1
305,154,0.01207248773,-0.08678755164,1
305,162,-0.1406628191,-0.0189129971,1
305,170,-0.2033002675,-0.02593395859,1
313,10,-0.198774457,-0.1320127696,1
313,18,-0.09137743711,-0.05380508304,1
313,26,-0.05691608787,0.03541319817,1
313,34,-0.07548037171,-0.02535082214,1
313,42,-0.3837062716,0.04908646643,1
313,50,-0.5067601204,0.138263315,1
313,58,-0.3411489725,0.06481254846,1
313,66,-0.2320674062,0.09189224988,1
313,74,-0.1456928551,0.145087868,1
313,82,-0.03539887443,-0.0029765293,1
313,90,0.09762319922,-0.07552054524,1
313,98,-0.06533020735,-0.1052297354,1
313,106,-0.1254221499,0.008169751614,1
313,114,-0.1357060224,0.1651891768,1
313,122,-0.01615046337,0.08076395839,1
313,130,0.1821869463,0.05561721325,1
313,138,0.04532240331,0.005883820355,1
313,146,-0.006810516119,-0.01191245764,1
313,154,-0.079496786,0.01242010109,1
313,162,-0.07759905607,-0.01012703031,1
313,170,-0.08885373175,-0.05270621181,1
321,10,-0.1080460846,-0.1521531641,1
321,18,-0.1790554971,-0.09061436355,1
321,26,-0.09412819147,-0.08763407916,1
321,34,-0.1069175005,-0.1490496397,1
321,42,-0.1951797456,0.02834262699,1
321,50,-0.2963050008,0.1786022037,1
321,58,-0.3483509719,0.08638837188,1
321,66,-0.3359380364,0.04614059627,1
321,74,-0.1772533655,0.06229117885,1
321,82,-0.01361300796,-0.001114197075,1
321,90,0.03260300308,-0.1031682789,1
321,98,-0.0208443962,-0.09449342638,1
321,106,-0.2096011639,0.05974598601,1
321,114,-0.2389795929,0.1411741376,1
321,122,-0.0724446699,0.09344886243,1
321,130,-0.009109631181,0.05440296233,1
321,138,-0.01376816258,0.07029548287,1
321,146,-0.0646487698,0.045971632,1
321,154,-0.1617129743,0.03237495571,1
321,162,0.01003449783,0.02474487387,1
321,170,0.02746301889,-0.09238933027,1
329,10,-0.1157237291,-0.1405377686,1
329,18,-0.3240344226,-0.1921155155,1
329,26,-0.1977568865,-0.0746928677,1
329,34,-0.1030054837,-0.1916853487,1
329,42,-0.04363661632,-0.000801153481,1
329,50,-0.05114512146,0.04826907814,1
329,58,-0.06811740994,0.0731209144,1
329,66,-0.1428805441,0.08960141242,1
329,74,-0.1280267388,-0.08441046625,1
329,82,0.03615520149,-0.04869382828,1
329,90,0.1946873963,-0.04861422628,1
329,98,0.09847593307,0.06536522508,1
329,106,-0.1677969247,0.1315085143,1
329,114,-0.08787660301,-0.02611442655,1
329,122,-0.02730336785,0.02958346903,1
329,130,0.01192228496,0.1278178841,1
329,138,0.02029371634,0.123651363,1
329,146,-0.05491254851,0.1032683179,1
329,154,-0.07818640769,0.1175473779,1
329,162,-0.1109228805,0.01516246051,1
329,170,-0.0351985693,-0.1781209409,1
337,10,0.02641891688,-0.08494283259,1
337,18,0.04016319662,-0.1074100286,1
337,26,0.03638763726,-0.0483353585,1
337,34,0.03329175338,-0.0392489247,1
337,42,0.02226248384,-0.05447810516,1
337,50,0.02199426293,-0.1055178046,1
337,58,-0.01756468415,-0.04715365544,1
337,66,-0.07390271872,0.03728310764,1
337,74,-0.08512251079,-0.01676984876,1
337,82,-0.05604764074,0.01123478636,1
337,90,0.05495197326,0.03059134632,1
337,98,0.08956242353,0.1041487902,1
337,106,-0.04700885713,0.0696708411,1
337,114,-0.2216031849,0.007179677486,1
337,122,-0.1606287211,0.1214794517,1
337,130,-0.08868254721,0.2188272327,1
337,138,-0.0789687857,0.1829793453,1
337,146,-0.07635089755,0.176097542,1
337,154,-0.005439635366,0.2349938154,1
337,162,-0.00390900299,0.009248375893,1
337,170,0.03482970968,-0.06305976957,1
345,10,0.1700382382,-0.1003051996,1
345,18,0.1760335714,-0.05892760307,1
345,26,0.1132749319,-0.0645263195,1
345,34,-0.005384537391,0.07699295133,1
345,42,-0.1395686269,-0.002326324582,1
345,50,-0.1503598541,-0.182349205,1
345,58,0.0488400571,-0.06595405936,1
345,66,0.006837740541,0.1880509853,1
345,74,-0.03945627809,0.0936171785,1
345,82,0.02428472415,0.07947354019,1
345,90,0.07859776169,0.1219496727,1
345,98,0.01580869034,0.119590804,1
345,106,-0.0748981908,0.102833122,1
345,114,-0.05303589255,0.1551576555,1
345,122,-0.001007160172,0.176433444,1
345,130,-0.06116950512,0.2917356193,1
345,138,-0.1375290453,0.1663737446,1
345,146,-0.07662319392,0.1486018896,1
345,154,0.04624185711,0.2207088321,1
345,162,0.04105770215,0.1096942723,1
345,170,0.006238523871,0.05216042325,1
353,10,0.2824558318,-0.1332926452,1
353,18,0.04844452441,0.06316030025,1
353,26,-0.07830424607,0.1117582768,1
353,34,-0.1203050911,0.1042600125,1
353,42,-0.06869098544,0.08538712561,1
353,50,0.0801550895,-0.1589468867,1
353,58,0.1924083531,-0.1654821485,1
353,66,0.2424987853,0.1588695347,1
353,74,0.1031144932,0.1091711223,1
353,82,0.1272218078,0.06017271429,1
353,90,0.1599752903,0.1635552645,1
353,98,0.05108673126,0.136243701,1
353,106,-0.1116881967,0.06003685296,1
353,114,-0.03960659355,0.08490917087,1
353,122,0.05281264707,0.1051777676,1
353,130,0.06440862268,0.1837329865,1
353,138,-0.03335489333,0.0942517221,1
353,146,-0.1270468533,0.04854306579,1
353,154,-0.1048297063,0.01034971327,1
353,162,-0.06822668016,0.1608501673,1
353,170,0.1195803285,0.1156187207,1
361,10,0.2346838266,-0.1162829995,1
361,18,0.1328228861,0.02050649934,1
361,26,-0.01036369801,0.201271072,1
361,34,-0.03614826128,0.1753699183,1
361,42,0.0294071883,0.121296674,1
361,50,0.1471066475,0.1164144129,1
361,58,0.1499064267,-0.03623783588,1
361,66,0.06054213643,-0.004487944767,1
361,74,0.07642830908,0.003111008555,1
361,82,0.2151125073,0.07515636832,1
361,90,0.2227556407,0.2434694767,1
361,98,0.1595992595,0.2529239953,1
361,106,0.07863516361,0.03941505402,1
361,114,-0.008823921904,0.09131100774,1
361,122,0.08392342925,0.06751539558,1
361,130,0.03716342151,0.001386828721,1
361,138,-0.06990223378,-0.005146164447,1
361,146,-0.1111684516,-0.09825100005,1
361,154,-0.1241371036,-0.1834302098,1
361,162,-0.05023786426,-0.05485443026,1
361,170,0.1995790452,0.1747699231,1
369,10,0.1141563356,0.07221785933,1
369,18,0.06668327004,0.09340268373,1
369,26,0.0909615308,0.0194978416,1
369,34,0.07301024348,0.1425898969,1
369,42,0.1325760186,0.1389387995,1
369,50,0.1141550094,0.09952791035,1
369,58,0.06610248983,0.07254562527,1
369,66,-0.005948007107,0.02064603567,1
369,74,-0.01949713752,0.06936189532,1
369,82,0.145849973,0.03597705811,1
369,90,0.161606133,-0.05915065855,1
369,98,0.1169439107,0.02910549939,1
369,106,0.05898952484,0.1007772237,1
369,114,-0.04233931005,0.2147003263,1
369,122,0.02939789183,0.09668732435,1
369,130,-0.006380580366,0.01987903565,1
369,138,-0.09270082414,0.04054900259,1
369,146,-0.1130010635,-0.06938394904,1
369,154,-0.227907002,-0.2282662988,1
369,162,-0.1466349512,-0.1345949471,1
369,170,0.1554797143,0.1196033657,1
377,10,0.1107165739,0.2104578316,1
377,18,0.06221290678,0.2670330107,1
377,26,0.2035598755,0.08155907691,1
377,34,0.083240062,-0.01760930568,1
377,42,0.02429888397,0.02089927346,1
377,50,0.07581685483,0.1294224113,1
377,58,0.009018339217,0.1124916077,1
377,66,-0.02511274815,-0.0186265558,1
377,74,-0.008182171732,0.1625219136,1
377,82,0.04100129008,0.06764224917,1
377,90,-0.04133486748,-0.08525423706,1
377,98,-0.08493945748,-0.02651871741,1
377,106,-0.1178929061,0.05633619428,1
377,114,-0.0272580497,0.1079354361,1
377,122,0.05317681283,0.05026463792,1
377,130,-0.08982453495,0.01429638267,1
377,138,-0.08721095324,0.08475956321,1
377,146,-0.05278865993,0.07575055957,1
377,154,-0.1652150452,-0.08506087959,1
377,162,-0.1656388789,-0.1345767677,1
377,170,0.003137532622,-0.0559464097,1
385,10,0.09261703491,-0.06137899309,1
385,18,0.1740307063,0.06926416606,1
385,26,0.3700433969,0.04199292511,1
385,34,0.2541606128,-0.0105368346,1
385,42,0.03709672391,-0.05053313076,1
385,50,0.06540659815,0.05940636247,1
385,58,0.02892955765,0.09678308666,1
385,66,-0.04572637379,0.07730658352,1
385,74,-0.0131836459,0.190162614,1
385,82,0.04491970688,0.1804630756,1
385,90,0.03541797772,0.05852453411,1
385,98,-0.06828165799,-0.02955025062,1
385,106,-0.03603592515,0.06582596898,1
385,114,0.1120903268,0.1038202867,1
385,122,0.1329066008,-0.05520309135,1
385,130,0.08079516143,-0.021951437,1
385,138,0.03580698371,-0.108806327,1
385,146,-0.06840181351,0.02427278273,1
385,154,-0.0869346559,-0.002818576992,1
385,162,-0.03994446993,-0.0947676897,1
385,170,0.04364579916,-0.1719965488,1
393,10,-0.03646062315,-0.08009079099,1
393,18,0.04494228959,-0.0494209528,1
393,26,0.5329710245,-0.07192636281,1
393,34,0.2357749045,-0.1600355208,1
393,42,0.03255560249,-0.1181538552,1
393,50,-0.09048855305,-0.02149117179,1
393,58,-0.07792830467,0.02874051034,1
393,66,0.001874427311,0.119863756,1
393,74,0.04277958721,0.2132975161,1
393,82,0.01417545415,0.2063569725,1
393,90,0.04883303493,0.02119647339,1
393,98,0.04837316275,-0.04069063067,1
393,106,0.06159105152,0.01617119648,1
393,114,0.07873345166,0.02604705282,1
393,122,0.1112388596,-0.1251925528,1
393,130,0.1370058805,-0.1133395657,1
393,138,-0.06284706295,-0.1761639118,1
393,146,-0.2737067938,-0.02980595082,1
393,154,-0.07398515195,0.03053469211,1
393,162,-0.04911108315,-0.04524635524,1
393,170,-0.01390082762,-0.254638344,1
401,10,0.1610691845,-0.05793824792,1
401,18,0.1880035102,-0.03117992356,1
401,26,0.19031398,0.03799401596,1
401,34,0.1992102712,-0.06003213674,1
401,42,0.02440741286,-0.08965692669,1
401,50,-0.0284765549,0.1035328656,1
401,58,0.04840896279,0.193059206,1
401,66,0.167589888,0.1080084741,1
401,74,0.1392938048,0.2151531875,1
401,82,0.05357521027,0.0039216429,1
401,90,-0.01577881351,-0.001160427928,1
401,98,-0.01487534493,0.06247066334,1
401,106,0.06056388468,0.004149686545,1
401,114,0.01846645586,0.01726876386,1
401,122,-0.01027271897,-0.02917929366,1
401,130,-0.04803484678,-0.1706288159,1
401,138,-0.12413726,-0.1665352881,1
401,146,-0.2317194641,0.06874420494,1
401,154,-0.1232848167,0.1026826128,1
401,162,-0.104347609,-0.008760752156,1
401,170,-0.1066952944,-0.1552491039,1
409,10,0.1968315244,-0.3055526018,1
409,18,0.1035644859,0.07617779076,1
409,26,0.05946950614,0.08076782525,1
409,34,-0.02812072635,0.1311039925,1
409,42,-0.1439860463,0.005757912993,1
409,50,-0.1270591617,0.1216537505,1
409,58,0.04220520705,0.2722244263,1
409,66,0.33515203,0.07172250003,1
409,74,0.1896792054,0.02209398523,1
409,82,0.1066802889,-0.06424163282,1
409,90,0.01903006434,0.0527700074,1
409,98,-0.07158559561,0.02092210203,1
409,106,-0.05181981623,0.006229415536,1
409,114,-0.03439053893,0.1284779459,1
409,122,-0.0570064038,0.05312706158,1
409,130,-0.02297009528,-0.0998326391,1
409,138,-0.002599895,-0.1300608963,1
409,146,-0.1860501468,-0.01002015173,1
409,154,-0.2821450531,0.02744701505,1
409,162,-0.2235018611,0.003732372075,1
409,170,-0.2841570377,0.1461917758,1
417,10,-0.154289633,-0.5297138095,1
417,18,-0.3458545506,0.1098840088,1
417,26,-0.1322030723,0.2289774716,1
417,34,-0.1995835602,0.1813377738,1
417,42,-0.2737093866,0.1744458079,1
417,50,-0.08482263982,0.165695861,1
417,58,0.1460492313,0.1335168332,1
417,66,0.2038092613,-0.06534993649,1
417,74,0.2264462113,-0.1492979527,1
417,82,0.2225493491,-0.1502534747,1
417,90,-0.05417657271,0.1861603409,1
417,98,-0.255510211,0.1637230366,1
417,106,-0.2201834321,0.04606999457,1
417,114,-0.1756729484,0.05827490613,1
417,122,-0.1877020895,0.06379157305,1
417,130,-0.1729450077,0.1538289934,1
417,138,-0.08539834619,0.03432954103,1
417,146,-0.06256105751,-0.1349237114,1
417,154,-0.1190879345,-0.196659863,1
417,162,-0.2900270224,-0.02423786372,1
417,170,-0.28709203,0.06097695604,2
