PIVlab, ASCII chart output - 02-Aug-2025
FRAME: 143, filenames: A:[143]FullStack_Pos0035_TgUtrmcherry_K4K8MO-1.avi & B:[144]FullStack_Pos0035_TgUtrmcherry_K4K8MO-1.avi, conversion factor xy (px -> m): 1, conversion factor uv (px/frame -> m/s): 1
x [px],y [px],u [px/frame],v [px/frame],Vector type [-]
9,10,0.4399582744,0.2217254639,1
9,18,0.1235636175,-0.0331614539,1
9,26,-0.02580907941,0.006921131164,1
9,34,-0.05049073696,0.04758808762,1
9,42,-0.1283007413,-0.09620597214,1
9,50,0.02126759291,0.06134336442,1
9,58,0.147098273,0.004255440086,1
9,66,0.2339726388,-0.0702611208,1
9,74,0.1652187407,-0.158716768,1
9,82,0.05615097284,-0.0478643328,1
9,90,-0.031866014,0.1715231836,1
9,98,-0.1152194291,0.1415104121,1
9,106,-0.1250956506,0.1036795974,1
9,114,-0.02838446945,0.03044489026,1
9,122,-0.01468805224,0.08951319754,1
9,130,-0.08038471639,0.1490356177,1
9,138,-0.05846949667,0.08432558179,1
9,146,-0.05883707851,0.01149236038,1
9,154,-0.08625428379,-0.004185872152,1
9,162,-0.02085598558,0.08283369243,1
9,170,0.03336504102,0.2606530786,1
17,10,0.01581969857,0.2481551766,1
17,18,-0.11267443,-0.07279822975,1
17,26,-0.1681931019,-0.1401587278,1
17,34,-0.1301276088,-0.007482264191,1
17,42,-0.1672374159,-0.04647338763,1
17,50,-0.1198424101,-0.02095508575,1
17,58,-0.04909042269,0.0621233955,1
17,66,0.02862969041,0.1177140325,1
17,74,0.1541565955,-0.04193814471,1
17,82,-0.001954058185,0.06418009102,1
17,90,-0.05800092965,0.1208278909,1
17,98,-0.0607547462,0.08108827472,1
17,106,-0.08463083208,0.02116757818,1
17,114,-0.0914009437,-0.04886004329,1
17,122,-0.1040276289,-0.05237763003,1
17,130,-0.08248603344,0.05299702287,1
17,138,-0.07743853331,0.07428409159,1
17,146,-0.05895322189,-0.006922502536,1
17,154,0.02503207885,0.07940918952,1
17,162,0.02432812378,0.2119832635,1
17,170,-0.06531257927,0.1288768798,1
25,10,-0.04383549094,0.2141952217,1
25,18,-0.1672295183,-0.03616112471,1
25,26,-0.2229899764,-0.1730735898,1
25,34,-0.1195722222,-0.1380443871,1
25,42,-0.1287538856,-0.01701928303,1
25,50,-0.09956686944,-0.0398429893,1
25,58,-0.05115835369,0.154335171,1
25,66,-0.05507527292,0.20268929,1
25,74,-0.0845868513,0.0934722349,1
25,82,-0.1434020996,-0.0354783237,1
25,90,-0.06107036024,0.005769040436,1
25,98,-0.09101550281,0.002776630223,1
25,106,-0.09920400381,-0.0331152603,1
25,114,-0.0620508045,-0.04213839024,1
25,122,-0.09299968928,-0.01078983769,1
25,130,-0.01263278723,0.03121741861,1
25,138,0.01091530174,0.001193296164,1
25,146,-0.03229881823,-0.03882453218,1
25,154,-0.02583345398,0.06226336583,1
25,162,-0.02025815845,0.08194878697,1
25,170,-0.2306008041,0.06428978592,1
33,10,-0.2342257947,0.3053845167,1
33,18,-0.2393101156,0.08774963021,1
33,26,-0.04884447157,-0.1075628027,1
33,34,-0.07469297945,-0.04286431521,1
33,42,-0.1414165944,0.06446112692,1
33,50,-0.08610184491,-0.01404163428,1
33,58,-0.04241415858,0.1880576313,1
33,66,-0.0604173094,0.1829118133,1
33,74,-0.180962503,0.07910244167,1
33,82,-0.1756241471,-0.03131932765,1
33,90,-0.07972806692,-0.0314966552,1
33,98,-0.1295916885,-0.08182947338,1
33,106,-0.1058521718,-0.05173907802,1
33,114,-0.08667416871,-0.05387517065,1
33,122,-0.0545643419,0.04227174819,1
33,130,0.02176621929,-0.01615348831,1
33,138,-0.0522711277,0.01359746046,1
33,146,-0.05835356936,-0.1795583665,1
33,154,-0.03958331048,-0.09321095049,1
33,162,-0.1059380099,-0.05901574716,1
33,170,-0.236587435,-0.0008809268475,1
41,10,-0.2631628513,0.2500618994,1
41,18,-0.09458146989,0.1609689295,1
41,26,0.0335310325,-0.0851906687,1
41,34,-0.03607083857,0.05707413703,1
41,42,-0.1151917577,0.04912699014,1
41,50,-0.1514071971,-0.06353630871,1
41,58,-0.1533568054,0.1734068245,1
41,66,-0.1453975737,0.1885047555,1
41,74,-0.1765862554,-0.004299649037,1
41,82,-0.2364296913,-0.09590364993,1
41,90,-0.2287472188,-0.08093397319,1
41,98,-0.150350064,-0.07059977949,1
41,106,-0.1144739762,-0.07081401348,1
41,114,-0.1058139503,-0.0718409121,1
41,122,-0.1197671443,0.03210761026,1
41,130,-0.00186752528,-0.02325363643,1
41,138,0.05443557724,0.0402456522,1
41,146,-0.08802852035,-0.04127712548,1
41,154,-0.1848527044,-0.03979666159,1
41,162,-0.09516832232,-0.0008281301707,1
41,170,-0.1410117,-0.1262006164,1
49,10,-0.3037749529,0.1190182194,1
49,18,-0.03746614605,0.1414398253,1
49,26,0.04072637111,-0.02976997942,1
49,34,-0.08791358024,0.03180206195,1
49,42,-0.07661032677,0.07932572067,1
49,50,-0.03043145686,0.05747996271,1
49,58,-0.05932888389,0.1297989935,1
49,66,-0.1187988073,0.1185904145,1
49,74,-0.1450143754,-0.07955481112,1
49,82,-0.1448244452,-0.1349853873,1
49,90,-0.1677208245,-0.1214227304,1
49,98,-0.1537381709,-0.05831684917,1
49,106,-0.174783051,0.008445106447,1
49,114,-0.04515675828,-0.02119841427,1
49,122,0.01923586428,-0.02343150601,1
49,130,0.006981788203,-0.03982154652,1
49,138,-0.02694976702,0.000704947859,1
49,146,-0.08866749704,0.02188070677,1
49,154,-0.06043065339,0.06499408185,1
49,162,-0.01945146173,0.02188788727,1
49,170,-0.05914697051,-0.1126382798,1
57,10,-0.181555748,-0.009237475693,1
57,18,-0.03400813416,0.08699307591,1
57,26,0.1417852789,0.05740515888,1
57,34,-0.04406503588,0.1159140989,1
57,42,-0.09841011465,0.2234311998,1
57,50,-0.04693034291,0.1201683879,1
57,58,-0.02754702419,0.09570189565,1
57,66,-0.04580638558,0.06157193705,1
57,74,-0.1272780895,-0.0002877321094,1
57,82,-0.1218457967,0.003204692155,1
57,90,-0.224497959,-0.005021713674,1
57,98,-0.2190296948,0.007168787532,1
57,106,-0.1578709036,0.06908932328,1
57,114,-0.09473970532,-0.03537348285,1
57,122,0.05069601536,-0.002287850715,1
57,130,-0.03490652889,0.01294162869,1
57,138,-0.1308511049,0.001546416432,1
57,146,-0.2086299956,0.04680980742,1
57,154,-0.1004911959,0.02925471961,1
57,162,-0.04840216041,0.06135863811,1
57,170,-0.1477105767,0.01831344143,1
65,10,-0.1241156161,-0.1218653619,1
65,18,-0.02474171296,-0.1035589874,1
65,26,0.06313279271,0.03717893362,1
65,34,-0.02610525489,0.1293676496,1
65,42,-0.03711808473,0.1553953886,1
65,50,-0.1082103699,0.03793510795,1
65,58,-0.1723740697,0.1621165574,1
65,66,-0.05743861943,0.09302073717,1
65,74,-0.05017201602,-0.06469552219,1
65,82,-0.1217808574,-0.007393371314,1
65,90,-0.2157688737,0.03004104644,1
65,98,-0.2449165136,0.1154949218,1
65,106,-0.2220975757,0.05974378809,1
65,114,-0.1607438922,-0.03344256431,1
65,122,-0.0580919832,0.0197307542,1
65,130,-0.01031704992,-0.03156888485,1
65,138,-0.09537928551,-0.04935070872,1
65,146,-0.109877333,0.05069238693,1
65,154,-0.01770457625,-0.04178399965,1
65,162,-0.09641213715,0.03688027337,1
65,170,-0.1313798726,-0.003415551037,1
73,10,-0.2166173607,-0.05924142897,1
73,18,-0.05740291253,-0.06275421381,1
73,26,-0.08001953363,0.08487449586,1
73,34,-0.1403168589,0.03084380925,1
73,42,-0.1097341999,0.1195326522,1
73,50,-0.1699077636,0.04097157717,1
73,58,-0.1897134483,0.1481040269,1
73,66,-0.08275280893,0.08840174973,1
73,74,-0.04728699476,-0.1053134054,1
73,82,-0.0705249384,-0.05509901047,1
73,90,-0.1262703985,-0.00820311252,1
73,98,-0.1819775105,0.1643039435,1
73,106,-0.2008435428,0.03003634885,1
73,114,-0.2062704414,-0.2214508057,1
73,122,-0.1327365488,-0.1621739119,1
73,130,-0.01488489658,-0.1389960945,1
73,138,0.07110697031,-0.1046681404,1
73,146,0.02919831127,0.06778617948,1
73,154,-0.07036325336,0.03109273687,1
73,162,-0.02962833643,-0.05106109008,1
73,170,0.00919111073,-0.03682800382,1
81,10,-0.2521294653,-0.09424878657,1
81,18,-0.03892297298,0.02234608307,1
81,26,0.1386708319,0.1265064925,1
81,34,0.03103348054,0.03412202001,1
81,42,-0.07577845454,0.005132991821,1
81,50,-0.1956189424,0.03324535489,1
81,58,-0.2446420044,0.06168571115,1
81,66,-0.1569381952,0.0565072149,1
81,74,-0.171612978,-0.09755264223,1
81,82,-0.2583947182,0.02208921686,1
81,90,-0.1892109811,0.04991300032,1
81,98,-0.1514072418,0.08484970033,1
81,106,-0.2296702862,0.01504427381,1
81,114,-0.2672817111,-0.1242165864,1
81,122,-0.2036196291,-0.06420964748,1
81,130,-0.1557007134,0.05605214089,1
81,138,-0.0492218025,-0.04386819527,1
81,146,-0.03679615259,-0.03769135848,1
81,154,-0.07920062542,0.04647136852,1
81,162,0.02892463654,0.02050311677,1
81,170,0.0100646466,0.0529640764,1
89,10,-0.03821951151,-0.09859779477,1
89,18,0.1548125595,0.1513826847,1
89,26,0.2758557796,0.2589722872,1
89,34,0.131712243,0.1018518209,1
89,42,-0.07151832432,-0.07013043016,1
89,50,-0.2103729844,-0.108584702,1
89,58,-0.1958073378,0.0009582797065,1
89,66,-0.2312898487,0.04699144885,1
89,74,-0.2014323473,-0.09037639201,1
89,82,-0.1483142823,-0.02990428358,1
89,90,-0.2281569093,0.008986823261,1
89,98,-0.2346565127,-0.07703205198,1
89,106,-0.2982552052,-0.04190923274,1
89,114,-0.2124338746,0.01203786116,1
89,122,-0.130311802,0.1484180838,1
89,130,-0.1213676184,0.211926192,1
89,138,-0.01137175038,0.06014231592,1
89,146,-0.09851372242,0.02378574759,1
89,154,-0.1512804627,0.0698556453,1
89,162,-0.06148806959,0.1123354882,1
89,170,-0.02551806718,0.1108763665,1
97,10,0.2785593867,-0.04243303835,1
97,18,0.278891474,0.1876686811,1
97,26,0.1832191199,0.1818707883,1
97,34,-0.03432231396,0.03266775608,1
97,42,-0.2280047387,-0.01801849529,1
97,50,-0.1594467759,-0.2588523328,1
97,58,-0.02343357354,-0.05225407332,1
97,66,-0.05254438519,0.03791898489,1
97,74,-0.07411888242,-0.03842651099,1
97,82,0.05761561543,-0.04884540662,1
97,90,0.01621559262,-0.1005620584,1
97,98,-0.09166492522,-0.1532428563,1
97,106,-0.2449060977,-0.1489745975,1
97,114,-0.186721772,-0.06334908307,1
97,122,-0.02010643482,0.2141572535,1
97,130,-0.06349183619,0.1920884848,1
97,138,0.04359706119,0.09582385421,1
97,146,0.05356229097,0.06446450949,1
97,154,-0.1735073477,0.002995742485,1
97,162,-0.1572532654,0.1004814357,1
97,170,-0.06583260745,0.1105387509,1
105,10,0.08844679594,0.06021791324,1
105,18,0.1317018569,-0.010550607,1
105,26,0.01020231005,0.01044720411,1
105,34,-0.2499965429,-0.04148291796,1
105,42,-0.2222065479,-0.03945980594,1
105,50,-0.1123851016,-0.2226330042,1
105,58,0.01604923606,-0.01642305776,1
105,66,0.03139713034,-0.02279303595,1
105,74,-0.001189470291,-0.01999448799,1
105,82,0.05436681584,-0.03218219802,1
105,90,0.02878549322,-0.01338297129,1
105,98,-0.0892535001,-0.2612760067,1
105,106,-0.1003646776,-0.3173100352,1
105,114,-0.05168391764,-0.02483940125,1
105,122,-0.1182345897,0.2708687186,1
105,130,-0.1035520434,0.2007932514,1
105,138,-0.04875811189,0.1160975918,1
105,146,0.02320887893,0.04274987429,1
105,154,-0.03990796208,-0.03854240477,1
105,162,-0.1084460244,0.03249367326,1
105,170,-0.1164758056,0.2059164345,1
113,10,0.05018094182,0.02949211001,1
113,18,0.1101572216,-0.0657370463,1
113,26,-0.02055884525,0.03089785203,1
113,34,-0.06301949918,-0.09112778306,1
113,42,-0.01035930216,-0.1982002109,1
113,50,0.03626829386,-0.08586810529,1
113,58,0.01309331134,0.06374701858,1
113,66,-0.07746773213,-0.111833252,1
113,74,-0.1964004636,-0.007032931317,1
113,82,0.03408598155,-0.02994540893,1
113,90,0.04272832721,0.1304185987,1
113,98,-0.05554293096,-0.1474308372,1
113,106,0.0246289596,-0.1630576253,1
113,114,-0.06302533299,0.06436549127,1
113,122,-0.1106299013,0.08417008817,1
113,130,-0.1404652297,0.05177488178,1
113,138,-0.1794912815,0.07441188395,1
113,146,-0.05098742247,0.04440254346,1
113,154,0.07792675495,-0.0129339546,1
113,162,0.01379975304,0.008356645703,1
113,170,-0.06683719158,0.2341937721,1
121,10,0.002936560661,0.04118955135,1
121,18,0.06154383719,0.03004434332,1
121,26,0.06831970066,0.04470758885,1
121,34,0.1266371161,-0.05575224012,1
121,42,0.05136923492,-0.009452771395,1
121,50,-0.01835484244,-0.164474085,1
121,58,-0.02138021216,-0.05066151917,1
121,66,0.03387127817,-0.1133503541,1
121,74,-0.03271142766,-0.1044146717,1
121,82,-0.07264170051,0.01397844311,1
121,90,-0.1217140406,0.1546619534,1
121,98,-0.04571606964,0.07518529892,1
121,106,0.0877609998,-0.01652666368,1
121,114,0.02027414367,0.1465950906,1
121,122,-0.06086789072,0.004886718467,1
121,130,-0.06717980653,-0.01532533113,1
121,138,-0.1428006589,-0.06506893039,1
121,146,-0.1819473505,-0.04174081981,1
121,154,-0.1700164825,-0.0546464473,1
121,162,-0.1599724889,0.111558564,1
121,170,-0.1672078818,0.2538169026,1
129,10,-0.1644810885,0.1489466578,1
129,18,-0.04154009372,0.1049795374,1
129,26,0.08417987823,-0.08958861232,1
129,34,0.1440499574,0.06049139053,1
129,42,0.03130865842,0.1143553555,1
129,50,0.04634663835,-0.001800183207,1
129,58,0.1639400721,0.004238300025,1
129,66,0.1422293037,-0.05448846519,1
129,74,0.1074583009,-0.1040957272,1
129,82,-0.0391716361,-0.02648030035,1
129,90,-0.2037831545,0.1069254726,1
129,98,-0.17283535,0.1189628243,1
129,106,0.07177503407,0.06417971849,1
129,114,0.119550705,0.03214259818,1
129,122,0.01765060425,-0.06754709035,1
129,130,-0.006073176861,-0.06025376916,1
129,138,-0.159224391,-0.1423788369,1
129,146,-0.1102128699,-0.04178965837,1
129,154,-0.09792634845,-0.02556659654,1
129,162,-0.1384990811,0.134328112,1
129,170,-0.1168902814,0.2201209664,1
137,10,-0.06786001474,0.08331996202,1
137,18,-0.02509878576,0.07091053575,1
137,26,0.007792072371,-0.06799544394,1
137,34,0.06841216981,0.06993873417,1
137,42,0.1337036043,0.09526127577,1
137,50,0.1610724628,-0.0669349283,1
137,58,0.2210853994,-0.04906747863,1
137,66,0.008036769927,-0.1595960706,1
137,74,-0.04211915284,-0.1135627925,1
137,82,-0.09646183997,-0.04670266807,1
137,90,-0.2117154896,0.1300238073,1
137,98,-0.08858135343,0.1230604351,1
137,106,0.08867485821,-0.08772717416,1
137,114,0.1389024556,-0.1515121758,1
137,122,0.0871449858,-0.05159083381,1
137,130,-0.002406833693,-0.02571751736,1
137,138,0.1642080843,-0.1541566849,1
137,146,0.06966938823,0.06507436931,1
137,154,0.04923262447,0.1941262782,1
137,162,-0.0192431286,0.1331852078,1
137,170,-0.1532559395,0.01087769866,1
145,10,-0.04437458515,-0.1163682789,1
145,18,-0.0470219478,-0.05376053974,1
145,26,-0.1003901884,-0.001334089786,1
145,34,-0.09221278876,0.1279744655,1
145,42,-0.05411462486,0.1309253424,1
145,50,0.1062027812,-0.06987728179,1
145,58,0.3442170918,-0.1036469191,1
145,66,-0.1853313148,-0.158740446,1
145,74,-0.2008225471,-0.03725262359,1
145,82,-0.227966547,0.03621472418,1
145,90,-0.1744869798,0.1614206731,1
145,98,0.003201708198,0.2868926823,1
145,106,0.07841766626,0.02804271132,1
145,114,0.1562748849,-0.02456884459,1
145,122,0.1386010945,0.005479181185,1
145,130,0.01419872046,0.1105436683,1
145,138,-0.01777622104,-0.02535616234,1
145,146,0.220728755,0.13707757,1
145,154,0.1912897378,0.176181376,1
145,162,-0.07690068334,0.1731231958,1
145,170,-0.2517744303,0.02678945661,1
153,10,0.06205907464,-0.2098316103,1
153,18,-0.05673420802,-0.09521743655,1
153,26,-0.1677850932,0.000797431916,1
153,34,-0.1344171613,0.1299413145,1
153,42,-0.009321341291,0.1654891372,1
153,50,-0.04128304496,0.03380869702,1
153,58,-0.08133502305,0.02081460692,1
153,66,-0.1272989362,0.06182623655,1
153,74,-0.2715171576,0.1047822088,1
153,82,-0.2071262151,0.06414210796,1
153,90,0.05081381649,0.09821224958,1
153,98,0.08177752793,0.2206853032,1
153,106,0.04747116938,0.1646438837,1
153,114,0.03423168138,0.07062376291,1
153,122,0.07620114833,-0.01121270657,1
153,130,0.08938366175,0.07317192107,1
153,138,0.06701493263,0.1318547428,1
153,146,0.3010954559,0.2507974803,1
153,154,0.372957021,0.2524912953,1
153,162,0.1670950055,0.1698717177,1
153,170,-0.1249617636,-0.03453540802,1
161,10,0.01118090004,-0.07133615017,1
161,18,-0.1598494351,-0.02155409753,1
161,26,-0.1710584015,0.027445402,1
161,34,0.006349842995,0.01661941595,1
161,42,0.02935541607,0.09525706619,1
161,50,-0.01152694039,0.005239713937,1
161,58,0.07121883333,-0.1149561405,1
161,66,-0.01916327327,0.02768673562,1
161,74,-0.2224257737,0.09531324357,1
161,82,-0.1994073689,0.1407153606,1
161,90,-0.1062892675,0.1802849025,1
161,98,0.04657631367,0.08975701034,1
161,106,0.009559728205,0.08768542111,1
161,114,-0.08752536029,-0.03407406062,1
161,122,-0.201635167,-0.04576446116,1
161,130,-0.1858995557,-0.0499731712,1
161,138,0.04611459747,0.09990993142,1
161,146,0.1068083569,0.2117761374,1
161,154,0.07922080904,0.2799160779,1
161,162,-0.0360426344,0.09865011275,1
161,170,-0.1935977489,-0.007288716733,1
169,10,0.06573931873,0.02746477723,1
169,18,-0.06737503409,0.002289738506,1
169,26,-0.01265150309,0.01483969204,1
169,34,0.02767194808,-0.1183508337,1
169,42,0.1110304743,0.02095059864,1
169,50,0.04433186352,0.02712389641,1
169,58,-0.09937535226,-0.05604415387,1
169,66,-0.09643046558,-0.1376875639,1
169,74,-0.09383342415,0.01254220493,1
169,82,-0.3405202031,0.006838329136,1
169,90,-0.1697805226,0.06713546813,1
169,98,-0.05837775767,0.1525185108,1
169,106,0.01561897248,0.06711253524,1
169,114,0.08215150237,0.01980456337,1
169,122,-0.1479738355,0.03259020299,1
169,130,-0.2537887692,-0.08476257324,1
169,138,-0.1480006427,-0.1510059088,1
169,146,-0.09178513288,-0.02409153804,1
169,154,-0.001852542162,-0.06094208732,1
169,162,0.001946596429,-0.03873297572,1
169,170,-0.2087927461,-0.05730772018,1
177,10,0.0389534086,0.01339737326,1
177,18,0.06123746932,0.0004833713174,1
177,26,0.05103380233,0.0168183893,1
177,34,0.006036106497,-0.01095593721,1
177,42,0.09325822443,-0.0758299455,1
177,50,0.1169267222,0.00109057501,1
177,58,-0.09831655025,0.03727903217,1
177,66,-0.1342658699,-0.03256713599,1
177,74,-0.09204170108,-0.01930436492,1
177,82,-0.2243603766,-0.03582437709,1
177,90,-0.2382810861,-0.02339085191,1
177,98,-0.1950457096,0.05579082668,1
177,106,-0.1668985784,0.06464415789,1
177,114,-0.09347984195,0.03343046084,1
177,122,-0.07215155661,0.06607545912,1
177,130,-0.07284335792,-0.02774316445,1
177,138,-0.1607652009,-0.2128199637,1
177,146,-0.09865318239,-0.08999167383,1
177,154,0.04095928371,-0.03556978703,1
177,162,0.01486162469,-0.03847748786,1
177,170,-0.1306555867,-0.03877174854,1
185,10,0.1126382798,0.02776464075,1
185,18,0.08033198118,0.07246439159,1
185,26,-0.0186651051,0.07375401258,1
185,34,0.01321402565,0.1769530475,1
185,42,0.07900457084,0.05382352322,1
185,50,0.03097099066,0.08281736821,1
185,58,-2.900511026e-05,0.07462534308,1
185,66,0.03726004809,0.1750033796,1
185,74,0.0530061163,0.02768602967,1
185,82,-0.04685692489,-0.003766195849,1
185,90,-0.206187591,-0.04428462684,1
185,98,-0.3287087679,-0.02166534029,1
185,106,-0.1027242392,0.06350183487,1
185,114,0.009392682463,0.06494441628,1
185,122,-0.0644492954,-0.04036715627,1
185,130,-0.03187058121,0.06346449256,1
185,138,-0.01361559704,-0.04925366119,1
185,146,-0.1535058916,-0.1608261764,1
185,154,-0.1530195475,-0.01479868591,1
185,162,-0.1126205251,0.009268227965,1
185,170,-0.1038450003,0.04714240506,1
193,10,0.05347703397,0.04935344309,1
193,18,-0.01387522928,0.1115550473,1
193,26,-0.009177282453,0.09762656689,1
193,34,0.07300949842,0.1420754343,1
193,42,0.1160963327,0.08024813235,1
193,50,0.0398113057,0.1422446072,1
193,58,0.04785715789,0.1522025466,1
193,66,0.04473459348,0.2166997939,1
193,74,0.07676880062,0.02195095643,1
193,82,0.06361691654,-0.04658685252,1
193,90,-0.08271862566,-0.03793588281,1
193,98,-0.1755170524,0.08591930568,1
193,106,0.1170581132,0.1005161926,1
193,114,-0.007584266365,0.1229020953,1
193,122,-0.1426459104,0.01318073645,1
193,130,0.03148321807,0.1427095234,1
193,138,0.04458225146,0.02910151333,1
193,146,-0.05115875229,-0.1392831802,1
193,154,-0.004018515348,-0.02902005613,1
193,162,-0.01091086864,0.01956741884,1
193,170,0.01684530824,0.05229464546,1
201,10,0.0239577014,0.05690734833,1
201,18,0.02286574803,0.1287708431,1
201,26,-0.008616790175,0.1594114602,1
201,34,0.03415730223,0.1103851125,1
201,42,0.08245152235,0.1028498933,1
201,50,0.1868283153,0.06449770927,1
201,58,0.2031790614,0.1003305689,1
201,66,0.1258406043,-0.01436176151,1
201,74,0.09498867393,-0.1021558419,1
201,82,0.1980244815,-0.1309650391,1
201,90,-0.08434639126,-0.05821893364,1
201,98,-0.1133084074,0.1568332314,1
201,106,-0.09123712033,0.1080049276,1
201,114,-0.06418475509,0.0001301690936,1
201,122,-0.06019552797,0.07012021542,1
201,130,-0.04524262622,0.06055066362,1
201,138,0.05988810211,0.02521114424,1
201,146,0.1288817227,-0.02183802612,1
201,154,0.1458976865,-0.01041664928,1
201,162,0.02968961746,-0.01503314823,1
201,170,0.076380983,-0.01858313382,1
209,10,-0.1200624257,-0.05694271624,1
209,18,-0.06813243777,0.05214679986,1
209,26,0.02199653164,0.05413427576,1
209,34,0.1390147805,0.1022145599,1
209,42,0.1820120662,0.1806429029,1
209,50,-0.00301579386,0.1168752238,1
209,58,-0.2614652812,0.07727992535,1
209,66,-0.06993804872,-0.3242677748,1
209,74,-0.1948043108,-0.1535602808,1
209,82,-0.1668039262,-0.03110059351,1
209,90,-0.03041568026,-0.03697058558,1
209,98,0.04135026783,0.01089496911,1
209,106,-0.06028474867,-0.07061412185,1
209,114,-0.07108043879,-0.1108632088,1
209,122,-0.08112099767,0.0009743534029,1
209,130,-0.1190780178,0.04274971038,1
209,138,-0.05083111674,0.1916536689,1
209,146,0.01992059499,0.05304920673,1
209,154,0.05101840198,0.03140947595,1
209,162,0.04454359412,0.05088860542,1
209,170,-0.03884536773,-0.03347966075,1
217,10,0.01128622517,-0.03933718428,1
217,18,0.0251146052,0.01351893134,1
217,26,0.06265933812,0.01053866372,1
217,34,0.09932605177,0.02667187154,1
217,42,-0.03953746706,0.1291188598,1
217,50,-0.06356034428,0.07407526672,1
217,58,-0.083013542,-0.1304897964,1
217,66,-0.1816296726,-0.2001253664,1
217,74,-0.1898400337,-0.1299023926,1
217,82,-0.2293353677,0.06863497198,1
217,90,-0.1061517373,0.05560634658,1
217,98,-0.1039382294,0.01916668937,1
217,106,-0.1288415194,-0.03559955209,1
217,114,-0.03317003697,-0.08154534549,1
217,122,-0.03514423594,-0.02522927523,1
217,130,-0.03957551345,0.1006174833,1
217,138,-0.1586027145,0.2624714077,1
217,146,-0.05373030901,0.1015250757,1
217,154,0.1768068969,0.1273640692,1
217,162,0.1739794761,0.2069519162,1
217,170,-0.08403228968,-0.007274892181,1
225,10,-0.07517048717,-0.07557240129,1
225,18,-0.0455859527,0.03840411454,1
225,26,-0.104080826,0.02836784162,1
225,34,-0.1042590812,0.07000187784,1
225,42,-0.1615445167,0.1611614823,1
225,50,-0.1191699058,0.08953787386,1
225,58,-0.0384298414,-0.07592052966,1
225,66,-0.02724291012,-0.01891904324,1
225,74,0.0402508378,0.03126960993,1
225,82,0.02875140682,0.09603665769,1
225,90,0.01026142016,0.08246314526,1
225,98,-0.01576405764,-0.01564456522,1
225,106,-0.07812333852,-0.04446097463,1
225,114,-0.07983705401,-0.08820659667,1
225,122,-0.04598031193,-0.01651294157,1
225,130,-0.02108415961,0.3042098284,1
225,138,-0.03794611245,0.1663205624,1
225,146,-0.02494214661,0.04322040081,1
225,154,0.0921023339,0.1315973252,1
225,162,0.1089825258,0.1600205898,1
225,170,-0.03316073865,0.02804852277,1
233,10,-0.05093982071,-0.07401907444,1
233,18,-0.1701705903,0.01512989867,1
233,26,-0.1953820288,-0.01390709728,1
233,34,-0.1966654658,0.05136391893,1
233,42,-0.0697824657,0.1629713178,1
233,50,0.1351407915,0.3029060066,1
233,58,0.06440922618,0.1821724772,1
233,66,0.02263356,0.000183865428,1
233,74,-0.04454265535,0.09541784972,1
233,82,-0.06767757237,-0.001992627978,1
233,90,0.0246954076,0.0851393491,1
233,98,0.009987462312,-0.04446688667,1
233,106,-0.04199211299,-0.1213444173,1
233,114,-0.02823753282,-0.08591496944,1
233,122,-0.005578419194,0.07167316973,1
233,130,-0.03710741922,0.2512842715,1
233,138,0.0662080124,0.1863720864,1
233,146,0.1399382651,0.02467665821,1
233,154,0.006494238973,0.003678746521,1
233,162,0.06183034927,0.1425668597,1
233,170,0.1244779378,0.2341920733,1
241,10,0.04204801098,0.03139317408,1
241,18,-0.1034324765,-0.0271069333,1
241,26,-0.04564462602,-0.06104460359,1
241,34,0.06529124081,0.02099189162,1
241,42,0.04083126038,0.1401700675,1
241,50,-0.02408682555,0.09571012855,1
241,58,-0.03350456059,0.1126946285,1
241,66,-0.1085252762,0.04522004724,1
241,74,-0.2058678716,0.1754366904,1
241,82,-0.2395675182,0.1238152385,1
241,90,-0.2146732509,0.0967669338,1
241,98,-0.1199833602,-0.008220609277,1
241,106,0.01960984617,-0.06158494577,1
241,114,0.1148665249,-0.0392159,1
241,122,0.08284863085,0.03840813786,1
241,130,0.0404759869,0.1146985143,1
241,138,0.05665243417,0.1662841141,1
241,146,0.08250257373,0.1579050124,1
241,154,0.06168809533,0.07655759156,1
241,162,0.07271166891,0.08780327439,1
241,170,0.1830247939,0.2984580994,1
249,10,-0.1351358145,-0.07827373594,1
249,18,0.02259593457,-0.04807726666,1
249,26,0.1117301732,0.00344339665,1
249,34,-0.01580877602,0.03747209162,1
249,42,0.04068865627,0.10855259,1
249,50,0.04840233922,0.1274365187,1
249,58,-0.02096851356,0.1730677783,1
249,66,-0.2698011398,0.08705173433,1
249,74,0.02547620609,0.2965221405,1
249,82,-0.003626711667,0.3673129082,1
249,90,-0.1193618476,0.1099882796,1
249,98,-0.07376085222,-0.05139753968,1
249,106,0.04520163313,0.0144627085,1
249,114,-0.02097916976,0.03037200682,1
249,122,0.009743757546,0.03191626072,1
249,130,0.07139051706,0.04056448489,1
249,138,0.02916482091,0.0431496948,1
249,146,0.07515075803,0.2149543464,1
249,154,0.01322089136,0.1580164731,1
249,162,0.02159357071,0.1424983591,1
249,170,0.05723947659,0.3465536833,1
257,10,0.01092263497,-0.06430961192,1
257,18,0.03114816546,0.02699717134,1
257,26,-0.01669130102,0.04419386387,1
257,34,-0.07134674489,0.01444821246,1
257,42,0.08047421277,-0.04042881355,1
257,50,0.04280719161,0.09913719445,1
257,58,0.01602105051,0.1794882417,1
257,66,-0.03478604555,0.06763617694,1
257,74,0.0255529657,0.1626066715,1
257,82,0.3770296574,0.1954082847,1
257,90,0.1740107536,0.1896127462,1
257,98,0.06167607009,-0.09795601666,1
257,106,0.003127604723,0.03244997188,1
257,114,-0.02020832896,0.03756491095,1
257,122,0.09591469169,0.1031238586,1
257,130,0.2760618329,0.01761817187,1
257,138,0.1041395962,0.01471958309,1
257,146,-0.05397853255,0.08827827871,1
257,154,-0.06285545975,0.1587920785,1
257,162,0.07674308121,0.24470976,1
257,170,-0.08101415634,0.3209439516,1
265,10,0.1498128325,-0.0599222295,1
265,18,0.1126695201,-0.002658508718,1
265,26,-0.01397205144,-0.02021469176,1
265,34,0.08078068495,0.007855224423,1
265,42,0.2608035505,-0.03892090172,1
265,50,0.1678025573,0.009499724954,1
265,58,0.004176486284,0.09241352975,1
265,66,0.01183977723,0.02309706062,1
265,74,0.09937059879,0.04067663103,1
265,82,0.364772737,0.1134262905,1
265,90,0.4788982868,0.2509483695,1
265,98,0.03764436394,0.03233350068,1
265,106,0.1136334017,0.06130025908,1
265,114,0.1919223666,0.02164956182,1
265,122,0.07571772486,0.04423926771,1
265,130,0.07570901513,-0.01106271148,1
265,138,0.02768169343,0.112970978,1
265,146,-0.1152631789,0.1582229584,1
265,154,-0.07854349911,0.2350448221,1
265,162,-0.09479360282,0.1461967379,1
265,170,-0.1168312207,0.09848111868,1
273,10,0.2103755623,-0.1616076678,1
273,18,0.15979895,-0.07393082976,1
273,26,0.06117960438,-0.005859324709,1
273,34,0.007388979197,0.03559680656,1
273,42,0.1121305972,-0.03344526142,1
273,50,0.08534992486,-0.06992537528,1
273,58,-0.0703215301,0.03341527283,1
273,66,-0.02271185815,-0.0178797245,1
273,74,0.1142272353,-0.03485561907,1
273,82,0.1632721424,-0.02538056672,1
273,90,0.1880089045,-0.0490956828,1
273,98,0.1830563098,-0.03375806659,1
273,106,0.2207089663,0.0326442495,1
273,114,0.2288551331,0.01376403123,1
273,122,0.06916059554,0.07845000178,1
273,130,0.03081270307,0.02054706216,1
273,138,-0.06195562333,0.1283349693,1
273,146,-0.2521772087,0.2883765996,1
273,154,-0.3294249475,0.3043084145,1
273,162,-0.287872076,0.2085523605,1
273,170,-0.2326538265,0.09215082228,1
281,10,0.240413025,-0.01210926473,1
281,18,0.1570906192,-0.01080128085,1
281,26,-0.0118374899,0.0520221591,1
281,34,-0.09536268562,-0.07705563307,1
281,42,0.00630229339,-0.2441208214,1
281,50,0.03832377493,-0.1285640001,1
281,58,0.006031103432,-0.1007700339,1
281,66,0.1706424952,-0.08194504678,1
281,74,0.2409747541,-0.0684531033,1
281,82,0.2359784544,-0.2829948664,1
281,90,0.2530063093,-0.2873994112,1
281,98,0.205270648,-0.07890301198,1
281,106,0.04165072739,-0.1412949562,1
281,114,0.009830884635,0.01605621353,1
281,122,0.233599782,0.1297251284,1
281,130,0.2086663395,0.006326720119,1
281,138,0.08131429553,0.1599762589,1
281,146,-0.1125055254,0.2947742939,1
281,154,-0.356947273,0.2508896291,1
281,162,-0.2197727561,0.1950082481,1
281,170,-0.1097462848,0.1631588936,1
289,10,0.2205095142,-0.1122895777,1
289,18,0.17450881,-0.07551336288,1
289,26,0.1406805366,0.1062909663,1
289,34,0.04472978413,-0.1352420896,1
289,42,0.04544150829,-0.2552292347,1
289,50,0.1746542305,-0.1207162738,1
289,58,0.1555321217,-0.1243702993,1
289,66,0.2568336427,-0.1448807418,1
289,74,0.2941308022,-0.06868749857,1
289,82,0.210567072,-0.1481167823,1
289,90,0.1571097225,0.05296930298,1
289,98,0.0253264308,0.03233344853,1
289,106,-0.04771066457,0.00410259515,1
289,114,0.02913621068,-0.01687691733,1
289,122,0.1390823424,-0.01576846093,1
289,130,0.07424198836,0.02545079216,1
289,138,0.03687994182,0.1456321031,1
289,146,-0.08534784615,0.2164045125,1
289,154,-0.226337105,0.1996792257,1
289,162,-0.07225327939,0.1261301786,1
289,170,0.02482840419,0.2384922802,1
297,10,0.1134212017,-0.1451245695,1
297,18,0.08089862764,0.03188495338,1
297,26,0.09093695134,0.1030813903,1
297,34,0.04090007395,0.008430115879,1
297,42,0.06630156189,-0.1153357327,1
297,50,0.1725375354,-0.0320405215,1
297,58,0.1474298239,-0.08174473047,1
297,66,0.1404403597,-0.1240757406,1
297,74,0.09584213048,-0.05959344655,1
297,82,0.1012769416,0.0819766745,1
297,90,-0.1154655665,0.2052685767,1
297,98,-0.1614474058,0.1247925907,1
297,106,0.01258234121,0.1179209426,1
297,114,0.09159606695,-0.01343970746,1
297,122,0.05674284697,-0.04732318595,1
297,130,-0.03759005666,0.05623670667,1
297,138,-0.003216473386,0.01072873175,1
297,146,-0.01143129729,0.1287552416,1
297,154,-0.09029141068,0.1399296671,1
297,162,-0.1838683933,0.1419303119,1
297,170,0.002606317401,0.2758791447,1
305,10,0.1466150135,0.05394436419,1
305,18,-0.02441331744,0.07581178844,1
305,26,-0.05369925499,0.0801673755,1
305,34,-0.03027527034,0.136296317,1
305,42,0.01690480113,0.1875606477,1
305,50,0.126860261,0.03775785863,1
305,58,0.1109671667,-0.09239902347,1
305,66,0.1322766244,-0.05247477815,1
305,74,0.1519252211,0.05884434655,1
305,82,0.2077403963,0.06314072013,1
305,90,-0.0859053731,0.1004328132,1
305,98,-0.129296124,0.04880324751,1
305,106,0.04715553671,0.09362963587,1
305,114,-0.07751516998,0.09217435122,1
305,122,-0.09416365623,0.08974624425,1
305,130,-0.05115869269,0.1016390771,1
305,138,-0.04535800964,0.04207148403,1
305,146,-0.128775537,0.04251137376,1
305,154,-0.1169732511,0.04690981656,1
305,162,0.06910483539,0.168697238,1
305,170,0.06773887575,0.1435841918,1
313,10,-0.05119750649,0.0970165059,1
313,18,0.08278928697,0.04154581577,1
313,26,0.08115614206,0.07763192058,1
313,34,0.05014953762,0.09013579786,1
313,42,-0.02403922379,0.07055352628,1
313,50,-0.03492048383,0.05419488996,1
313,58,0.1005087048,0.07700013369,1
313,66,0.1668442935,0.1106779426,1
313,74,0.09208992124,0.08099732548,1
313,82,0.02594893798,-0.004585945047,1
313,90,0.01786023751,0.01248474792,1
313,98,0.04532451928,0.03369085491,1
313,106,0.05608039349,0.03665240109,1
313,114,0.01655041799,0.1323162317,1
313,122,-0.06455937028,0.1247623339,1
313,130,-0.1179012582,0.1443864703,1
313,138,-0.02416882664,0.06270387024,1
313,146,-0.06311616302,0.05269893259,1
313,154,-0.01121226884,0.03731157631,1
313,162,0.08854573965,0.01489254832,1
313,170,-0.04934433848,0.111642167,1
321,10,-0.3248633444,-0.1085906029,1
321,18,-0.04684026539,-0.205605641,1
321,26,0.1856948733,0.03577487916,1
321,34,0.1443606019,-0.01995866746,1
321,42,-0.02353690565,0.0009653493762,1
321,50,-0.0471258536,0.01415714249,1
321,58,0.09118013084,0.1271434128,1
321,66,0.1387989521,0.08621329069,1
321,74,0.04195926338,-0.005752397701,1
321,82,0.0609113425,-0.06181542203,1
321,90,0.1014332548,-0.08335273713,1
321,98,0.0923101902,-0.01969712228,1
321,106,0.07334274799,-0.0434089601,1
321,114,0.08229982853,0.02714540809,1
321,122,-0.001741938293,0.06195699796,1
321,130,-0.01041558757,-0.0305378139,1
321,138,0.03158043325,0.03313461691,1
321,146,-0.01789531484,0.09300516546,1
321,154,0.05551301315,0.0625706315,1
321,162,0.08562329412,-0.01107477397,1
321,170,-0.01938860118,0.1002201065,1
329,10,-0.006944883615,-0.2951442003,1
329,18,0.06597895175,-0.1750754565,1
329,26,0.08357582986,0.04573190212,1
329,34,-0.005699384958,0.03457409516,1
329,42,0.08174650371,0.02686448023,1
329,50,0.07045136392,-0.01367491111,1
329,58,-0.07697396725,0.06500615925,1
329,66,0.02236223221,0.01255099475,1
329,74,0.001757510006,-0.03123158216,1
329,82,-0.05660206079,-0.1586541086,1
329,90,0.1188026667,-0.1276885867,1
329,98,0.1670909524,-0.01992816105,1
329,106,0.1594938785,-0.04916746169,1
329,114,0.1025201678,0.01209632307,1
329,122,-0.02319476008,-0.02565053292,1
329,130,0.08036727458,-0.0617492646,1
329,138,0.04685517028,-0.01275728084,1
329,146,-0.01022431254,0.100414291,1
329,154,-0.03113225475,0.07633239776,1
329,162,-0.04344813153,-0.01862804592,1
329,170,-0.03855281323,0.02589265257,1
337,10,0.5503901243,-0.09071548283,1
337,18,0.3260221183,-0.01170006394,1
337,26,0.05945344269,0.03976334631,1
337,34,0.03279615939,0.04692358524,1
337,42,0.1278986186,-0.03756628186,1
337,50,0.1100863516,0.0005215778947,1
337,58,0.02841388434,0.02541560493,1
337,66,0.03519441187,0.04548956454,1
337,74,0.179292798,0.03753730655,1
337,82,0.1655573547,-0.02391230315,1
337,90,0.0865368098,-0.08920749277,1
337,98,0.01013463736,-0.005075817928,1
337,106,0.07886689901,0.01822352596,1
337,114,0.1259425133,-0.04717131704,1
337,122,-0.05147626251,-0.2299413383,1
337,130,-0.007574873045,-0.07692300528,1
337,138,0.05774465576,-0.1215806752,1
337,146,0.06604237854,-0.0695886761,1
337,154,0.05944427848,0.0236328654,1
337,162,0.108502537,0.0866125226,1
337,170,0.1376549304,0.1290708929,1
345,10,0.3565178216,0.009537309408,1
345,18,0.2235053331,0.08598809689,1
345,26,-0.05237260833,0.04646400735,1
345,34,-0.04623575509,0.02502174675,1
345,42,0.04583494365,-0.03936559334,1
345,50,0.04922576994,-0.035156589,1
345,58,0.03452488035,-0.0476148352,1
345,66,0.04959370196,0.05409673601,1
345,74,0.1432442069,0.05125435814,1
345,82,0.0305307135,0.05647951365,1
345,90,0.0566322729,-0.03146159649,1
345,98,0.04755461216,-0.09235361218,1
345,106,-0.1330675334,0.04289410263,1
345,114,-0.1214017123,-0.1753495932,1
345,122,-0.04739376903,-0.1768077314,1
345,130,0.009154045954,-0.09355637431,1
345,138,0.1589342356,-0.1363313049,1
345,146,0.2381111979,-0.1816555411,1
345,154,0.2135402113,0.02605124936,1
345,162,0.1328060776,0.1366631538,1
345,170,0.199344933,0.1624524295,1
353,10,0.2558579445,0.01088681817,1
353,18,0.09860379994,0.255156517,1
353,26,0.02493920177,0.1915970594,1
353,34,-0.06237975881,0.1686166525,1
353,42,0.05885909498,-0.002440121025,1
353,50,0.04184862971,-0.09012656659,1
353,58,0.04464590549,-0.03378936648,1
353,66,0.09323829412,-0.02627934888,1
353,74,0.2094566226,0.01805913448,1
353,82,0.1450732052,0.156429112,1
353,90,0.09805801511,0.07172130048,1
353,98,0.007587721571,-0.2202926278,1
353,106,-0.06083615497,-0.0789956525,1
353,114,-0.1119249687,-0.03621395305,1
353,122,-0.1165911332,-0.04892275482,1
353,130,-0.01727088541,-0.05903277546,1
353,138,0.04233317822,-0.08528399467,1
353,146,0.1986184418,-0.1286569089,1
353,154,0.1626886576,0.06723184884,1
353,162,0.02738717943,0.1251272708,1
353,170,0.09343071282,0.08632864058,1
361,10,0.2338374257,-0.1240536869,1
361,18,0.1056567132,0.07387471199,1
361,26,-0.06182628125,0.09682562947,1
361,34,-0.07353433967,0.2461644411,1
361,42,-0.01537802815,-0.00437534228,1
361,50,0.07106177509,0.004856604151,1
361,58,0.1371887922,-0.1013158485,1
361,66,0.04707734287,-0.1210328639,1
361,74,0.01979200542,0.07520278543,1
361,82,0.1945937723,0.1564526707,1
361,90,0.1498604715,0.0750464797,1
361,98,-0.06098023057,-0.04000030085,1
361,106,-0.09615183622,-0.09518434107,1
361,114,-0.1295800805,-0.006289276294,1
361,122,-0.09394204617,0.1319178194,1
361,130,-0.079518646,0.05171175674,1
361,138,-0.0263758339,0.04638841003,1
361,146,0.06820585579,-0.02529164962,1
361,154,0.09438087046,0.04967080057,1
361,162,0.09988975525,0.09513677657,1
361,170,0.04606539384,0.04759908468,1
369,10,0.1947138458,-0.23408252,1
369,18,0.05236173421,-0.07355728,1
369,26,-0.1736548394,-0.0397393629,1
369,34,-0.05548641831,0.107836172,1
369,42,0.03538669646,0.03244775161,1
369,50,0.009314052761,-0.0429090783,1
369,58,0.1410159022,-0.2138641179,1
369,66,0.05849868804,-0.1072310656,1
369,74,-0.1228435561,0.08559514582,1
369,82,-0.06945700943,-0.08261463791,1
369,90,0.1072865129,-0.09969902784,1
369,98,0.06294070929,-0.002550438046,1
369,106,0.005005767569,0.03860488534,1
369,114,-0.06070914865,0.00961156562,1
369,122,-0.07008132339,0.2059914917,1
369,130,-0.03137943521,0.09471473098,1
369,138,0.01352777332,0.1134834513,1
369,146,0.06586052477,0.03579915315,1
369,154,0.03897918761,0.03861553222,1
369,162,0.01501111314,-0.002045650035,1
369,170,0.009621158242,-0.04286240786,1
377,10,0.03880503029,-0.06606954336,1
377,18,0.07069255412,-0.1539224386,1
377,26,-0.03732488304,-0.1545213759,1
377,34,-0.03063294291,0.09856894612,1
377,42,0.03992371261,0.09946917742,1
377,50,-0.06825200468,0.01472906955,1
377,58,0.01667181402,-0.06192147359,1
377,66,0.08560211957,-0.08034934103,1
377,74,-0.2009336054,-0.08827410638,1
377,82,-0.03783848137,-0.04014643282,1
377,90,0.2086287141,-0.1152045876,1
377,98,0.08094792813,-0.1361426264,1
377,106,-0.04100645334,-0.06063751131,1
377,114,-0.08817184716,0.04025619477,1
377,122,-0.03572195023,0.1216753572,1
377,130,0.0677388683,0.04956246167,1
377,138,0.1202083156,0.02032309771,1
377,146,0.05777905881,0.06470271945,1
377,154,-0.05171365291,0.07971797884,1
377,162,-0.09741429985,0.1032327414,1
377,170,-0.1155401692,0.02713671327,1
385,10,-0.01917782426,0.09165029228,1
385,18,-0.04104846343,-0.03198602796,1
385,26,-0.02205586806,-0.09796202183,1
385,34,0.1570286453,0.02517288551,1
385,42,0.2112703472,0.02414324135,1
385,50,0.05757784843,0.01031236723,1
385,58,0.03383109719,0.03430198506,1
385,66,-0.01523208059,-0.0430251956,1
385,74,-0.03154662251,-0.07410307974,1
385,82,0.3596349359,0.07669343054,1
385,90,0.3787065744,0.07869629562,1
385,98,0.1753976941,-0.06725201011,1
385,106,0.06745037436,-0.1061958522,1
385,114,0.02893209457,-0.007140509784,1
385,122,0.07990481704,-0.03269217163,1
385,130,0.05337054282,0.03874518722,1
385,138,0.06699819863,0.002735394984,1
385,146,0.1914796233,0.04246498644,1
385,154,0.02744532749,0.09857721627,1
385,162,-0.07145577669,0.2384615391,1
385,170,-0.02420071326,0.09889674187,1
393,10,-0.1929771602,0.02918371558,1
393,18,0.1506875753,-0.03002077714,1
393,26,0.170583427,-0.09300421923,1
393,34,0.1145926863,-0.02543508634,1
393,42,0.1139728874,-0.07015240937,1
393,50,0.02950612083,-0.00456975773,1
393,58,-0.05764501542,-0.03445646539,1
393,66,-0.1416089833,-0.1015850753,1
393,74,-0.08403692394,-0.10074009,1
393,82,0.1439274251,0.03116028011,1
393,90,0.1760082841,0.09108200669,1
393,98,0.1355143785,0.08689231426,1
393,106,0.2264688015,-0.07012163848,1
393,114,0.2207099795,-0.09889029711,1
393,122,0.1110830009,-0.1140482426,1
393,130,0.1381901205,-0.04076207057,1
393,138,0.1369141042,0.03417701274,1
393,146,0.07824064791,0.06970987469,1
393,154,0.05185928568,0.09471452236,1
393,162,0.01930576563,0.164316982,1
393,170,0.04827886447,0.01234842837,1
401,10,-0.1204508916,-0.07960634679,1
401,18,0.2243337035,-0.06490497291,1
401,26,0.2126418352,-0.06292685121,1
401,34,0.04737310857,0.008325986564,1
401,42,0.0800486505,-0.02815215103,1
401,50,0.2061053813,0.0553714633,1
401,58,-0.02257312462,-0.0315361172,1
401,66,-0.046380613,-0.1335854381,1
401,74,0.01687699184,-0.1343567669,1
401,82,0.08723995835,-0.1335967481,1
401,90,0.1249742582,-0.03271571174,1
401,98,0.167415455,0.1284656525,1
401,106,0.2031352222,0.02880836651,1
401,114,0.1906065792,-0.03293374553,1
401,122,0.1266825795,-0.1620208174,1
401,130,0.1588771343,-0.06450125575,1
401,138,0.1395435631,0.0270665884,1
401,146,-0.07141894102,0.1980707943,1
401,154,-0.17244789,0.1264883876,1
401,162,-0.1163352132,0.09574131668,1
401,170,0.1161033958,0.02107979357,1
409,10,0.3643102944,-0.1475535929,1
409,18,0.1884930134,-0.0890918076,1
409,26,0.07407896221,-0.08870643377,1
409,34,-0.1439922452,-0.01855645329,1
409,42,-0.09146308154,0.04036638141,1
409,50,0.05070360005,-0.04367177933,1
409,58,0.122828275,-0.1689828783,1
409,66,0.06785298139,-0.008347772062,1
409,74,0.03526866436,0.04629898071,1
409,82,0.04656760395,0.02294177562,1
409,90,0.05712041259,-0.1048899963,1
409,98,0.1187589914,0.086113289,1
409,106,0.08945190907,0.1224876642,1
409,114,0.008651539683,0.2040745616,1
409,122,0.2183148265,-0.0661380887,1
409,130,-0.02483858913,0.02298449725,1
409,138,-0.06862422079,0.1024638265,1
409,146,-0.0001758262515,0.1741751432,1
409,154,0.02942512929,0.06432911009,1
409,162,0.02903790027,0.08236118406,1
409,170,-0.01880063862,0.0410438031,1
417,10,0.2500077486,-0.1188321039,2
417,18,0.1357052326,-0.0901106149,1
417,26,-0.1347982287,-0.09504374862,1
417,34,-0.2031174302,-0.08942427486,1
417,42,-0.1492134035,-0.1138187647,1
417,50,-0.007396452129,-0.2109232992,1
417,58,0.1489932686,-0.09076558053,1
417,66,0.08980794251,0.06536418945,1
417,74,-0.07076238096,0.1069620252,1
417,82,-0.06503094733,0.162843436,1
417,90,-0.151549384,-0.09967373312,1
417,98,-0.02880385518,-0.05763627589,1
417,106,-0.02086991072,0.0944403708,1
417,114,-0.1072650477,0.4029085934,1
417,122,-0.1027969718,0.4560181797,1
417,130,-0.1779097021,0.3480662704,1
417,138,-0.2707370222,0.2375447303,1
417,146,-0.2211267501,0.1749167144,1
417,154,0.1553795934,0.08883999288,1
417,162,0.1919476539,0.05072489381,1
417,170,-0.2653422058,-0.09299573302,1
