PIVlab, ASCII chart output - 02-Aug-2025
FRAME: 124, filenames: A:[124]FullStack_Pos0035_TgUtrmcherry_K4K8MO-1.avi & B:[125]FullStack_Pos0035_TgUtrmcherry_K4K8MO-1.avi, conversion factor xy (px -> m): 1, conversion factor uv (px/frame -> m/s): 1
x [px],y [px],u [px/frame],v [px/frame],Vector type [-]
9,10,0.4895105958,0.02099223435,1
9,18,0.08507461846,0.2833624482,1
9,26,-0.04171419144,0.2351422906,1
9,34,0.02864712477,0.1348572075,1
9,42,-0.03834870458,-0.04316882789,1
9,50,-0.1322578192,-0.05715292692,1
9,58,-0.2759714723,-0.197612837,1
9,66,-0.3745157719,-0.1529582143,1
9,74,-0.4468100667,0.01302637905,1
9,82,-0.3470711708,0.1838218719,1
9,90,-0.4069819748,0.0414608717,1
9,98,-0.4128141403,0.009480034932,1
9,106,-0.1090716124,0.01875191554,1
9,114,0.09097835422,0.06764011085,1
9,122,0.1266052574,0.09969434142,1
9,130,-0.008329413831,0.09472671151,1
9,138,-0.1220851392,0.08659994602,1
9,146,-0.3144507408,0.001217149198,1
9,154,-0.4029826522,0.0176217705,1
9,162,-0.1830251813,-0.1059229299,1
9,170,-0.08369082212,0.2070254982,1
17,10,0.1721279025,0.1262689531,1
17,18,-0.06129022688,0.2631487846,1
17,26,-0.1357420981,0.1706743538,1
17,34,-0.03412939608,0.05360488594,1
17,42,-0.06489533186,0.00311511755,1
17,50,-0.1449950188,0.01999816298,1
17,58,-0.1476418078,-0.137191698,1
17,66,-0.1776994765,-0.03972229362,1
17,74,-0.1333969235,0.1319775283,1
17,82,-0.2054724395,0.1669302583,1
17,90,-0.2645311654,-0.03755714744,1
17,98,-0.3009543419,-0.08193524182,1
17,106,-0.2265357822,0.08500339836,1
17,114,-0.1162141562,0.111228317,1
17,122,-0.105918929,0.1212534606,1
17,130,-0.1128425822,0.03659341484,1
17,138,-0.1512930095,0.04783841968,1
17,146,-0.1899304837,-0.05281750485,1
17,154,-0.2823492289,-0.1045081168,1
17,162,-0.2203961462,-0.05837525055,1
17,170,-0.09160965681,0.1361358464,1
25,10,0.003326736391,0.090647012,1
25,18,-0.07968190312,0.1904719472,1
25,26,-0.1465669274,0.1947677135,1
25,34,-0.1316040456,0.03317053616,1
25,42,-0.1374544203,-0.006203912199,1
25,50,-0.08006609976,0.006743110716,1
25,58,-0.08287046105,0.1002546027,1
25,66,-0.1511870921,0.1414759457,1
25,74,-0.1645237505,0.02041321993,1
25,82,-0.2404296994,0.1549016833,1
25,90,-0.1037515104,0.06163458899,1
25,98,-0.1941547841,0.01891054958,1
25,106,-0.257129401,0.05440612137,1
25,114,-0.1873872727,0.04285485297,1
25,122,-0.06047829986,0.0471717231,1
25,130,-0.09830676019,0.03782489896,1
25,138,-0.1519651413,-0.002638140228,1
25,146,-0.1446037889,-0.04543487355,1
25,154,-0.2490111142,-0.08917735517,1
25,162,-0.2936571538,-0.03215013072,1
25,170,-0.009255578741,0.138189882,1
33,10,-0.1899659485,0.07315844297,1
33,18,-0.1171563715,0.1840700209,1
33,26,-0.1131724864,0.1924496889,1
33,34,-0.101955995,0.03039892018,1
33,42,-0.04427090287,-0.006956115365,1
33,50,-0.03996797651,0.1063514054,1
33,58,-0.08472318947,0.2890295982,1
33,66,-0.1273227036,0.2697462142,1
33,74,-0.1364528835,0.1778844893,1
33,82,-0.1044590175,0.1285220981,1
33,90,-0.1064312607,0.05154908076,1
33,98,-0.1189662069,0.0425061062,1
33,106,-0.09184066951,0.01374153793,1
33,114,-0.1499830633,0.04366743565,1
33,122,-0.1311514974,0.04027142376,1
33,130,-0.1105079055,0.03253632784,1
33,138,-0.1332002282,-0.06056974083,1
33,146,-0.1905545592,0.1103939265,1
33,154,-0.20795241,0.1188661307,1
33,162,-0.1816056818,0.05008740723,1
33,170,-0.01013099775,0.1178564429,1
41,10,-0.151719451,0.08357960731,1
41,18,-0.08281162381,0.1121994406,1
41,26,-0.05956697464,0.09084843844,1
41,34,-0.02381530404,0.0273976475,1
41,42,-0.006233595312,0.04669964314,1
41,50,-0.06580003351,0.1250187904,1
41,58,-0.09398323298,0.3370809257,1
41,66,-0.166182071,0.2867926061,1
41,74,-0.2118280381,0.2660450935,1
41,82,-0.05451132357,0.1314331293,1
41,90,-0.1066395193,-0.02968574315,1
41,98,-0.2093001902,0.08151701093,1
41,106,-0.1597465873,-0.0788166374,1
41,114,-0.193450883,-0.006136264652,1
41,122,-0.113159284,0.03515393287,1
41,130,-0.02107436955,0.1050237194,1
41,138,-0.1637855023,0.1234446615,1
41,146,-0.2340507656,0.1000549644,1
41,154,-0.2811839581,0.1319355965,1
41,162,-0.1565656662,0.06666527689,1
41,170,-0.03711415827,0.1199267656,1
49,10,-0.01505178213,0.05030692369,1
49,18,-0.04992736876,0.1477793753,1
49,26,-0.08291781694,0.1065113246,1
49,34,-0.06039244682,-0.02859393507,1
49,42,0.03787223622,0.08784109354,1
49,50,-0.07339267433,0.09564273059,1
49,58,-0.1994621903,0.2893276811,1
49,66,-0.2417223155,0.15008156,1
49,74,-0.3236529827,0.1877167076,1
49,82,-0.3062692583,0.1689529717,1
49,90,-0.1754334271,0.03114596568,1
49,98,-0.1680790484,0.04988837242,1
49,106,-0.2417841852,-0.06058780104,1
49,114,-0.1916731298,0.1104477048,1
49,122,-0.09466540813,0.1717867553,1
49,130,-0.1624357253,0.2327610552,1
49,138,-0.2464834452,0.1990574598,1
49,146,-0.194014743,0.09234420955,1
49,154,-0.2609779835,0.05007813871,1
49,162,-0.2308561206,0.01524754614,1
49,170,-0.1833174825,0.1250412911,1
57,10,-0.1358484626,0.04460243881,1
57,18,-0.1404928863,0.2504698336,1
57,26,-0.0797342062,0.1156242937,1
57,34,-0.03599086404,0.007117271423,1
57,42,-0.07763747126,0.05132433027,1
57,50,-0.1951658726,0.1102920771,1
57,58,-0.1615067124,0.3382472694,1
57,66,-0.1737030298,0.1386997402,1
57,74,-0.2889971435,0.1125182807,1
57,82,-0.2597781122,0.07284399122,1
57,90,-0.1470133364,0.03707927838,1
57,98,-0.1098082885,0.02358718589,1
57,106,-0.1227194667,-0.08233358711,1
57,114,-0.07677782327,0.2013653815,1
57,122,-0.09254618734,0.2774650455,1
57,130,-0.1327528358,0.1450138539,1
57,138,-0.08615916967,0.1072931737,1
57,146,-0.02822622657,0.1568281353,1
57,154,-0.09644658864,0.04566762224,1
57,162,-0.2176384777,0.02622579038,1
57,170,-0.257578373,0.1456298083,1
65,10,-0.1882922649,0.09284223616,1
65,18,-0.1021134406,0.2724563777,1
65,26,0.06396125257,0.1268515289,1
65,34,0.05192128196,0.007571667433,1
65,42,-0.1428802758,-0.05043336749,1
65,50,-0.2674285173,0.05682942271,1
65,58,-0.078112185,0.2836042941,1
65,66,0.05372354388,0.1665330231,1
65,74,-0.1419003904,0.01798933744,1
65,82,-0.1342054009,-0.07435169816,1
65,90,0.04120220989,0.08156229556,1
65,98,0.08767306805,0.1223387569,1
65,106,-0.04711905122,-0.05882845819,1
65,114,-0.1505789906,0.125488922,1
65,122,-0.215401113,0.12218339,1
65,130,-0.1671923548,-0.003273032606,1
65,138,-0.04469035566,0.1060782224,1
65,146,-0.01322788,0.2223097086,1
65,154,-0.1383423209,0.1148122251,1
65,162,-0.2595588267,0.182644695,1
65,170,-0.4056706429,0.249165386,1
73,10,-0.1916193068,0.1030068696,1
73,18,-0.05721121281,0.1036168486,1
73,26,0.04087952524,0.09086668491,1
73,34,0.07609774172,-0.1588703692,1
73,42,-0.03277445585,-0.1836712807,1
73,50,-0.1538430899,-0.0222091116,1
73,58,-0.1633208245,0.1380427927,1
73,66,-0.07339218259,0.07189828157,1
73,74,-0.1047519743,-0.02238322794,1
73,82,-0.09577732533,-0.03053287044,1
73,90,0.00745056197,0.02101321146,1
73,98,-0.01810389012,0.08829410374,1
73,106,-0.1676361114,0.06176385283,1
73,114,-0.2837045193,-0.01474640891,1
73,122,-0.2961076498,0.04261406884,1
73,130,-0.3436548114,0.04886291921,1
73,138,-0.281178534,0.09626092762,1
73,146,-0.1106379479,0.3594851792,1
73,154,-0.07543937862,0.1807578206,1
73,162,-0.1702985913,0.1287108511,1
73,170,-0.3364816606,0.197500065,1
81,10,-0.1995415837,0.1899475306,1
81,18,-0.1037592739,0.07418497652,1
81,26,0.04149967432,0.02741606534,1
81,34,-0.06183408573,-0.2126339674,1
81,42,-0.02932715416,-0.2210898995,1
81,50,-0.05406080186,-0.04455593601,1
81,58,-0.2879269719,-0.009875737131,1
81,66,-0.2789943218,-0.05354219675,1
81,74,-0.1677964032,0.009775888175,1
81,82,-0.09923268855,0.1733531058,1
81,90,-0.06927763671,0.01441053487,1
81,98,0.001198049635,0.03685184568,1
81,106,-0.02049641311,-0.05873261765,1
81,114,-0.1812715083,-0.02220372856,1
81,122,-0.1793034822,0.06230659038,1
81,130,-0.1698616743,0.03043948859,1
81,138,-0.138336733,0.06460621953,1
81,146,-0.08875533938,0.2480437458,1
81,154,-0.1160072014,0.2357380539,1
81,162,-0.2371975183,0.0221594125,1
81,170,-0.3457064927,-0.03333475441,1
89,10,-0.07822327316,0.1116585732,1
89,18,-0.09589986503,0.1102701575,1
89,26,-0.03362727538,0.08817060292,1
89,34,-0.06283286214,0.08149532974,1
89,42,-0.1728274524,-0.02206823975,1
89,50,-0.112498723,-0.03162147477,1
89,58,-0.08581511676,-0.1289117485,1
89,66,-0.167916581,9.860284626e-05,1
89,74,-0.2004131675,0.1382572651,1
89,82,-0.1957242489,0.1269957423,1
89,90,-0.09871922433,0.004902122542,1
89,98,0.04603090137,0.05276643485,1
89,106,-0.06971694529,-0.09480663389,1
89,114,-0.1908067465,-0.04617606103,1
89,122,-0.2223208994,-0.02187036723,1
89,130,-0.1942136586,-0.01661579311,1
89,138,-0.1869550794,0.09563627094,1
89,146,-0.1773156226,0.1626051515,1
89,154,-0.1494559944,0.1659865677,1
89,162,-0.2431851625,0.08423565328,1
89,170,-0.2224738002,-0.05651924759,1
97,10,-0.1311426461,0.003726989031,1
97,18,-0.1528672874,0.1169557646,1
97,26,-0.02329847962,0.1022520959,1
97,34,0.01586136222,0.04480220005,1
97,42,-0.03601264954,-0.07844689488,1
97,50,-0.03490172327,-0.06836207211,1
97,58,0.03262082487,0.02554690838,1
97,66,-0.1140107736,0.05686758831,1
97,74,-0.2217871994,0.07984273136,1
97,82,-0.1948652118,-0.03357320651,1
97,90,-0.1150034368,-0.1733635068,1
97,98,-0.1884554923,-0.01465178654,1
97,106,-0.280180335,-0.05486289784,1
97,114,-0.3284561038,-0.06691063941,1
97,122,-0.3056514561,-0.01853842288,1
97,130,-0.2261212468,0.04196162894,1
97,138,-0.2857343853,0.04470352456,1
97,146,-0.1966193616,-0.03334547579,1
97,154,-0.1197740138,0.04570941627,1
97,162,-0.1037369519,0.07443041354,1
97,170,-0.0587554574,0.05647176504,1
105,10,-0.1180554926,-0.07089626789,1
105,18,-0.1847310662,-0.02401553839,1
105,26,-0.04542769492,0.02567843907,1
105,34,-0.2079668492,-0.02471335232,1
105,42,-0.2069968432,-0.1201557666,1
105,50,-0.06775707006,-0.2436537892,1
105,58,-0.0695072785,-0.00729015097,1
105,66,-0.1707404554,0.03044781648,1
105,74,-0.1944912225,-0.09570264816,1
105,82,-0.2295521796,-0.07165554911,1
105,90,-0.2775454521,-0.2759882808,1
105,98,-0.2842077017,-0.099855721,1
105,106,-0.3462724388,0.005754563957,1
105,114,-0.3788067102,-0.08460570127,1
105,122,-0.2319113314,0.03443719074,1
105,130,-0.1986927539,0.09682443738,1
105,138,-0.2578334212,-0.004823353142,1
105,146,-0.2572709918,-0.03239153698,1
105,154,-0.09092099965,0.05243419111,1
105,162,-0.04035592824,-0.01313259825,1
105,170,-0.0213560909,0.02391452715,1
113,10,-0.05849076062,-0.1339239776,1
113,18,-0.1366325915,-0.1483633518,1
113,26,-0.2033752203,-0.1579304636,1
113,34,-0.132030502,0.01813178137,1
113,42,-0.1040730178,-0.001003049314,1
113,50,0.04030456394,-0.2292485386,1
113,58,-0.05309571326,-0.07712318003,1
113,66,-0.1864101589,-0.03873255104,1
113,74,-0.1117374301,0.1181876883,1
113,82,-0.1380584389,0.0109553691,1
113,90,-0.1734090596,-0.108069703,1
113,98,-0.1654524058,-0.07504271716,1
113,106,-0.263677001,0.008151095361,1
113,114,-0.2092097104,-0.004263319075,1
113,122,-0.1962173879,0.04432266951,1
113,130,-0.186017409,0.1672547907,1
113,138,-0.1223678291,0.2845659256,1
113,146,-0.157071203,0.1108977199,1
113,154,-0.1754081845,0.115805693,1
113,162,-0.1450636685,0.02855953202,1
113,170,-0.06604055315,-0.01901463047,1
121,10,-0.1268826276,-0.1354892254,1
121,18,-0.3480349779,-0.07435941696,1
121,26,-0.2196252644,-0.1378000826,1
121,34,-0.08193412423,0.02965019643,1
121,42,-0.1026500314,0.011258021,1
121,50,-0.01361797005,0.01458424889,1
121,58,-0.04339138418,0.04110749811,1
121,66,-0.138670221,-0.04019190744,1
121,74,-0.01134571433,0.1842832416,1
121,82,-0.08053472638,0.1016192436,1
121,90,-0.1172596663,0.06304422766,1
121,98,-0.09609645605,0.03749603033,1
121,106,-0.2100903839,-0.03754475713,1
121,114,-0.3056913614,-0.002934969962,1
121,122,-0.240956381,0.04818476737,1
121,130,-0.08078230917,0.08671300113,1
121,138,0.02544334531,0.4303852618,1
121,146,-0.00723208487,0.2039875984,1
121,154,-0.08275919408,0.1313560903,1
121,162,-0.03137621284,0.1059234291,1
121,170,0.01844178885,0.09540598094,1
129,10,-0.107428506,-0.1207897365,1
129,18,-0.185505271,0.0001065507531,1
129,26,-0.1245414242,-0.08769369125,1
129,34,-0.09314128757,-0.07252030075,1
129,42,-0.0350728333,0.0098236911,1
129,50,0.05830091983,0.1948806196,1
129,58,-0.0003665834665,0.06793601811,1
129,66,-0.02552992105,-0.01589664817,1
129,74,-0.01461671293,0.1428044736,1
129,82,-0.1111831814,0.1658405215,1
129,90,-0.168059811,0.1627882719,1
129,98,-0.1607900709,0.0911257118,1
129,106,-0.1846182048,-0.1175824776,1
129,114,-0.1660477668,-0.0538414754,1
129,122,-0.06095578521,-0.0688367635,1
129,130,-0.0685313046,0.01333093643,1
129,138,-0.1879184842,0.2241947949,1
129,146,-0.06475726515,0.2111843675,1
129,154,-0.008639767766,0.1640288383,1
129,162,-0.02462886274,0.1208679378,1
129,170,-0.1314602941,0.1989753991,1
137,10,-0.1309037805,-0.1016699374,1
137,18,-0.07506425679,-0.02873682603,1
137,26,-0.03623888642,0.03865208477,1
137,34,-0.07824482024,0.0316603817,1
137,42,-0.1106863245,-0.0327129066,1
137,50,-0.1108117402,0.01043085754,1
137,58,-0.06597322971,0.07029398531,1
137,66,-0.1400140375,0.1245848313,1
137,74,-0.1083071828,0.1698952019,1
137,82,-0.1211048812,0.1961926073,1
137,90,-0.1220779791,0.2594131529,1
137,98,-0.1278663725,0.07790002227,1
137,106,-0.2025305778,-0.1399181336,1
137,114,-0.1430032998,-0.01488880813,1
137,122,-0.001046724617,-0.0752017796,1
137,130,-0.1176509783,0.08659491688,1
137,138,-0.06930160522,0.1119484156,1
137,146,0.008697226644,0.1430692226,1
137,154,-0.05634457618,0.1832314581,1
137,162,-0.2282166183,0.1695719212,1
137,170,-0.292819649,0.1884621829,1
145,10,-0.1676138043,0.05290803313,1
145,18,-0.009455177933,-0.03336417675,1
145,26,-0.043702133,0.1709234864,1
145,34,-0.08683166653,0.2038922757,1
145,42,-0.1545986533,0.1507616043,1
145,50,-0.2578370571,0.1458249688,1
145,58,-0.1342003942,0.05163604766,1
145,66,-0.1429650784,0.2008251697,1
145,74,-0.09709855169,0.09002059698,1
145,82,-0.06667466462,0.1047971174,1
145,90,-0.01917268336,0.1438570619,1
145,98,-0.01125134528,-0.03356270492,1
145,106,-0.2010211647,-0.07977547497,1
145,114,-0.2315743268,-0.02257298306,1
145,122,-0.1105470955,-0.003271779045,1
145,130,-0.1308554113,0.0634265244,1
145,138,-0.1221811473,0.08156645298,1
145,146,-0.2514250875,-0.06594265997,1
145,154,-0.3115950823,-0.0206996426,1
145,162,-0.2712073326,0.01684829593,1
145,170,-0.1292985082,0.1383386254,1
153,10,-0.07462447137,0.1075063348,1
153,18,0.0120459795,0.03702891618,1
153,26,-0.02144758403,0.1463804096,1
153,34,-0.1636303514,0.1614520997,1
153,42,-0.2711324096,0.1921570599,1
153,50,-0.3169989288,0.2898088694,1
153,58,-0.153900221,0.1091258302,1
153,66,-0.1577481925,0.1334707141,1
153,74,-0.07429228723,-0.01011380553,1
153,82,0.06398694962,0.02001845837,1
153,90,-0.1130663678,0.0218995735,1
153,98,-0.1252334267,-0.04061091691,1
153,106,-0.1399532109,0.01595610753,1
153,114,-0.1904256046,-0.004248043522,1
153,122,-0.143680349,0.01397153921,1
153,130,-0.1332844943,0.1341634244,1
153,138,-0.2025445849,0.04763541371,1
153,146,-0.2691295445,-0.01733448729,1
153,154,-0.2139652371,-0.07439063489,1
153,162,-0.1612798423,-0.03363982961,1
153,170,-0.1916223317,-0.05126637965,1
161,10,-0.1225180924,0.0292083919,1
161,18,-0.1223919466,-0.008720945567,1
161,26,-0.1032252461,0.08004699647,1
161,34,-0.007337123156,0.03613254428,1
161,42,-0.0437617749,0.1498234272,1
161,50,-0.08973482996,0.2322613448,1
161,58,-0.08100642264,0.1415390968,1
161,66,-0.1045323983,0.04054602608,1
161,74,-0.1384280622,-0.0312538296,1
161,82,-0.1254200041,0.005177043378,1
161,90,-0.1834009141,0.07703216374,1
161,98,-0.2209154367,0.07915689051,1
161,106,-0.08331914246,0.00589165464,1
161,114,-0.06811338663,-0.06786493957,1
161,122,-0.1463899612,-0.04585536569,1
161,130,-0.1143970042,0.1397722363,1
161,138,-0.1907669902,-0.08770202845,1
161,146,-0.205932349,-0.04011646286,1
161,154,-0.07661919296,-0.04580925405,1
161,162,-0.05504854023,-0.06449577957,1
161,170,-0.1251194477,-0.007710859179,1
169,10,-0.2432599664,0.05161276087,1
169,18,-0.2960753441,-0.04834912345,1
169,26,-0.09922346473,-0.0353297703,1
169,34,0.01065420359,0.1173678339,1
169,42,-0.02151336148,0.2474167049,1
169,50,0.01946077123,0.1407816559,1
169,58,0.08820229024,0.05131485313,1
169,66,0.06558167934,0.01682688296,1
169,74,-0.09367354959,-0.08934117109,1
169,82,-0.1975076199,-0.1104485467,1
169,90,0.06164283305,-0.06833569705,1
169,98,-0.03847421706,0.001507014036,1
169,106,-0.1151911169,-0.02161834016,1
169,114,-0.07881657779,-0.05810612813,1
169,122,-0.1418302357,-0.07828310132,1
169,130,-0.1883374751,-0.06383819878,1
169,138,-0.2274437398,-0.2250494957,1
169,146,-0.08625504375,-0.006415888667,1
169,154,-0.008760116994,0.03590367734,1
169,162,-0.001691609621,-0.08704527467,1
169,170,-0.0174751766,0.003150515258,1
177,10,-0.05380626023,-0.01998059452,1
177,18,-0.2837443352,-0.04783412442,1
177,26,-0.1773705184,-0.05669357255,1
177,34,-0.03726565838,0.04007223994,1
177,42,0.06120035797,0.09817655385,1
177,50,0.09010970592,0.03366106749,1
177,58,0.0889885053,-0.00535531342,1
177,66,0.05146249384,0.1610420495,1
177,74,-0.07998897135,0.02051751688,1
177,82,-0.1267520785,0.009395014495,1
177,90,-0.06146305799,-0.06301651895,1
177,98,-0.1068672016,-0.006307536736,1
177,106,-0.1783600599,0.06269004941,1
177,114,-0.1313856691,-0.05181615055,1
177,122,-0.1712759286,-0.1059086174,1
177,130,-0.1917654425,-0.2001016885,1
177,138,-0.226817295,-0.1144738346,1
177,146,-0.1109088808,-0.005186185241,1
177,154,-0.07839663327,-0.07663253695,1
177,162,-0.1533565223,-0.01748057455,1
177,170,-0.003228511661,-0.0210891068,1
185,10,0.02124077454,-0.1695628166,1
185,18,-0.0351979807,-0.00729193911,1
185,26,-0.08314357698,0.004550269805,1
185,34,0.0086546354,-0.09001411498,1
185,42,0.1267249137,-0.03054666519,1
185,50,-0.007134541869,0.1496145725,1
185,58,-0.0279885903,-0.01263292693,1
185,66,-0.06495799124,-0.1493451744,1
185,74,-0.1206638813,0.08226512372,1
185,82,-0.1527968347,0.07929591089,1
185,90,-0.1600922197,0.02010387182,1
185,98,-0.2150124907,-0.02076960914,1
185,106,-0.2531409264,0.05975782871,1
185,114,-0.2596036792,-0.05153137818,1
185,122,-0.1757321358,-0.06852509081,1
185,130,-0.06437280774,-0.2016588748,1
185,138,-0.0268497169,-0.1550831199,1
185,146,0.02426177822,-0.05455972999,1
185,154,0.03937058151,-0.1035426557,1
185,162,0.01060886774,0.001027785242,1
185,170,0.01847816631,-0.1083858088,1
193,10,-0.2053862661,-0.005648344755,1
193,18,-0.02932535857,0.05413610116,1
193,26,-0.01523467898,-0.003298487514,1
193,34,-0.08998082578,0.01177619398,1
193,42,-0.1251268238,0.04315968603,1
193,50,-0.06908750534,0.1190040112,1
193,58,0.01140006632,0.0265686214,1
193,66,-0.06914778054,-0.09897787869,1
193,74,-0.1569634974,-0.02428342588,1
193,82,-0.2193292379,-0.009235322475,1
193,90,-0.1376701742,0.09425301105,1
193,98,-0.139653042,0.09121580422,1
193,106,-0.1558472812,0.009661436081,1
193,114,-0.1061008424,0.0005507078022,1
193,122,-0.03721265495,0.02898973599,1
193,130,0.0360198468,-0.06521874666,1
193,138,0.07128790021,-0.1655497998,1
193,146,0.01740168035,-0.05517561361,1
193,154,-0.001823604107,-6.52782619e-05,1
193,162,0.1129855588,0.0004013068974,1
193,170,0.05547719449,-0.1934584379,1
201,10,-0.219415009,0.1908212006,1
201,18,-0.05583593994,0.05283148587,1
201,26,-0.1064444706,-0.1893135905,1
201,34,-0.08882274479,-0.09646964073,1
201,42,-0.07158607244,-0.01452365518,1
201,50,-0.1053272486,0.04010615498,1
201,58,-0.1340003014,0.02550408989,1
201,66,-0.2511398792,0.09168317914,1
201,74,0.06727417558,-0.1474884748,1
201,82,-0.02757367492,-0.1255886853,1
201,90,-0.169972837,0.1137064099,1
201,98,-0.1845703721,0.1461347938,1
201,106,-0.1633500755,0.09525492042,1
201,114,-0.1617946923,0.2001885474,1
201,122,-0.02814025618,0.05464501679,1
201,130,0.038077645,-0.03352797776,1
201,138,0.07928694785,-0.04085883498,1
201,146,0.03674974293,0.04504514858,1
201,154,0.09148444235,0.01672446355,1
201,162,0.1621212214,0.04261890799,1
201,170,0.01913123578,-0.03296368569,1
209,10,-0.09413802624,0.06328531355,1
209,18,-0.008070804179,0.01778423227,1
209,26,-0.1613363028,-0.07872079313,1
209,34,-0.05290979519,-0.137754187,1
209,42,0.1758594364,0.02676246315,1
209,50,-0.03382978961,0.1576588452,1
209,58,0.1419933438,0.008093290031,1
209,66,0.1336894333,0.2456163168,1
209,74,-0.2221330404,0.136269182,1
209,82,-0.07579277456,0.09447462112,1
209,90,-0.06932528317,-0.007606152445,1
209,98,0.03463812172,-0.1215959713,1
209,106,0.1375710666,0.07921455055,1
209,114,0.02453702688,0.316850245,1
209,122,0.1258039027,0.146446377,1
209,130,0.07535107434,0.01178292185,1
209,138,0.04001959413,0.01825363934,1
209,146,0.06465304643,0.05339697748,1
209,154,0.1283718795,0.04293674976,1
209,162,0.1272648871,0.001318059862,1
209,170,-0.03897329792,0.08358430117,1
217,10,-0.1178793088,0.05688920245,1
217,18,-0.03473427892,0.08793996274,1
217,26,0.008138209581,0.1368655562,1
217,34,0.03517585993,0.02416107059,1
217,42,-0.03568045795,0.1670175344,1
217,50,-0.08538568765,0.1287117004,1
217,58,-0.06131062657,0.009344693273,1
217,66,-0.04407273233,0.02899732068,1
217,74,-0.1675326824,0.1161860526,1
217,82,0.1077581272,-0.04650527984,1
217,90,0.1279839277,-0.0963762328,1
217,98,0.08961310983,-0.1523730308,1
217,106,0.2554833293,-0.186083883,1
217,114,0.1712762862,0.03963134438,1
217,122,0.03503481299,0.1939262748,1
217,130,-0.007065217942,0.09973604232,1
217,138,-0.09506686032,0.0711562708,1
217,146,-0.1485081017,0.03228205442,1
217,154,-0.06075469777,0.1462552547,1
217,162,-0.008434671909,0.01978689432,1
217,170,-0.02810703591,0.1110580191,1
225,10,-0.03108164668,0.1277961582,1
225,18,0.05902342126,0.1147957891,1
225,26,0.1379784048,0.06549633294,1
225,34,0.02927716821,-0.006778806448,1
225,42,-0.08125309646,0.1193941236,1
225,50,-0.08626689762,0.222245425,1
225,58,-0.04149081558,0.00931256637,1
225,66,-0.09711183608,-0.007245607674,1
225,74,-0.1304104328,0.02770439163,1
225,82,0.08430957794,-0.07397860289,1
225,90,0.1127993315,0.03813104704,1
225,98,0.1010855138,-0.06846514344,1
225,106,0.2204709798,-0.2653907835,1
225,114,0.1439994723,-0.09072463214,1
225,122,-0.08477163315,0.03640007973,1
225,130,-0.08512932062,0.1225558966,1
225,138,-0.1380202323,0.1558217555,1
225,146,-0.2832502127,0.1485890895,1
225,154,-0.2021150142,0.2242295146,1
225,162,-0.05345616117,0.06769430637,1
225,170,0.06070473418,0.0256960541,1
233,10,0.06570143253,0.08119796962,1
233,18,0.02675513551,0.09613728523,1
233,26,0.02925283462,0.04637300968,1
233,34,-0.0007423125207,0.08805884421,1
233,42,-0.05601137504,-0.03514710069,1
233,50,-0.09199565649,0.04044473916,2
233,58,-0.23349455,-0.03854982555,1
233,66,-0.1724342257,-0.06074339151,1
233,74,-0.08974131942,0.06276913732,1
233,82,0.02080878615,0.1174940392,1
233,90,-0.03483080119,0.1262605339,1
233,98,-0.04171730578,-0.02437150292,1
233,106,0.1201161519,-0.09152749181,1
233,114,0.08976306021,-0.06771416217,1
233,122,0.01412307657,-0.1121788546,1
233,130,-0.03788515925,0.01439201087,1
233,138,-0.09324364364,0.1485005468,1
233,146,-0.06891396642,0.142387107,1
233,154,-0.003179736435,0.2602564394,1
233,162,0.07156154513,0.1486698687,1
233,170,0.1741027385,-0.04602388293,1
241,10,-0.08355669677,0.007124312222,1
241,18,-0.03866868466,0.148348704,1
241,26,0.05906759948,0.220677644,1
241,34,0.02591138706,0.1591041535,1
241,42,-0.08274711668,-7.756054401e-05,1
241,50,0.007790189236,0.01323046163,1
241,58,-0.1165959165,-0.07234762609,1
241,66,-0.1417419612,-0.0634752363,1
241,74,-0.08103104681,0.1127942353,1
241,82,-0.01555695012,0.1579841077,1
241,90,0.12935929,0.05373763293,1
241,98,0.1503613442,-0.05982163548,1
241,106,0.1743580997,-0.0233756844,1
241,114,-0.007610291243,0.03703866899,1
241,122,-0.0887626037,-0.09607830644,1
241,130,-0.1363249421,-0.06998756528,1
241,138,-0.005640126765,0.1067685336,1
241,146,0.006954848766,0.1144043803,1
241,154,-0.02427009866,0.1927943826,1
241,162,0.07749593258,0.1334066391,1
241,170,0.1662641615,-0.03813788295,1
249,10,-0.03541449457,0.04688278586,1
249,18,-0.03765661642,0.1860458702,1
249,26,0.01682581753,0.1251449436,1
249,34,0.03895349428,0.02420254797,1
249,42,0.04846421257,0.03745339066,1
249,50,0.0575970225,0.004693337716,1
249,58,0.1210753769,-0.1409610808,1
249,66,0.1206066087,-0.05978639424,1
249,74,-0.04116125405,0.1215432733,1
249,82,-0.04382313788,0.09896145761,1
249,90,-0.03374949843,-0.03092647716,1
249,98,-0.0005987435579,-0.163021788,1
249,106,0.09025345743,0.02919321507,1
249,114,-0.06350392103,0.06481386721,1
249,122,-0.1411929131,-0.02756381407,1
249,130,-0.1327505708,-0.1163210645,1
249,138,-0.06442617625,0.06234861165,1
249,146,-0.1336414516,0.145285517,1
249,154,-0.09788418561,0.1667625904,1
249,162,0.03369946405,0.08487134427,1
249,170,0.09194344282,0.02617270499,1
257,10,0.01069032028,0.05758332834,1
257,18,-0.1442123055,0.08301305771,1
257,26,-0.1267310828,-0.04255083203,1
257,34,0.03401653469,-0.1249650046,1
257,42,0.1020401418,0.005845047534,1
257,50,0.06513281167,-0.01226415485,1
257,58,0.0904847458,-0.1333017498,1
257,66,0.154194504,-0.000712454319,1
257,74,0.05597781017,0.1921252608,1
257,82,-0.09203552455,0.04651257768,1
257,90,-0.1567559391,-0.020340221,1
257,98,-0.1707395613,-0.1484065503,1
257,106,-0.0762117058,0.1402557492,1
257,114,-0.01403270662,0.1263177544,1
257,122,0.004636075348,0.1255897582,1
257,130,-0.01717534661,0.003302088007,1
257,138,-0.1170069054,0.05118785799,1
257,146,-0.1743865758,0.05684490502,1
257,154,-0.2217825055,0.1222392544,1
257,162,-0.03135355562,0.2182925344,1
257,170,0.02379969507,0.1595381051,1
265,10,0.08159339428,0.1005612165,1
265,18,-0.01707813144,-0.05220564455,1
265,26,-0.06545621157,-0.1274538934,1
265,34,-0.02617692575,-0.1060979888,1
265,42,-0.01414286718,-0.02986626327,1
265,50,0.0001678224653,-0.06214252487,1
265,58,0.09437843412,-0.09336158633,1
265,66,0.1187897399,-0.03041582927,1
265,74,-0.146640569,0.06182029098,1
265,82,-0.0729714185,0.01582460478,1
265,90,0.1633092612,-0.05270660669,1
265,98,0.01512235031,0.001321077347,1
265,106,-0.09401334077,0.1273409426,1
265,114,-0.117254898,0.06679230183,1
265,122,0.02120878175,0.06440748274,1
265,130,-0.01043286547,0.2811629474,1
265,138,-0.02220721543,-0.0089327069,1
265,146,0.1808295101,-0.07690369338,1
265,154,0.07258430123,0.04337423295,1
265,162,-0.04436340183,0.1620528102,1
265,170,-0.07438629866,0.2675293088,1
273,10,0.1653103381,0.09666518122,1
273,18,0.1322536021,-0.0966887325,1
273,26,0.06403872371,-0.1644982398,1
273,34,0.1679106206,-0.07044520974,1
273,42,-0.1258433163,0.05185230076,1
273,50,-0.2147945911,0.1540652215,1
273,58,-0.1662229896,0.008389892057,1
273,66,-0.1008389592,-0.007907193154,1
273,74,-0.1095940396,-0.06836406887,1
273,82,-0.1259707958,0.04182265326,1
273,90,-0.01171510294,0.09882548451,1
273,98,0.08176505566,0.01262423769,1
273,106,0.06159979105,-0.06984770298,1
273,114,-0.01561314985,-0.007146202028,1
273,122,0.02506531775,-0.07324835658,1
273,130,-0.01024858654,0.04333219305,1
273,138,0.01945593953,-0.1633137912,1
273,146,0.001086369157,-0.08687148988,1
273,154,-0.02482401207,-0.03255715594,1
273,162,-0.02180075087,0.182420522,1
273,170,-0.04759243503,0.3292956352,1
281,10,0.09987920523,-0.07100151479,1
281,18,0.2757089138,-0.03730647638,1
281,26,0.2228782922,-0.01950447261,1
281,34,-0.0194693692,-0.02113489807,1
281,42,-0.095104523,0.01192296296,1
281,50,-0.04927641898,0.07290057838,1
281,58,-0.04582907259,0.1174805164,1
281,66,-0.2019332945,0.213442713,1
281,74,-0.2563238144,0.1206262186,1
281,82,-0.3261511326,0.02454990894,1
281,90,-0.1313729286,0.03705068678,1
281,98,0.0241369307,-0.02089319378,1
281,106,0.1164382249,-0.1476815343,1
281,114,0.0994945392,0.01368389837,1
281,122,0.056504976,-0.06782461703,1
281,130,0.08490372449,0.0339743495,1
281,138,0.04387322813,-0.06483787298,1
281,146,-0.006977875251,-0.0836506933,1
281,154,-0.01170277223,-0.132300511,1
281,162,-0.05512366444,0.1603075564,1
281,170,-0.001244233921,0.3042387962,1
289,10,0.08558468521,-0.02226768248,1
289,18,0.1777722985,0.001728121191,1
289,26,0.08842463791,0.001467783004,1
289,34,-0.007124096155,0.05055835098,1
289,42,-0.008875228465,0.004123920575,1
289,50,0.02628763765,-0.01930849999,1
289,58,0.1296635568,0.136043027,1
289,66,0.1220622435,0.07198096812,1
289,74,-0.09184981138,0.1405122727,1
289,82,-0.2814059854,-0.1139512658,1
289,90,-0.1524395943,-0.2121272832,1
289,98,-0.004722952843,-0.07237812132,1
289,106,0.1069674194,0.02546640858,1
289,114,0.03349864855,0.07935351133,1
289,122,0.03525991738,0.1415346712,1
289,130,0.09198716283,0.09745182097,1
289,138,0.02045078389,-0.004548862576,1
289,146,-0.01769469306,0.03199637681,1
289,154,-0.1272271872,-0.02135244757,1
289,162,-0.1296242625,-0.04626216739,1
289,170,0.006105057895,0.1700723618,1
297,10,0.1759665459,0.03816597164,1
297,18,0.08966477215,-0.09683410823,1
297,26,0.03499255329,-0.07680521905,1
297,34,0.08946532011,0.001219742,1
297,42,0.1206842661,0.04042624682,1
297,50,0.1440481842,0.1095042303,1
297,58,0.1421332657,0.113891691,1
297,66,0.04356431216,0.03837216645,1
297,74,0.1044362038,-0.06673208624,1
297,82,0.1623485386,-0.1616517752,1
297,90,0.0852477625,-0.1110613197,1
297,98,0.001270305365,-0.1786271334,1
297,106,-0.06485173106,-0.04876962304,1
297,114,-0.157327503,0.0295432657,1
297,122,-0.04150639847,0.1706173122,1
297,130,0.09594675899,0.08684104681,1
297,138,0.02220374346,-0.01813559048,1
297,146,0.01720869914,0.04003531858,1
297,154,-0.009144218639,0.003568336368,1
297,162,0.001757980324,-0.1052459255,1
297,170,-0.04690822959,0.1204647124,1
305,10,0.1106355339,0.07992221415,1
305,18,0.08077415079,-0.09438483417,1
305,26,0.02095932513,-0.04669097811,1
305,34,0.1935628951,0.07703235,1
305,42,0.1518779695,-0.06064113975,1
305,50,0.1429880112,0.01618717983,1
305,58,0.2087202072,0.04691975564,1
305,66,0.05143687874,0.04750968516,1
305,74,0.01764590293,-0.1332698315,1
305,82,0.1879783422,-0.1540722549,1
305,90,0.124526456,-0.02144590393,1
305,98,-0.01063058525,-0.1674745381,1
305,106,-0.02009341866,-0.1246559322,1
305,114,-0.03090085834,-0.01070983708,1
305,122,-0.08753525466,0.2184637785,1
305,130,0.0003872364759,0.03752971813,1
305,138,0.1346750855,-0.02971318737,1
305,146,0.04142043367,0.04244696721,1
305,154,-0.014140293,0.03510198742,1
305,162,0.05580871552,0.01421003044,1
305,170,-0.04304828867,0.1814990938,1
313,10,0.1293022633,-0.03292613477,1
313,18,0.1093418151,-0.09168992937,1
313,26,-0.06062694266,-0.01230018586,1
313,34,-0.03581381962,0.08114875853,1
313,42,0.01501774788,0.02830958739,1
313,50,0.05126957595,-0.01208560169,1
313,58,0.1589960754,0.02046445757,1
313,66,0.0693917796,-0.1531546563,1
313,74,0.009582944214,-0.1363989413,1
313,82,-0.001357704401,-0.09869419783,1
313,90,0.04719942808,0.114986144,1
313,98,0.0805374831,0.01213826798,1
313,106,0.09573061019,-0.03931720927,1
313,114,0.1145727262,0.06735514104,1
313,122,0.06166995317,0.07681059837,1
313,130,0.07336725295,-0.03015971929,1
313,138,0.09360191226,0.03170097247,1
313,146,0.09175562114,0.07209129632,1
313,154,0.0764304921,0.03716163337,1
313,162,0.09117127955,0.05890582502,1
313,170,0.1222726926,0.2381716669,1
321,10,0.1459133923,-0.2107580602,1
321,18,0.05372028053,-0.1493908018,1
321,26,0.08024533093,-0.04841833934,1
321,34,0.1653514355,-0.007583992556,1
321,42,0.184551388,0.08314107358,1
321,50,0.07935221493,0.03002324887,1
321,58,0.07809825987,0.01721659675,1
321,66,0.08102685958,-0.1411325186,1
321,74,0.2426091135,-0.05190299451,1
321,82,0.02433296666,0.004243355244,1
321,90,-0.06019306183,0.2252335548,1
321,98,0.005493368953,0.1789360195,1
321,106,0.031182101,0.03376270086,1
321,114,0.1972790658,0.08549699187,1
321,122,0.1609482467,0.003798212856,1
321,130,0.01264899969,0.06175154075,1
321,138,0.02472960949,0.09221176803,1
321,146,0.1226956993,0.08166307956,1
321,154,0.1858815551,0.0117216371,1
321,162,0.09910032153,0.02618928254,1
321,170,0.1457666606,0.2372888327,1
329,10,0.03328405321,-0.2541024983,1
329,18,0.02341100574,-0.1146848202,1
329,26,0.1147748455,-0.07871615887,1
329,34,0.1089766771,-0.01539736986,1
329,42,0.1173462123,0.02493076399,1
329,50,-0.003301516175,0.05203944445,1
329,58,-0.03960268945,0.04932523519,1
329,66,0.01895328611,0.0946649313,1
329,74,0.1099991128,0.1411501765,1
329,82,0.2552606165,0.08178770542,1
329,90,0.1335599422,0.200187102,1
329,98,-0.005019616336,0.06691622734,1
329,106,-0.02758840472,-0.0369554013,1
329,114,0.08925025165,0.01350833289,1
329,122,0.09341194481,0.1060809791,1
329,130,-0.01751832291,0.1267277598,1
329,138,-0.01253843494,0.07255665958,1
329,146,0.08461787552,0.07913572341,1
329,154,0.1575197726,-0.005838431418,1
329,162,0.07077739388,-0.02752883732,1
329,170,0.09577918053,0.1861916184,1
337,10,-0.1613917649,-0.1160753295,1
337,18,-0.01341042668,-0.07680487633,1
337,26,-0.004515059292,0.004745211452,1
337,34,0.05083580315,0.1179943383,1
337,42,0.1878569126,0.03804077953,1
337,50,0.04799185693,0.0995445177,1
337,58,-0.02688694,0.1305414736,1
337,66,-0.01139762253,0.1693637222,1
337,74,-0.05395882577,0.06990170479,1
337,82,-0.04623762891,0.08480851352,1
337,90,-0.05777476728,0.03297867626,1
337,98,0.01416021585,-0.1580356956,1
337,106,0.01815952361,-0.09589325637,1
337,114,-0.09640653431,0.03094187751,1
337,122,0.007992453873,0.1185294688,1
337,130,0.004895884544,0.0332025364,1
337,138,-0.04316364229,0.2184304297,1
337,146,0.09249442816,0.1935655475,1
337,154,0.1681990623,0.008078344166,1
337,162,0.09218621254,0.0613919124,1
337,170,0.1998329461,0.009261786938,1
345,10,-0.08643871546,0.140360564,1
345,18,0.03707087785,-0.03572497144,1
345,26,0.04988281429,0.1179881245,1
345,34,0.1917938888,0.03308548778,1
345,42,0.2157386839,-0.00741635263,1
345,50,0.1487111151,0.1298456937,1
345,58,0.1316252053,0.1743017733,1
345,66,0.0426010415,0.04852800816,1
345,74,0.02573348768,-0.1159561053,1
345,82,0.09608472884,-0.02432922646,1
345,90,0.1455029249,-0.03076759726,1
345,98,0.1351678967,-0.05663448572,1
345,106,0.102410078,-0.005715388805,1
345,114,0.2104728669,0.05970752612,1
345,122,0.2070013881,0.1037991643,1
345,130,-0.09217225015,0.002379663289,1
345,138,-0.2135446519,0.1599577665,1
345,146,-0.1810236871,0.204906553,1
345,154,-0.04655178636,0.1239123195,1
345,162,0.01847131923,0.09985893965,1
345,170,-0.01604242623,-0.07389133424,1
353,10,-0.09545665234,-0.04884512722,1
353,18,-0.00756624341,-0.1428603083,1
353,26,0.1235247329,0.07127616554,1
353,34,0.04855809361,-0.1286280751,1
353,42,0.02126161754,-0.187274754,1
353,50,0.1227709204,0.06818711758,1
353,58,0.2121015042,-0.01970998943,1
353,66,0.2468927354,-0.244098112,1
353,74,0.2073291838,-0.1626602113,1
353,82,0.1196772605,-0.09522102028,1
353,90,0.007514372468,-0.07144320011,1
353,98,0.04083551466,0.07955605537,1
353,106,0.1416266859,0.01126636192,1
353,114,0.1344988495,0.00716445595,1
353,122,0.2092863917,0.1705936193,1
353,130,-0.09215600789,0.03249041736,1
353,138,-0.1879323423,-0.06507122517,1
353,146,-0.1739966273,0.0938699618,1
353,154,-0.01662472449,0.126229614,1
353,162,0.1258022338,0.112640813,1
353,170,0.09524737298,-0.06708239764,1
361,10,-0.1630370915,-0.1943704486,1
361,18,0.05617236719,-0.127472952,1
361,26,0.1918345988,-0.06021469086,1
361,34,0.08159398288,-0.2682831883,1
361,42,0.1576002538,-0.2365620136,1
361,50,0.2196970135,-0.217084676,1
361,58,0.1039130986,-0.1871078461,1
361,66,0.188811183,-0.1543011963,1
361,74,0.1805434376,0.00182165578,1
361,82,0.09041882306,0.03122371808,1
361,90,0.01686543971,-0.03510052338,1
361,98,-0.2509251833,0.06891608983,1
361,106,-0.09731918573,-0.001949636266,1
361,114,0.0830598399,0.01969640329,1
361,122,0.2176200151,0.2280104458,1
361,130,0.0382559672,0.09908653051,1
361,138,0.0077990219,-0.03073059022,1
361,146,0.1067381799,0.1239040866,1
361,154,0.04622775689,0.06825190783,1
361,162,0.1446989775,0.1023721024,1
361,170,0.173611775,0.1422334611,1
369,10,0.09402368963,0.01125761122,1
369,18,0.1367987543,-0.03336317465,1
369,26,0.1576932669,-0.1191182807,1
369,34,0.1615026444,-0.1749978065,1
369,42,0.1953387409,-0.1423667371,1
369,50,0.1450556964,-0.08097058535,1
369,58,0.04174721241,-0.1362356544,1
369,66,0.05177620053,0.03655543178,1
369,74,0.172576502,0.08605583012,1
369,82,0.2005962729,-0.04100703076,1
369,90,0.007520888001,-0.02221964672,1
369,98,-0.08864112198,0.04984609783,1
369,106,-0.1064785495,0.05852416903,1
369,114,0.02565544844,0.02419860661,1
369,122,0.02326355129,0.1403323859,1
369,130,-0.06874443591,0.04756744206,1
369,138,0.3502246737,0.007758364081,1
369,146,0.2534464896,0.1010253355,1
369,154,0.1708581746,0.04439982772,1
369,162,0.2623807788,0.1416528523,1
369,170,0.3130278587,0.2763569951,1
377,10,0.3244674802,-0.03761346638,1
377,18,0.1542654932,-0.03323621675,1
377,26,0.1967358142,-0.1322799921,1
377,34,0.265676558,-0.04416926205,1
377,42,0.2288895398,-0.03800656646,1
377,50,0.1699606478,0.01210219413,1
377,58,0.1587795019,0.01789988577,1
377,66,0.1135259271,-0.009403757751,1
377,74,0.09288066626,0.07506612688,1
377,82,0.1216977388,-0.01173171401,1
377,90,0.1113443971,-0.0899111405,1
377,98,-0.03669389337,-0.02690001577,1
377,106,0.03613737598,0.06139462814,1
377,114,0.1981016994,0.02828603983,1
377,122,0.01049001142,-0.02167593129,1
377,130,-0.06823541224,-0.04934490472,1
377,138,-0.09255382419,0.002047058195,1
377,146,-0.06974133849,0.05834233388,1
377,154,0.04284266382,0.02578997612,1
377,162,0.09462061524,0.05821195245,1
377,170,0.1947986633,0.1115752012,1
385,10,0.2314927876,-0.05551619828,1
385,18,0.1512376964,-0.04791827872,1
385,26,0.2242472768,-0.08188301325,1
385,34,0.2377787232,-0.01816810668,1
385,42,0.2364382744,0.004147496074,1
385,50,0.2326980829,0.001970656216,1
385,58,0.2432196736,0.06356940418,1
385,66,0.2311485112,-0.01087100059,1
385,74,0.2107620835,-0.009717781097,1
385,82,0.07442556322,-0.07630762458,1
385,90,0.09586206079,-0.186157316,1
385,98,0.136226356,-0.07467798144,1
385,106,0.2112138271,-0.01188898459,1
385,114,0.2767422199,0.01449191198,1
385,122,0.01630460657,0.05456279218,1
385,130,-0.07618167996,0.007077075541,1
385,138,-0.2018150389,0.1037182808,1
385,146,-0.04387311637,0.1687225103,1
385,154,0.04413547367,0.08097981662,1
385,162,-0.0005635991693,-0.09312544018,1
385,170,0.03895372152,-0.02845415473,1
393,10,0.2534810901,0.1962121874,1
393,18,0.1208157688,0.07446786761,1
393,26,0.09340088069,-0.04302562028,1
393,34,0.2463937253,-0.1171030551,1
393,42,0.2181563675,0.03410193324,1
393,50,0.1649542004,0.003146968782,1
393,58,0.1522351652,0.03169152141,1
393,66,0.2559021711,0.2805191278,1
393,74,0.2586891651,0.02901318669,1
393,82,0.1497748941,-0.2077396065,1
393,90,0.1014205292,-0.2044919878,1
393,98,0.09497302771,-0.04423964769,1
393,106,0.1488687843,0.06278491765,1
393,114,0.1911142468,0.1531660408,1
393,122,0.008174024522,0.07016782463,1
393,130,-0.1320314705,0.03821987659,1
393,138,-0.132001251,0.1614973545,1
393,146,-0.05367374048,0.1982523203,1
393,154,0.04283703119,0.1513652802,1
393,162,0.002268917859,-0.02290932834,1
393,170,-0.1024068743,-0.123938933,1
401,10,0.05303718895,0.2603445649,1
401,18,0.09734423459,0.1068177819,1
401,26,0.139860332,-0.03739642724,1
401,34,0.1909069568,-0.1175618768,1
401,42,0.3011078835,-0.1306086481,1
401,50,0.156021297,-0.003009323031,1
401,58,0.08698384464,0.1670732647,1
401,66,0.1000634432,0.2666161656,1
401,74,0.1132661104,0.1177187711,1
401,82,-0.02773301303,-0.06120939925,1
401,90,0.02546164393,-0.0641066432,1
401,98,0.1373519748,-0.03444060311,1
401,106,0.1740853786,0.1054427475,1
401,114,0.1203487962,0.2613974512,1
401,122,0.02677278221,0.09644308686,1
401,130,-0.0277274996,-0.03928646073,1
401,138,-0.02285335585,0.01562981494,1
401,146,0.1271020621,0.1260333359,1
401,154,0.0441137068,0.0616748035,1
401,162,0.07935490459,-0.09892008454,1
401,170,-0.03855475783,-0.04317680001,1
409,10,-0.1646745503,0.1436640024,1
409,18,0.09372995794,0.02225857601,1
409,26,0.1867361069,-0.01629908569,1
409,34,0.1057660282,-0.07330156863,1
409,42,0.1601540893,-0.2732463181,1
409,50,0.1060929149,-0.1134200543,1
409,58,0.04650847614,0.125308305,1
409,66,-0.05150054395,0.06897817552,1
409,74,0.02997481823,0.1879618019,1
409,82,0.06843307614,0.1238823235,1
409,90,0.09590303898,0.1152200401,1
409,98,0.1252483428,0.04641245678,1
409,106,0.1316983402,-0.0712409392,1
409,114,0.1877410412,0.04530279711,1
409,122,0.2490058839,0.1346155107,1
409,130,0.2046360373,-0.02319882065,1
409,138,0.2134592831,-0.01671485603,1
409,146,0.2226578146,0.008843898773,1
409,154,0.09076572955,-0.03409275413,1
409,162,0.1162109375,-0.05810539052,1
409,170,0.2104420215,0.1967155933,1
417,10,-0.3063414991,-0.06807547808,1
417,18,0.1402519345,-0.07575448602,1
417,26,0.292838335,0.1141745374,1
417,34,0.07517653704,-0.1441696882,1
417,42,-0.05957740545,-0.2478473186,1
417,50,-0.03286340833,-0.328076601,1
417,58,0.0516756773,-0.2400012314,1
417,66,-0.1305456012,-0.09731858224,1
417,74,-0.153862372,0.1964649707,1
417,82,-0.1717446297,0.2406364381,1
417,90,-0.1464037001,0.3053831458,1
417,98,-0.1320450008,0.08670090139,1
417,106,-0.1864922792,-0.1458616853,1
417,114,0.0303773433,-0.1670293063,1
417,122,0.3686344922,0.115846619,1
417,130,0.4388211966,0.04319003224,1
417,138,0.4301031232,-0.1232290417,1
417,146,0.4860007167,-0.2084837258,1
417,154,0.39156425,-0.2595398128,1
417,162,0.3199469149,0.1055823341,1
417,170,0.2651944757,0.15114896,2
