PIVlab, ASCII chart output - 02-Aug-2025
FRAME: 25, filenames: A:[25]FullStack_Pos0035_TgUtrmcherry_K4K8MO-1.avi & B:[26]FullStack_Pos0035_TgUtrmcherry_K4K8MO-1.avi, conversion factor xy (px -> m): 1, conversion factor uv (px/frame -> m/s): 1
x [px],y [px],u [px/frame],v [px/frame],Vector type [-]
9,10,0.2244547009,-0.3148078918,1
9,18,0.07752774656,0.05198498815,1
9,26,0.04359243065,0.2106544673,1
9,34,-0.04356938601,0.2445344031,1
9,42,-0.02834239602,0.353476584,1
9,50,0.1610417366,0.3570275903,1
9,58,0.2799056768,0.2575578392,1
9,66,0.1599582434,0.02766880393,1
9,74,0.1460743845,0.09155513346,1
9,82,0.2035681903,0.08820994198,1
9,90,0.1435900927,0.02822370827,1
9,98,0.02066242695,-0.06634524465,1
9,106,0.09091578424,-0.1366409957,1
9,114,0.1049229801,0.1057837307,1
9,122,0.1077450216,0.1451067924,1
9,130,0.08241607249,-0.02884797752,1
9,138,-0.0356452167,-0.1014165133,1
9,146,-0.02337488532,-0.1000673547,1
9,154,-0.01121138781,0.02936395258,1
9,162,-0.07808716595,-0.07013570517,1
9,170,-0.196325317,-0.04683437943,1
17,10,-0.08436700702,-0.07078628242,1
17,18,-0.0276072938,0.1087315828,1
17,26,-0.01220474392,0.06068509817,1
17,34,0.03720383346,-0.01424376667,1
17,42,0.2102943659,-0.01700612158,1
17,50,0.2301074117,-0.003289580345,1
17,58,0.1621464193,-0.02455533296,1
17,66,0.001513816416,0.03597949818,1
17,74,0.1422221661,-0.001053029671,1
17,82,0.1964360774,0.08093510568,1
17,90,0.1403213441,0.05571841821,1
17,98,0.1569720954,0.09621249884,1
17,106,0.1871486008,0.06177765131,1
17,114,0.1390918195,0.1749602854,1
17,122,0.137868762,0.07869105786,1
17,130,0.1051806435,-0.01193094626,1
17,138,0.111605525,0.04477549717,1
17,146,0.1605395675,-0.01506915689,1
17,154,0.104883261,-0.0447088331,1
17,162,0.1373370141,-0.09046547115,1
17,170,0.09871062636,-0.09613056481,1
25,10,0.03686504066,0.1887996197,1
25,18,0.00585750863,0.1202841252,1
25,26,0.02539371699,0.01012089476,1
25,34,0.251750201,-0.1016132534,1
25,42,0.3891352117,-0.1754060388,1
25,50,0.2553433776,-0.1857232153,1
25,58,0.09232906997,-0.1154984534,1
25,66,-0.003386244178,-0.00897911191,1
25,74,-0.0654374212,0.04532461613,1
25,82,0.07324409485,0.08871604502,1
25,90,0.09820274264,-0.02093774825,1
25,98,0.231192559,0.07848881185,1
25,106,0.474352628,0.2034898102,1
25,114,0.3772373199,0.1921985745,1
25,122,0.1743816584,0.01544996351,1
25,130,0.1963120401,0.07305052876,1
25,138,0.2467651516,0.05970529467,1
25,146,0.09657134116,-0.01098674349,1
25,154,0.05199922621,-0.03111023828,1
25,162,0.1495115459,0.05186552554,1
25,170,0.1281009465,0.05524460599,1
33,10,0.01438392699,0.1811326742,1
33,18,0.1771377474,0.09821540862,1
33,26,0.1454275995,0.02784200385,1
33,34,0.1821854711,-0.06676390767,1
33,42,0.2046164274,-0.07643509656,1
33,50,0.08741828054,-0.04508809745,1
33,58,-0.08148178458,-0.1898980141,1
33,66,-0.0684024021,-0.06692329794,1
33,74,0.01640019193,0.006038915366,1
33,82,0.01054792106,-0.0188802518,1
33,90,0.06596388668,-0.09936912358,1
33,98,0.2074131072,-0.01488164812,1
33,106,0.2927128375,0.09852254391,1
33,114,0.2946248055,0.1344401687,1
33,122,0.2305451632,0.02972519398,1
33,130,0.1440316141,0.0517860055,1
33,138,0.0469391197,0.02074217238,1
33,146,0.007933713496,-0.06614965945,1
33,154,0.08920477331,-0.04472967982,1
33,162,0.169251591,0.0703041181,1
33,170,0.1676720381,0.02302180603,1
41,10,-0.02512254566,0.1894605756,1
41,18,0.1773082316,0.1168375909,1
41,26,0.1653887779,0.08025860786,1
41,34,0.1056241319,-0.006573114544,1
41,42,0.05300904065,-0.03955511004,1
41,50,-0.02947317809,0.0269052349,1
41,58,-0.02097956836,-0.05387219042,1
41,66,0.0333365947,-0.05403029174,1
41,74,0.1666964889,-0.08579064906,1
41,82,0.1033144593,-0.04074859619,1
41,90,0.1491457522,-0.0415803194,1
41,98,0.2473644763,-0.05185560882,1
41,106,0.2317599058,0.04045582935,1
41,114,0.2351309508,0.1905587763,1
41,122,0.1833034307,0.0956825912,1
41,130,0.1562623382,0.08599697798,1
41,138,0.06971266866,0.05409498885,1
41,146,0.1547252238,-0.05276353285,1
41,154,0.2221482992,-0.07216067612,1
41,162,0.1554077119,0.01079567708,1
41,170,0.1109728441,-0.02599041909,1
49,10,-0.01916891336,0.1973197907,1
49,18,0.07513508201,0.2007010579,1
49,26,-0.0238103196,0.100430809,1
49,34,-0.1968854368,-0.0922485888,1
49,42,0.0227380693,0.09948046505,1
49,50,0.04691118002,0.1031296551,1
49,58,0.1758954525,0.09562224895,1
49,66,0.196359843,0.0833722651,1
49,74,0.1174264252,0.1581971645,1
49,82,0.2003405988,0.05164214969,1
49,90,0.207205072,0.004206378013,1
49,98,0.1456670761,-0.06379618496,1
49,106,0.1249830574,0.002215724438,1
49,114,0.0728649348,0.07541196048,1
49,122,0.06138461083,0.08312644064,1
49,130,0.1373621374,0.04495498538,1
49,138,0.1012257859,0.02694798261,1
49,146,0.1642147303,0.04612617567,1
49,154,0.2673236132,0.01322633587,1
49,162,0.08226379752,-0.005669789389,1
49,170,0.02003595233,-0.06123880297,1
57,10,0.05930929631,0.06373731047,1
57,18,0.08547483385,0.09443736076,1
57,26,-0.01489000767,0.08010930568,1
57,34,0.1067032292,0.02002216876,1
57,42,0.1133001149,0.2120709121,1
57,50,0.05505595356,0.3372424245,1
57,58,0.05137237161,0.1892875731,1
57,66,0.08945849538,0.05956198275,1
57,74,0.1294368804,0.08020304888,1
57,82,0.2113981098,0.1248641908,1
57,90,0.2315303832,0.04480314627,1
57,98,0.108088091,0.05250937119,1
57,106,0.1166670695,0.06124706566,1
57,114,0.1167888343,-0.05311542377,1
57,122,0.01998004317,-0.09937521815,1
57,130,0.0126285851,0.01709050126,1
57,138,0.0500080511,0.1756942868,1
57,146,0.1327495277,0.08516423404,1
57,154,0.2388531566,0.01248801965,1
57,162,0.1715239137,-0.066220209,1
57,170,-0.05087481812,-0.1410013586,1
65,10,-0.03059423342,0.03139260411,1
65,18,0.003340125084,0.01394352689,1
65,26,0.08936224878,0.05499625951,1
65,34,0.08688914776,0.1872626394,1
65,42,0.1038748622,0.2512614727,1
65,50,0.08627283573,0.2882789969,1
65,58,0.06396944821,0.08493366838,1
65,66,0.1201285422,0.0132639613,1
65,74,0.0813466832,-0.04022490233,1
65,82,0.1018528938,0.03962487355,1
65,90,0.1613738686,0.04938728362,1
65,98,0.1116189361,0.1240878552,1
65,106,0.1036470532,0.183615312,1
65,114,0.104369916,0.04076515511,1
65,122,-0.0004239454865,-0.05512563884,1
65,130,0.08572962135,0.02955428138,1
65,138,0.1535303593,0.1438118517,1
65,146,0.06005852669,0.02427360043,1
65,154,0.1514898837,-0.02773489244,1
65,162,0.1539172679,-0.002412909642,1
65,170,0.01006733626,-0.09486716241,1
73,10,0.1403490454,0.03615768999,1
73,18,0.2878745496,0.1413688064,1
73,26,0.2278021425,0.02193566412,1
73,34,0.1713866591,0.1833392382,1
73,42,0.171602577,0.1927250177,1
73,50,0.1028555781,0.1849407852,1
73,58,-0.04475862533,0.04370376468,1
73,66,-0.05564581603,0.05329320952,1
73,74,-0.0189874284,-0.04495494813,1
73,82,0.061225757,-0.08944173157,1
73,90,0.1392709762,0.07489615679,1
73,98,0.04467300326,0.03680873662,1
73,106,0.0639705658,0.02688181959,1
73,114,0.05649931356,0.01370186172,1
73,122,0.01222887263,-0.08046023548,1
73,130,0.09204027057,-0.04995139688,1
73,138,0.1275569499,-0.01689200848,1
73,146,0.08390133083,-0.0550609827,1
73,154,0.1288682669,-0.08632268012,1
73,162,0.1142878979,0.00328425318,1
73,170,-0.04271057248,0.0469289422,1
81,10,0.05261613429,0.02517890185,1
81,18,0.2004716396,0.04745923728,1
81,26,0.1898297071,0.1066045389,1
81,34,0.1197942197,0.1005809754,1
81,42,0.07745949924,0.1305836439,1
81,50,-0.05103555322,0.175061211,1
81,58,-0.2433076203,0.04120192677,1
81,66,-0.143361479,0.0598154664,1
81,74,-0.01378731057,-0.08288954198,1
81,82,0.02407362312,-0.0666346997,1
81,90,0.0735970661,0.04085532948,1
81,98,0.06027202308,0.09811656177,1
81,106,0.0366191715,0.03903453052,1
81,114,0.04427297413,-0.01447976381,1
81,122,0.07992434502,-0.07751105726,1
81,130,0.1244091094,-0.1279751807,1
81,138,0.177938357,-0.09410558641,1
81,146,0.1937343925,-0.108160235,1
81,154,0.1833883822,-0.118240729,1
81,162,0.1241144314,-0.05354017392,1
81,170,-0.1412403435,0.07234147191,1
89,10,0.1139448434,0.15461573,1
89,18,-0.02322103083,0.05615051091,1
89,26,0.009512357414,0.1628163755,1
89,34,0.03544618562,0.1271710545,1
89,42,0.03459512815,0.02724649012,1
89,50,-0.04816620424,0.08286499977,1
89,58,-0.2073876262,0.04762889445,1
89,66,-0.1503137201,0.03606678918,1
89,74,-0.08318770677,-0.1168976277,1
89,82,-0.09948678315,-0.0992140919,1
89,90,0.04277803749,-0.03103816509,1
89,98,0.1903572232,0.1503388882,1
89,106,0.1108440086,0.2269946486,1
89,114,0.1421251595,0.1419741362,1
89,122,0.1913712323,-0.02552061155,1
89,130,0.1885477453,-0.1572742164,1
89,138,0.1910655349,-0.08440841734,1
89,146,0.2073500007,-0.133495748,1
89,154,0.2449801862,-0.07887549698,1
89,162,0.1554787904,-0.05876609311,1
89,170,-0.09256326407,-0.0005171895027,1
97,10,0.2472149432,0.1080033779,1
97,18,0.1228691787,0.07529971004,1
97,26,0.05219488591,0.155873701,1
97,34,0.01840914786,0.0524196811,1
97,42,0.0006855204701,-0.05846532434,1
97,50,-0.04108959064,0.001434110105,1
97,58,-0.02223715745,0.1131921634,1
97,66,0.03667555749,-0.02833489515,1
97,74,-0.118793413,-0.1658588499,1
97,82,-0.1705188751,-0.06512729079,1
97,90,0.03305865079,0.02978765219,1
97,98,0.1316029429,0.1034202948,1
97,106,0.06563901156,0.3217322528,1
97,114,0.03872619569,0.1714822203,1
97,122,-0.004900597036,0.05399228632,1
97,130,0.05744852126,0.03733450919,1
97,138,0.1247222051,0.1030963063,1
97,146,0.116978094,-0.07878492028,1
97,154,0.09726236761,-0.1020962745,1
97,162,0.09173120558,0.02488061786,1
97,170,0.02156029642,-0.004444211721,1
105,10,0.1085253954,0.02745002508,1
105,18,0.1545606405,-0.008025415242,1
105,26,0.03491687775,0.09977887571,1
105,34,0.05494266003,-0.02377570234,1
105,42,0.1953844428,-0.03416383266,1
105,50,0.152346462,0.03178450838,1
105,58,0.046941787,0.1123694405,1
105,66,0.03621559963,0.04536431283,1
105,74,0.03638812155,-0.0313606523,1
105,82,0.0769918561,0.0150269419,1
105,90,0.07772819698,0.01986451261,1
105,98,0.06378488988,0.01913681254,1
105,106,0.06425265968,0.03147108853,1
105,114,0.04666039348,0.07832921296,1
105,122,-0.1195590049,0.2316445112,1
105,130,-0.09510494769,0.1348237097,1
105,138,0.02618734539,0.109214887,1
105,146,0.03136765212,-0.0308005698,1
105,154,0.09852533042,0.007498603314,1
105,162,0.1590904593,-0.01327475347,1
105,170,0.1145906448,0.04758399725,1
113,10,0.02524942905,0.2360526621,1
113,18,0.0896288231,0.08600474149,1
113,26,0.1522965133,0.08284731209,1
113,34,0.166523695,0.04512264207,1
113,42,0.2405774891,-0.06485488266,1
113,50,0.2380693853,0.002031423151,1
113,58,0.07051202655,0.0846580863,1
113,66,0.06772810221,0.09125478566,1
113,74,0.1815187782,-0.04577002674,1
113,82,0.2261983454,-0.03931540996,1
113,90,0.104853943,-0.02718370967,1
113,98,0.04785508662,-0.01953998953,1
113,106,0.1034536734,-0.007425304502,1
113,114,0.1963018179,0.07849214226,1
113,122,0.05373978242,0.1206591278,1
113,130,-0.1044261381,0.04313114285,1
113,138,-0.05630140752,-0.0114889862,1
113,146,0.003916412592,-0.02719375491,1
113,154,-0.03951554,0.09962435067,1
113,162,0.1151794344,-0.03688471392,1
113,170,-0.004681814462,0.003022432327,1
121,10,0.01109773666,0.1387949586,1
121,18,0.1060274839,0.09617212415,1
121,26,0.2001771033,0.1848690808,1
121,34,0.1854402423,0.27622509,1
121,42,0.2642421722,0.02147716284,1
121,50,0.3575940728,-0.0568141602,1
121,58,0.3521439135,0.1075253636,1
121,66,0.2738208473,0.04737336561,1
121,74,0.2719341516,-0.1256440282,1
121,82,0.2459799945,-0.02032536268,1
121,90,0.2047185749,0.05115871131,1
121,98,0.1351938546,0.0289401412,1
121,106,0.07783071697,0.03621166199,1
121,114,0.1031759456,0.03040993214,1
121,122,0.04244119674,0.07335544378,1
121,130,-0.03074421734,-0.0149704814,1
121,138,-0.0149137862,-0.07236848772,1
121,146,-0.02517158538,-0.03182152286,1
121,154,0.0450854525,0.1045194119,1
121,162,0.1544167846,0.0217477344,1
121,170,0.06759524345,-0.04273220524,1
129,10,0.06134273857,0.0706717521,1
129,18,0.02893009782,0.05063206702,1
129,26,0.04485743493,0.1787072718,1
129,34,0.02544061095,0.2538021207,1
129,42,0.07711048424,0.1411617696,1
129,50,0.2910867333,0.02131901681,1
129,58,0.45815292,0.1236706078,1
129,66,0.3706747293,0.04245806485,1
129,74,0.1299377233,-0.05049901828,1
129,82,0.03287780285,0.05828743055,1
129,90,0.1119202897,0.05469953269,1
129,98,0.2637552619,0.1015002429,1
129,106,0.1553911269,0.06043235213,1
129,114,0.1220232323,-0.02516820095,1
129,122,0.1937183142,0.02980067581,1
129,130,0.1179677099,-0.04168535769,1
129,138,0.03091995418,0.01055105776,1
129,146,0.07146959007,0.01226693764,1
129,154,0.1443355978,-0.006854591891,1
129,162,0.04259315133,-0.144161731,1
129,170,0.009335368872,-0.1151171774,1
137,10,-0.06881878525,0.294569701,1
137,18,-0.09488961101,-0.01451452821,1
137,26,0.07189644873,0.004505954683,1
137,34,0.01038662344,0.05383501947,1
137,42,-0.02253897488,0.2132075727,1
137,50,0.1521026939,0.132530883,1
137,58,0.3252204657,0.05015993118,1
137,66,0.1906923652,-0.02519520745,1
137,74,0.05201159418,-0.02718900517,1
137,82,0.002688143402,-0.01565775461,1
137,90,-0.02859029919,-0.04216530547,1
137,98,-0.00156172365,0.07780022174,1
137,106,0.06430406868,0.08542041481,1
137,114,0.2401680946,-0.05263106525,1
137,122,0.2703894377,-0.02457069606,1
137,130,0.1489836276,-0.07588980347,1
137,138,0.04346774518,0.01670455933,1
137,146,0.0245891884,0.06457310915,1
137,154,0.07451972365,-0.08635447174,1
137,162,0.002743594348,-0.2220597565,1
137,170,-0.008941471577,-0.1327844262,1
145,10,0.09904035926,0.1119270846,1
145,18,0.2317436039,-0.1513595134,1
145,26,0.1532024741,-0.07012082636,1
145,34,0.07135045528,-0.04452067241,1
145,42,-0.01815530658,0.07068635523,1
145,50,0.1112563908,0.08796387166,1
145,58,0.1611210406,0.1051232815,1
145,66,0.0887741521,0.05351160467,1
145,74,-0.005632095039,0.02157100663,1
145,82,-0.03526456282,0.002077113837,1
145,90,-0.03214680776,0.03282783553,1
145,98,-0.01502273977,0.09491635859,1
145,106,-0.024849765,0.09315003455,1
145,114,0.08068045974,-0.08962584287,1
145,122,0.1093561798,-0.02157690004,1
145,130,0.08414886892,-0.08421389014,1
145,138,0.02867408842,-0.07980572432,1
145,146,0.005468413234,0.02473113686,1
145,154,0.1123247221,0.008798921481,1
145,162,0.07710653543,-0.1551783532,1
145,170,0.05993507802,-0.06393618137,1
153,10,0.07893647999,0.01462761313,1
153,18,0.212166816,-0.02452883683,1
153,26,0.2336610407,0.02295770682,1
153,34,0.1977456361,0.09640000761,1
153,42,0.1530717462,-0.1263027489,1
153,50,0.1400870234,-0.08846432716,1
153,58,0.144275263,0.1362728775,1
153,66,0.1170645729,0.1078383252,1
153,74,0.02236535773,0.1166844368,1
153,82,-0.005284477025,0.07930155843,1
153,90,-0.01957351342,0.1664679348,1
153,98,-0.03927239031,0.1225008965,1
153,106,-0.06686412543,0.09868949652,1
153,114,-0.004180740565,0.004358554725,1
153,122,0.113947928,0.006547555327,1
153,130,0.2021584809,-0.09418599308,1
153,138,0.0643825978,-0.1239711493,1
153,146,-0.06038720906,-0.01563866995,1
153,154,-0.03620880097,0.05671066046,1
153,162,-0.007878893986,-0.06199812889,1
153,170,0.01707483083,-0.1668889821,1
161,10,0.04469498247,0.01122271642,1
161,18,0.004683822393,0.05256054178,1
161,26,0.09667883068,0.07805064321,1
161,34,0.1832404137,0.05980560184,1
161,42,0.2039763033,-0.1234858856,1
161,50,0.1481606662,-0.02082657069,1
161,58,0.1356380284,0.004786200821,1
161,66,0.1300371438,0.03484657779,1
161,74,0.03490144759,0.01905991882,1
161,82,0.01587388664,-0.007292751223,1
161,90,0.02362397686,0.1132764518,1
161,98,0.02940814942,0.06832580268,1
161,106,-0.007662580349,-0.00241009891,1
161,114,-0.03783943504,-0.008082115091,1
161,122,-0.02500816435,0.069563061,1
161,130,0.05452897772,-0.08674465865,1
161,138,0.08186624199,-0.08093447983,1
161,146,0.06110883504,-0.04018962383,1
161,154,0.0216598995,-0.03584225476,1
161,162,-0.06839865446,-0.1161064953,1
161,170,-0.09628679603,-0.306148082,1
169,10,0.02385392785,0.0593155697,1
169,18,0.02420336381,-0.01172792912,1
169,26,0.1103420258,-0.03075393662,1
169,34,0.1212057024,0.05440524966,1
169,42,0.1756755114,0.01992876641,1
169,50,0.2899028063,0.1299737245,1
169,58,0.260048449,-0.0296910964,1
169,66,0.09502003342,-0.04746632278,1
169,74,0.01000234485,-0.0938141942,1
169,82,-0.01449757814,-0.04568317533,1
169,90,3.697350621e-05,0.1119043082,1
169,98,0.03802466765,0.1775622368,1
169,106,-0.04326940328,0.08851140738,1
169,114,-0.06756210327,0.02615872957,1
169,122,-0.01866748929,0.06827126443,1
169,130,0.08311955631,-0.07512721419,1
169,138,0.1271907538,-0.08188727498,1
169,146,0.09555394202,-0.05294101685,1
169,154,0.08303522319,-0.1767774224,1
169,162,0.09544473886,-0.1668421328,1
169,170,-0.06805048138,-0.2424135208,1
177,10,0.05034315586,0.1651372612,1
177,18,0.05502040684,-0.116354093,1
177,26,0.02008304745,-0.08766303957,1
177,34,0.1014390141,0.03072420508,1
177,42,0.2448388189,0.1144966334,1
177,50,0.2465578914,0.1685670614,1
177,58,0.2115912437,0.0394307822,1
177,66,0.03723092377,0.0208283551,1
177,74,-0.0005181878805,0.002989251167,1
177,82,0.0708348006,0.04633569717,1
177,90,0.09608858079,0.1287563443,1
177,98,0.06582111865,0.08514323831,1
177,106,-0.1544389725,0.0909525305,1
177,114,-0.1319123358,0.09651627392,1
177,122,-0.03783572838,-0.01388300769,1
177,130,-0.001706955954,-0.06872178614,1
177,138,0.03718906268,-0.01061163656,1
177,146,0.0456575267,-0.04621097073,1
177,154,0.02976148948,-0.06581253558,1
177,162,0.0217099376,-0.06968964636,1
177,170,-0.03214077652,-0.1317841113,1
185,10,0.1305207461,0.1429224312,1
185,18,0.0637197569,-0.1026626229,1
185,26,0.05939233303,-0.1094230637,1
185,34,0.12937437,-0.1361359358,1
185,42,0.1013558656,0.02287349664,1
185,50,0.1281571984,0.06183778495,1
185,58,0.2392948568,0.1182932556,1
185,66,0.1649218202,0.1373492032,1
185,74,0.01124868542,0.06640250981,1
185,82,0.07742138952,0.01655393094,1
185,90,0.1363498122,0.04322689399,1
185,98,-0.00665519014,-0.001093760133,1
185,106,-0.1669719368,-0.001206662506,1
185,114,-0.03786061704,-0.05560634658,1
185,122,0.03755922988,-0.003911286592,1
185,130,0.03243631124,-0.07867825031,1
185,138,0.001176855527,0.005220104009,1
185,146,-0.04358994216,0.01196942013,1
185,154,0.06597170234,0.09907357395,1
185,162,0.08388398588,0.03498784453,1
185,170,-0.02516138367,-0.05709803104,1
193,10,0.003302596509,0.138174057,1
193,18,-0.1440028101,-0.03059939109,1
193,26,-0.05050531775,-0.06145813316,1
193,34,0.06182637811,-0.05305269733,1
193,42,-0.07483001053,-0.03592695296,1
193,50,-0.0717959702,0.03738767654,1
193,58,0.1714458764,0.1891254783,1
193,66,0.1494716406,0.08051073551,1
193,74,0.06017195433,0.03134922683,1
193,82,0.0072754547,0.03100065887,1
193,90,0.008424058557,0.016629152,1
193,98,-0.04525587335,0.004599109292,1
193,106,-0.01125526801,0.04961708188,1
193,114,0.01677147299,-0.04955267534,1
193,122,-0.05468896776,-0.004104953259,1
193,130,-0.01983338594,-0.1812293231,1
193,138,-0.04225540161,-0.06483565271,1
193,146,-0.1635141969,0.02423284575,1
193,154,-0.1773391813,0.1809618771,1
193,162,0.0200230591,0.03800825775,1
193,170,-0.02008030191,-0.09506557882,1
201,10,0.02851486579,0.0653167516,1
201,18,-0.06882102787,0.0405472815,1
201,26,-0.07667054981,0.03995342553,1
201,34,-0.05442780256,-0.009199680761,1
201,42,-0.06319966912,-0.02302876115,1
201,50,0.08133407682,0.1143747866,1
201,58,0.1042285711,0.4048776627,1
201,66,0.07616337389,-0.03458838165,1
201,74,0.08563109487,0.0358293727,1
201,82,0.08189629763,0.0796822682,1
201,90,0.07585836202,0.03035281226,1
201,98,0.002200166695,0.1013333946,1
201,106,0.003510356881,0.1398625672,1
201,114,-0.06036898494,-0.03513327241,1
201,122,-0.1073554158,-0.04085480049,1
201,130,0.07696047425,-0.09047408402,1
201,138,0.2153370082,-0.1064056307,1
201,146,-0.02772847936,-0.06940235943,1
201,154,-0.06404069811,0.02547457442,1
201,162,0.004358584993,0.002118471079,1
201,170,-0.01892034151,-0.2741354406,1
209,10,0.05177456141,0.1373437494,1
209,18,-0.02719225734,0.1065658927,1
209,26,-0.01429272443,0.02760001644,1
209,34,-0.06192363799,-0.144532457,1
209,42,0.02250416204,-0.03459448367,1
209,50,0.1144783795,0.1074134856,1
209,58,0.119060941,0.01135768369,2
209,66,0.2037517279,-0.2689287663,1
209,74,0.1913139224,0.05485472083,1
209,82,0.009150767699,-0.1205526143,1
209,90,0.1309188604,0.04454809427,1
209,98,0.1221555471,0.3795709908,1
209,106,0.02421850339,0.1327735484,1
209,114,0.007091131993,-0.3055154681,1
209,122,-0.05740527064,-0.1737968326,1
209,130,0.006313696504,0.09611559659,1
209,138,0.062787503,0.002607747912,1
209,146,0.2471179813,-0.1694149077,1
209,154,-0.03001941741,-0.1457357556,1
209,162,0.008053719997,-0.01401374489,1
209,170,0.05304442719,0.08621706814,1
217,10,0.2078618407,0.1743727773,1
217,18,-0.01502355933,-0.1673702747,1
217,26,-0.02716815472,-0.05648542941,1
217,34,-0.01251051575,0.1578322798,1
217,42,-0.0003680740483,0.1662227958,1
217,50,0.0465291813,0.2091955543,1
217,58,0.05378508568,-0.1979316473,1
217,66,-0.003572292626,-0.09987158328,1
217,74,-0.1100603938,-0.2490302175,1
217,82,-0.1582719386,-0.2100492716,1
217,90,0.02236264199,0.1065185517,1
217,98,0.05912614986,0.1243804023,1
217,106,0.0001729354262,0.2567013502,1
217,114,-0.1085051894,0.1285769492,1
217,122,-0.07006773353,0.01772360504,1
217,130,0.009991825558,-0.237175703,1
217,138,0.04871562123,-0.0756541267,1
217,146,0.1039542258,-0.1350482553,1
217,154,-0.2538291514,-0.2290958166,1
217,162,0.0977191031,-0.1757669449,1
217,170,0.01761163771,-0.1457844377,1
225,10,0.07067183405,0.1660056412,1
225,18,-0.08270594478,-0.2216994017,1
225,26,-0.1626516581,-0.08216105402,1
225,34,-0.03069384396,0.03933063149,1
225,42,0.01029657759,0.1415702105,1
225,50,0.05539219081,0.3213202655,1
225,58,0.04763460159,0.06127386913,1
225,66,-0.08862300217,0.02873212099,1
225,74,-0.1151115149,-0.1148772985,1
225,82,-0.01966971904,0.01026150957,1
225,90,0.05217081308,0.1775347292,1
225,98,0.06554082781,0.1085913479,1
225,106,0.03518612683,0.01688728482,1
225,114,-0.02881986462,-0.0458848998,1
225,122,0.07728008926,-0.1671894342,1
225,130,0.1189391986,-0.1878333986,1
225,138,0.061433319,-0.1208503842,1
225,146,0.08395961672,-0.04759637266,1
225,154,-0.05681804195,-0.1607684195,1
225,162,-0.01620307937,-0.1702487767,1
225,170,-0.02071549743,-0.1456275582,1
233,10,-0.1663777381,0.1754585952,1
233,18,-0.139433071,-0.08912120759,1
233,26,-0.0624579452,-0.02717676945,1
233,34,-0.03609935939,0.0113155134,1
233,42,-0.07801839709,0.09580145031,1
233,50,-0.006023228168,0.2046613842,1
233,58,0.002825107425,0.1119436771,1
233,66,-0.1717716008,0.02734784409,1
233,74,-0.1140425876,0.07515147328,1
233,82,-0.04583697766,0.09797213227,1
233,90,-0.05329477042,0.1343209743,1
233,98,-0.006690651178,0.01551599056,1
233,106,0.03663892299,-0.09722001851,1
233,114,0.1505723894,-0.1980978251,1
233,122,0.1837469786,-0.2697143853,1
233,130,0.1265816689,-0.1275269389,1
233,138,0.03274348006,-0.1065514237,1
233,146,-0.02887276746,-0.02086943388,1
233,154,-0.05363262445,-0.02041848749,1
233,162,-0.0002814922482,-0.07311401516,1
233,170,0.07838100195,0.02960027754,1
241,10,-0.005090042949,0.2043915093,1
241,18,-0.06590151787,0.05437722802,1
241,26,-0.02250574157,0.06796133518,1
241,34,-0.05531620979,0.2038495541,1
241,42,-0.05267222226,0.1407020986,1
241,50,0.02315140516,0.126424551,1
241,58,-0.006289459765,0.1934276223,1
241,66,-0.1033821106,-0.09661975503,1
241,74,-0.1559204459,-0.02109779418,1
241,82,-0.1139055192,0.05705217272,1
241,90,-0.04227431864,0.07109691948,1
241,98,0.01002813876,-0.0380461067,1
241,106,0.1289732307,-0.1492834985,1
241,114,0.1285441071,-0.1456413269,1
241,122,0.09401762486,-0.1416442543,1
241,130,0.02431422472,-0.1059684455,1
241,138,0.04903646559,-0.1112004742,1
241,146,0.06022062898,0.03331328928,1
241,154,-0.03742559999,0.009356651455,1
241,162,0.05407881737,0.03448763862,1
241,170,0.2184855342,0.1089581624,1
249,10,0.04390934855,0.1923375875,1
249,18,-0.07443825901,0.155775249,1
249,26,-0.08120644093,0.1584720314,1
249,34,-0.1022012383,0.2351036519,1
249,42,0.000731183216,0.1650481969,1
249,50,0.1048594341,0.1304537952,1
249,58,0.0477316007,0.07876487821,1
249,66,-0.05289744586,0.009704984725,1
249,74,-0.1466470659,0.05096760392,1
249,82,-0.1403797269,0.1437892318,1
249,90,-0.09807094187,0.1269005537,1
249,98,-0.01104493812,0.02437230386,1
249,106,0.09050478041,-0.1128014401,1
249,114,0.1339414418,-0.1049230322,1
249,122,0.05764185265,-0.0775167942,1
249,130,-0.0777529031,-0.04476199672,1
249,138,-0.09865944088,-0.0818836689,1
249,146,0.01430127583,0.1098661423,1
249,154,0.05536535755,-0.07382603735,1
249,162,0.1738771647,-0.1690458804,1
249,170,0.1879108399,0.04421968013,1
257,10,0.1724609435,0.1909289807,1
257,18,-0.03631951287,0.1436666101,1
257,26,-0.1319583654,0.05056683719,1
257,34,-0.07408542931,0.08553743362,1
257,42,-0.01249890402,0.1683949232,1
257,50,0.07022698224,0.07510450482,1
257,58,0.0642054081,0.05311386287,1
257,66,0.008358448744,0.09672245383,1
257,74,0.06034328789,0.1096384376,1
257,82,0.00866663456,0.1531627476,1
257,90,-0.1029588431,0.1409688294,1
257,98,-0.04231733829,0.05891090631,1
257,106,0.02739822865,-0.01556262374,1
257,114,0.0627990365,-0.07299413532,1
257,122,-0.05916642025,-0.1042757928,1
257,130,0.02615056373,0.03411236405,1
257,138,0.1177952811,0.004488011822,1
257,146,-0.03154434264,0.04678167403,1
257,154,0.03838965669,-0.07269203663,1
257,162,0.2368355542,0.03669104353,1
257,170,0.05726685375,-0.01166468486,1
265,10,0.1575883776,0.2621758282,1
265,18,0.04162667692,0.06581911445,1
265,26,-0.06223721802,0.1223215163,1
265,34,-0.09604843706,0.2644661665,1
265,42,-0.1414995939,0.3879787326,1
265,50,-0.09174568951,0.2245957255,1
265,58,-0.05033563823,0.149718523,1
265,66,-0.1440490037,0.01603759825,1
265,74,-0.1403911114,0.05081880838,1
265,82,-0.06357417256,0.178062126,1
265,90,-0.05904379115,0.1039652228,1
265,98,-0.1524938047,0.07252601534,1
265,106,-0.1318395734,-0.07570843399,1
265,114,-0.06587226689,-0.09005473554,1
265,122,0.005393709987,-0.1353804916,1
265,130,0.1276868582,-0.0725402087,1
265,138,0.07487469912,0.004279762506,1
265,146,0.007723078132,-0.04013946652,1
265,154,0.05620089918,0.1586287916,1
265,162,-0.02305876091,0.1364923269,1
265,170,-0.1218364835,0.1494860649,1
273,10,0.04396544397,0.2945965528,1
273,18,0.02714103647,0.206949234,1
273,26,-0.01526171714,0.1969688237,1
273,34,-0.100149259,0.2914102674,1
273,42,-0.1306785047,0.2585934103,1
273,50,-0.1719211936,0.2217278183,1
273,58,-0.2247422934,0.1704742014,1
273,66,-0.2319092155,0.04069749266,1
273,74,-0.2518897355,-0.002863436937,1
273,82,-0.07782796025,0.1824142933,1
273,90,0.06938353926,0.1373992413,1
273,98,-0.002221668139,0.004404783249,1
273,106,-0.03799802065,-0.057366319,1
273,114,-0.0615943037,-0.0008866004646,1
273,122,0.05355421454,-0.1503838897,1
273,130,-0.08813212812,-0.1111996546,1
273,138,-0.1562017947,-0.1126085073,1
273,146,0.125134632,-0.04959659278,1
273,154,0.05515716225,0.09435367584,1
273,162,-0.05097551644,0.08138348907,1
273,170,-0.1355433911,0.1845297515,1
281,10,-0.04422129691,0.1521769464,1
281,18,-0.1259756386,0.1814347655,1
281,26,-0.1419725716,0.2639138699,1
281,34,-0.1290105879,0.1943095028,1
281,42,-0.1915065348,0.167805925,1
281,50,-0.2070486546,0.06728467345,1
281,58,-0.1517830938,0.09188988805,1
281,66,-0.1151511371,0.1332829297,1
281,74,-0.1209258735,0.02422831953,1
281,82,0.008483268321,0.02008365095,1
281,90,0.1253792942,0.1208808944,1
281,98,0.09727241099,0.08523932099,1
281,106,0.01661606878,0.007268279791,1
281,114,-0.02122043073,0.02515690029,1
281,122,-0.0187125504,-0.04348387569,1
281,130,-0.1705443263,-0.1050997674,1
281,138,-0.1748852134,-0.06362172961,1
281,146,-0.0001586489379,-0.05024493858,1
281,154,-0.02713935822,-0.04072469473,1
281,162,0.008236235939,-0.06320352852,1
281,170,0.1013549715,0.06693502516,1
289,10,-0.1039820537,-0.002431899309,1
289,18,-0.09043661505,0.05175727606,1
289,26,-0.06056764722,0.2091338634,1
289,34,-0.03189765662,0.1317067891,1
289,42,-0.1069405824,0.1295591444,1
289,50,-0.1599827707,0.06013539433,1
289,58,-0.03044375032,-0.02048404515,1
289,66,0.01300150156,-0.04869669676,1
289,74,0.03199744225,0.1072287858,1
289,82,0.01631885022,0.04532504082,1
289,90,0.05715611205,0.1477433741,1
289,98,0.1030916646,0.2044497877,1
289,106,-0.008610855788,0.1148313358,1
289,114,-0.05863199383,0.007620938122,1
289,122,-0.05978682637,-0.02322567254,1
289,130,-0.1374958456,-0.09198626876,1
289,138,-0.1526157111,-0.004286456853,1
289,146,-0.02798422426,0.04132935405,1
289,154,-0.02835880965,-0.04250726476,1
289,162,0.06047170237,-0.03643640876,1
289,170,0.1022184044,0.06097868085,1
297,10,-0.1320741922,-0.03280907869,1
297,18,-0.01645448059,0.03382396698,1
297,26,-0.03626552969,0.112824142,1
297,34,-0.135987848,0.07616078854,1
297,42,-0.1617476344,0.1002160609,1
297,50,-0.1627979428,0.1405850798,1
297,58,-0.08840198815,0.03495229036,1
297,66,0.001363862306,-0.08249118924,1
297,74,0.07791733742,-0.04166574776,1
297,82,0.08145552874,0.08622808754,1
297,90,0.08485497534,0.1721043289,1
297,98,0.007088318467,0.1947484463,1
297,106,-0.1473108083,0.1597777605,1
297,114,-0.2018120289,0.07424914092,1
297,122,-0.1551674455,0.0413174741,1
297,130,-0.1407638043,0.0161475502,1
297,138,-0.1615440995,0.05508069694,1
297,146,-0.06357352436,0.1386031955,1
297,154,-0.04780729115,0.05956283584,1
297,162,-0.03171615303,0.06057929248,1
297,170,0.06522833556,-0.0388835296,1
305,10,-0.05213579535,0.02260503918,1
305,18,-0.07910388708,0.06972238421,1
305,26,-0.06182251126,0.1059824079,1
305,34,-0.05430010706,0.07317106426,1
305,42,-0.04580492526,0.1583755612,1
305,50,-0.1053028032,0.1567324996,1
305,58,-0.1537353694,-0.002783250064,1
305,66,-0.08342678845,-0.0908221975,1
305,74,-0.09938956797,-0.07215291262,1
305,82,-0.09593333304,0.1463215947,1
305,90,0.01454787329,0.101640664,1
305,98,0.008107990026,-0.01741585135,1
305,106,-0.1431436837,0.08751298487,1
305,114,-0.2129123658,0.1955553889,1
305,122,-0.1505827606,0.172385186,1
305,130,-0.0600374639,0.09958919883,1
305,138,-0.1048767567,0.02913166583,1
305,146,-0.08263719082,0.06217862293,1
305,154,-0.01908921078,0.1826003194,1
305,162,0.07055202127,0.07707923651,1
305,170,-0.007095068693,-0.08420932293,1
313,10,0.00942874141,0.1780401468,1
313,18,-0.05799362808,0.1377262324,1
313,26,-0.07906651497,0.07652369887,1
313,34,-0.09333059192,0.1304333508,1
313,42,-0.08874036372,0.220435828,1
313,50,-0.09144119173,0.08125920594,1
313,58,-0.06583050638,-0.02721104026,1
313,66,-0.106154725,-0.07893306762,1
313,74,-0.1730503142,0.1438612342,1
313,82,-0.08865239471,0.1555795819,1
313,90,-0.06687271595,0.08533903956,1
313,98,-0.1480588466,0.01502903923,1
313,106,-0.1632249653,-0.04977466166,1
313,114,-0.1186262518,0.01229875535,1
313,122,-0.131471619,0.1478048265,1
313,130,-0.1336666346,0.08768454194,1
313,138,-0.1161504313,0.05155295134,1
313,146,-0.02682504803,-0.02370421588,1
313,154,-0.07135383785,0.1194011047,1
313,162,-0.1685129702,0.0008081682026,1
313,170,-0.1281689852,0.09709170461,1
321,10,0.01538913324,0.3012436628,1
321,18,-0.01617914066,0.1828175485,1
321,26,-0.05539723858,0.07280669361,1
321,34,0.0006965696812,0.1231504157,1
321,42,0.01657960564,0.1874624938,1
321,50,-0.04401427507,0.1249233633,1
321,58,-0.08581219614,0.2193996608,1
321,66,-0.2681468427,0.0426364392,1
321,74,-0.4059736729,0.23789756,1
321,82,-0.2399350554,0.2017077357,1
321,90,-0.03035236895,0.1373117566,1
321,98,-0.07860706747,-0.02081018686,1
321,106,-0.1427604258,-0.08987749368,1
321,114,-0.182261467,-0.009259371087,1
321,122,-0.1928524524,0.0443501994,1
321,130,-0.2004514933,0.0747859925,1
321,138,-0.2164496034,0.1326974034,1
321,146,-0.1161606461,-0.04805337638,1
321,154,-0.0241426453,-0.03086685762,1
321,162,-0.08118231595,-0.02147567645,1
321,170,-0.09289181232,0.03709145635,1
329,10,-0.07027359307,0.3572279811,1
329,18,0.03023889661,0.2097746581,1
329,26,0.08650066704,0.1353950053,1
329,34,0.004297023639,0.1521178931,1
329,42,0.05815049261,0.1762923896,1
329,50,0.03406011313,0.230471611,1
329,58,-0.02708343044,0.2806683779,1
329,66,-0.1310975105,0.1022159159,1
329,74,-0.2395182848,0.2336045504,1
329,82,-0.1551820338,0.2577881813,1
329,90,0.03434532881,0.09499350935,1
329,98,0.100299269,-0.05274114758,1
329,106,-0.007446162403,0.006624073721,1
329,114,-0.144655332,-0.003378856927,1
329,122,-0.1763236374,0.0499176085,1
329,130,-0.1851804554,0.1547317952,1
329,138,-0.2313167006,0.1212043017,1
329,146,-0.258276999,-0.02453258075,1
329,154,-0.0524981916,-0.05672156066,1
329,162,0.01384843141,0.00299051078,1
329,170,-0.06854769588,0.06636936963,1
337,10,-0.01051549613,0.3020518422,1
337,18,0.003329847008,0.1646200418,1
337,26,-0.03461993858,0.09337973595,1
337,34,-0.05365233868,0.08551038802,1
337,42,0.06892807782,0.1272805035,1
337,50,0.05834716558,0.09876407683,1
337,58,-0.02015572786,0.09988708794,1
337,66,-0.03279633075,0.1373557895,1
337,74,-0.01329623163,0.2256614566,1
337,82,-0.0093915537,0.1019274667,1
337,90,-0.04663093388,-0.04329959676,1
337,98,-0.06126612425,0.01727491245,1
337,106,-0.1114672422,0.05507497489,1
337,114,-0.2552252412,-0.05913902819,1
337,122,-0.3492595553,0.1592629254,1
337,130,-0.2074518502,0.2862118483,1
337,138,-0.2139027417,0.1229667291,1
337,146,-0.1715029329,0.01699120551,1
337,154,-0.09378389269,0.01227496937,1
337,162,-0.1139021963,-0.01924181357,1
337,170,-0.1587795019,0.09190928191,1
345,10,-0.1175013781,0.1462950706,1
345,18,-0.07844917476,0.08656627685,1
345,26,-0.004141842946,0.04539756477,1
345,34,-0.02093023807,0.0946944654,1
345,42,0.06669890136,0.04036936909,1
345,50,-0.04809576273,-0.03166272491,1
345,58,-0.1241044253,0.0303722173,1
345,66,-0.01064375043,0.1916388124,1
345,74,-0.06920600682,0.1488648355,1
345,82,-0.1942637861,0.05489727855,1
345,90,-0.1357471347,-0.1240934134,1
345,98,-0.02909388393,-0.008580932394,1
345,106,-0.0155159831,0.05058484152,1
345,114,-0.1024602875,0.03461218625,1
345,122,-0.2412377298,0.1459174454,1
345,130,-0.272773087,0.2215325832,1
345,138,-0.2288736403,0.164544329,1
345,146,-0.1783746779,0.01135497168,1
345,154,-0.1199796498,-0.01695789397,1
345,162,-0.097169891,-0.1261727512,1
345,170,-0.1934400499,-0.05965618044,1
353,10,-0.154120028,-0.1677144468,1
353,18,-0.04745135456,-0.01022127271,1
353,26,0.122255519,0.09591523558,1
353,34,0.02857212164,0.225265801,1
353,42,0.01229103468,0.1942348033,1
353,50,-0.06389974058,0.06085627526,1
353,58,0.002338085324,0.04290758073,1
353,66,-0.02107625455,0.1963936985,1
353,74,-0.09580698609,0.06656678021,1
353,82,-0.1682750881,0.07078216225,1
353,90,-0.1004022583,-0.07470926642,1
353,98,-0.02423167229,-0.07971110195,1
353,106,-0.06873749197,0.1140731946,1
353,114,-0.1112445593,0.09027723968,1
353,122,-0.2325052917,0.1138272211,1
353,130,-0.272888422,0.1040160209,1
353,138,-0.2366324365,0.1433512568,1
353,146,-0.1760852337,0.04250987619,1
353,154,-0.0493138656,0.05833344162,1
353,162,0.05988795683,-0.06895046681,1
353,170,0.005858771503,-0.0687225759,1
361,10,-0.06600236893,-0.5347747803,1
361,18,0.0203138981,-0.1192863211,1
361,26,0.06388011575,0.09173332155,1
361,34,0.08815141022,0.1555821598,1
361,42,0.03292566538,0.1201902255,1
361,50,-0.08844426274,0.102723442,1
361,58,0.001911722124,0.06587483734,1
361,66,-0.0491219461,0.05871738493,1
361,74,-0.188337177,0.007070656866,1
361,82,-0.187875241,-0.009445026517,1
361,90,-0.1457173675,-0.02745069191,1
361,98,-0.1033320799,-0.004388903268,1
361,106,-0.08364014328,0.03105451353,1
361,114,-0.08996616304,0.02488936111,1
361,122,-0.1455965638,0.1017815992,1
361,130,-0.1602915078,0.09493981302,1
361,138,-0.1292203516,0.08954139799,1
361,146,-0.1305908263,0.009636588395,1
361,154,-0.09555322677,0.04857196659,1
361,162,-0.09018363059,0.03686112911,1
361,170,-0.05229371414,-0.04511337355,1
369,10,0.1452885866,-0.1308027357,1
369,18,0.07468910515,-0.02044761181,1
369,26,0.1439289749,0.2390977144,1
369,34,-0.03888250887,0.1275745332,1
369,42,-0.1205026805,-0.05774527788,1
369,50,-0.1034522653,0.1148392037,1
369,58,-0.05213928968,-0.04655227065,1
369,66,-0.02985215187,-0.07982904464,1
369,74,-0.1873131394,0.01373070478,1
369,82,-0.1002381593,0.06953975558,1
369,90,-0.03643038124,0.07381536067,1
369,98,-0.1731234491,0.1319857091,1
369,106,-0.1001439616,-0.007696800865,1
369,114,-0.008714653552,-0.07087512314,1
369,122,-0.04974529147,-0.02995412052,1
369,130,-0.07162390649,0.09163036197,1
369,138,-0.05529536307,0.02193330973,1
369,146,-0.1027446389,-0.1078759879,1
369,154,0.008727699518,-0.1231438667,1
369,162,0.002946443856,0.04434381425,1
369,170,-0.0591769442,-0.01039391011,1
377,10,0.09428681433,0.1278698742,1
377,18,-0.004911102355,0.1347124577,1
377,26,0.06146761775,0.2349148542,1
377,34,-0.1762227118,0.06748593599,1
377,42,-0.2065744102,0.1705853641,1
377,50,-0.03035157919,0.1157943904,1
377,58,0.009860325605,-0.1049151048,1
377,66,0.09031951427,-0.075407058,1
377,74,-0.1321453899,0.05892331153,1
377,82,-0.1175447926,0.07993522286,1
377,90,-0.001682486385,-0.0383490473,1
377,98,-0.02881978825,0.06894511729,1
377,106,0.01998490095,-0.01651079208,1
377,114,0.1264066696,-0.07814178616,1
377,122,0.06524512917,-0.1273301393,1
377,130,-0.009692586958,-0.04760143906,1
377,138,-0.08924113214,-0.02130111679,1
377,146,-0.1662827432,-0.04858319834,1
377,154,0.03346488625,-0.03283824399,1
377,162,0.01223121956,-0.1306391954,1
377,170,-0.04600679502,-0.05837539583,1
385,10,0.2349008322,0.2099140286,1
385,18,0.1923740506,0.1460731179,1
385,26,0.1180786192,0.02295748144,1
385,34,-0.03750080615,-0.07893033326,1
385,42,-0.1615346074,0.1636681259,1
385,50,-0.06578619778,0.06931351125,1
385,58,0.1061884463,-0.04767242447,1
385,66,0.1203131527,-0.01477101818,1
385,74,-0.07870595157,0.1029822901,1
385,82,-0.05757971853,-0.04155510291,1
385,90,0.02746666223,-0.06653963029,1
385,98,-0.09481146932,0.0282484293,1
385,106,-0.1277310103,-0.01619321108,1
385,114,-0.01058812439,-0.05250095576,1
385,122,0.02429974824,-0.06304673105,1
385,130,-0.03901694715,-0.06060457975,1
385,138,-0.09828065336,-0.1012912765,1
385,146,-0.1083203256,-0.08207216114,1
385,154,-0.06280246377,-0.1158384308,1
385,162,-0.08725243062,-0.1393385828,1
385,170,-0.0676440075,-0.02932166681,1
393,10,0.3154378831,0.1423605382,1
393,18,0.1300156116,0.07202279568,1
393,26,-0.01316141523,0.1420793235,1
393,34,-0.1027577072,-0.08423875272,1
393,42,-0.2914840877,-0.1469211876,1
393,50,-0.1198792309,0.01470544748,1
393,58,0.07946923375,-0.001970580779,1
393,66,0.1204712391,0.02784905955,1
393,74,0.09119096398,0.1923351884,1
393,82,0.01065253839,0.07060222328,1
393,90,-0.1094442755,-0.05322663113,1
393,98,-0.1918430775,-0.05217720568,1
393,106,-0.3162454963,-0.04774846137,1
393,114,-0.2794699967,0.01927518845,1
393,122,-0.1631547213,-0.007946439087,1
393,130,-0.1583962739,0.04292858392,1
393,138,-0.141468361,0.1068054289,1
393,146,-0.1243097484,-0.07217282057,1
393,154,-0.04688858986,-0.0237682052,1
393,162,-0.01515241992,0.06209902838,1
393,170,-0.02783192694,-0.04062414169,1
401,10,0.1943910122,-0.01338111609,1
401,18,0.1652826071,0.1036473215,1
401,26,-0.06187238544,0.2540917099,1
401,34,-0.3101966977,0.07561771572,1
401,42,-0.3384410143,-0.0134187527,1
401,50,-0.1939121485,-0.01242934726,1
401,58,0.07749999315,0.02868284285,1
401,66,-0.02789769322,0.121701777,1
401,74,-0.04674557596,0.264198035,1
401,82,-0.2106251419,0.05908840895,1
401,90,-0.4778111577,-0.1483021826,1
401,98,-0.351713419,-0.1975358278,1
401,106,-0.4390190542,-0.2119041681,1
401,114,-0.2886682749,-0.05199470371,1
401,122,-0.1316355169,0.08901177347,1
401,130,-0.06736977398,0.07606232166,1
401,138,-0.005921512842,0.1736858338,1
401,146,-0.0389951095,0.1555264294,1
401,154,0.02542895824,0.1496920288,1
401,162,0.05790182948,0.0439837575,1
401,170,0.08888487518,-0.0793011561,1
409,10,0.2999162078,-0.2480264008,1
409,18,0.08141794801,0.06929194182,1
409,26,-0.1737212837,0.2721601427,1
409,34,-0.2672629356,0.2260124236,1
409,42,-0.2281938046,0.2195720822,1
409,50,0.01209738106,0.1455274671,1
409,58,0.1915852576,0.06504654139,1
409,66,0.2419606894,0.08595372736,1
409,74,0.2449491024,0.181964919,1
409,82,0.002432752401,0.01809512079,1
409,90,-0.1946255267,-0.001912100241,1
409,98,-0.2514324784,-0.08102740347,1
409,106,-0.227352336,-0.08642920107,1
409,114,-0.06032384187,-0.02120395005,1
409,122,-0.01847615838,0.095773004,1
409,130,-0.01431903616,0.1153745055,1
409,138,0.001087680459,0.1790027469,1
409,146,-0.007348351181,0.1289727986,1
409,154,0.0914632529,0.1118882075,1
409,162,0.08821876347,0.03475349396,1
409,170,-0.05723036081,-0.0963383913,1
417,10,0.1695058197,-0.1467694491,2
417,18,0.03909543902,-0.04551249743,1
417,26,-0.2305210531,0.352350086,1
417,34,-0.2254417241,0.4385783076,1
417,42,-0.2731446624,0.5040196776,1
417,50,0.08278438449,0.4722183049,1
417,58,0.1488861442,0.194301635,1
417,66,0.2050498426,0.04687178135,1
417,74,0.1876644939,0.2172243893,1
417,82,-0.006185278296,0.03158867359,1
417,90,-0.03189201653,0.1570176035,1
417,98,-0.008438065648,0.1596400142,1
417,106,0.108617112,0.1228090823,1
417,114,0.07128292322,0.1175516024,1
417,122,-0.01647767425,0.07806105167,1
417,130,0.066152215,0.1079482734,1
417,138,0.2000526488,0.1387693435,1
417,146,0.1646050811,0.08144249022,1
417,154,0.2214533687,0.09116329253,1
417,162,0.02296776883,-0.02957996354,1
417,170,-0.3844484687,-0.3397957981,1
