PIVlab, ASCII chart output - 24-Oct-2024
FRAME: 64, filenames: A:[64]AVI_Pos025_TimeSrs002425_TgLifeactGFP_Control.avi & B:[65]AVI_Pos025_TimeSrs002425_TgLifeactGFP_Control.avi, conversion factor xy (px -> m): 1, conversion factor uv (px/frame -> m/s): 1
x [px],y [px],u [px/frame],v [px/frame],Vector type [-]
95,65,1.053628445,-0.5556834936,1
95,129,-0.7230266333,-0.3348785639,1
95,193,0.1280088425,-0.1359738111,1
95,257,2.557359219,0.836948514,1
95,321,5.241511822,0.9845646024,1
95,385,5.890748978,-0.2018778324,1
95,449,4.728982449,-0.6384181976,1
95,513,3.37274456,0.1911998093,1
95,577,3.148246288,-0.1410680413,1
95,641,2.292713881,-0.4675586224,1
95,705,1.112548351,-0.7298699021,1
95,769,1.777674675,-0.901910305,1
95,833,1.859430671,-1.692200541,1
95,897,1.49030602,-1.548462629,1
95,961,0.8756578565,-0.9853288531,1
95,1025,-0.01257321239,-2.580737591,1
95,1089,-1.16819334,-1.081758976,1
95,1153,-2.190023899,-1.085306287,1
95,1217,-1.983637333,-1.565300226,1
95,1281,-0.959846735,-1.995362043,1
95,1345,0.3825886846,-1.869019508,1
95,1409,0.7661551237,-1.160739183,1
95,1473,-0.7382842302,-1.756416082,1
95,1537,-1.267282009,-1.79252255,1
95,1601,-0.799439311,0.2873446345,1
95,1665,-0.3534803987,0.06609010696,1
95,1729,-0.396628201,0.8723751307,1
95,1793,-0.9931211472,0.2048478276,1
95,1857,0.198382616,-0.5730863214,1
95,1921,-0.4331693649,0.1488596797,1
95,1985,-0.7332968712,0.3790407181,1
159,65,0.3407241106,1.179509997,1
159,129,-0.625177145,-0.1243780553,1
159,193,-0.7891062498,-0.4152766466,1
159,257,1.034338474,0.3118843436,1
159,321,2.537387371,0.9188416004,1
159,385,1.024044514,0.2609162331,1
159,449,0.2957735062,0.2906897664,1
159,513,1.631249189,-0.1422227621,1
159,577,1.479516983,-0.4181847274,1
159,641,1.487375736,-0.4674997926,1
159,705,2.210736275,-0.9811830521,1
159,769,2.358196497,-1.065333486,1
159,833,1.151735783,-0.56213063,1
159,897,0.609310627,-0.4667607546,1
159,961,0.4552901685,-1.033064604,1
159,1025,0.4239194691,-1.07196188,1
159,1089,-0.5812442899,-0.9233868122,1
159,1153,-1.071754932,-2.339655876,1
159,1217,-0.8418723345,-2.458652973,1
159,1281,-0.3871387243,-1.411498547,1
159,1345,0.2594020665,-0.9415940046,1
159,1409,1.077982187,0.197624445,1
159,1473,1.208830595,0.006606221199,1
159,1537,-0.1154636145,0.2765999436,1
159,1601,-0.1892047226,0.8978081942,1
159,1665,-0.08827598393,0.05873203278,1
159,1729,0.01833467185,-0.05013412237,1
159,1793,-0.2389095128,0.04785491526,1
159,1857,-0.2473742664,1.502381086,1
159,1921,1.317427635,1.155135512,1
159,1985,-3.370186567,0.88489604,1
223,65,-0.6602473855,1.705880165,1
223,129,-0.4572758079,0.2803952694,1
223,193,-0.4192767441,-0.4138062596,1
223,257,-0.06955772638,-0.06203511357,1
223,321,0.2491919994,1.47946167,1
223,385,0.6757513285,0.3252620101,1
223,449,0.7533604503,2.070438385,1
223,513,0.7534241676,-0.2427047193,1
223,577,0.7429268956,-0.9427441955,1
223,641,0.8249436617,-0.5725946426,1
223,705,1.864181042,-1.034947038,1
223,769,1.829987526,-1.19195497,1
223,833,0.8210161328,0.2407268882,1
223,897,0.5410893559,0.3569788039,1
223,961,0.5987380743,-1.003159285,1
223,1025,0.6753151417,-1.423183918,1
223,1089,-1.396905661,-1.262851477,1
223,1153,-1.092131495,-3.135189533,1
223,1217,-0.7507910132,-2.845873117,1
223,1281,0.1000682265,-0.8055790663,1
223,1345,0.4976876378,-0.3439701796,1
223,1409,1.003116846,0.04314282537,1
223,1473,1.447529316,0.2873474061,1
223,1537,1.30700326,0.3314076662,1
223,1601,0.8456192017,0.4690175653,1
223,1665,0.2479289472,-0.6437300444,1
223,1729,0.1961767077,-0.1445572078,1
223,1793,0.5980782509,-0.09016922116,1
223,1857,0.8178582191,0.01059575379,1
223,1921,-0.554256916,0.2794229984,1
223,1985,-2.888012886,0.7997668386,1
287,65,-0.5348545313,1.042244673,1
287,129,-0.01059269905,-0.1036319882,1
287,193,0.1572713107,-0.3181210458,1
287,257,0.4921001792,0.9618728161,1
287,321,-0.2118920088,1.367636442,1
287,385,-0.1388320923,-0.7412338257,1
287,449,1.021954417,-0.08663314581,1
287,513,0.8353998661,-0.7447820902,1
287,577,0.5424250364,-1.145812273,1
287,641,0.1275013685,-0.7406929135,1
287,705,0.03167319298,-0.3859180212,1
287,769,-0.2925185561,-0.1175272465,1
287,833,0.4094171524,-0.5008837581,1
287,897,0.3014611602,-0.7025893927,1
287,961,-0.04111266136,-0.7532531023,1
287,1025,0.1043342054,-1.052654862,1
287,1089,-0.406145215,-1.211559296,1
287,1153,-1.944206238,-1.288467765,1
287,1217,-1.590447426,-1.068515658,1
287,1281,0.3028275967,-0.3468594551,1
287,1345,0.6112751365,-0.761941433,1
287,1409,1.117933989,-0.3356633782,1
287,1473,1.85273993,0.03032776713,1
287,1537,1.589897275,0.5125598907,1
287,1601,0.7425583601,1.402881026,1
287,1665,0.4390001893,-0.24716492,1
287,1729,0.3112980127,-0.08214600384,1
287,1793,0.9908285141,0.163876906,1
287,1857,2.180970192,0.1946251541,1
287,1921,2.685168028,0.3820024729,1
287,1985,1.956953764,0.5766723156,1
351,65,-0.4502239227,0.209335804,1
351,129,0.118296504,-1.035435081,1
351,193,0.09886778146,-0.2952786386,1
351,257,0.1906868815,0.1351735294,1
351,321,-0.2251263261,-1.113768458,1
351,385,-0.2508810163,-0.5175833702,1
351,449,0.9344940186,-1.421920061,1
351,513,0.2668783069,-1.491464138,1
351,577,-0.05125039816,-1.327373981,1
351,641,-0.4324033856,-0.7129771709,1
351,705,-0.5725677609,-0.1750696898,1
351,769,0.1124648154,1.108405948,1
351,833,0.4863290787,-0.5747522116,1
351,897,0.6443428993,-0.4633459449,1
351,961,0.2919793129,-0.5351749659,1
351,1025,0.3325166702,-0.5675837994,1
351,1089,0.6590523124,-0.793597877,1
351,1153,0.2071669102,-0.9532315731,1
351,1217,-0.5436227322,-0.4402039051,1
351,1281,0.07845962793,-1.515036106,1
351,1345,0.4516637325,-1.814650536,1
351,1409,0.8197774887,-0.7504172325,1
351,1473,0.8680098057,0.1082296669,1
351,1537,0.7325432301,0.5073316097,1
351,1601,0.5229858756,1.380344152,1
351,1665,0.6572542787,0.3514117002,1
351,1729,0.6271186471,0.02270194888,1
351,1793,0.9697462916,3.136509657,1
351,1857,1.565664053,0.4974497259,1
351,1921,2.029736042,0.495426178,1
351,1985,2.078418732,1.35734868,1
415,65,-0.1517366171,-0.117649436,1
415,129,-0.07013786584,-0.2783380747,1
415,193,0.05755589902,-0.03817740083,1
415,257,0.7471723557,-0.437105298,1
415,321,-0.4488167465,-0.7278203964,1
415,385,-2.677284479,0.2914842367,1
415,449,1.041859269,-0.3628448844,1
415,513,0.6807866096,0.009757995605,1
415,577,0.2632675767,-0.7469556332,1
415,641,1.024693727,-0.7436381578,1
415,705,0.376052022,-1.193789005,1
415,769,0.4809256196,-0.1277629733,1
415,833,0.4068248272,-0.7298496366,1
415,897,-0.1724727154,-0.6171644926,1
415,961,0.1117167324,-0.5159831643,1
415,1025,1.104426622,0.6146627069,1
415,1089,1.260786295,-0.218930006,1
415,1153,-0.08171319962,-0.6106604934,1
415,1217,-1.084788203,-1.731562138,1
415,1281,-0.2774983048,-2.422300577,1
415,1345,0.2401493192,-2.061189651,1
415,1409,0.1801240444,-0.9980854988,1
415,1473,0.151615262,-0.5436046124,1
415,1537,0.1875278354,0.1771920025,1
415,1601,0.3141326606,0.6421822309,1
415,1665,0.3463240266,0.6784613729,1
415,1729,0.1618190706,1.697274446,1
415,1793,-0.3998593092,4.000932693,1
415,1857,0.3190489411,0.7471435666,1
415,1921,0.6677936316,0.456994772,1
415,1985,1.970272541,1.451546669,1
479,65,0.3682166338,0.1704051644,1
479,129,-0.1248453632,0.2292549163,1
479,193,0.3508498967,-0.3327988982,1
479,257,1.37950635,-1.087676048,1
479,321,0.618760705,-1.241765022,1
479,385,0.6318590641,-0.7184410095,1
479,449,1.090687394,-0.6936246157,1
479,513,1.0086447,-0.675162077,1
479,577,0.4791325629,-0.6046295762,1
479,641,0.6503905058,-0.738011241,1
479,705,0.3135833442,-0.9679489732,1
479,769,0.4396184683,-0.4680745006,1
479,833,0.4220065475,-0.871153295,1
479,897,-1.189143062,-1.504006863,1
479,961,-1.040053129,-1.418458819,1
479,1025,1.264143229,-0.1732251644,1
479,1089,0.6243476868,-0.4513916969,1
479,1153,0.3701810539,-0.8641011119,1
479,1217,-0.04049693048,-1.527920127,1
479,1281,-0.5251550674,-1.330163836,1
479,1345,0.1635824442,-1.145807505,1
479,1409,-0.74629426,-0.6830613613,1
479,1473,-1.137648582,-0.7633029222,1
479,1537,-0.7268869281,-0.4660022557,1
479,1601,-0.1788418889,0.5126918554,1
479,1665,-0.1511475295,0.7325909734,1
479,1729,0.3181883693,1.411895752,1
479,1793,0.1509352922,0.6522556543,1
479,1857,0.1906080544,0.389778316,1
479,1921,0.5139290094,0.5211656094,1
479,1985,2.49248147,2.008892298,1
543,65,0.7716873288,0.3030923009,1
543,129,0.2981479764,-0.4751769304,1
543,193,0.5045925379,-0.5071599483,1
543,257,0.7176395655,-1.470827103,1
543,321,0.9003666639,-1.951078653,1
543,385,1.074117422,-1.390464544,1
543,449,0.7764297724,-1.438478947,1
543,513,0.403560102,-2.572105885,1
543,577,0.2343846858,-0.9328008294,1
543,641,0.8368602991,-0.6195721626,1
543,705,0.3111015558,-0.8082820773,1
543,769,0.07164314389,-0.971028626,1
543,833,0.09848359227,-0.8039778471,1
543,897,-0.05490512773,-2.332383156,1
543,961,0.1169488654,-4.11222744,1
543,1025,0.4447955787,-3.343225718,1
543,1089,0.8662893772,-1.532261968,1
543,1153,0.4544137418,-1.188215375,1
543,1217,0.04847837985,-1.196837902,1
543,1281,-0.3736125827,-0.8593673706,1
543,1345,-1.205503464,-0.4609503746,1
543,1409,-1.59493804,-0.3387740254,1
543,1473,-0.9339993,-0.5738409162,1
543,1537,-0.5783767104,-0.6114516258,1
543,1601,-0.4041253924,0.2784934342,1
543,1665,-0.4993769228,0.5507367253,1
543,1729,0.2066478133,0.5746335983,1
543,1793,0.4679881334,0.5002658367,1
543,1857,0.6913955212,0.407040298,1
543,1921,0.9995796084,0.4102148414,1
543,1985,1.112226725,1.130273104,1
607,65,0.6598473787,0.3735603094,1
607,129,0.2458347231,-0.4691204429,1
607,193,-0.1030578464,-1.150564194,1
607,257,0.291267246,-1.541396141,1
607,321,0.725140214,-1.866123319,1
607,385,0.9068633318,-1.984163523,1
607,449,2.620241165,-3.486587524,1
607,513,-0.2240149379,-1.427548289,1
607,577,-0.1038813144,-0.9925067425,1
607,641,1.232518911,-0.5783709884,1
607,705,0.2436862588,-0.746183455,1
607,769,-0.4138293564,-0.7737609744,1
607,833,-1.001064658,0.3492878675,1
607,897,-1.264820099,-1.578466773,1
607,961,0.01897610724,-3.962001085,1
607,1025,0.3558996618,-3.114068508,1
607,1089,0.6119208336,-1.437949181,1
607,1153,0.5792174339,-1.009398222,1
607,1217,0.1535351872,-0.9996262789,1
607,1281,-0.02668052167,-0.4535338879,1
607,1345,-0.5213380456,0.7632380724,1
607,1409,-0.7995378971,0.7776880264,1
607,1473,-0.4265607595,0.1946178973,1
607,1537,-0.1279309988,-0.08628053218,1
607,1601,-0.6668434739,-0.03192730993,1
607,1665,-0.7566101551,0.1044501588,1
607,1729,0.2399298549,0.2218640745,1
607,1793,0.5514632463,0.3507828712,1
607,1857,0.7887575626,0.315166831,1
607,1921,1.013088703,0.1913031042,1
607,1985,0.8422815204,0.437803179,1
671,65,0.9072797894,0.1393764019,1
671,129,0.350325346,-0.2745025158,1
671,193,0.0725813508,-0.9159501791,1
671,257,0.2709269822,-1.385921955,1
671,321,0.5334690809,-1.758754492,1
671,385,0.452930212,-2.104496479,1
671,449,0.3840578794,-2.101203442,1
671,513,-0.003965973854,-2.365638733,1
671,577,-0.3234668374,-1.26658535,1
671,641,-0.410993129,-0.9524005651,1
671,705,-0.319650352,-0.1037065983,1
671,769,-0.1998411417,-0.3776391745,1
671,833,-0.3630801737,-0.7333347797,1
671,897,-0.1879852265,-0.8298755884,1
671,961,0.1933830827,-2.018859386,1
671,1025,1.037354708,-1.656806707,1
671,1089,0.6014683843,-1.106832027,1
671,1153,0.5184518695,-0.7833471298,1
671,1217,0.3327523768,-0.8653009534,1
671,1281,0.3465758562,-0.4445029497,1
671,1345,0.4352341592,0.4967088103,1
671,1409,0.1448190212,0.9059300423,1
671,1473,-0.06713187695,0.4799094796,1
671,1537,-0.1397203207,0.08304236084,1
671,1601,-0.2629005313,-0.2379248738,1
671,1665,0.146311,-0.4633452594,1
671,1729,0.3358744681,-0.2396585643,1
671,1793,0.402259469,-0.07870852947,1
671,1857,0.5127226114,0.02800992131,1
671,1921,-0.3370263278,0.06614437699,1
671,1985,2.67757988,-0.2870605588,1
735,65,0.8192665577,-0.4098235965,1
735,129,0.3592626154,-0.24038513,1
735,193,0.3516884446,-0.5592236519,1
735,257,0.50914675,-1.100187421,1
735,321,0.6278050542,-1.467333436,1
735,385,0.4898384809,-1.927995324,1
735,449,0.07202737033,-2.077005386,1
735,513,-0.3072713912,-4.11656189,1
735,577,-0.6653143167,-1.795635462,1
735,641,-0.9062913656,-1.729772091,1
735,705,-0.6170384884,-0.7746580839,1
735,769,-0.08846253157,-0.5391961336,1
735,833,-0.1768684983,-0.7992488742,1
735,897,-0.1012531742,-0.8328663111,1
735,961,0.1820574701,-0.7508575916,1
735,1025,0.4217452407,-0.7448425293,1
735,1089,0.4765825868,-0.03715962172,1
735,1153,0.3151241839,-0.7465651035,1
735,1217,0.1106176972,-0.6078634262,1
735,1281,0.357399106,-0.214792788,1
735,1345,0.7487643361,0.2709771097,1
735,1409,0.6444648504,0.4004052877,1
735,1473,0.08280207217,-0.001993745565,1
735,1537,-0.01996140927,-0.03872919083,1
735,1601,1.019438624,-0.1714938581,1
735,1665,0.985964179,-0.4146756232,1
735,1729,0.2288291901,-0.3822227418,1
735,1793,0.2312332243,-0.7483139038,1
735,1857,0.3932187557,-0.4270980358,1
735,1921,0.4382840991,-0.19384633,1
735,1985,1.606773138,-0.321380794,1
799,65,0.6387709975,-1.080595016,1
799,129,0.3140872121,-0.2266137898,1
799,193,0.6388121247,-0.12447384,1
799,257,1.455105782,-0.647939086,1
799,321,1.015574455,-1.297734261,1
799,385,0.9023757577,-1.916479826,1
799,449,0.4828831553,-1.983350635,1
799,513,-0.29654333,-2.025065422,1
799,577,-2.232933283,-2.54547143,1
799,641,-0.5767019987,-6.640220165,1
799,705,-0.2030914873,-0.8707392216,1
799,769,-0.1724854559,-0.5796474814,1
799,833,-0.3001717925,-0.8972486258,1
799,897,-0.1110441461,-0.843599081,1
799,961,0.05204856396,-0.5691049099,1
799,1025,0.4563733041,-0.1891429424,1
799,1089,1.584594131,0.3323463798,1
799,1153,0.5462967157,-0.8847064376,1
799,1217,0.2286010981,-0.642993927,1
799,1281,0.3909356892,0.05528977513,1
799,1345,0.5798010826,0.2100586295,1
799,1409,0.5663647056,0.01516965032,1
799,1473,1.027017355,-0.8038616776,1
799,1537,1.159310102,-0.3674459457,1
799,1601,1.061136961,0.3513474464,1
799,1665,-0.2302678227,-0.7050569654,1
799,1729,0.0717086494,-0.4815639257,1
799,1793,0.3110127449,-0.6060422063,1
799,1857,0.36332497,-0.5261262655,1
799,1921,0.2524351478,-0.08415737748,1
799,1985,-0.3549681902,0.06381760538,1
863,65,0.9100861549,-0.2608212829,1
863,129,0.5998622179,1.402353406,1
863,193,1.207252979,0.481736064,1
863,257,1.208050132,-1.038988113,1
863,321,1.62968111,-2.316438675,1
863,385,1.083168387,-2.33716011,1
863,449,0.5608327389,-1.861174822,1
863,513,0.06198342144,-1.408987284,1
863,577,-0.5131182671,-1.47842741,1
863,641,-0.3148676753,-1.164623857,1
863,705,0.0158174783,0.5495289564,1
863,769,-0.01513276994,-0.737798214,1
863,833,-0.1199146435,-1.158192635,1
863,897,-0.06812527776,-0.9169638753,1
863,961,-0.120431602,-0.5191405416,1
863,1025,1.03229785,-0.2372105718,1
863,1089,0.782050252,-0.3644301891,1
863,1153,0.4109614789,-1.197757959,1
863,1217,0.60221982,-1.415630102,1
863,1281,0.8894114494,-0.6172580719,1
863,1345,0.4193050861,-0.2889561653,1
863,1409,0.3084697723,-0.7387068272,1
863,1473,0.2320907414,-1.536357284,1
863,1537,-0.04332205653,-0.7285907269,1
863,1601,-1.029301882,-1.028779745,1
863,1665,-2.000544071,-0.892028451,1
863,1729,0.3768821359,-0.8122801781,1
863,1793,0.4045777321,-0.5682582855,1
863,1857,0.1531641483,-0.4788426161,1
863,1921,0.4404056966,-0.356443584,1
863,1985,-0.5290695429,-0.2556969523,1
927,65,1.480882406,0.3201110959,1
927,129,1.078361034,-0.1507194042,1
927,193,0.9487975836,-1.024749517,1
927,257,1.44032824,-1.631186128,1
927,321,1.360775113,-2.063007355,1
927,385,0.7011120319,-2.065115452,1
927,449,0.4563966095,-1.695181847,1
927,513,0.1906893402,-1.378324151,1
927,577,-0.01341946423,-1.219023585,1
927,641,0.06240170449,-1.310737848,1
927,705,0.09316156805,-1.375319839,1
927,769,0.2672254443,-1.380754948,1
927,833,0.2039616704,-1.092454553,1
927,897,0.05193567276,-0.9325369,1
927,961,-1.322419047,-0.7069739103,1
927,1025,1.031052589,-0.9201418161,1
927,1089,1.030650854,-0.8686830401,1
927,1153,0.7732048631,-0.5520635843,1
927,1217,0.8583422303,-0.6134554148,1
927,1281,4.784264088,-1.449843526,1
927,1345,2.05803895,-1.158243895,1
927,1409,0.7223135233,-1.00374651,1
927,1473,0.1689962149,-1.46619904,1
927,1537,0.09094017744,-0.863568306,1
927,1601,-1.394652724,-1.100022078,1
927,1665,-1.78164041,-1.182863355,1
927,1729,0.1936881989,-1.005940437,1
927,1793,0.1296996772,-0.6651805043,1
927,1857,-0.09681050479,-0.4683181047,1
927,1921,-0.08734509349,-0.6371195912,1
927,1985,-0.5318238139,-1.34051764,1
991,65,1.772542834,0.2381762266,1
991,129,1.479384184,-0.9606930017,1
991,193,0.920557797,-1.534337759,1
991,257,0.5838270187,-1.819501877,1
991,321,0.5553897619,-1.947294235,1
991,385,0.5628626943,-1.941668868,1
991,449,0.6749827266,-1.62772882,1
991,513,0.1644612849,-1.290323615,1
991,577,0.03515416384,-1.057270288,1
991,641,0.5241541862,-1.097942472,1
991,705,0.3292749524,-1.368181944,1
991,769,0.4295527935,-0.9583568573,1
991,833,0.2995786667,-0.5331990719,1
991,897,-0.765417397,0.4808526039,1
991,961,0.1755237579,-0.8235410452,1
991,1025,1.052680731,-1.009059906,1
991,1089,0.9839699268,-1.05795145,1
991,1153,0.6399410367,-0.563449502,1
991,1217,0.7800214887,-0.3937695026,1
991,1281,1.329552293,-0.9643489122,1
991,1345,0.3374897242,-0.9197930694,1
991,1409,0.05987723917,-0.7058277726,1
991,1473,-0.4483407736,-0.6552527547,1
991,1537,-0.5821809769,-0.8116265535,1
991,1601,0.1975301504,-1.357692957,1
991,1665,0.1218835115,-2.521677732,1
991,1729,-0.5340653062,-1.266219854,1
991,1793,-1.423714757,-0.6025838852,1
991,1857,-0.4343897104,-0.09635472298,1
991,1921,-0.16259785,-0.5270454288,1
991,1985,0.2371470034,-1.250691891,1
1055,65,1.61343503,-0.7130299807,1
1055,129,1.057459593,-1.834046125,1
1055,193,0.5735847354,-1.805046439,1
1055,257,-0.1669046283,-2.264742851,1
1055,321,-0.03357893229,-2.326677084,1
1055,385,0.3187741935,-2.080111504,1
1055,449,0.6224499941,-1.704571843,1
1055,513,0.3257077932,-1.283694029,1
1055,577,0.2000280321,-1.256378293,1
1055,641,0.4168310165,-1.138241053,1
1055,705,0.26294595,-1.059633255,1
1055,769,0.2703461945,-0.8023015261,1
1055,833,0.1431375593,0.1177559495,1
1055,897,0.1407809407,-0.5303165317,1
1055,961,0.3205587268,-0.9395216703,1
1055,1025,0.7103559375,-0.9014291763,1
1055,1089,1.524510145,-1.278012753,1
1055,1153,0.954265058,-1.168929935,1
1055,1217,0.7371111512,-0.8851642609,1
1055,1281,0.08526590466,-1.064789772,1
1055,1345,-0.2287048697,-0.2714687586,1
1055,1409,-0.6192287207,-0.5430071354,1
1055,1473,-1.356950283,-0.6168164015,1
1055,1537,-0.5877879858,-0.8753054142,1
1055,1601,0.6543862224,-0.9369838238,1
1055,1665,1.061564445,-1.773601055,1
1055,1729,0.3532831967,-1.670197845,1
1055,1793,-0.2856500745,-1.073833466,1
1055,1857,-0.5989123583,-0.6230084896,1
1055,1921,-0.3907883465,-0.2532200217,1
1055,1985,0.2679804862,-0.9355185032,1
1119,65,2.063716412,-1.337050319,1
1119,129,1.863703489,-2.054200649,1
1119,193,0.1137691736,-2.249301434,1
1119,257,-0.6639011502,-3.101938248,1
1119,321,-0.1210800484,-2.612542629,1
1119,385,0.2168560922,-2.365198851,1
1119,449,0.6764432192,-1.846036673,1
1119,513,0.3992685676,-1.291777372,1
1119,577,0.07261174917,-1.39904511,1
1119,641,0.2973070741,-1.129378676,1
1119,705,0.1411954761,-0.9938505292,1
1119,769,0.1750439852,-0.7689239979,1
1119,833,0.2402845323,-0.6517758965,1
1119,897,0.3192552924,-0.9664200544,1
1119,961,0.5208628178,-1.1787045,1
1119,1025,0.9724803567,-1.206344247,1
1119,1089,1.731096745,-1.178934336,1
1119,1153,1.346605301,-1.328908443,1
1119,1217,0.9421843886,-2.369353771,1
1119,1281,0.1768388748,-1.830281615,1
1119,1345,-0.6648228168,-0.4997395277,1
1119,1409,-0.8233702779,-0.8521783948,1
1119,1473,-0.9090772867,-1.440124393,1
1119,1537,1.445761442,-1.231048346,1
1119,1601,2.509007215,-1.591388464,1
1119,1665,0.2026217133,-1.683644056,1
1119,1729,-0.1743033528,-1.431553841,1
1119,1793,0.07823747396,-1.319392085,1
1119,1857,-0.4022170305,-1.152204752,1
1119,1921,-0.8604446054,-0.6444003582,1
1119,1985,-0.03231930733,-0.9709818363,1
1183,65,1.731272936,-1.352844715,1
1183,129,1.233617902,-1.47197938,1
1183,193,-0.1337831914,-2.279542923,1
1183,257,-0.5016381741,-3.730476379,1
1183,321,-0.1207184494,-2.820202827,1
1183,385,0.2933833301,-2.364904642,1
1183,449,0.6691089272,-1.905910254,1
1183,513,0.6398054361,-1.508116245,1
1183,577,0.1507186294,-1.429847836,1
1183,641,0.3727970719,-1.230756044,1
1183,705,0.2681921721,-0.7686523199,1
1183,769,0.1537453085,-0.920561254,1
1183,833,-0.9822326899,-0.7677000761,1
1183,897,-0.7764803171,-1.122953415,1
1183,961,0.9484416842,-1.159003258,1
1183,1025,1.010063887,-0.9502283335,1
1183,1089,1.004819393,-0.6195968986,1
1183,1153,0.8855106831,-0.9801926613,1
1183,1217,0.7789660692,-2.693309546,1
1183,1281,0.396612972,-2.297581196,1
1183,1345,-0.5535021424,-1.571153045,1
1183,1409,-0.8623490334,-1.58294642,1
1183,1473,-0.7403104305,-1.625985503,1
1183,1537,0.9895974398,-2.130080223,1
1183,1601,0.4879232645,-1.888208628,1
1183,1665,-0.7577830553,-1.767555237,1
1183,1729,-0.7603602409,-1.347194791,1
1183,1793,-0.610838294,-1.222604871,1
1183,1857,-0.6199355125,-1.290175796,1
1183,1921,-0.2840389609,-0.9496243,1
1183,1985,0.3646596074,-0.8568851948,1
1247,65,1.193308353,-0.109555006,1
1247,129,1.40534699,-0.8833604455,1
1247,193,0.2668063343,-2.098156929,1
1247,257,-0.4307880402,-3.671541929,1
1247,321,0.1703662425,-2.982756138,1
1247,385,1.889306545,-1.952765703,1
1247,449,1.636494637,-1.932642102,1
1247,513,0.9499932528,-1.74294281,1
1247,577,0.9285134077,-1.555711508,1
1247,641,0.6982588172,-1.512256384,1
1247,705,0.4850709736,-1.173998833,1
1247,769,0.2253510952,-1.371328712,1
1247,833,-1.32378757,-0.9615197182,1
1247,897,-1.099281907,-1.344016314,1
1247,961,0.6888076067,-1.103973508,1
1247,1025,0.8653352857,0.02000540495,1
1247,1089,0.7846150398,-0.09714114666,1
1247,1153,0.7090439796,-0.8921117783,1
1247,1217,1.452053785,-1.174732804,1
1247,1281,1.957714677,-1.130795479,1
1247,1345,0.08849649131,-1.676995039,1
1247,1409,-0.5917918682,-1.318014622,1
1247,1473,-1.731880426,-1.529236436,1
1247,1537,-2.05656004,-1.726349354,1
1247,1601,-2.550238609,-1.560096264,1
1247,1665,-2.371202946,-1.216102123,1
1247,1729,-1.880308151,-1.103961825,1
1247,1793,-1.708178043,-1.242132068,1
1247,1857,-1.501172543,-1.450086951,1
1247,1921,-0.352047503,-2.844022751,1
1247,1985,0.8366879225,-2.972783804,1
1311,65,1.05262506,2.532146215,1
1311,129,1.095800281,-0.3974072039,1
1311,193,-0.4553443193,-4.263225555,1
1311,257,0.5082559586,-3.687018156,1
1311,321,0.4980021119,-3.190860987,1
1311,385,1.533465862,-2.215776205,1
1311,449,2.566818953,-1.701820254,1
1311,513,2.198286057,-2.020874977,1
1311,577,1.841376305,-2.03077364,1
1311,641,0.8676173687,-1.776844382,1
1311,705,0.7493830919,-1.855831623,1
1311,769,0.2693377435,-1.771031857,1
1311,833,0.1611574888,-1.148555636,1
1311,897,-1.062657595,-1.469308138,1
1311,961,0.3196932673,-1.094127178,1
1311,1025,0.3779401779,0.02896636724,1
1311,1089,0.4689216018,0.06126046181,1
1311,1153,1.014703393,-0.8844488859,1
1311,1217,1.994469762,-1.069936275,1
1311,1281,1.688809395,-0.1902329922,1
1311,1345,0.8138480186,-1.16781044,1
1311,1409,0.03560006618,-0.7987612486,1
1311,1473,-2.455898285,-0.8614070415,1
1311,1537,-4.065910339,-1.565760255,1
1311,1601,-3.053187609,-1.545786262,1
1311,1665,-3.473350048,-1.151902437,1
1311,1729,-3.076140165,-1.067288995,1
1311,1793,-2.42605257,-1.448265076,1
1311,1857,-2.222723484,-1.768478751,1
1311,1921,-1.24443388,-3.725847721,1
1311,1985,0.225610733,-3.732583761,1
1375,65,1.009283304,0.8924918175,1
1375,129,1.012391567,-1.716603518,1
1375,193,1.056769133,-2.73167491,1
1375,257,0.9941775799,-2.607305765,1
1375,321,0.9649458528,-2.308115482,1
1375,385,0.8319137096,-2.394110441,1
1375,449,1.045448899,-2.348864079,1
1375,513,1.68211472,-2.301063299,1
1375,577,1.411583424,-2.031025648,1
1375,641,0.7778029442,-2.104750872,1
1375,705,0.6348218322,-2.536267757,1
1375,769,0.5458999872,-1.906588554,1
1375,833,0.4312575459,-1.156396151,1
1375,897,0.2507585883,-1.47784853,1
1375,961,-0.162535429,-1.289470196,1
1375,1025,0.1331993341,-0.9847406149,1
1375,1089,0.7060639858,-1.278946996,1
1375,1153,1.857237339,-1.356718659,1
1375,1217,1.795216322,-1.447461128,1
1375,1281,1.627447009,-1.207108855,1
1375,1345,1.465351343,-0.6585036516,1
1375,1409,0.9263076782,-0.6297872663,1
1375,1473,-1.449448705,-0.2155179381,1
1375,1537,-2.722439051,-1.484012246,1
1375,1601,-3.782561064,-2.361138105,1
1375,1665,-2.40226388,-1.849105835,1
1375,1729,-1.555391908,-1.690970659,1
1375,1793,-2.341145039,-2.077090979,1
1375,1857,-2.61399436,-1.941516995,1
1375,1921,-1.575182438,-2.756064653,1
1375,1985,-1.017999887,-3.266887426,1
1439,65,0.771636188,-0.4253299236,1
1439,129,0.9753022194,-2.128861427,1
1439,193,1.208774805,-3.270778179,1
1439,257,1.128631353,-3.138743639,1
1439,321,1.186386824,-2.493211031,1
1439,385,1.243170142,-2.468077421,1
1439,449,0.9459940195,-2.840926886,1
1439,513,0.9439480305,-2.952946186,1
1439,577,1.089443922,-2.352776051,1
1439,641,0.590708375,-3.921078682,1
1439,705,0.8201191425,-2.858145714,1
1439,769,1.024819374,-2.172407866,1
1439,833,0.8790681958,-2.70395565,1
1439,897,0.6279693842,-2.61205101,1
1439,961,0.2580090165,-2.107832432,1
1439,1025,0.5546247363,-2.682060719,1
1439,1089,1.186491728,-2.498621464,1
1439,1153,2.134108543,-2.136337757,1
1439,1217,2.878671408,-2.003643751,1
1439,1281,1.796946883,-1.704806566,1
1439,1345,1.489654064,-0.6888165474,1
1439,1409,0.7737745643,-0.3802472353,1
1439,1473,-0.4200837612,-0.361194253,1
1439,1537,-1.604211807,-0.2245044708,1
1439,1601,-0.5323578119,-0.5367821455,1
1439,1665,-0.6962202191,-0.7990032434,1
1439,1729,-0.9808980227,-1.377350092,1
1439,1793,-1.605975986,-1.809439659,1
1439,1857,-2.018707275,-1.861404657,1
1439,1921,-1.886430502,-2.650620222,1
1439,1985,-1.511485815,-2.469280958,1
1503,65,0.02578574419,-0.2225131989,1
1503,129,0.210712105,-2.645596027,1
1503,193,0.436477989,-2.985816002,1
1503,257,0.6836429834,-3.330857515,1
1503,321,0.8133893013,-2.745615959,1
1503,385,0.6982671022,-2.674987793,1
1503,449,0.7231017351,-2.954453468,1
1503,513,1.265446663,-3.648313761,1
1503,577,1.528588891,-3.3148489,1
1503,641,0.2547428608,-3.331252337,1
1503,705,4.060475349,-2.986333132,1
1503,769,3.124133587,-3.12823081,1
1503,833,1.77799201,-3.477805853,1
1503,897,0.8729498982,-3.590186357,1
1503,961,0.7133517861,-3.439762592,1
1503,1025,0.7193574905,-4.831749916,1
1503,1089,1.265312672,-3.547185183,1
1503,1153,2.837676048,-2.787270069,1
1503,1217,2.55139637,-2.279075146,1
1503,1281,1.648537755,-1.312183857,1
1503,1345,0.7042919397,-0.9379123449,1
1503,1409,0.4657980204,-0.8121128082,1
1503,1473,0.500213027,-0.9658703804,1
1503,1537,-0.07622861862,0.01358151436,1
1503,1601,-0.142232269,0.01161849499,1
1503,1665,-0.5415402651,-1.166755557,1
1503,1729,-0.893016696,-1.195070267,1
1503,1793,-1.259429932,-1.319984794,1
1503,1857,-1.69367528,-1.825634241,1
1503,1921,-2.208677292,-0.6916413307,1
1503,1985,-2.198876143,-0.7162706852,1
1567,65,0.1072251201,-0.3928821087,1
1567,129,-0.5710276961,-4.019163609,1
1567,193,-0.4041780233,-3.368811369,1
1567,257,0.3621972799,-0.9396803379,1
1567,321,0.5608067513,-2.372632265,1
1567,385,0.9862804413,-2.21642971,1
1567,449,0.8989652991,-2.282613516,1
1567,513,1.0901438,-3.290853977,1
1567,577,1.295407414,-3.837545395,1
1567,641,2.013058186,-3.846334457,1
1567,705,2.031335354,-3.53190279,1
1567,769,2.163741589,-3.916668892,1
1567,833,1.518040657,-4.611877441,1
1567,897,0.8150700927,-4.692352295,1
1567,961,0.5941327214,-4.262860775,1
1567,1025,0.8362007737,-5.08150959,1
1567,1089,0.9814904928,-4.275024414,1
1567,1153,1.249847412,-2.949873686,1
1567,1217,1.384191394,-2.136956215,1
1567,1281,1.027932048,-1.471805692,1
1567,1345,0.8175576925,-1.297825575,1
1567,1409,0.7233754992,-1.60266757,1
1567,1473,0.2969168425,-1.298142672,1
1567,1537,0.4365404546,-0.9824857712,1
1567,1601,0.5709908009,-0.7770825624,1
1567,1665,-0.3972038925,-1.295370817,1
1567,1729,-1.029665709,-1.166043162,1
1567,1793,-1.067451477,-1.177802205,1
1567,1857,-0.7282952666,-1.628276587,1
1567,1921,-1.452274561,-0.5701225996,1
1567,1985,-0.3004984856,-0.006962537766,1
1631,65,0.09832149744,-0.8395392895,1
1631,129,-0.8330646753,-3.193457127,1
1631,193,-0.699889183,-3.226558924,1
1631,257,-0.2244023085,-2.302742481,1
1631,321,0.665602386,-2.160627127,1
1631,385,0.8967546225,-1.581507921,1
1631,449,0.9211401343,-1.567858934,1
1631,513,1.206715107,-2.889618397,1
1631,577,1.740854025,-4.949182034,1
1631,641,3.196273804,-4.809948444,1
1631,705,2.836827993,-4.708579063,1
1631,769,2.283141136,-4.922988415,1
1631,833,1.000832558,-6.347540855,1
1631,897,0.4153295159,-5.698163033,1
1631,961,0.6207675934,-4.434539795,1
1631,1025,0.6893886924,-4.447153091,1
1631,1089,0.5507916212,-3.769308567,1
1631,1153,0.7665548325,-2.923882246,1
1631,1217,-0.2179211974,-2.008198738,1
1631,1281,-0.7706597447,-1.075984836,1
1631,1345,0.4082196057,-1.041400075,1
1631,1409,0.4070440531,-1.082673907,1
1631,1473,0.04152390361,-1.231143951,1
1631,1537,0.24375844,-1.270382881,1
1631,1601,0.2621607184,-1.410612822,1
1631,1665,-0.3735476434,-1.476423144,1
1631,1729,-0.5757761002,-1.165796876,1
1631,1793,-0.7886098027,-0.867701292,1
1631,1857,-0.5283571482,-1.252309084,1
1631,1921,0.3034427762,-2.691438198,1
1631,1985,1.732626438,-2.846899271,1
1695,65,0.6918319464,-1.175741196,1
1695,129,-0.3302661479,-2.103203297,1
1695,193,-0.5899449587,-2.406357527,1
1695,257,0.0745735392,-2.573813677,1
1695,321,0.864816308,-2.315437317,1
1695,385,1.044368029,-2.093574762,1
1695,449,1.225559235,-2.467589378,1
1695,513,1.851046085,-3.986288071,1
1695,577,2.13846159,-4.613511086,1
1695,641,2.57359457,-4.853855133,1
1695,705,2.534434557,-5.292413712,1
1695,769,2.121350765,-5.222685337,1
1695,833,0.8881362677,-5.776740074,1
1695,897,0.4439115524,-5.587350845,1
1695,961,-0.07381206751,-4.625240326,1
1695,1025,0.7438031435,-3.364090443,1
1695,1089,0.5509907007,-2.942563772,1
1695,1153,0.3117966652,-2.665459156,1
1695,1217,-0.08809119463,-1.650896311,1
1695,1281,-0.4281183481,-1.209547281,1
1695,1345,1.311964869,-1.071794033,1
1695,1409,1.485716581,-1.036132812,1
1695,1473,0.3529252112,-0.9903626442,1
1695,1537,0.1382306218,-1.590120912,1
1695,1601,0.2655307651,-4.421639919,1
1695,1665,-0.06038637459,-2.573587418,1
1695,1729,0.183183372,-0.751632452,1
1695,1793,-0.2719526887,0.1836023331,1
1695,1857,-0.4344876409,-1.991545796,1
1695,1921,0.3981207013,-3.119075298,1
1695,1985,1.858323336,-3.939430475,1
1759,65,1.041875839,-0.6270096898,1
1759,129,-0.2597325444,-2.300113201,1
1759,193,-0.7848360538,-2.54181695,1
1759,257,0.4893689752,-2.49956727,1
1759,321,0.8631138802,-2.81704998,1
1759,385,1.065249443,-3.06782937,1
1759,449,1.534811497,-3.902813435,1
1759,513,1.750818014,-4.797012329,1
1759,577,1.951952338,-4.046901703,1
1759,641,2.159492254,-3.906946182,1
1759,705,1.797436476,-4.765312672,1
1759,769,1.869289756,-4.461878777,1
1759,833,1.240555525,-4.358523846,1
1759,897,0.4938372374,-4.314355373,1
1759,961,-0.5529280305,-4.372981071,1
1759,1025,1.212654591,-2.607901812,1
1759,1089,0.7976970673,-1.757010937,1
1759,1153,0.02655076981,-2.022128105,1
1759,1217,0.2847363949,-2.349486351,1
1759,1281,0.4130441546,-1.604763031,1
1759,1345,1.556568861,-1.275891662,1
1759,1409,1.479845285,-0.6815080047,1
1759,1473,0.3464539051,-0.5890405178,1
1759,1537,0.3114715219,-1.299261212,1
1759,1601,0.8674201369,-3.234492779,1
1759,1665,1.558655024,-2.881603956,1
1759,1729,1.239172935,-0.8676748276,1
1759,1793,0.5687743425,-1.876055598,1
1759,1857,0.6009797454,-2.959895134,1
1759,1921,1.016132355,-2.86922574,1
1759,1985,1.818955183,-4.1019907,1
1823,65,0.1236858368,-1.03823781,1
1823,129,-0.2105517238,-1.514189839,1
1823,193,-0.3606740832,-2.179767609,1
1823,257,0.2633726895,-2.31587553,1
1823,321,0.2233679295,-3.421687603,1
1823,385,0.899061203,-4.417191505,1
1823,449,1.235962868,-5.035060883,1
1823,513,1.302503347,-5.198619843,1
1823,577,1.489735365,-5.036658764,1
1823,641,1.495913982,-4.633124352,1
1823,705,1.610391378,-4.240751266,1
1823,769,1.250805497,-4.209135056,1
1823,833,1.195144892,-3.664356232,1
1823,897,1.194804788,-3.425158978,1
1823,961,0.8612003326,-3.256510258,1
1823,1025,1.19684279,-2.406212807,1
1823,1089,0.796612978,-1.449662209,1
1823,1153,0.4677370787,-1.802089453,1
1823,1217,-0.3068884611,-2.476078033,1
1823,1281,2.041244268,-1.84479785,1
1823,1345,2.814492464,-1.626706839,1
1823,1409,1.094361067,-0.1967778206,1
1823,1473,0.3521503806,-0.6398029327,1
1823,1537,0.536621809,-0.8270914555,1
1823,1601,1.484115481,-1.022966743,1
1823,1665,2.644039631,-2.149557114,1
1823,1729,2.086468458,-1.773448229,1
1823,1793,1.176976204,-1.874662638,1
1823,1857,1.107137442,-1.781669855,1
1823,1921,1.57095933,-2.463816166,1
1823,1985,1.88967073,-2.52519846,1
1887,65,-3.171222687,-0.2555741072,1
1887,129,-0.8798593283,-1.012411237,1
1887,193,0.3332055509,-1.873807549,1
1887,257,0.1397978961,-2.904355288,1
1887,321,0.167966783,-2.773656607,1
1887,385,0.501586616,-5.022126198,1
1887,449,0.5628275275,-5.983961582,1
1887,513,0.814424634,-5.513365746,1
1887,577,1.515504479,-6.098506451,1
1887,641,1.74951005,-5.870396137,1
1887,705,1.086380959,-3.86369276,1
1887,769,1.137481093,-4.810369492,1
1887,833,1.18473506,-4.542191505,1
1887,897,1.255987644,-2.960182905,1
1887,961,1.52970314,-2.87337327,1
1887,1025,1.370555401,-2.327270985,1
1887,1089,0.6091504693,-1.907232285,1
1887,1153,0.583716929,-1.576711178,1
1887,1217,0.7911409736,-1.69432354,1
1887,1281,0.9635071754,-2.141449451,1
1887,1345,2.860819578,-2.633599997,1
1887,1409,0.881049633,-1.493585587,1
1887,1473,1.278035045,-1.80047977,1
1887,1537,1.875396132,-1.984285116,1
1887,1601,1.825108886,-2.017925024,1
1887,1665,1.551009059,-2.03850317,1
1887,1729,1.388909578,-2.301528454,1
1887,1793,2.010660648,-1.876458168,1
1887,1857,1.618837118,-1.38915956,1
1887,1921,1.077370882,-1.491500258,1
1887,1985,0.9776690006,-2.667731285,1
1951,65,-8.271029472,-0.2810544968,1
1951,129,-2.303833485,-0.673358798,1
1951,193,0.03914219141,-1.596876502,1
1951,257,0.5636857152,-2.60888052,1
1951,321,-0.3566946983,-1.904883385,1
1951,385,-0.6930584908,-4.826682091,1
1951,449,-0.2201864719,-4.632235527,1
1951,513,0.6501033306,-3.862669468,1
1951,577,2.042609692,-4.802834034,1
1951,641,2.332017183,-5.61060667,1
1951,705,1.89177084,-3.950181484,1
1951,769,1.657133102,-3.107095242,1
1951,833,1.505957007,-3.362581253,1
1951,897,1.46149528,-2.808098793,1
1951,961,0.9484992027,-2.287608147,1
1951,1025,0.8735945225,-2.395387173,1
1951,1089,0.3641960621,-3.209704876,1
1951,1153,0.3260178268,-2.72763443,1
1951,1217,-0.01779344678,-1.857823133,1
1951,1281,-0.7136391997,-2.062655449,1
1951,1345,-1.508766532,-3.92656374,1
1951,1409,0.2313728333,-4.163682461,1
1951,1473,2.339761019,-3.50841856,1
1951,1537,2.888624191,-3.114688396,1
1951,1601,2.635681629,-2.50355649,1
1951,1665,1.561493397,-1.952834129,1
1951,1729,1.546610355,-2.235052824,1
1951,1793,1.954020262,-2.512546062,1
1951,1857,1.642885923,-1.37020874,1
1951,1921,1.535998702,0.1600575447,1
1951,1985,2.425336838,3.125946045,1
