PIVlab, ASCII chart output - 24-Oct-2024
FRAME: 26, filenames: A:[26]AVI_Pos025_TimeSrs002425_TgLifeactGFP_Control.avi & B:[27]AVI_Pos025_TimeSrs002425_TgLifeactGFP_Control.avi, conversion factor xy (px -> m): 1, conversion factor uv (px/frame -> m/s): 1
x [px],y [px],u [px/frame],v [px/frame],Vector type [-]
95,65,-9.038299561,-3.287425518,1
95,129,-3.798267841,-1.243432522,1
95,193,-1.084757209,2.140630722,1
95,257,-0.4370087385,0.5104298592,1
95,321,-1.518125772,-0.6968240738,1
95,385,-2.415528297,-1.960919857,1
95,449,-3.362520218,-2.144887447,1
95,513,-4.768422604,-0.2306768894,1
95,577,-2.522472858,1.347186089,1
95,641,-0.8045947552,2.209330082,1
95,705,-0.9172059298,0.6742079258,1
95,769,-1.147818208,0.5137167573,1
95,833,-1.445381761,0.4283210635,1
95,897,-0.6319799423,1.094074607,1
95,961,0.1783245802,0.2482886314,1
95,1025,-2.0657022,0.6129848957,1
95,1089,-2.461142063,-0.7890181541,1
95,1153,0.3782968521,-1.508054972,1
95,1217,-0.1068615913,1.410938025,1
95,1281,0.2389210463,2.960402012,1
95,1345,1.080484509,1.262937069,1
95,1409,1.377234936,0.3271493912,1
95,1473,0.05614537001,-1.447916508,1
95,1537,-0.7020593882,-0.4456596375,1
95,1601,-1.016056538,0.1055314541,1
95,1665,-0.8316321969,0.9861061573,1
95,1729,-0.7373166084,2.840631962,1
95,1793,0.05934028327,-0.4609634876,1
95,1857,0.1096276343,-0.3881741166,1
95,1921,0.8146813512,0.3800321221,1
95,1985,1.510566473,3.289025545,1
159,65,-4.349395275,-2.405706406,1
159,129,-1.802932501,-0.9318231344,1
159,193,-1.128050089,-0.162783742,1
159,257,-1.434864044,-0.9073485136,1
159,321,-2.209350586,-3.567353249,1
159,385,-2.368029833,-7.04189682,1
159,449,-2.202812672,-5.49505949,1
159,513,-1.67242837,-1.329919577,1
159,577,-1.684644461,-0.273311913,1
159,641,-1.682626843,-0.2924352884,1
159,705,-1.793609619,-1.567420483,1
159,769,-0.6364336014,-0.5085344911,1
159,833,-2.06806469,0.4359820783,1
159,897,-2.438588381,1.148777843,1
159,961,-2.29151392,0.5529875755,1
159,1025,-4.80367136,0.3321478963,1
159,1089,-3.811009407,2.142199039,1
159,1153,NaN,NaN,2
159,1217,-1.492734909,2.923083782,1
159,1281,-0.5343768597,2.228363991,1
159,1345,-0.03008258343,1.853589654,1
159,1409,-0.8144225478,1.567572117,1
159,1473,-0.9545858502,1.024251699,1
159,1537,-0.8525112271,1.002001405,1
159,1601,-0.8108967543,0.4289107919,1
159,1665,-0.9640059471,0.2079663575,1
159,1729,-0.9891514182,-0.8691407442,1
159,1793,-1.129681349,0.02082547545,1
159,1857,0.3240225017,0.3652747869,1
159,1921,1.079686403,0.3422605097,1
159,1985,2.967313051,0.1526480317,1
223,65,-2.913015366,-0.9680712223,1
223,129,-1.807937384,-1.600911617,1
223,193,-2.138036251,-2.071313858,1
223,257,-2.343601942,-2.802315712,1
223,321,-6.769724846,-2.334501028,1
223,385,-11.72036171,-1.500629425,1
223,449,-1.292197824,-3.660102367,1
223,513,-1.076728821,-0.9211088419,1
223,577,-2.100917101,-0.2781244516,1
223,641,-3.104858398,-3.511213779,1
223,705,-2.355899572,-3.190486431,1
223,769,NaN,NaN,2
223,833,-1.932749867,0.1716615856,1
223,897,-1.719001889,1.084239602,1
223,961,-1.860248566,0.946051538,1
223,1025,-5.878695488,0.5784182549,1
223,1089,-2.08191824,2.161379814,1
223,1153,-2.877156973,3.48112464,1
223,1217,-2.522068262,2.869691372,1
223,1281,-0.8436231017,2.15003109,1
223,1345,-2.053431511,1.83932209,1
223,1409,-1.749744415,2.397065163,1
223,1473,-1.057644606,2.117193937,1
223,1537,-1.780900717,1.315035343,1
223,1601,-2.013443232,0.8023278713,1
223,1665,-0.09833401442,-0.2498666942,1
223,1729,0.1279650629,-0.6578296423,1
223,1793,-1.332116961,0.1841560304,1
223,1857,0.2078492641,0.48800686,1
223,1921,1.319776058,0.07104709744,1
223,1985,1.005957484,-0.6764162779,1
287,65,-8.567174911,0.1441822052,1
287,129,-3.37438035,-2.959486961,1
287,193,-3.127283573,-4.03287077,1
287,257,-3.067337513,-3.346683502,1
287,321,NaN,NaN,2
287,385,-12.45931435,0.1182599068,1
287,449,-2.006452799,-1.698210239,1
287,513,-0.388949275,-1.224987388,1
287,577,-1.739304304,-2.231133699,1
287,641,-6.441553116,-5.248421669,1
287,705,-5.365446091,-3.699964285,1
287,769,-1.704562902,-3.138599396,1
287,833,-2.358620644,-0.3383227587,1
287,897,-1.691925645,1.578109741,1
287,961,-1.564783454,2.324927092,1
287,1025,-1.765459418,1.973503351,1
287,1089,-1.59937489,3.76515007,1
287,1153,-1.159230471,3.999867678,1
287,1217,-0.607722044,1.983416319,1
287,1281,-0.6412178874,1.803667188,1
287,1345,-1.210032225,1.512185693,1
287,1409,-0.6149324179,2.042048454,1
287,1473,-0.7260360718,2.310778141,1
287,1537,-1.058834076,-2.163216829,1
287,1601,-1.180876255,-1.966396689,1
287,1665,0.1692482233,-0.8526893854,1
287,1729,0.3984848857,-0.6288066506,1
287,1793,-2.744240522,2.53949213,1
287,1857,-0.1255007684,0.07463988662,1
287,1921,0.2196820378,-0.6386884451,1
287,1985,0.5730963945,-0.3955740929,1
351,65,-3.990570545,-1.339923382,1
351,129,-3.945569038,-4.025397301,1
351,193,-4.187659264,-4.712947845,1
351,257,-4.384667397,-3.511563063,1
351,321,-4.431745529,-2.834262848,1
351,385,-3.50588727,-1.007588029,1
351,449,-1.523257375,-0.5151381493,1
351,513,8.442085266,-2.091058969,1
351,577,7.673703671,-2.805894852,1
351,641,-2.502214432,-4.295850277,1
351,705,-2.379342556,-2.461153984,1
351,769,-1.862759829,-1.232830286,1
351,833,-2.866054535,-3.027991772,1
351,897,-2.374549389,-0.248267293,1
351,961,-1.658446074,1.24721694,1
351,1025,-2.304037571,1.974865079,1
351,1089,-2.034215927,3.575630665,1
351,1153,-0.2713392973,2.511055708,1
351,1217,-0.1860629916,1.970821738,1
351,1281,-0.07221090794,1.059863687,1
351,1345,0.4286848605,0.9191457033,1
351,1409,0.7273211479,1.323225737,1
351,1473,0.2848625183,2.048686504,1
351,1537,-3.379598856,-3.892861843,1
351,1601,0.2122655511,-1.1039958,1
351,1665,0.8620054126,-0.2774374485,1
351,1729,-0.4649401307,-0.5625827312,1
351,1793,-3.111481905,1.41356647,1
351,1857,-4.290026665,2.511326075,1
351,1921,0.01963961124,-0.2312155366,1
351,1985,-0.1668545902,-0.4482115507,1
415,65,-4.12781477,-2.880932331,1
415,129,-4.251234055,-4.473603249,1
415,193,-4.49898243,-4.471085072,1
415,257,-5.021643639,-4.254711151,1
415,321,-4.1360569,-2.106450558,1
415,385,-2.525525093,-0.7600759268,1
415,449,-1.537106514,-0.05645871162,1
415,513,5.118491173,-2.943008184,1
415,577,6.693179607,-3.640287638,1
415,641,-9.554433823,-9.503334999,1
415,705,-9.331147194,-8.071074486,1
415,769,-10.7510767,-1.118668079,1
415,833,-14.17631435,-0.5171195269,1
415,897,-10.99443245,-5.876905918,1
415,961,-2.0565207,-3.68550396,1
415,1025,-2.890363932,1.601709723,1
415,1089,-1.632827282,1.808534145,1
415,1153,-0.7212793827,1.719035387,1
415,1217,0.06580466032,2.692195415,1
415,1281,0.7902550697,1.654110789,1
415,1345,0.9233472347,1.355343342,1
415,1409,0.3841877282,1.075835347,1
415,1473,-0.08463945985,0.9038053751,1
415,1537,-0.2382781506,0.7745284438,1
415,1601,0.3612431884,0.6589067578,1
415,1665,0.7210367322,0.1655455232,1
415,1729,0.4020370245,-0.3952549696,1
415,1793,0.2824327946,-0.01772865653,1
415,1857,0.2294076532,0.1568818688,1
415,1921,0.151191324,-0.007882267237,1
415,1985,-0.09917744994,-0.783108294,1
479,65,-5.300605774,-2.192192793,1
479,129,-13.79171562,-7.738586426,1
479,193,-6.337944984,-6.015496254,1
479,257,-4.286445141,-4.081972122,1
479,321,-2.951776266,-1.724029303,1
479,385,-1.792103767,-0.5990606546,1
479,449,-0.6998612881,-0.2183094025,1
479,513,1.196544409,-1.598445535,1
479,577,-1.538225532,-2.706731081,1
479,641,-4.119568825,-5.598083019,1
479,705,-3.004693508,-3.208798885,1
479,769,-9.109825134,-1.092553377,1
479,833,-12.68712616,-0.8619898558,1
479,897,-13.65930462,-1.139233112,1
479,961,-13.27094746,0.6506396532,1
479,1025,-2.228980303,1.52641046,1
479,1089,-1.829075933,2.044305325,1
479,1153,-0.7245707512,1.419880867,1
479,1217,0.09205193818,1.03055191,1
479,1281,0.3719784319,2.149563074,1
479,1345,0.6797822714,1.176231742,1
479,1409,-0.2897224128,2.047647715,1
479,1473,0.2085059285,0.2803724408,1
479,1537,0.3360327184,-0.03067862988,1
479,1601,0.4238612652,0.6207581162,1
479,1665,0.5766896605,0.1308528483,1
479,1729,0.222599864,-0.1137751043,1
479,1793,0.6210082769,0.05421478301,1
479,1857,0.8285337687,0.04336756468,1
479,1921,0.05439838767,-0.8981566429,1
479,1985,0.276066035,-0.9503671527,1
543,65,-14.97492981,-5.302855492,1
543,129,-14.12633896,-4.653613091,1
543,193,-7.959634304,-9.368741989,1
543,257,-4.54792738,-6.076236725,1
543,321,-2.854924679,-2.16454792,1
543,385,-1.695564628,-1.347268343,1
543,449,0.4952791929,-1.135905385,1
543,513,1.251060843,-1.26875484,1
543,577,-1.566570163,-2.325922966,1
543,641,-2.379897833,-2.690265179,1
543,705,-3.07148695,-2.874410868,1
543,769,-3.183719158,-1.332646012,1
543,833,-5.489325523,-0.02718670666,1
543,897,-4.06641674,0.7435093522,1
543,961,-3.32319665,1.293526888,1
543,1025,-2.065087557,1.638707638,1
543,1089,-0.9448472261,2.440380573,1
543,1153,-0.5780061483,0.04856336117,1
543,1217,-0.1983349025,-0.2642166615,1
543,1281,0.05663406849,0.2564653158,1
543,1345,0.289660573,0.6953839064,1
543,1409,0.5716005564,1.130532861,1
543,1473,0.8061914444,0.5587391257,1
543,1537,0.8375356197,0.1326014996,1
543,1601,1.021024585,0.1274116933,1
543,1665,1.138839722,-0.08619724214,1
543,1729,0.166757822,-0.2043888271,1
543,1793,0.820389986,-0.07445047796,1
543,1857,0.6280315518,0.008089870214,1
543,1921,0.107098341,-1.271796465,1
543,1985,0.3274505734,-1.30307436,1
607,65,-5.910027981,-0.6386253834,1
607,129,-5.422226906,-2.163205385,1
607,193,-5.193322182,-2.630491972,1
607,257,-3.225747347,-2.864984751,1
607,321,-2.83186245,-2.717153311,1
607,385,-2.502249718,-2.8841784,1
607,449,-2.670127392,-1.989418745,1
607,513,NaN,NaN,2
607,577,-9.430583954,-11.67477512,1
607,641,-4.918483257,-2.649693727,1
607,705,-4.469933033,-3.356104374,1
607,769,-2.876671791,-1.998487711,1
607,833,NaN,NaN,2
607,897,-3.632122517,1.088988781,1
607,961,-4.984221458,1.361637235,1
607,1025,-2.349995852,1.993708849,1
607,1089,0.5490871668,3.338474035,1
607,1153,-0.7953770161,-0.7356791496,1
607,1217,-0.3640829027,-0.6729642153,1
607,1281,0.07795439661,0.503242135,1
607,1345,0.2918899953,0.6580603719,1
607,1409,0.5852986574,0.7653375864,1
607,1473,0.5566650629,0.9837331176,1
607,1537,0.6839841008,0.2545714378,1
607,1601,1.271161795,-0.4770433307,1
607,1665,1.092707872,-0.3710450828,1
607,1729,0.7802639008,-0.3519306779,1
607,1793,0.4503214359,0.5467051268,1
607,1857,0.4440943003,-0.01440137625,1
607,1921,0.3270929158,-0.6685890555,1
607,1985,-0.188924551,-1.550722599,1
671,65,-4.87280798,-0.4870679379,1
671,129,-4.199236393,-1.514777184,1
671,193,-3.610929251,-1.403409719,1
671,257,-2.872718573,-2.109823704,1
671,321,-2.519822121,-2.635906219,1
671,385,-2.802881956,-2.768708229,1
671,449,-2.779152393,-3.196142912,1
671,513,-1.990045547,-5.505351067,1
671,577,NaN,NaN,2
671,641,1.594838023,-2.323392868,1
671,705,-1.270683169,-1.531907082,1
671,769,-1.582753778,-0.7552587986,1
671,833,-0.2462930679,1.37279582,1
671,897,-3.03172636,1.671268225,1
671,961,-2.979351282,1.547458172,1
671,1025,-5.595276833,2.435049534,1
671,1089,-0.9459717274,2.908639193,1
671,1153,-0.8379097581,1.421233177,1
671,1217,-0.751829505,0.6566570997,1
671,1281,-0.6383128166,4.88779068,1
671,1345,-0.2183650434,5.542695045,1
671,1409,0.2855576575,0.9110455513,1
671,1473,0.1242398322,3.035903215,1
671,1537,0.4170087874,0.180963695,1
671,1601,0.9045340419,-1.457214475,1
671,1665,1.38133812,-0.8985046744,1
671,1729,1.519710183,-0.2308867574,1
671,1793,0.8836925626,0.0005585849285,1
671,1857,0.8990508318,-0.4167300463,1
671,1921,0.7301976085,-1.251283288,1
671,1985,-0.01543056965,-1.847513676,1
735,65,-5.298469543,-0.4588371515,1
735,129,-4.215358734,-1.246986747,1
735,193,-3.629267931,-1.332951069,1
735,257,-2.721726179,-1.77108717,1
735,321,-1.98090291,-2.037459373,1
735,385,-2.363679409,-1.735016704,1
735,449,-2.41345644,-1.898920536,1
735,513,-2.171789646,-3.012810707,1
735,577,NaN,NaN,2
735,641,-1.354614496,-1.576549649,1
735,705,-0.7755601406,-0.9941695929,1
735,769,-1.381759286,-0.3613505363,1
735,833,-5.48966217,1.202201962,1
735,897,-3.066552877,2.475411892,1
735,961,-2.273308516,2.672602654,1
735,1025,-1.628983736,2.321630239,1
735,1089,-1.089575291,1.589165688,1
735,1153,-0.9476792216,1.118622541,1
735,1217,-1.358086467,7.928566933,1
735,1281,-1.140523553,8.39222908,1
735,1345,0.1242735982,5.860833645,1
735,1409,-0.3170121312,0.2029003799,1
735,1473,-0.004732757807,-0.5174531937,1
735,1537,0.2946674228,-0.7886786461,1
735,1601,-0.1065653563,-2.684165001,1
735,1665,-0.06609979272,-1.774751902,1
735,1729,0.8996352553,-1.725291729,1
735,1793,1.03226769,-0.7633791566,1
735,1857,0.9289208651,-0.9392049313,1
735,1921,0.8253824711,-1.548100233,1
735,1985,0.9579512477,-1.586949348,1
799,65,-6.706290245,0.2684897184,1
799,129,-4.203620911,-1.510108471,1
799,193,-3.179367065,-1.899058342,1
799,257,-1.284374714,-0.9378144741,1
799,321,-0.7296013832,-0.3242419958,1
799,385,-2.457808733,-1.134218335,1
799,449,-2.259773016,-1.089138985,1
799,513,-2.144082069,-1.220312357,1
799,577,-1.379960895,-1.284448028,1
799,641,-0.2228887081,-1.594814777,1
799,705,-0.4284538031,-1.954352736,1
799,769,-1.206270695,-1.545970559,1
799,833,-1.889184833,-0.3267390728,1
799,897,-2.051035881,3.217473984,1
799,961,-1.824847221,4.163906574,1
799,1025,-1.089255095,3.44489646,1
799,1089,-0.9179674387,1.018559933,1
799,1153,-0.005409240723,0.4933784008,1
799,1217,-1.592302561,10.33076191,1
799,1281,-1.535520077,9.216191292,1
799,1345,-1.191745996,1.272515059,1
799,1409,-0.8387871981,-0.5458048582,1
799,1473,-0.5141579509,-2.17843008,1
799,1537,0.3097630143,-1.584983587,1
799,1601,0.1471152753,-1.521240711,1
799,1665,0.1658171117,-0.9393582344,1
799,1729,0.6674491167,-0.5790749788,1
799,1793,0.8073989153,-0.5721440315,1
799,1857,0.7837429047,-0.9694012403,1
799,1921,1.164507031,-1.137760639,1
799,1985,1.407762051,-1.693953276,1
863,65,-5.839562893,-2.511329412,1
863,129,-4.769080162,-1.832386494,1
863,193,-3.827982426,-1.978309751,1
863,257,-3.18771553,-1.816759706,1
863,321,-3.47010994,-1.356693745,1
863,385,-1.895263195,-0.4290601015,1
863,449,-1.889157176,-0.5853842497,1
863,513,-1.807336926,-0.06237268448,1
863,577,-0.8422615528,-0.691817522,1
863,641,1.061858892,-1.656609774,1
863,705,0.3684954643,-2.078908205,1
863,769,-1.117667079,-1.956386209,1
863,833,-1.803173184,-0.8818579316,1
863,897,-1.63485527,0.2364956588,1
863,961,-1.506886363,3.582677603,1
863,1025,-0.1903305054,0.5016239285,1
863,1089,-0.535841465,1.159202576,1
863,1153,0.4658516049,-0.007258102298,1
863,1217,-3.264659882,0.6248263121,1
863,1281,-2.061318398,0.7274843454,1
863,1345,-0.9489732981,-0.3434762955,1
863,1409,-1.20500493,-0.9879450202,1
863,1473,-0.735003233,-1.930275559,1
863,1537,0.3840076327,-1.256616235,1
863,1601,0.2192111313,-0.9501544237,1
863,1665,0.3283129036,-1.082985163,1
863,1729,1.04047823,-0.5768911839,1
863,1793,0.6467596292,-0.5974566936,1
863,1857,0.7511354685,-0.9269450307,1
863,1921,1.16452384,-1.042848229,1
863,1985,1.259137273,-1.824597597,1
927,65,-5.69077301,-2.845971346,1
927,129,-5.801494598,-1.926329851,1
927,193,-5.465157032,-1.666001201,1
927,257,-2.827799559,-1.718281627,1
927,321,-2.122330904,-1.63463819,1
927,385,-1.733848572,-0.9544909,1
927,449,-1.05173564,0.3352457285,1
927,513,-1.886838913,-0.2140347958,1
927,577,-1.46156621,0.3749501109,1
927,641,-1.15956986,-2.003878117,1
927,705,-1.242512345,-1.255634427,1
927,769,-1.380528212,-1.266212463,1
927,833,-1.431810975,-1.050706625,1
927,897,-1.216841459,-0.4483990669,1
927,961,-0.5245761275,0.1138027906,1
927,1025,-0.07240742445,-0.1144037247,1
927,1089,-0.2403488159,-0.06635311246,1
927,1153,-0.5735743046,-0.09192502499,1
927,1217,-0.9508419037,-0.781457305,1
927,1281,-1.039475918,-2.242288351,1
927,1345,-0.8490929604,-1.585885763,1
927,1409,-0.8009824753,-1.387999892,1
927,1473,-1.849231362,-1.358133554,1
927,1537,-0.1025772095,1.675472021,1
927,1601,-0.4711655378,-0.7859466076,1
927,1665,0.4079131484,-1.465224028,1
927,1729,0.8492209315,-0.7175698876,1
927,1793,0.7453174591,-0.2490785122,1
927,1857,0.891138792,-0.3559553623,1
927,1921,0.7331180573,-1.099893451,1
927,1985,1.067846775,-1.431974769,1
991,65,-4.286248207,-3.702408791,1
991,129,-4.718677521,-2.262206078,1
991,193,-4.907868385,-1.534020662,1
991,257,-2.008004427,-1.387820125,1
991,321,-0.9530847073,-1.407366872,1
991,385,-2.042117357,-1.8357023,1
991,449,-2.642644167,-1.501404285,1
991,513,-2.632310152,-1.188271284,1
991,577,-2.292376518,-0.94460392,1
991,641,-1.950072527,-0.759129405,1
991,705,-2.020413876,0.3654803038,1
991,769,-1.827604532,-0.5844604969,1
991,833,-1.261608124,-0.6853631139,1
991,897,-0.8570804596,-0.3823714852,1
991,961,0.5700001717,-0.5399288535,1
991,1025,1.595067024,-0.3944123685,1
991,1089,1.688137889,-0.5338436365,1
991,1153,0.3776013255,-1.008585453,1
991,1217,-0.9484249949,-1.491101265,1
991,1281,-2.165905714,-2.089477777,1
991,1345,-2.133831739,-2.079509974,1
991,1409,-0.6885247231,-1.206011534,1
991,1473,-1.233078599,-0.8437832594,1
991,1537,-2.184217691,-0.9279779792,1
991,1601,-0.3565511107,-0.9908265471,1
991,1665,-0.01215359569,-1.221112013,1
991,1729,0.5661451817,-1.782859445,1
991,1793,1.182635307,-0.8263773918,1
991,1857,1.190402627,-0.2799479365,1
991,1921,1.716840267,-0.8820185065,1
991,1985,1.806837201,-0.5198748112,1
1055,65,-4.083725452,-1.081190109,1
1055,129,-3.451556206,-2.711800575,1
1055,193,-2.962756634,-1.651116848,1
1055,257,-1.572291374,-1.08800745,1
1055,321,-1.321520329,-1.214500189,1
1055,385,-2.129626513,-1.534176826,1
1055,449,-3.235018253,-1.483662724,1
1055,513,-3.990044117,-1.684610367,1
1055,577,-3.393588543,-1.062719226,1
1055,641,-2.993505001,-0.8467408419,1
1055,705,-2.605487347,-0.8865101337,1
1055,769,-2.19608736,-0.7720065117,1
1055,833,-1.806281567,-0.4553328753,1
1055,897,-1.078651428,-0.4723306894,1
1055,961,-1.028362274,-0.6718447804,1
1055,1025,-0.6221548915,-0.6480212212,1
1055,1089,-0.8368443251,-5.134608269,1
1055,1153,-1.156194687,-2.15387249,1
1055,1217,-1.226393938,-2.57703352,1
1055,1281,-1.324588537,-1.967192888,1
1055,1345,-1.35731554,-1.6620754,1
1055,1409,-1.141556501,-0.9783496857,1
1055,1473,-0.09519290924,1.78211844,1
1055,1537,0.4157179296,0.1086942255,1
1055,1601,0.6962692738,-0.5568674207,1
1055,1665,0.9017865658,-0.6200242639,1
1055,1729,0.7804217935,-0.4305675626,1
1055,1793,0.669347167,-0.1969232261,1
1055,1857,0.4563490748,-0.4429180026,1
1055,1921,0.9479300976,-0.2014195919,1
1055,1985,1.136361122,-0.8667230606,1
1119,65,-3.834892273,-3.85094595,1
1119,129,-3.620785475,-3.689374447,1
1119,193,-2.613161564,-2.105616093,1
1119,257,-2.529886961,-1.792154551,1
1119,321,-2.42232275,-1.423300028,1
1119,385,-2.462757587,0.3702318668,1
1119,449,-3.070517778,-0.6985797882,1
1119,513,-4.206069946,-1.484326601,1
1119,577,-4.664169312,-0.9850230217,1
1119,641,-4.891555786,-0.7152692676,1
1119,705,-3.526486158,-0.8386730552,1
1119,769,-3.619123459,-0.9673357606,1
1119,833,-3.579396486,-0.7632427216,1
1119,897,-2.196803331,-0.4715663791,1
1119,961,-1.810928583,-0.5182683468,1
1119,1025,-1.657220244,-1.273270845,1
1119,1089,-6.445231438,-3.981484413,1
1119,1153,-6.389599323,-2.302711725,1
1119,1217,-1.275182962,-4.150287628,1
1119,1281,-1.029577851,-2.03291893,1
1119,1345,-1.325443387,-1.5737046,1
1119,1409,-1.552067995,-0.9059644938,1
1119,1473,-0.8681124449,0.2436009049,1
1119,1537,0.2606159449,0.1222282946,1
1119,1601,0.5386555791,-0.4090918899,1
1119,1665,0.8760999441,-0.134337306,1
1119,1729,1.002397537,-0.1325496733,1
1119,1793,0.8796147704,0.1519016474,1
1119,1857,0.4979888797,-0.1525267661,1
1119,1921,0.9757708311,-0.7611589432,1
1119,1985,1.050374985,-1.050131321,1
1183,65,-3.107198238,-2.681858301,1
1183,129,-3.873672724,-4.08300209,1
1183,193,-2.875369549,-1.387294531,1
1183,257,-2.581592321,-1.751505852,1
1183,321,-2.457257748,-2.166478634,1
1183,385,-2.548932076,0.09925401211,1
1183,449,-3.126178741,-0.5791721344,1
1183,513,-4.164728165,-1.167667747,1
1183,577,-4.502254486,-0.9090589285,1
1183,641,-3.785317898,-0.05313503742,1
1183,705,-2.998508215,-0.9551593065,1
1183,769,-2.856872559,-1.202239752,1
1183,833,-2.827953339,-0.7781199217,1
1183,897,-2.65846014,-0.3918679357,1
1183,961,-3.695388317,0.4233426452,1
1183,1025,-2.891070366,0.1681082845,1
1183,1089,-2.925196648,-1.229212046,1
1183,1153,-2.97614336,-1.841239572,1
1183,1217,-2.395331621,-2.140906334,1
1183,1281,-1.751008749,-2.338078976,1
1183,1345,-0.9526780844,-2.584643841,1
1183,1409,-2.074234962,-0.857033968,1
1183,1473,-1.225373507,-1.025678873,1
1183,1537,0.1507685184,-0.5691226721,1
1183,1601,0.2392670214,1.602536201,1
1183,1665,0.4265435338,2.437119961,1
1183,1729,0.8379793763,0.111759305,1
1183,1793,0.7535505891,0.4999227226,1
1183,1857,0.6493295431,0.3247008324,1
1183,1921,0.944855094,-2.429082155,1
1183,1985,1.374217987,-2.055101156,1
1247,65,-4.972302437,1.135993242,1
1247,129,-3.658489227,-0.594163239,1
1247,193,-3.170393467,-1.086167455,1
1247,257,-2.484139681,-1.600785017,1
1247,321,-2.439041853,-2.863411903,1
1247,385,-2.43487668,-0.4964158535,1
1247,449,-2.68160677,-0.6393065453,1
1247,513,-2.498107433,-0.9716287851,1
1247,577,-2.259961128,-1.259117842,1
1247,641,-2.160633087,-0.7632228136,1
1247,705,-2.214866877,-1.092941284,1
1247,769,-2.652675152,-0.9284962416,1
1247,833,-0.355880022,-0.08452248573,1
1247,897,-2.428543329,-0.4065910578,1
1247,961,-2.929234505,0.4516133666,1
1247,1025,-2.838086367,-0.3504632711,1
1247,1089,-2.965848684,-0.1061928272,1
1247,1153,-3.27328229,-1.597377896,1
1247,1217,-2.756172419,-1.745557785,1
1247,1281,-1.861714363,-2.099295616,1
1247,1345,-1.12913394,-2.316725254,1
1247,1409,-1.274888992,-1.8497262,1
1247,1473,-0.7253270149,-1.060321808,1
1247,1537,-0.2485113144,-0.3995936811,1
1247,1601,0.5742753744,0.3179626763,1
1247,1665,0.8147513866,0.9022715688,1
1247,1729,0.6226462126,0.7860541344,1
1247,1793,0.2558967173,1.505362272,1
1247,1857,0.05394089222,2.13121891,1
1247,1921,0.3727875948,1.072209954,1
1247,1985,1.975908875,0.3031436801,1
1311,65,-4.608032227,0.4262862206,1
1311,129,-3.071908474,-1.25167799,1
1311,193,-2.576236486,-4.669237137,1
1311,257,-5.311347008,-3.408609867,1
1311,321,-5.615750313,-0.5785588026,1
1311,385,-2.46663475,0.3742023706,1
1311,449,-2.155863047,-0.3711020947,1
1311,513,-1.944445968,-1.248443842,1
1311,577,-1.670091033,-1.87670064,1
1311,641,-1.453754306,-1.60306716,1
1311,705,-1.298854351,-1.166287065,1
1311,769,-1.387722731,-0.4631365538,1
1311,833,-1.45164454,-0.1533264518,1
1311,897,-1.669923306,-0.3396775126,1
1311,961,-3.08842206,-0.4597098231,1
1311,1025,-3.552926779,-1.100454092,1
1311,1089,-3.645403385,-0.6695971489,1
1311,1153,-2.812966824,-2.13569808,1
1311,1217,-2.653288364,-2.645768881,1
1311,1281,-2.045773506,-2.159894466,1
1311,1345,-1.623675227,-2.227974653,1
1311,1409,-1.561053634,-1.898074269,1
1311,1473,-1.210807681,-1.513284922,1
1311,1537,-0.8838406801,-0.6454966664,1
1311,1601,-0.3533289135,0.5308059454,1
1311,1665,-0.06965468824,1.033681631,1
1311,1729,-0.06649330258,1.439416409,1
1311,1793,-0.2876370549,2.369934082,1
1311,1857,-0.6676713228,1.179542065,1
1311,1921,0.6541143656,1.674085736,1
1311,1985,3.915887117,2.308717251,1
1375,65,-3.027366161,-1.390352368,1
1375,129,-2.328215837,-2.537662745,1
1375,193,-2.370571852,-5.95386219,1
1375,257,-3.227475405,-2.708159447,1
1375,321,-2.700010777,-1.304302454,1
1375,385,-2.532071829,-1.435744166,1
1375,449,-2.496715069,-2.1264112,1
1375,513,-1.656105757,-2.585174084,1
1375,577,-1.02725327,-2.601807594,1
1375,641,-0.962598443,-2.221960545,1
1375,705,-0.9704298973,-1.192379475,1
1375,769,-0.7437694073,-0.3973935843,1
1375,833,-0.6292512417,0.01619821787,1
1375,897,-1.05432117,-0.1138064042,1
1375,961,-1.800675392,-0.3567345142,1
1375,1025,-2.3872087,-1.138827562,1
1375,1089,-2.282937288,-2.41469717,1
1375,1153,-1.997261524,-3.969151735,1
1375,1217,-2.398639679,-3.02701354,1
1375,1281,-2.418999195,-2.451191902,1
1375,1345,-2.54360652,-3.014516115,1
1375,1409,-2.050178528,-2.398029804,1
1375,1473,-1.597287536,-1.599842787,1
1375,1537,-1.947008371,-0.9300585389,1
1375,1601,-2.718429327,1.501305103,1
1375,1665,-0.9492200613,1.008575797,1
1375,1729,-0.06326380372,1.610274315,1
1375,1793,-0.3127207756,1.346050858,1
1375,1857,0.09412527084,1.142861247,1
1375,1921,0.9861382842,1.138559937,1
1375,1985,4.138654232,1.945855141,1
1439,65,-1.355915308,-2.283110142,1
1439,129,-2.005843401,-3.134519577,1
1439,193,-2.307842255,-2.96192193,1
1439,257,-2.42676878,-2.529464245,1
1439,321,-2.728987217,-2.293821335,1
1439,385,-2.294530392,-2.286855936,1
1439,449,-1.953332663,-2.374518633,1
1439,513,-1.60772717,-2.251434326,1
1439,577,-1.064755678,-2.089917421,1
1439,641,-0.9052555561,-1.805113554,1
1439,705,-0.706530571,-1.224256516,1
1439,769,-0.7630913854,-0.7396505475,1
1439,833,-0.5308628082,-0.05022995174,1
1439,897,-0.7839304209,0.8022187352,1
1439,961,-1.480107307,0.02140244842,1
1439,1025,-1.341146231,-0.8223591447,1
1439,1089,-1.244629741,-2.264954567,1
1439,1153,-1.422167778,-2.70297575,1
1439,1217,-1.829816222,-2.498513222,1
1439,1281,-2.148637772,-2.502509356,1
1439,1345,-2.07625246,-3.036256313,1
1439,1409,-2.048551083,-3.456643105,1
1439,1473,-1.213383794,-1.990588903,1
1439,1537,-0.6335587502,-1.310245275,1
1439,1601,-0.9029979706,-0.1805907488,1
1439,1665,-2.128399611,1.563509107,1
1439,1729,-0.7590849996,0.9056032896,1
1439,1793,-0.2631530166,0.5926859379,1
1439,1857,0.2069778591,1.127551794,1
1439,1921,0.9399598241,0.6596477628,1
1439,1985,1.356822729,-4.421856403,1
1503,65,-1.894178748,-2.662472963,1
1503,129,-2.7960639,-3.365281582,1
1503,193,-3.059083462,-3.506083012,1
1503,257,-1.881185293,-3.146966696,1
1503,321,-1.804433584,-3.075821638,1
1503,385,-1.610531569,-3.109917402,1
1503,449,-0.9401465654,-2.480959654,1
1503,513,-0.529301405,-1.715099096,1
1503,577,-0.2720671892,-1.37795186,1
1503,641,0.4177393913,-1.445487618,1
1503,705,-0.2770492435,-1.438226938,1
1503,769,-0.334403038,-1.121658325,1
1503,833,-0.3345373273,-0.2447694093,1
1503,897,-0.7388250232,0.654882431,1
1503,961,-0.7266051173,0.7703523636,1
1503,1025,-0.9776052237,-0.1323156655,1
1503,1089,-1.199212074,-0.8814072013,1
1503,1153,-1.466102123,-1.056118965,1
1503,1217,-2.069549084,-1.74612391,1
1503,1281,-1.594454527,-2.234974384,1
1503,1345,-0.9629924297,-2.790485144,1
1503,1409,-1.671105027,-3.344593763,1
1503,1473,-0.7979174852,-3.257221699,1
1503,1537,-0.2232276201,-1.625619769,1
1503,1601,-0.6574851274,-1.44245553,1
1503,1665,-0.5594063401,-0.5989205837,1
1503,1729,-0.5711125135,-0.3549973965,1
1503,1793,-0.1149230897,0.3044042289,1
1503,1857,0.3497422636,0.8396320939,1
1503,1921,0.0202479586,0.3421221673,1
1503,1985,-0.7183661461,-1.371240973,1
1567,65,-2.102134228,-0.1504620314,1
1567,129,-2.71102953,-2.948984623,1
1567,193,-2.214927673,-4.961920738,1
1567,257,-1.515145183,-3.804606438,1
1567,321,-1.458233714,-3.858460903,1
1567,385,-1.409582376,-5.541604519,1
1567,449,-1.395487189,-4.140411854,1
1567,513,-0.7801253796,-1.50146544,1
1567,577,-0.6910930872,-1.540225744,1
1567,641,-0.7045688629,-1.911527395,1
1567,705,0.2144604325,-1.657621264,1
1567,769,0.3398153186,-1.629625797,1
1567,833,0.05781471729,-0.7280807495,1
1567,897,-0.2648261189,0.9940230846,1
1567,961,-0.5203745961,1.420989037,1
1567,1025,-1.333039761,0.4704410434,1
1567,1089,-1.789487243,0.09052395821,1
1567,1153,-1.591222763,-0.3080364466,1
1567,1217,-1.570014954,-1.120806217,1
1567,1281,-0.7673339844,-1.898836255,1
1567,1345,-0.4891985655,-2.314653873,1
1567,1409,-0.9764307141,-2.86004591,1
1567,1473,-0.5594450235,-3.037089586,1
1567,1537,-0.6893819571,-2.356431961,1
1567,1601,-0.4518345594,-2.286047935,1
1567,1665,-0.1557919383,-1.5548985,1
1567,1729,-0.5221010447,-0.86548841,1
1567,1793,-0.3259854615,0.1436662674,1
1567,1857,0.6866027713,0.5717694163,1
1567,1921,0.514279604,0.1628375351,1
1567,1985,-0.7904145718,-0.9276593924,1
1631,65,-1.472233534,0.3326113224,1
1631,129,-1.302478909,-3.548441648,1
1631,193,-1.528684616,-3.910630465,1
1631,257,-1.537036419,-4.43815136,1
1631,321,-1.648244858,-3.682501316,1
1631,385,-1.272596717,-4.303375244,1
1631,449,-0.5750361681,-1.642699122,1
1631,513,-0.04817283154,-1.170698047,1
1631,577,1.015248656,-1.339383841,1
1631,641,1.00723958,-1.426776052,1
1631,705,0.2803299725,-1.375770807,1
1631,769,0.7578347921,-1.901022315,1
1631,833,0.4819912314,-1.142454505,1
1631,897,-0.3029045165,1.027280331,1
1631,961,-0.8316761255,1.417081833,1
1631,1025,-1.679571867,0.6019185781,1
1631,1089,-1.20106864,-0.1703614891,1
1631,1153,-1.092615128,-0.9819735885,1
1631,1217,-1.044418693,-1.552118301,1
1631,1281,-0.4791110158,-2.037966728,1
1631,1345,-0.3193469048,-1.685880423,1
1631,1409,-0.5186001062,-1.565878153,1
1631,1473,-0.8285751343,-2.56055522,1
1631,1537,-1.302247047,-3.618685484,1
1631,1601,-0.6746528745,-3.598976612,1
1631,1665,-0.5353716016,-2.240320683,1
1631,1729,-0.5047819614,-1.195406556,1
1631,1793,-0.2691884637,-0.5091177225,1
1631,1857,0.1032241285,-0.1436324567,1
1631,1921,0.09309178591,-0.1932778507,1
1631,1985,-0.8828306198,-0.5913934112,1
1695,65,-2.356225014,-0.1449947357,1
1695,129,-1.532955766,-3.592785597,1
1695,193,-1.53879571,-3.320344687,1
1695,257,-1.697756767,-3.30269742,1
1695,321,-1.493679404,-2.818152428,1
1695,385,-0.8635669351,-1.977354765,1
1695,449,-0.02220332623,-1.43049407,1
1695,513,-0.2342781425,-0.4211615324,1
1695,577,-0.328407228,-0.9750026464,1
1695,641,-0.01153102517,-1.137820601,1
1695,705,-0.1172190756,-1.217468739,1
1695,769,0.3431460261,-1.296890736,1
1695,833,1.377133965,-0.959158659,1
1695,897,-0.3577558994,0.5126084089,1
1695,961,-1.044837475,0.5965505838,1
1695,1025,-1.123866558,0.2307698131,1
1695,1089,-0.3961105347,-0.560317874,1
1695,1153,-0.3437948227,-1.530587077,1
1695,1217,-0.6450871825,-1.883297682,1
1695,1281,-0.792723,-2.020664692,1
1695,1345,-0.4444874525,-1.369740605,1
1695,1409,-0.1419667006,-1.499380708,1
1695,1473,-0.6506102681,-2.161274433,1
1695,1537,-1.303289056,-3.674184322,1
1695,1601,-1.454693913,-3.965529919,1
1695,1665,-0.9096304178,-2.805299282,1
1695,1729,-0.1501320601,-1.875863791,1
1695,1793,0.04838979244,-1.390376925,1
1695,1857,-1.060171127,-0.873750031,1
1695,1921,-1.067776799,-0.4478942752,1
1695,1985,-1.456251383,-0.4358928204,1
1759,65,-0.8925222158,-4.223988533,1
1759,129,-1.556495786,-3.477488756,1
1759,193,-1.5981071,-2.602124691,1
1759,257,-1.772402525,-2.215853453,1
1759,321,-1.652016401,-1.941641092,1
1759,385,-1.081274152,-1.724978566,1
1759,449,0.3921148181,-1.394604564,1
1759,513,1.236561894,-1.042316079,1
1759,577,-0.00524392724,-0.5879083872,1
1759,641,-0.6058682799,-2.531554461,1
1759,705,-0.1045362577,-2.775798559,1
1759,769,0.1635955274,-2.424719095,1
1759,833,0.8754104376,-1.303497314,1
1759,897,0.09055657685,-0.07993769646,1
1759,961,-0.5590748787,-0.2807702422,1
1759,1025,-1.013435006,-0.5783880949,1
1759,1089,-0.2040480375,-0.4267258048,1
1759,1153,-0.01600110531,-1.475147247,1
1759,1217,-0.1684913039,-2.103544712,1
1759,1281,-0.6096567512,-1.535386801,1
1759,1345,-0.6449053288,-1.049223542,1
1759,1409,-0.3223569393,-1.740669847,1
1759,1473,-1.060190797,-1.612990141,1
1759,1537,-2.085552692,-2.311915636,1
1759,1601,-2.172712564,-3.203163624,1
1759,1665,-1.206580997,-2.910980225,1
1759,1729,-0.8444619179,-2.202644348,1
1759,1793,-0.4238632917,-1.757292271,1
1759,1857,-0.6080694795,-1.040063381,1
1759,1921,-1.307038784,-0.6479241848,1
1759,1985,-1.747310877,-1.237464786,1
1823,65,1.297320604,-0.7517676353,1
1823,129,-0.3690000772,-2.871274233,1
1823,193,-1.187861443,-1.958989143,1
1823,257,-1.202970862,-1.492439508,1
1823,321,-1.174335957,-1.637201786,1
1823,385,-0.8174321651,-1.789496064,1
1823,449,0.5102003813,-1.554477334,1
1823,513,0.4916785359,-1.698801041,1
1823,577,-0.1198133826,-1.974634171,1
1823,641,-0.8292422295,-2.553498983,1
1823,705,0.1824269742,-3.394552231,1
1823,769,0.4495804608,-3.20411849,1
1823,833,0.1629863977,-2.685942173,1
1823,897,0.09589141607,-1.277145624,1
1823,961,0.03609314561,-1.235731721,1
1823,1025,-0.4813926518,-1.104872227,1
1823,1089,-0.6648288965,-0.8444367647,1
1823,1153,-0.1421051621,-1.60552001,1
1823,1217,-0.2127101719,-2.058430672,1
1823,1281,-0.5049617887,-1.993354797,1
1823,1345,-0.8924180865,-0.319413662,1
1823,1409,-0.6562243104,-1.833316565,1
1823,1473,-1.385921597,-0.6252012253,1
1823,1537,-2.378852367,-2.294795513,1
1823,1601,-2.117999077,-3.063314915,1
1823,1665,-1.704170942,-2.333158731,1
1823,1729,-1.181458473,-1.779788733,1
1823,1793,-0.8544442654,-1.8067801,1
1823,1857,-1.068272352,-1.221243262,1
1823,1921,-1.164814472,-1.129231215,1
1823,1985,-1.277361989,-1.676911235,1
1887,65,-0.5206848383,-3.250321388,1
1887,129,-0.2172849774,-2.069687366,1
1887,193,-0.3945562243,-1.712898731,1
1887,257,-0.4511966109,-1.863337517,1
1887,321,-0.5247738957,-2.136941433,1
1887,385,-0.4619772434,-2.312101841,1
1887,449,-0.4048500657,-2.576722622,1
1887,513,0.1502625644,-2.316478729,1
1887,577,0.02515900135,-2.453776836,1
1887,641,0.2351529896,-2.812139988,1
1887,705,0.5488585234,-3.186533451,1
1887,769,0.6578316689,-3.453984737,1
1887,833,0.2989827096,-2.712667465,1
1887,897,0.1724572778,-2.537382841,1
1887,961,0.1073476076,-2.21862793,1
1887,1025,-0.009754538536,-1.658379912,1
1887,1089,-0.38768363,-1.589794636,1
1887,1153,-0.3583031893,-1.686851859,1
1887,1217,-0.2334125638,-2.200209141,1
1887,1281,-0.122710973,-1.916043758,1
1887,1345,-0.1034615636,-1.005703688,1
1887,1409,-0.3039414287,-0.7837443352,1
1887,1473,-0.6066913605,-1.153675556,1
1887,1537,-1.269670129,-2.26669836,1
1887,1601,-1.438997746,-2.77053833,1
1887,1665,-1.38498354,-2.2060287,1
1887,1729,-1.52032733,-1.601024628,1
1887,1793,-1.457137823,-1.477600813,1
1887,1857,-1.911223412,-1.267864704,1
1887,1921,-1.585620642,-1.217928529,1
1887,1985,-0.8991323709,-0.8332884312,1
1951,65,-2.071310282,-3.251359463,1
1951,129,-0.4052958488,-1.940051556,1
1951,193,0.003149390221,-2.823096752,1
1951,257,-0.2746061087,-2.705883026,1
1951,321,-0.9427420497,-2.97785306,1
1951,385,-0.7709802389,-2.975509644,1
1951,449,-0.9836167097,-3.148320436,1
1951,513,0.08924078941,-2.990949631,1
1951,577,0.6773856282,-2.887253761,1
1951,641,0.9218019247,-2.872742653,1
1951,705,1.390651822,-3.008229256,1
1951,769,1.515679598,-3.330913305,1
1951,833,0.7863069177,-3.606753588,1
1951,897,0.1688056588,-3.738411903,1
1951,961,0.1476968527,-3.050335407,1
1951,1025,-0.2612532675,-2.183755636,1
1951,1089,-1.262184978,-1.645563841,1
1951,1153,-0.9878567457,-1.615171909,1
1951,1217,-0.2149080038,-1.470300317,1
1951,1281,0.3237099648,-1.193970084,1
1951,1345,0.1205919385,-1.715392351,1
1951,1409,0.4688258171,0.05423390865,1
1951,1473,0.7417492867,0.1251616478,1
1951,1537,0.3222075701,-1.714753866,1
1951,1601,-0.3487888575,-2.005732775,1
1951,1665,-1.205951929,-0.6340281963,1
1951,1729,-1.80396843,-0.2763285637,1
1951,1793,-1.991947651,-0.3461719751,1
1951,1857,-1.984510183,-1.045196772,1
1951,1921,-0.9953426123,-0.9525778294,1
1951,1985,0.08646965027,-0.02237713337,1
