PIVlab, ASCII chart output - 24-Oct-2024
FRAME: 20, filenames: A:[20]AVI_Pos025_TimeSrs002425_TgLifeactGFP_Control.avi & B:[21]AVI_Pos025_TimeSrs002425_TgLifeactGFP_Control.avi, conversion factor xy (px -> m): 1, conversion factor uv (px/frame -> m/s): 1
x [px],y [px],u [px/frame],v [px/frame],Vector type [-]
95,65,-6.939588547,-2.267350197,1
95,129,-5.860993385,-2.855501175,1
95,193,-4.359969139,-0.933324635,1
95,257,-3.451376915,0.6978406906,1
95,321,-2.781576633,1.228224277,1
95,385,-3.125638485,0.6792126894,1
95,449,-1.156908751,0.589117527,1
95,513,1.116915226,1.021818757,1
95,577,1.443223476,0.8450574279,1
95,641,0.901184082,0.4651398659,1
95,705,0.9080357552,1.404545188,1
95,769,0.5705195665,1.174131393,1
95,833,-0.7930642366,0.7439064384,1
95,897,-1.88739419,0.3670107424,1
95,961,-1.758609772,0.6949854493,1
95,1025,-1.230783701,2.061107874,1
95,1089,-0.7214238644,2.625579357,1
95,1153,-1.798892498,3.435453415,1
95,1217,-3.727445126,2.317980051,1
95,1281,-2.737389326,1.051992178,1
95,1345,-1.544172764,1.035381198,1
95,1409,-2.070661545,0.4245252609,1
95,1473,-1.803315163,0.5723676682,1
95,1537,-1.916323185,1.004361272,1
95,1601,-0.7839955091,0.9208468199,1
95,1665,-0.3897784948,0.1661150455,1
95,1729,-0.4653428793,-0.05926728994,1
95,1793,-0.1618579626,1.406230927,1
95,1857,-0.8933346272,-1.042201757,1
95,1921,-0.946005106,-0.8861409426,1
95,1985,-0.003600955009,1.091662526,1
159,65,-6.576598167,0.2158970833,1
159,129,-4.07755661,0.8445666432,1
159,193,-2.781057596,0.9241220951,1
159,257,-2.611486673,0.5421024561,1
159,321,-3.007855415,1.338943005,1
159,385,-3.12587285,-0.5623089671,1
159,449,-2.659379244,-1.480707884,1
159,513,-1.679054499,0.3295143843,1
159,577,-1.209261179,0.8447334766,1
159,641,-1.135691643,0.8997507691,1
159,705,-1.726400614,1.974546671,1
159,769,-1.066588044,0.6911523342,1
159,833,-1.518888712,0.4051505625,1
159,897,-3.070381403,0.6667380333,1
159,961,-3.666914463,1.172136545,1
159,1025,-2.841534853,1.631628394,1
159,1089,-3.147114038,1.832478523,1
159,1153,-3.633168697,2.271598101,1
159,1217,-3.386541843,1.373143673,1
159,1281,-2.746850491,1.061412811,1
159,1345,-2.800047874,0.3725475073,1
159,1409,-2.071644306,0.3051742017,1
159,1473,-1.821105719,0.2850908339,1
159,1537,-1.480284214,0.9383955598,1
159,1601,-1.200248003,1.72817111,1
159,1665,-0.9886358976,-0.2326487601,1
159,1729,-0.8061239123,-0.515357852,1
159,1793,-0.4328530431,0.1723928154,1
159,1857,-0.163500905,-0.2307705879,1
159,1921,-0.1319706142,-0.5653892756,1
159,1985,-0.3460972011,-0.4053795636,1
223,65,-4.6846838,2.032883167,1
223,129,-3.229855061,1.452162266,1
223,193,-2.615608215,1.463104725,1
223,257,-2.396202803,0.2467395961,1
223,321,-2.644528627,-0.2264302671,1
223,385,-3.17573905,-3.256897688,1
223,449,-13.11048508,-3.585343361,1
223,513,-2.515927076,0.08850444853,1
223,577,-1.930897713,0.3483728766,1
223,641,-2.241149426,0.5817943811,1
223,705,-4.229939461,1.381429911,1
223,769,-1.735720277,0.6267120838,1
223,833,-1.842555404,0.2451754212,1
223,897,-2.460702896,0.7786728144,1
223,961,-3.148066044,1.186915159,1
223,1025,-4.974429607,1.424551964,1
223,1089,-7.771324158,2.86305213,1
223,1153,-7.357478142,1.216495752,1
223,1217,-3.133746386,0.457256794,1
223,1281,-2.756241798,1.25063169,1
223,1345,-2.424844265,0.5017402768,1
223,1409,-1.803761601,0.7367104888,1
223,1473,-1.930029035,0.5693144798,1
223,1537,-1.801058173,0.3832995296,1
223,1601,-1.337617755,0.4018886685,1
223,1665,-1.756834745,0.01804925501,1
223,1729,-1.499478936,0.03272230923,1
223,1793,-0.3231541514,0.4933385253,1
223,1857,0.2525275648,0.1728799939,1
223,1921,0.309028089,-0.4594965875,1
223,1985,-0.644425869,-2.615725994,1
287,65,-6.963807106,1.185012102,1
287,129,-3.234662771,0.368457675,1
287,193,-3.039536715,-0.4535921216,1
287,257,-2.873016357,-0.6131097674,1
287,321,0.07985115051,-1.02015543,1
287,385,-3.399908543,-0.833537221,1
287,449,-3.21577549,-0.6743896008,1
287,513,-3.234250069,-0.50963974,1
287,577,-3.455523014,0.3623067141,1
287,641,-7.209234238,-0.22420609,1
287,705,NaN,NaN,2
287,769,-1.774557114,0.7378813028,1
287,833,-1.576569319,0.353710264,1
287,897,-1.895794272,0.3654151857,1
287,961,-2.30431819,0.6627238393,1
287,1025,-2.949263334,1.180261374,1
287,1089,-4.817943573,1.545715094,1
287,1153,-3.461594105,0.415713191,1
287,1217,-2.205179691,0.817484796,1
287,1281,-12.15145779,0.548817873,1
287,1345,-2.211589336,0.4385747313,1
287,1409,-1.64296639,0.8686236143,1
287,1473,-2.030032873,0.8036869168,1
287,1537,-1.491198421,-0.03066176176,1
287,1601,-1.203083634,-0.04906015098,1
287,1665,-1.689458013,-0.2765991688,1
287,1729,-1.747806311,0.224241972,1
287,1793,-1.058282852,0.4297042787,1
287,1857,-0.8501484394,2.063989639,1
287,1921,-0.4297897816,0.204259336,1
287,1985,-0.261597991,-1.394515634,1
351,65,-5.443670273,-0.1509443521,1
351,129,-3.627444267,-1.055545926,1
351,193,-2.59014082,-1.491153121,1
351,257,-2.957135677,-1.10975337,1
351,321,-2.777273655,-0.5809116364,1
351,385,-3.638911486,0.4845909476,1
351,449,NaN,NaN,2
351,513,-8.324752808,-0.3313913345,1
351,577,-7.444239616,1.436178207,1
351,641,-3.478256941,1.270457506,1
351,705,-2.75469017,-0.008481711149,1
351,769,-1.927135944,-0.6431962252,1
351,833,-1.201854348,0.3826486766,1
351,897,-0.0769289732,0.4961355329,1
351,961,-1.525118828,0.4621210992,1
351,1025,-2.35537076,0.9027126431,1
351,1089,-2.126059294,-0.1039912701,1
351,1153,-1.456672907,-0.08208423853,1
351,1217,-0.4444231987,1.702167988,1
351,1281,-1.267756462,0.4439016581,1
351,1345,-1.622751951,0.05090779066,1
351,1409,-2.396059036,0.506706357,1
351,1473,-2.200554609,0.6143388748,1
351,1537,-0.7777987719,0.3337195218,1
351,1601,-0.09739410877,0.1265898943,1
351,1665,-0.4067103863,-0.04194734991,1
351,1729,-1.583902717,0.1781071126,1
351,1793,-1.982008815,0.3345835805,1
351,1857,-1.820845246,0.7271341085,1
351,1921,-0.4032822251,0.4134445488,1
351,1985,0.8180603385,-0.2202547789,1
415,65,-7.340882301,-1.818208933,1
415,129,-13.66672897,-2.735692501,1
415,193,-3.605049372,-3.038521767,1
415,257,-3.69624567,-1.465111017,1
415,321,-4.450529099,0.366494894,1
415,385,-4.43082571,-0.5017454624,1
415,449,NaN,NaN,2
415,513,-4.904198647,-0.5184311867,1
415,577,-3.095885754,0.9835984111,1
415,641,-1.674728155,0.2152875662,1
415,705,-2.143265486,-0.1050768197,1
415,769,-2.141488552,-0.3420380056,1
415,833,-1.744622469,0.2743352652,1
415,897,0.8593281507,1.455610991,1
415,961,-1.466768742,0.4172392488,1
415,1025,-1.730084062,-0.006197214127,1
415,1089,-1.178053617,-0.3644866347,1
415,1153,-1.613828897,-0.2361805439,1
415,1217,-2.48299551,-0.2992351949,1
415,1281,-1.19961977,0.009461283684,1
415,1345,-1.69440186,0.3236923218,1
415,1409,-2.967678785,1.293261409,1
415,1473,-2.475834846,1.357724786,1
415,1537,-1.197973251,-0.1593743563,1
415,1601,-0.7143566012,0.1891218424,1
415,1665,-0.6105077267,0.8285194039,1
415,1729,-1.765327096,0.7288455963,1
415,1793,-1.568304777,-0.9053450823,1
415,1857,-1.576643109,0.09846957028,1
415,1921,-0.8460863829,0.2827460468,1
415,1985,0.7287991047,-0.2847067714,1
479,65,-16.97272491,-7.539185047,1
479,129,-17.08474731,-3.161937475,1
479,193,-4.050936699,-4.710434914,1
479,257,-4.232647896,-1.705975056,1
479,321,-5.839036942,-0.6663862467,1
479,385,-4.524050236,-0.5861496925,1
479,449,-3.061863899,-2.003477097,1
479,513,-3.187824011,-1.295440435,1
479,577,-1.184662342,-0.5848933458,1
479,641,-1.939209223,-1.432483435,1
479,705,-2.141459465,0.1111742109,1
479,769,-2.208587646,0.215890497,1
479,833,-2.192763805,0.1970836967,1
479,897,NaN,NaN,2
479,961,NaN,NaN,2
479,1025,-1.469270468,-0.1591389775,1
479,1089,-1.03297019,-0.2757286429,1
479,1153,-0.9666429758,-0.1324153543,1
479,1217,-0.9653657675,0.0722386837,1
479,1281,-1.231258631,0.3417359591,1
479,1345,-1.698133349,0.9281105995,1
479,1409,-1.938260078,2.053596973,1
479,1473,-1.407567501,2.221415281,1
479,1537,-1.04701972,0.9458081722,1
479,1601,-1.093395352,0.3512541056,1
479,1665,-1.347692013,0.731924355,1
479,1729,-1.653844357,0.5386971235,1
479,1793,-1.916170955,0.1721934378,1
479,1857,-2.011188984,-0.01116162539,1
479,1921,-1.143936753,0.06852197647,1
479,1985,0.1902102232,-0.2609409094,1
543,65,NaN,NaN,2
543,129,-4.513354301,-2.416278124,1
543,193,-13.59986305,-11.49289703,1
543,257,NaN,NaN,2
543,321,-5.576740265,-1.08376801,1
543,385,-4.378304482,-0.638228178,1
543,449,-4.464222431,-1.597631931,1
543,513,-6.768242836,-2.810916662,1
543,577,-2.601733446,-2.019865513,1
543,641,-1.212355614,-0.6234217882,1
543,705,-1.496504068,-0.2900016308,1
543,769,-1.94282794,-0.1043553352,1
543,833,-2.65975666,0.1591584682,1
543,897,-8.58540535,-0.2414216697,1
543,961,-9.263134956,-3.286717653,1
543,1025,-1.526003838,0.3697974384,1
543,1089,-0.4317340851,0.3444632292,1
543,1153,0.49173069,0.4381591678,1
543,1217,0.02372568846,0.7719734907,1
543,1281,-0.7657857537,0.9159049988,1
543,1345,-1.522233248,1.495193243,1
543,1409,-1.712100744,1.829915762,1
543,1473,-1.304404736,3.01387167,1
543,1537,-0.8937619925,1.48588419,1
543,1601,-0.7895348668,0.4500157833,1
543,1665,-0.9659562111,0.4509480596,1
543,1729,-1.538053155,0.2642343342,1
543,1793,-1.811067343,0.1743124574,1
543,1857,-1.70806098,-0.1918685734,1
543,1921,-1.132228613,0.007964625955,1
543,1985,-0.1248580813,-0.3811984062,1
607,65,-5.293262959,-0.5281801224,1
607,129,-6.17904377,-2.24212122,1
607,193,-3.762965202,-1.10018301,1
607,257,-3.031793594,-0.8310298324,1
607,321,-2.35970974,-0.9570952654,1
607,385,-2.683473587,-1.510968089,1
607,449,-6.292915344,-3.224070072,1
607,513,-14.57742119,-11.39499092,1
607,577,-11.41636753,-5.802509308,1
607,641,-1.372280359,-1.153713942,1
607,705,-1.401642203,-0.476036787,1
607,769,-3.724225044,-0.5037727952,1
607,833,-2.19746542,-0.4388986826,1
607,897,-7.759409428,-0.4604044855,1
607,961,-12.68400383,0.02658764459,1
607,1025,-1.689580679,0.9877119064,1
607,1089,-0.5730984211,0.8763687611,1
607,1153,0.4107105136,0.7609664202,1
607,1217,0.6860280037,1.553721786,1
607,1281,-0.1507785916,1.78632617,1
607,1345,-1.402123094,1.637274742,1
607,1409,-1.681165457,1.619944811,1
607,1473,-0.8787586093,1.884737015,1
607,1537,-0.7421805263,1.358820796,1
607,1601,-0.7618417144,0.681440711,1
607,1665,-0.7154090405,0.6447457075,1
607,1729,-0.9806852341,-0.0772831887,1
607,1793,-0.7719572783,-1.4607476,1
607,1857,-0.9235143661,0.06039619073,1
607,1921,-0.8090435863,0.07762092352,1
607,1985,-0.2276399583,-0.6762357354,1
671,65,-5.267706394,-1.003379822,1
671,129,-3.463377237,-1.415718079,1
671,193,-2.501349211,-1.118146062,1
671,257,-1.591015339,-1.039595842,1
671,321,-0.653842926,-1.156301498,1
671,385,-2.915132523,-1.914376378,1
671,449,-5.643866062,-5.01275444,1
671,513,NaN,NaN,2
671,577,NaN,NaN,2
671,641,-7.491577625,-2.042186499,1
671,705,-1.419145346,-1.339419603,1
671,769,-1.574996948,-1.110316157,1
671,833,-6.374595642,-0.8288228512,1
671,897,-6.758314133,-0.4264502525,1
671,961,-6.946401596,0.1934607625,1
671,1025,-1.397149086,0.3811693192,1
671,1089,-0.7197911739,2.66763401,1
671,1153,-0.0169403851,2.465082645,1
671,1217,0.06788377464,3.007256031,1
671,1281,-0.3055156767,2.81632185,1
671,1345,-1.044660449,1.696314812,1
671,1409,-3.299384832,0.876460135,1
671,1473,-1.674764872,1.116980076,1
671,1537,-1.004272699,0.9972547889,1
671,1601,-0.8050603867,0.7794277668,1
671,1665,-0.6917828918,1.544042826,1
671,1729,-1.312013268,-0.5456609726,1
671,1793,-1.083998322,-0.493131876,1
671,1857,-0.577103138,0.009665101767,1
671,1921,-0.3639355898,-0.7113289237,1
671,1985,-0.1540433168,-1.204287767,1
735,65,-4.417295456,-2.559455872,1
735,129,-2.854092121,-1.612787247,1
735,193,-2.438432932,-1.630106688,1
735,257,-1.547821879,-1.127349854,1
735,321,-1.667535305,-0.9392319918,1
735,385,-3.40108943,-1.502564669,1
735,449,-3.289555073,-2.177297115,1
735,513,-2.604693413,-2.28973484,1
735,577,-1.301548004,-1.826607466,1
735,641,-0.07254016399,-2.873019218,1
735,705,-1.04776752,-3.320008755,1
735,769,-1.174053192,-2.569653511,1
735,833,-1.422952533,-0.9636830091,1
735,897,-1.371756077,-0.4078607559,1
735,961,-1.346113086,0.3493945599,1
735,1025,-1.429681063,0.3536274433,1
735,1089,-0.5704948306,2.249312162,1
735,1153,1.585021257,1.134546161,1
735,1217,-0.1533254683,1.982442141,1
735,1281,-1.758749247,2.369830608,1
735,1345,-3.27056551,1.068094015,1
735,1409,-0.6001600027,0.3574833274,1
735,1473,-0.785150528,0.9760647416,1
735,1537,-0.7278943062,0.4724559188,1
735,1601,-0.5676159263,0.1621309817,1
735,1665,-0.5990165472,-0.5956027508,1
735,1729,-1.20153451,-1.272462368,1
735,1793,-0.6334230304,-0.5919669867,1
735,1857,-0.9234626889,-0.03179445863,1
735,1921,-1.141769886,-0.7881132364,1
735,1985,-1.356912255,-1.411744118,1
799,65,-3.325799942,-2.998092651,1
799,129,-2.39572382,-2.30111742,1
799,193,-2.224307775,-2.119914293,1
799,257,-1.879231215,-1.54074049,1
799,321,-0.8862278461,-0.5263867378,1
799,385,-2.000766754,-0.7308214903,1
799,449,-1.878171921,-0.6577167511,1
799,513,-2.029758692,-0.7510774136,1
799,577,-1.084845781,-0.8241198063,1
799,641,0.9060958624,-0.9631922245,1
799,705,0.4815949202,-2.708921671,1
799,769,-0.4560822248,-2.439439058,1
799,833,-1.435986161,-1.143201828,1
799,897,-3.254336834,-2.180803299,1
799,961,-1.334975243,1.249205351,1
799,1025,-1.006881118,0.7018017173,1
799,1089,-0.2777851224,1.048686028,1
799,1153,-0.2310904264,0.4056174159,1
799,1217,-0.8072856665,0.7024006844,1
799,1281,-1.021340966,1.356361985,1
799,1345,-0.6429365277,0.7971389294,1
799,1409,-0.7368656397,0.006909102201,1
799,1473,-0.2919714451,-0.4286206961,1
799,1537,0.87348634,-0.4534463286,1
799,1601,0.0217679441,-0.9877502918,1
799,1665,-0.09022215009,-1.250996113,1
799,1729,-0.06621527672,-1.39079833,1
799,1793,-0.7928721905,-1.403464675,1
799,1857,-1.524931788,-1.562986016,1
799,1921,-1.577275753,-0.5644500256,1
799,1985,-1.925277233,-1.368081093,1
863,65,-2.645674467,-4.011248589,1
863,129,-2.185409546,-3.313383341,1
863,193,-1.934099913,-3.689028263,1
863,257,-3.123021841,-2.878930569,1
863,321,-1.242789745,-0.6930711865,1
863,385,0.1558775902,-0.3185436726,1
863,449,-1.817028284,0.4933812916,1
863,513,-1.500859022,0.8327765465,1
863,577,0.1283915043,0.1269631088,1
863,641,1.839438319,0.9382647276,1
863,705,0.5582544804,-1.277839661,1
863,769,0.8065860271,-2.427442312,1
863,833,2.71295023,-1.019487619,1
863,897,-0.9789850712,-0.4120422602,1
863,961,-0.7551317811,1.471929193,1
863,1025,-0.7314766049,0.4313325882,1
863,1089,-0.6694575548,0.4699941278,1
863,1153,-0.542640388,0.04579436779,1
863,1217,-0.5964533091,-0.117703557,1
863,1281,-0.08369076252,0.3357579112,1
863,1345,0.1859122515,0.8786745071,1
863,1409,-0.5881464481,-0.1439627558,1
863,1473,0.09915970266,-2.130280972,1
863,1537,1.178050041,-0.9405546784,1
863,1601,-0.1584498435,-1.346428156,1
863,1665,0.2507681251,-1.802661061,1
863,1729,0.7751032114,-1.253577113,1
863,1793,-0.3338037133,-1.128534079,1
863,1857,-1.204394579,-1.685560584,1
863,1921,-0.8724982738,-0.2376095653,1
863,1985,-1.306857944,-0.5325853825,1
927,65,-2.018071175,-1.482299566,1
927,129,-1.943343401,-2.44348526,1
927,193,-2.498902082,-2.269569397,1
927,257,-2.711090565,-1.592174768,1
927,321,-2.805966854,-0.7314705253,1
927,385,-1.937796354,0.03733456135,1
927,449,-2.201168776,1.234975338,1
927,513,-1.300008297,2.442403793,1
927,577,2.32983923,2.118824244,1
927,641,-1.317332983,0.2824366093,1
927,705,-1.100701451,-0.9157230854,1
927,769,-0.5370388031,-3.452888489,1
927,833,0.7321763635,-1.265015364,1
927,897,-0.5403779745,-0.5527880788,1
927,961,-0.3252133131,1.38441658,1
927,1025,-0.4902527928,0.09093600512,1
927,1089,0.02060469985,0.1106251776,1
927,1153,0.8166229725,-0.2093124688,1
927,1217,0.7399573326,-0.5673889518,1
927,1281,0.5464120507,-0.3550976515,1
927,1345,0.1231441498,2.099824429,1
927,1409,0.06926196814,0.1557377577,1
927,1473,1.186267614,-2.207448959,1
927,1537,0.8445318341,-0.4839091301,1
927,1601,-0.9492749572,-1.266530275,1
927,1665,0.4291608334,-1.714694023,1
927,1729,0.6579380035,-0.8403038383,1
927,1793,1.425364971,3.200968266,1
927,1857,0.3922291994,0.7283905745,1
927,1921,-0.5359076858,-0.03957486153,1
927,1985,-0.4406440258,-0.1361148357,1
991,65,-2.384718657,-0.05560255051,1
991,129,-2.366899967,-1.096378922,1
991,193,-2.681984425,-0.9135116339,1
991,257,-2.539165258,-0.9132992625,1
991,321,-3.170722961,-0.4276993275,1
991,385,-3.147866011,-0.06302261353,1
991,449,-2.65978384,-0.411813885,1
991,513,-2.412201166,-0.3123136163,1
991,577,-2.434204102,-0.1313947439,1
991,641,-1.974140406,-0.3100633621,1
991,705,0.03455591202,-0.8263881803,1
991,769,0.01082146168,-0.7947641611,1
991,833,-1.205432892,-0.4307576418,1
991,897,-0.9615350962,-0.3398157358,1
991,961,-0.5540813804,-0.1316455007,1
991,1025,-0.1163862348,-0.2907649875,1
991,1089,0.2854287922,-0.08150291443,1
991,1153,1.320265174,-0.2770630121,1
991,1217,2.871328592,-1.631064653,1
991,1281,3.744838953,-1.204247475,1
991,1345,0.9336931705,-0.3831473589,1
991,1409,-0.56049335,-0.449175477,1
991,1473,1.015192032,-0.07119098306,1
991,1537,0.7746554613,-0.09755825996,1
991,1601,0.7854872942,-0.6802150011,1
991,1665,0.6943101287,-0.9523288608,1
991,1729,0.7068200707,-0.2455146909,1
991,1793,1.027258158,6.063487053,1
991,1857,-0.1904475987,5.224814415,1
991,1921,-0.1123312563,-1.498164177,1
991,1985,-0.6473159194,0.0003182888031,1
1055,65,-3.153931856,-0.3177469969,1
1055,129,-3.018415689,0.2494125366,1
1055,193,-2.739570141,-0.271083951,1
1055,257,-2.661740065,-0.806198597,1
1055,321,-3.063374996,-0.6579166651,1
1055,385,-3.392457485,-0.3804588914,1
1055,449,-3.333144188,-0.5570954084,1
1055,513,-3.394098282,-0.7463639379,1
1055,577,-2.987895966,-0.328050375,1
1055,641,-2.745224476,0.1229824126,1
1055,705,-2.751741171,1.38820982,1
1055,769,-2.655611992,0.6001037955,1
1055,833,-2.18948555,0.4807723761,1
1055,897,-1.450868011,-0.260625422,1
1055,961,-0.7929940224,-0.7797153592,1
1055,1025,-0.3109072447,-0.5907492638,1
1055,1089,-0.1748058945,-0.3162968755,1
1055,1153,0.5760968924,-0.1655489206,1
1055,1217,1.529895306,-1.037342548,1
1055,1281,2.23876524,-2.178569317,1
1055,1345,3.618484259,-0.5209867358,1
1055,1409,3.443196535,-0.6818207502,1
1055,1473,2.774991751,0.0296548605,1
1055,1537,1.590530872,-0.1301863194,1
1055,1601,1.719490767,-0.7730576992,1
1055,1665,1.749043226,-1.22588706,1
1055,1729,1.235505104,-0.9027074575,1
1055,1793,0.7299569845,1.0305686,1
1055,1857,0.4244439006,0.772086978,1
1055,1921,-0.4081180096,0.6517909765,1
1055,1985,-2.187378407,0.9311196804,1
1119,65,-3.195787907,0.2444776297,1
1119,129,-3.204616547,-0.1924052536,1
1119,193,-2.74535799,-1.174914837,1
1119,257,-2.855129004,-2.110283375,1
1119,321,-2.612747908,-1.01535821,1
1119,385,-2.541499853,-0.8173948526,1
1119,449,-3.460967064,-0.3489235342,1
1119,513,-4.070375443,-0.3527533412,1
1119,577,-3.496564388,-0.4242105782,1
1119,641,-3.468588114,0.2178446501,1
1119,705,-3.739720821,0.7214583755,1
1119,769,-3.603505373,1.366339684,1
1119,833,-3.093065977,0.4923719764,1
1119,897,-2.065351486,-0.2830803692,1
1119,961,-1.201516271,-1.059912443,1
1119,1025,-0.7969239354,-1.274336338,1
1119,1089,-0.4672140479,-1.406257033,1
1119,1153,-0.6497449279,-1.105712414,1
1119,1217,-1.743861914,-1.267727137,1
1119,1281,0.3334284425,-1.608629465,1
1119,1345,3.032424688,-0.4954241514,1
1119,1409,4.10770607,-0.2290395498,1
1119,1473,3.489100695,-0.09521698952,1
1119,1537,2.087707996,-0.7341473103,1
1119,1601,1.792515039,-1.101956367,1
1119,1665,1.600157976,-1.656399012,1
1119,1729,2.78042388,-0.8166373372,1
1119,1793,1.56717968,-0.2661172152,1
1119,1857,0.748123765,0.2716067135,1
1119,1921,-0.0795289129,0.6723983884,1
1119,1985,-1.52991271,1.087458968,1
1183,65,-3.142687082,1.643154025,1
1183,129,-3.594472408,-0.3915537,1
1183,193,-2.982962132,-1.012078047,1
1183,257,-2.802165985,-1.093472719,1
1183,321,-2.666309595,-0.7238425612,1
1183,385,-2.668608427,-0.2703293562,1
1183,449,-2.891285896,0.0138335228,1
1183,513,-3.078895569,-0.122222662,1
1183,577,-4.338700294,-0.08153930306,1
1183,641,-2.89677763,0.199194625,1
1183,705,-3.616856813,0.6006750464,1
1183,769,-3.870541811,1.077736139,1
1183,833,-3.552166462,0.3587201238,1
1183,897,-2.491987228,-0.3465490341,1
1183,961,-1.848564148,-1.069179416,1
1183,1025,-1.277212381,-1.574421048,1
1183,1089,-1.432548761,-2.572135925,1
1183,1153,-1.924582243,-2.241474628,1
1183,1217,-2.095833302,-2.263464451,1
1183,1281,-0.7629971504,-1.833257675,1
1183,1345,0.3950951695,-0.7630881071,1
1183,1409,1.651557922,-0.5004131794,1
1183,1473,1.897003889,-0.454874903,1
1183,1537,1.461344123,-0.9701660872,1
1183,1601,1.607594371,-0.5613795519,1
1183,1665,1.597458124,-0.5272244215,1
1183,1729,1.361733913,-0.6192748547,1
1183,1793,0.8344241977,-0.2274623364,1
1183,1857,0.4957364202,0.4164530635,1
1183,1921,0.4436610043,0.9009857178,1
1183,1985,0.5344815254,1.121191382,1
1247,65,-3.414436817,0.3822869062,1
1247,129,-2.686016798,-0.64275527,1
1247,193,-2.759969473,-1.182363749,1
1247,257,-2.793022633,-1.114388347,1
1247,321,-2.306877851,-0.5324537158,1
1247,385,-2.426242352,0.1441549063,1
1247,449,-1.748940945,-0.2876962125,1
1247,513,-1.784688473,-0.3187500238,1
1247,577,-1.953761101,-0.2001960874,1
1247,641,-1.771107674,0.08766841888,1
1247,705,-2.115544558,0.2869107723,1
1247,769,-2.93676877,0.5004194975,1
1247,833,-2.926555634,0.5662066936,1
1247,897,-2.271027565,-0.4042942226,1
1247,961,-2.145675421,-1.356440067,1
1247,1025,-6.158909321,-2.552942991,1
1247,1089,-3.11670351,-8.027205467,1
1247,1153,-1.847947836,-3.128728628,1
1247,1217,-2.018960476,-2.020663023,1
1247,1281,-2.16378212,-1.344937563,1
1247,1345,-0.3296292126,-1.177773118,1
1247,1409,1.289071202,-1.31768167,1
1247,1473,1.507609248,-0.5295854807,1
1247,1537,2.41633606,-0.1933407187,1
1247,1601,3.10488224,-0.2546293736,1
1247,1665,2.05953908,-0.1592272669,1
1247,1729,0.9973602295,0.07820302248,1
1247,1793,0.59608531,0.3356665373,1
1247,1857,0.3102936149,0.7687844038,1
1247,1921,0.04608789086,1.60251379,1
1247,1985,0.5914065838,2.338576317,1
1311,65,-3.166723728,-2.126100302,1
1311,129,-2.385503292,-1.886662841,1
1311,193,-2.31620121,-1.922936678,1
1311,257,-2.114799023,-2.564548492,1
1311,321,-1.88995409,-2.301173687,1
1311,385,-1.403665662,-0.7796083689,1
1311,449,-1.403569579,-0.6022827625,1
1311,513,-1.801837206,-0.7257362604,1
1311,577,-1.790225506,-0.6313058138,1
1311,641,-1.54548502,-0.149305433,1
1311,705,-1.273948431,0.08757203817,1
1311,769,-1.903022766,0.5167440772,1
1311,833,-1.770324945,0.9259061813,1
1311,897,-0.9853191376,0.1981741786,1
1311,961,-2.051064014,-1.359438896,1
1311,1025,-4.511246204,-3.060777426,1
1311,1089,-3.485750437,-4.271592617,1
1311,1153,-2.325477123,-3.315335751,1
1311,1217,-2.353359699,-2.642112732,1
1311,1281,-2.207698584,-1.914730549,1
1311,1345,-1.192793846,-1.409269571,1
1311,1409,-0.4715520144,-0.8725145459,1
1311,1473,0.5223562121,-0.3875418305,1
1311,1537,1.666632891,0.1241782755,1
1311,1601,1.634176254,0.2613031268,1
1311,1665,1.14155221,0.4261596799,1
1311,1729,0.7746657133,2.483061314,1
1311,1793,0.6253327131,1.202787161,1
1311,1857,0.3016230464,1.741323471,1
1311,1921,-0.2110053897,2.475259542,1
1311,1985,-0.2503141165,2.78178072,1
1375,65,-3.24579215,-1.252616882,1
1375,129,-2.823631525,-2.148331165,1
1375,193,-2.67645669,-3.949536324,1
1375,257,-2.468387604,-2.685924053,1
1375,321,-1.924678445,-1.158968687,1
1375,385,-1.509184957,-0.8161556721,1
1375,449,-1.4470644,-1.033988833,1
1375,513,-2.579876423,-1.128193378,1
1375,577,-2.549517393,-0.7317723036,1
1375,641,-1.840325236,-0.3450055122,1
1375,705,-1.172233462,-0.01516520977,1
1375,769,-0.8163940907,0.9035776258,1
1375,833,-0.9288336039,1.49633193,1
1375,897,-1.276133418,0.8304303288,1
1375,961,-1.975535631,-0.7572948933,1
1375,1025,-2.666685343,-2.689169168,1
1375,1089,-2.767720461,-2.596259594,1
1375,1153,-2.58433032,-3.030063152,1
1375,1217,-1.980263472,-4.053794861,1
1375,1281,-2.413231611,-2.301399946,1
1375,1345,-2.273247242,-1.706580997,1
1375,1409,-2.696484566,-0.7565578222,1
1375,1473,-1.399681568,-0.3772605658,1
1375,1537,0.1110037863,-0.2402058244,1
1375,1601,-0.212986201,-0.07467418164,1
1375,1665,0.1433648169,1.260115027,1
1375,1729,0.5023252368,2.709754705,1
1375,1793,0.9908703566,1.838451385,1
1375,1857,0.5863714814,2.633077621,1
1375,1921,0.2268018723,3.817772627,1
1375,1985,-0.2548840046,3.795424461,1
1439,65,-2.788841724,-1.08617115,1
1439,129,-2.675991774,-0.9961705208,1
1439,193,-2.4494946,-1.670863509,1
1439,257,-2.411182642,-2.304899693,1
1439,321,-1.890774012,-1.211978197,1
1439,385,-1.677978158,-1.108363152,1
1439,449,-1.492027521,-1.2212708,1
1439,513,-2.123436213,-2.003512621,1
1439,577,-2.29093647,-1.111320972,1
1439,641,-1.680581093,-0.5438863039,1
1439,705,-1.577233553,-0.03331673145,1
1439,769,-1.267732263,0.9113724232,1
1439,833,-1.558669567,1.591915131,1
1439,897,-1.543913841,1.531474233,1
1439,961,NaN,NaN,2
1439,1025,-1.661042809,-3.274634838,1
1439,1089,-2.062037945,-2.457726002,1
1439,1153,-2.285636663,-3.022272587,1
1439,1217,-2.355422497,-2.714544535,1
1439,1281,-2.680140972,-2.34943819,1
1439,1345,-2.746453762,-1.804217458,1
1439,1409,-3.005644083,-0.9041843414,1
1439,1473,-1.553498268,-0.6778944731,1
1439,1537,0.6947081685,-0.6971758604,1
1439,1601,0.3648358583,-0.3396951258,1
1439,1665,-0.4205079079,0.6306319237,1
1439,1729,0.206774354,0.8307228088,1
1439,1793,2.36485076,1.39850688,1
1439,1857,1.550502062,2.876593828,1
1439,1921,-0.7803387642,4.797789574,1
1439,1985,-2.427376747,7.603987694,1
1503,65,-2.320626974,-3.38427496,1
1503,129,-2.139318466,-1.902216196,1
1503,193,-2.307238102,-1.933211446,1
1503,257,-2.161990643,-2.493597507,1
1503,321,-1.684232116,-1.308360696,1
1503,385,-1.461421728,-1.423798561,1
1503,449,-1.394558668,-1.4609375,1
1503,513,-1.41947031,-1.419429183,1
1503,577,-0.9689910412,-1.228225827,1
1503,641,-0.07063555717,-1.141696692,1
1503,705,-1.101100326,-0.6539161205,1
1503,769,-1.483385205,0.7973274589,1
1503,833,-1.588532925,1.09588623,1
1503,897,-1.659543991,1.305146217,1
1503,961,-1.32215488,0.895465374,1
1503,1025,-1.467647433,-0.7224912643,1
1503,1089,-1.647042155,-2.439400673,1
1503,1153,-2.210337162,-1.799464941,1
1503,1217,-3.033074379,-2.283270836,1
1503,1281,-2.593538523,-1.998746514,1
1503,1345,-2.243232012,-1.769723892,1
1503,1409,-2.114266396,-1.224769473,1
1503,1473,-0.9885470867,-0.9928457737,1
1503,1537,1.173387766,-0.638450861,1
1503,1601,0.2678275108,-0.6752367616,1
1503,1665,-0.6934058666,-0.4230182171,1
1503,1729,-1.828715682,-0.1829721332,1
1503,1793,-0.5909517407,0.7298622727,1
1503,1857,-0.1604126096,1.636413097,1
1503,1921,-0.1199159995,2.156391382,1
1503,1985,0.6991202831,5.463226318,1
1567,65,-2.198198557,-2.579515696,1
1567,129,-1.985910892,-2.582004309,1
1567,193,-1.985530615,-2.542118788,1
1567,257,-1.741743088,-2.025872946,1
1567,321,-1.268326879,-1.314330459,1
1567,385,-0.8073166609,-1.464654684,1
1567,449,-0.7347841263,-2.917509079,1
1567,513,-0.3869752288,-1.498517275,1
1567,577,-0.2006961107,-1.479650736,1
1567,641,-0.4124507904,-1.304091811,1
1567,705,0.1037364006,-1.105408072,1
1567,769,-2.353540421,0.7724354863,1
1567,833,-1.57854259,0.5245485902,1
1567,897,-1.144575357,0.604000926,1
1567,961,-1.127075672,0.5160256624,1
1567,1025,-1.308833361,-0.1412314177,1
1567,1089,-1.399474621,-1.188396692,1
1567,1153,-1.841987967,-1.087026358,1
1567,1217,-2.567210436,-1.492665529,1
1567,1281,-2.056318521,-1.578921199,1
1567,1345,-1.350636005,-2.043085098,1
1567,1409,-1.061275601,-2.002715111,1
1567,1473,-1.187799215,-1.577507019,1
1567,1537,-0.8697913289,-1.114651442,1
1567,1601,-0.2108283043,-1.029423475,1
1567,1665,-0.9791163206,-0.9248883724,1
1567,1729,-2.75442338,-1.580674767,1
1567,1793,-1.217935681,0.4413141012,1
1567,1857,-0.4452211857,0.8251725435,1
1567,1921,0.3578109443,0.59025383,1
1567,1985,1.496703625,-0.270532012,1
1631,65,-1.886918545,-0.4921214581,1
1631,129,-1.510643363,-3.150976896,1
1631,193,-2.454441786,-2.276839256,1
1631,257,-1.60362792,-2.031466961,1
1631,321,-1.228823423,-1.2521106,1
1631,385,-1.105517387,-0.5045120716,1
1631,449,-0.7167214751,-1.511272788,1
1631,513,1.57748127,-1.47936976,1
1631,577,4.844461918,-1.611705422,1
1631,641,NaN,NaN,2
1631,705,-1.071574569,-1.398720384,1
1631,769,-1.605396628,-0.5384130478,1
1631,833,-1.290003538,-0.1661294103,1
1631,897,-0.6865621805,0.08000987768,1
1631,961,-0.6838959455,0.202764973,1
1631,1025,-0.9640058279,-0.129708156,1
1631,1089,-1.383786917,-0.04439973831,1
1631,1153,-1.729810238,-0.3225243092,1
1631,1217,-1.661194801,-0.814632833,1
1631,1281,-1.425301552,-1.355163217,1
1631,1345,-1.158940434,-1.873263717,1
1631,1409,-0.9160374999,-1.66031599,1
1631,1473,-0.6117362976,-1.199795842,1
1631,1537,-0.4492462873,-0.9026206136,1
1631,1601,-0.5970707536,-0.5605500937,1
1631,1665,-0.8965221643,-0.9843189716,1
1631,1729,-1.292554617,-1.704628229,1
1631,1793,-1.821015358,0.8634338379,1
1631,1857,-0.7350155711,0.3209598064,1
1631,1921,-0.006385520101,-0.3114248514,1
1631,1985,1.000176311,-0.9343591928,1
1695,65,-1.506898165,-0.08276212215,1
1695,129,-1.118027806,-3.094594479,1
1695,193,-1.690361977,-1.836234331,1
1695,257,-1.416661739,-1.266306996,1
1695,321,-1.383067608,-1.202697992,1
1695,385,-1.428169012,-0.324308753,1
1695,449,-0.8199564219,-0.8799524307,1
1695,513,-0.2360503674,-1.604971409,1
1695,577,1.0006423,-1.782376289,1
1695,641,3.038644314,-6.9871912,1
1695,705,-1.045259237,-1.384324193,1
1695,769,-1.179084301,-1.181683779,1
1695,833,-0.550927937,-0.9646751881,1
1695,897,-0.7548576593,-0.9703872204,1
1695,961,-0.7016330361,-0.6633373499,1
1695,1025,-0.1973825693,0.4801573157,1
1695,1089,-1.339125276,0.654194653,1
1695,1153,-1.406746387,0.574151516,1
1695,1217,-1.046274424,-0.5071370602,1
1695,1281,-0.982678175,-1.179024577,1
1695,1345,-1.271710753,-1.71497643,1
1695,1409,-1.181489944,-1.661670446,1
1695,1473,-1.125539303,-1.767211318,1
1695,1537,-1.2122159,-1.16038847,1
1695,1601,-1.111878872,-0.7109836936,1
1695,1665,-1.434532523,-0.8726037741,1
1695,1729,-1.467808962,-0.4171079993,1
1695,1793,-1.499814749,-0.05122178793,1
1695,1857,-1.270594001,-0.4960609078,1
1695,1921,-0.07705250382,-1.007600188,1
1695,1985,0.06938052177,-1.982782483,1
1759,65,-2.211850882,0.1509318948,1
1759,129,-1.327223182,-3.587268353,1
1759,193,-1.281488419,-1.852309227,1
1759,257,-1.193617821,-1.416316628,1
1759,321,-1.451755285,-1.403795481,1
1759,385,-1.698393583,-1.027088284,1
1759,449,-0.9798827171,-0.8750771284,1
1759,513,-0.6654695272,-1.68635118,1
1759,577,-0.7899810076,-2.846865416,1
1759,641,-0.8920143247,-1.31859076,1
1759,705,-0.9279720783,-0.87264359,1
1759,769,-0.9712350965,-0.7644484043,1
1759,833,-0.306414187,-1.02962029,1
1759,897,-0.5788677931,-1.629379272,1
1759,961,-0.5895614624,-1.406247735,1
1759,1025,-0.4826236367,-0.2448026538,1
1759,1089,-1.53984499,0.1201374829,1
1759,1153,-1.154578805,0.01079136133,1
1759,1217,-0.7655625343,-0.2286666036,1
1759,1281,-0.4619041085,-1.344475389,1
1759,1345,-0.6888114214,-1.984527111,1
1759,1409,-0.8009428382,-1.749772072,1
1759,1473,-1.121604919,-2.280049801,1
1759,1537,-1.440742254,-1.738067865,1
1759,1601,-1.432233095,-1.111354232,1
1759,1665,-1.397480249,-0.5458393097,1
1759,1729,-0.8694918752,-0.8419572711,1
1759,1793,-0.6480093002,-1.536448002,1
1759,1857,-0.6415253878,-1.347761154,1
1759,1921,-0.5481903553,-1.35526228,1
1759,1985,-0.9513474107,-2.578632355,1
1823,65,-1.923484802,-1.467005253,1
1823,129,-0.9715849161,-2.062584639,1
1823,193,-0.8874515295,-1.762274861,1
1823,257,-0.9088208675,-1.503704548,1
1823,321,-1.191390038,-1.594959497,1
1823,385,-1.441912651,-2.20456028,1
1823,449,-0.9169390202,-1.564342976,1
1823,513,-0.9207133055,-1.156815529,1
1823,577,-1.445641279,-1.487248182,1
1823,641,-1.24262023,-1.237071514,1
1823,705,-0.5957052112,-1.114278436,1
1823,769,-0.5286617279,-1.029486537,1
1823,833,-0.3944861889,-0.9920003414,1
1823,897,-0.5022844076,-1.235373974,1
1823,961,-0.6021199822,-1.271632791,1
1823,1025,-0.3807453513,-1.144695401,1
1823,1089,-1.418724298,-0.5250437856,1
1823,1153,-0.9626133442,-0.3785345256,1
1823,1217,-0.5712527633,0.009060621262,1
1823,1281,-0.4376909733,-0.663282752,1
1823,1345,0.5303560495,-1.638100386,1
1823,1409,0.8651297688,-2.07240057,1
1823,1473,-0.2489114404,-2.213082314,1
1823,1537,-0.1927822828,-1.763251781,1
1823,1601,-0.3683644533,-1.366116405,1
1823,1665,-0.3385549486,-1.06680131,1
1823,1729,0.03684064746,-1.52098,1
1823,1793,-0.4203498363,-1.97472012,1
1823,1857,-0.3215160668,-0.634971559,1
1823,1921,-0.6730214357,-0.2428945899,1
1823,1985,-0.8625085354,-1.502639055,1
1887,65,-1.426339149,-0.3608831763,1
1887,129,-0.5048451424,-1.939189911,1
1887,193,-0.5082364678,-1.868332148,1
1887,257,-0.6656007767,-1.778561831,1
1887,321,-0.8751763105,-1.922683001,1
1887,385,-1.173773885,-1.802003264,1
1887,449,-0.7575089931,-1.641086578,1
1887,513,-0.5845523477,-1.28590548,1
1887,577,-0.7526363134,-1.141574144,1
1887,641,-0.5119297504,-1.202872038,1
1887,705,-0.4000818133,-1.645344019,1
1887,769,-0.6492981911,-1.883770108,1
1887,833,-0.6800156832,-0.8051166534,1
1887,897,-0.3175372183,-1.070748687,1
1887,961,-0.09734669328,-1.646326065,1
1887,1025,-0.252790153,-2.309193134,1
1887,1089,-1.287013531,-1.856202245,1
1887,1153,-0.8504062891,-0.8758935928,1
1887,1217,0.1012720466,-0.2322252393,1
1887,1281,0.1359083056,-0.8699432611,1
1887,1345,-0.4011182785,-1.819555998,1
1887,1409,-0.06730544567,-3.970210552,1
1887,1473,0.05199825764,-2.599071264,1
1887,1537,0.7213345766,-2.217323303,1
1887,1601,0.7698088288,-2.115430355,1
1887,1665,0.2986498475,-2.067219496,1
1887,1729,-0.1636317968,-1.959229469,1
1887,1793,-0.4946045876,-1.336418867,1
1887,1857,-0.4439021349,-0.3362207711,1
1887,1921,-0.1924315691,0.4746345282,1
1887,1985,0.7792629004,-0.7759125233,1
1951,65,-1.662507534,-1.242533922,1
1951,129,-0.1113038063,-3.372311592,1
1951,193,-0.0545643568,-3.621028423,1
1951,257,-0.3217662573,-3.144680977,1
1951,321,-0.4651765823,-2.946736097,1
1951,385,-1.157247663,-2.477929592,1
1951,449,-1.016884446,-1.792877197,1
1951,513,0.257381916,-1.983375549,1
1951,577,1.288671494,-1.762098312,1
1951,641,1.339730382,-1.213088036,1
1951,705,0.3934788108,-1.843782902,1
1951,769,-0.9148079753,-1.741602778,1
1951,833,-1.192058563,-0.6263564825,1
1951,897,-0.07754641771,0.02314436436,1
1951,961,0.6397944093,-1.033539772,1
1951,1025,-0.1266323924,-2.489498138,1
1951,1089,-1.153739452,-2.414384842,1
1951,1153,-1.455929756,-1.4717803,1
1951,1217,-0.8124146461,-1.493409395,1
1951,1281,-0.5701745749,-1.649881363,1
1951,1345,-0.2676725984,-2.760354519,1
1951,1409,0.7936736345,-3.662038088,1
1951,1473,0.4204263687,-3.838263512,1
1951,1537,0.9462614059,-2.900909901,1
1951,1601,2.245076895,-3.118780136,1
1951,1665,1.058623791,-3.046171665,1
1951,1729,-0.4382733107,-2.270912647,1
1951,1793,-1.473766804,-1.18015933,1
1951,1857,-1.617658615,0.09822952747,1
1951,1921,0.3764793277,0.6804324389,1
1951,1985,3.259147644,0.227036953,1
