PIVlab, ASCII chart output - 24-Oct-2024
FRAME: 23, filenames: A:[23]AVI_Pos025_TimeSrs002425_TgLifeactGFP_Control.avi & B:[24]AVI_Pos025_TimeSrs002425_TgLifeactGFP_Control.avi, conversion factor xy (px -> m): 1, conversion factor uv (px/frame -> m/s): 1
x [px],y [px],u [px/frame],v [px/frame],Vector type [-]
95,65,1.263623476,3.422826767,1
95,129,-4.129852295,-0.3239789009,1
95,193,-5.808013916,-0.9685384035,1
95,257,-5.285667896,0.2597187161,1
95,321,-2.536568642,2.400856495,1
95,385,-1.234162331,3.829226494,1
95,449,-1.031054735,2.14027977,1
95,513,0.3802281618,2.910449028,1
95,577,0.8441843987,1.485244274,1
95,641,0.4313466549,0.2250413895,1
95,705,0.02613687515,1.087085724,1
95,769,0.4419772625,1.081474781,1
95,833,0.2272642851,2.10092926,1
95,897,-1.152142406,1.952793121,1
95,961,-2.557451963,-0.9384360313,1
95,1025,-4.394599438,-1.364821911,1
95,1089,-8.211748123,-0.6063702106,1
95,1153,-3.655579805,1.632581592,1
95,1217,-1.060199499,1.897494078,1
95,1281,1.303229809,2.348930836,1
95,1345,1.728497267,1.20039916,1
95,1409,0.1686983109,-0.3858393729,1
95,1473,-0.2267365456,1.071887612,1
95,1537,0.04929924011,1.179974556,1
95,1601,-1.808184624,-0.4559673071,1
95,1665,-4.749020576,-3.200885296,1
95,1729,-5.096631527,-4.33165741,1
95,1793,-0.9558276534,1.067535877,1
95,1857,-0.9706434011,0.649100244,1
95,1921,0.303634882,0.1777148247,1
95,1985,3.647042751,-2.100204229,1
159,65,-2.809382915,1.143111467,1
159,129,-3.51743412,-0.4979148507,1
159,193,-2.852099419,-0.2172466815,1
159,257,-3.231040239,0.7381790876,1
159,321,-3.143016815,0.7960464954,1
159,385,-6.217069149,0.9498062134,1
159,449,-5.643795013,0.2352508307,1
159,513,-2.261987209,1.550568223,1
159,577,-1.047369599,1.920119524,1
159,641,-1.527688265,1.602792621,1
159,705,-2.082517385,0.5399175882,1
159,769,-1.065756083,-0.06628119946,1
159,833,-0.6804388165,0.5557690859,1
159,897,-1.424260139,0.6808265448,1
159,961,-1.961315393,0.5123167634,1
159,1025,-10.4938488,0.8945572376,1
159,1089,-9.568597794,0.4585186839,1
159,1153,-3.711253643,1.566274405,1
159,1217,-1.572977543,1.080122471,1
159,1281,-0.720507741,1.678905249,1
159,1345,-1.778921604,0.9781047106,1
159,1409,-0.542746067,-0.9041335583,1
159,1473,-0.4060243368,-0.9886661172,1
159,1537,-0.5334302187,-0.08714708686,1
159,1601,-0.735419035,-0.8686127663,1
159,1665,-1.608111382,-1.212194085,1
159,1729,-0.6776407957,-0.05616855621,1
159,1793,0.1005963683,0.2294549048,1
159,1857,0.3945762217,0.8207343817,1
159,1921,0.6880167723,0.8286262751,1
159,1985,0.1972568035,0.8631099463,1
223,65,-5.151412964,0.04920125008,1
223,129,-2.50775671,-0.2052607983,1
223,193,-1.89058733,0.1062549576,1
223,257,-2.760505199,0.4021759629,1
223,321,NaN,NaN,2
223,385,-13.47947502,0.1854737401,1
223,449,-12.3692131,-0.700511694,1
223,513,-2.032945156,0.8942248821,1
223,577,-1.885221362,2.012334585,1
223,641,-3.871169806,3.178526878,1
223,705,-3.013511896,2.005892754,1
223,769,-1.737827778,0.04177701473,1
223,833,-1.502817273,0.2223562002,1
223,897,-1.364619493,0.7959983349,1
223,961,-1.575468063,1.151192427,1
223,1025,-3.011115789,-0.05981874466,1
223,1089,-5.540130615,1.092469692,1
223,1153,-4.063724518,3.039115429,1
223,1217,-3.119712591,1.829947591,1
223,1281,-2.893843889,-0.3810213804,1
223,1345,-1.518928766,1.216040373,1
223,1409,-0.9403425455,0.130844146,1
223,1473,-0.7037140131,-0.8922491074,1
223,1537,-1.333860397,-0.2198196054,1
223,1601,-2.223398685,-0.8039751053,1
223,1665,-2.057682753,-0.7529667616,1
223,1729,-0.7107079029,0.1875833571,1
223,1793,0.9599435329,0.09613416344,1
223,1857,0.3185565174,0.8725802898,1
223,1921,0.09691607952,1.111205816,1
223,1985,-0.1137570143,0.6728777885,1
287,65,-6.242349625,-0.05408036709,1
287,129,-2.76985693,-0.3797809482,1
287,193,-2.329277515,-0.02357804775,1
287,257,-3.078160763,-0.4313632846,1
287,321,-14.12504005,-0.2665727735,1
287,385,-8.332268715,1.405982018,1
287,449,-4.678562164,0.2512473464,1
287,513,-2.275391102,0.3468198776,1
287,577,-1.814827204,0.8739973903,1
287,641,-2.24334383,1.999390125,1
287,705,-3.023403883,1.874285102,1
287,769,-1.594440341,0.4443697333,1
287,833,-1.28662014,0.6083930731,1
287,897,-0.9131644964,1.22539711,1
287,961,-1.331824541,1.243457079,1
287,1025,-1.72305584,0.738386631,1
287,1089,-1.689174533,2.741033554,1
287,1153,-2.445798874,3.632692099,1
287,1217,NaN,NaN,2
287,1281,NaN,NaN,2
287,1345,-3.707631588,1.87777257,1
287,1409,-2.003269434,0.9235989451,1
287,1473,-1.897442579,0.2394031733,1
287,1537,-1.908026338,1.486622334,1
287,1601,-2.153213501,-0.04138189554,1
287,1665,-2.088883877,-0.459700644,1
287,1729,-0.99284482,0.1153632104,1
287,1793,-0.7663849592,0.2358362526,1
287,1857,-2.708020926,0.2272556424,1
287,1921,-1.186620116,0.5141727924,1
287,1985,1.421312809,0.6940979958,1
351,65,-5.179010391,-1.079236627,1
351,129,-3.926224709,-0.8855602741,1
351,193,-3.595919132,-1.03519845,1
351,257,-3.554898977,-1.164314508,1
351,321,-9.182207108,-2.578792095,1
351,385,-8.853909492,-1.708068371,1
351,449,-3.978156805,0.02672436833,1
351,513,-2.631778955,0.3428604007,1
351,577,-1.857321978,0.6082971692,1
351,641,-1.777454853,0.9393718243,1
351,705,-1.968721986,1.837697029,1
351,769,-1.715137839,1.62890625,1
351,833,-1.991728425,1.458806872,1
351,897,-0.7928060293,1.672722459,1
351,961,-0.5744466782,1.540613651,1
351,1025,-2.032428265,0.517214179,1
351,1089,-1.806122422,1.585379362,1
351,1153,-1.935337424,1.114329338,1
351,1217,-3.245075703,-0.8544021249,1
351,1281,-2.21717906,-0.3472081423,1
351,1345,-3.306926966,1.289759517,1
351,1409,-4.20098877,2.232522249,1
351,1473,-5.574375153,2.943254471,1
351,1537,-5.084218025,4.165783882,1
351,1601,-3.255966663,0.7447053194,1
351,1665,-2.019714355,-0.09934848547,1
351,1729,-1.567160964,-0.01126882434,1
351,1793,-3.885021448,0.7713816166,1
351,1857,-4.043625832,0.04973336309,1
351,1921,-3.067414761,0.4609766603,1
351,1985,0.04843908548,1.180753946,1
415,65,-4.758019447,0.2978169918,1
415,129,-4.632424355,-1.495306492,1
415,193,-4.40977335,-1.811107397,1
415,257,-3.621182442,-1.805456877,1
415,321,-3.581473112,-1.767832637,1
415,385,-3.238996983,-0.8583248854,1
415,449,-2.383642197,0.3304255605,1
415,513,-1.874140978,0.7819259763,1
415,577,-1.614674449,0.6504924893,1
415,641,-2.49561739,1.056581736,1
415,705,-4.211667538,2.14149642,1
415,769,-0.190656662,4.085427761,1
415,833,0.0009796619415,8.074203491,1
415,897,-0.5575550795,3.080626726,1
415,961,-0.9326517582,4.969335556,1
415,1025,-1.687828541,-0.352511704,1
415,1089,-1.793861985,-1.326197028,1
415,1153,-1.954141498,-0.589994669,1
415,1217,-2.135314226,-0.9698995948,1
415,1281,-1.659090042,-0.4198468328,1
415,1345,-1.551885128,-0.1913737357,1
415,1409,-1.935115337,0.7819748521,1
415,1473,-2.150871038,1.27016139,1
415,1537,-0.7439109087,0.2667528987,1
415,1601,-1.07183671,-0.380459249,1
415,1665,-1.40138185,-0.6278201342,1
415,1729,-1.398991823,-0.9878584743,1
415,1793,-1.165664077,-0.7913528681,1
415,1857,-0.4518651068,-0.5678437948,1
415,1921,0.414104104,-0.3658997416,1
415,1985,1.477759719,0.377658844,1
479,65,-3.848187685,-0.5860645771,1
479,129,-3.99653244,-2.481223345,1
479,193,-5.449324131,-8.05557251,1
479,257,-3.609521866,-2.205888748,1
479,321,-2.568568468,-1.515063286,1
479,385,-1.976866484,-0.876501143,1
479,449,-1.595460534,0.2290512323,1
479,513,-1.186041951,0.6802954674,1
479,577,-0.4094363451,0.7122567892,1
479,641,-1.385946751,1.540464401,1
479,705,-1.824468851,2.475967884,1
479,769,1.344625711,4.823083878,1
479,833,3.807881355,10.22469425,1
479,897,NaN,NaN,2
479,961,NaN,NaN,2
479,1025,-5.700144768,-0.1290169656,1
479,1089,-1.681720376,-2.431096792,1
479,1153,-1.585082889,-1.213597536,1
479,1217,-1.690818191,0.05707860366,1
479,1281,-1.522130728,0.3320381641,1
479,1345,-1.320405364,0.2534040809,1
479,1409,-5.174018383,2.070545435,1
479,1473,-0.7457707524,0.6662253141,1
479,1537,-0.3396944404,-0.09974944592,1
479,1601,-0.3221588433,-0.381272912,1
479,1665,-0.5504273176,-0.4348241687,1
479,1729,-0.9328512549,-0.8400827646,1
479,1793,-0.708118856,-0.6758729219,1
479,1857,0.3988474905,-0.2811885476,1
479,1921,0.6519025564,0.3328800201,1
479,1985,2.263860703,0.5484691262,1
543,65,1.295054674,-8.888149261,1
543,129,-2.416851521,-3.334051132,1
543,193,-4.091538429,-4.318352699,1
543,257,-3.669734955,-4.321503639,1
543,321,-2.485802174,-1.716977358,1
543,385,-2.392341852,-1.351673841,1
543,449,-2.084263802,-0.2721235156,1
543,513,-1.550969481,-0.1042239666,1
543,577,-0.4885914326,1.068178892,1
543,641,-1.17355454,2.36079216,1
543,705,-1.44329524,3.346046686,1
543,769,-1.041237593,2.85179472,1
543,833,-1.843565345,2.401158094,1
543,897,-1.685575366,1.882321954,1
543,961,-1.879837513,1.015107036,1
543,1025,-1.979340076,0.03520202637,1
543,1089,-0.8773899078,-1.214575648,1
543,1153,-1.00883162,-0.3025414944,1
543,1217,-1.953725576,-0.07564560324,1
543,1281,-2.175985813,0.8274258375,1
543,1345,-1.031886578,0.1710575074,1
543,1409,-0.08796095848,-0.2195993662,1
543,1473,1.251880169,-0.2227440476,1
543,1537,0.7173781395,-0.8446580172,1
543,1601,-0.07285255194,-1.004776001,1
543,1665,-0.3833378255,-1.004852891,1
543,1729,-1.237932444,-0.7844798565,1
543,1793,-0.233399868,-0.595962286,1
543,1857,0.660464108,-0.2242252529,1
543,1921,0.6446707249,-0.3940135539,1
543,1985,1.113735318,0.02516040206,1
607,65,-1.938203812,-1.83523488,1
607,129,-2.048285484,-2.924629927,1
607,193,-2.416773319,-3.098057508,1
607,257,-2.503073692,-2.336630821,1
607,321,-2.134887695,-1.907289267,1
607,385,-5.135742188,-1.704353571,1
607,449,-10.33903694,-1.560213685,1
607,513,-3.460004807,0.4099014699,1
607,577,-2.369793653,1.380148649,1
607,641,-1.981382728,2.582538843,1
607,705,-1.601211786,3.662971973,1
607,769,-1.251464128,2.512137413,1
607,833,-6.39552021,1.815883636,1
607,897,-3.024907112,2.293545246,1
607,961,-2.167521954,1.210953593,1
607,1025,-1.047455549,0.328088522,1
607,1089,0.9152431488,-0.08279208839,1
607,1153,-1.31493783,-0.4024445117,1
607,1217,-1.858347416,-0.3730168343,1
607,1281,-2.170917988,0.2565271258,1
607,1345,-1.247973204,-0.006272494793,1
607,1409,0.1115318537,-0.5877036452,1
607,1473,0.05057585239,-1.252073288,1
607,1537,0.0511597693,-1.628857851,1
607,1601,-0.2548156083,-1.381214619,1
607,1665,-0.4243125319,-1.185186863,1
607,1729,-0.3038906753,-1.092073441,1
607,1793,0.6336185932,-2.195888042,1
607,1857,0.9180411696,-0.2759636641,1
607,1921,0.7367271185,-1.392815232,1
607,1985,0.5053207874,-1.416474104,1
671,65,-3.245106936,0.1599991322,1
671,129,-2.708107948,-1.731119871,1
671,193,-2.234001637,-2.223047495,1
671,257,-2.847849846,-2.336223125,1
671,321,-2.961730957,-1.69449532,1
671,385,-4.332442284,-1.279568911,1
671,449,-13.38264275,-4.379725456,1
671,513,-9.472241402,0.1417874396,1
671,577,-5.782380104,1.129569173,1
671,641,-1.889530897,2.381747246,1
671,705,-2.031730652,3.027289152,1
671,769,-2.432897806,2.221396923,1
671,833,-6.280323982,1.549647689,1
671,897,-7.810465336,1.624407768,1
671,961,-6.673212051,1.425046086,1
671,1025,-1.915255547,1.079826713,1
671,1089,-1.499530673,0.557838738,1
671,1153,-1.826107502,0.3465398848,1
671,1217,-1.431444645,-0.6748349071,1
671,1281,-1.660902023,1.288938761,1
671,1345,-1.726578236,2.832781553,1
671,1409,-1.693983436,-0.8512461185,1
671,1473,-1.133432627,-1.646052599,1
671,1537,-0.4640784562,-2.122467518,1
671,1601,-0.2865711749,-1.608778119,1
671,1665,-1.25492239,8.21662426,1
671,1729,0.2357328236,-1.557820082,1
671,1793,1.813569069,2.462934017,1
671,1857,1.189856291,-0.7209285498,1
671,1921,1.398260355,-1.089173317,1
671,1985,1.340084195,-0.7972165942,1
735,65,-3.363031864,-1.260803699,1
735,129,-2.832834721,-1.473049879,1
735,193,-2.13565588,-1.612163663,1
735,257,-2.997304678,-2.387016296,1
735,321,-3.67709136,-1.591719151,1
735,385,-2.322242737,-0.1852315068,1
735,449,-3.536381721,0.5405055285,1
735,513,-3.702574968,1.156677246,1
735,577,-3.370570898,1.515350223,1
735,641,-1.436074615,2.890480995,1
735,705,-1.636334658,2.429396152,1
735,769,-2.03138113,1.836202025,1
735,833,-2.29889822,1.467419982,1
735,897,-2.176010609,1.395550728,1
735,961,-2.198792458,2.904074669,1
735,1025,-3.44883275,0.756167531,1
735,1089,-1.894007087,0.5345833302,1
735,1153,-1.694308758,0.3710435033,1
735,1217,-2.801673889,-1.049440742,1
735,1281,-7.79652977,6.073865414,1
735,1345,-7.630224228,3.956577778,1
735,1409,-2.205286264,-1.259676218,1
735,1473,-0.7744364738,-2.518325329,1
735,1537,0.2403210551,-2.384981155,1
735,1601,0.7810567617,-1.136418581,1
735,1665,0.5029932261,8.238042831,1
735,1729,0.8565198779,-2.349352598,1
735,1793,0.4978523254,1.504310727,1
735,1857,0.7016912699,-1.18742919,1
735,1921,0.4672473371,-1.793030739,1
735,1985,0.696387887,-1.560602188,1
799,65,-2.908075809,-2.194477081,1
799,129,-2.671876669,-1.685498953,1
799,193,-3.073705912,-1.189522266,1
799,257,-4.140028954,-0.929858923,1
799,321,-3.691837311,-0.1236104965,1
799,385,-2.831752777,0.005559593439,1
799,449,-3.27234292,1.140706301,1
799,513,-3.127799511,2.68651247,1
799,577,-2.061846495,2.041256905,1
799,641,0.6512482166,1.094165087,1
799,705,0.3522396088,1.255587816,1
799,769,-0.6945534945,1.479632497,1
799,833,-2.972890615,0.9235575199,1
799,897,-2.143804312,0.9600829482,1
799,961,-1.930845141,3.237957954,1
799,1025,-1.614705682,0.1540230513,1
799,1089,-1.225457191,-0.0933098793,1
799,1153,-1.602768779,-0.7983622551,1
799,1217,-7.371696472,-1.056286454,1
799,1281,-7.089064121,5.654582024,1
799,1345,-4.244727135,3.143778324,1
799,1409,-1.195085526,-2.051459789,1
799,1473,-0.5359073877,-3.325736046,1
799,1537,3.061842442,-2.624523163,1
799,1601,4.433486462,-2.01814723,1
799,1665,1.986073613,-2.578458071,1
799,1729,1.333045244,-2.379924774,1
799,1793,0.1314644814,-2.05534482,1
799,1857,0.2762258351,-1.997850657,1
799,1921,0.7435298562,-2.26901722,1
799,1985,1.691225529,-3.029334545,1
863,65,-1.960503936,-2.28003931,1
863,129,-2.518362999,-1.923787117,1
863,193,-4.488432884,-1.301619291,1
863,257,-3.91662693,-0.4194864631,1
863,321,-3.379686356,-0.1176438332,1
863,385,-2.933182716,0.3666881919,1
863,449,-2.74845171,1.664035082,1
863,513,-2.647921085,2.721920252,1
863,577,-1.965211511,2.069838047,1
863,641,1.301976323,0.1598116159,1
863,705,1.139270902,0.4249678254,1
863,769,-0.3717650771,1.232730031,1
863,833,-1.406076789,0.936257422,1
863,897,-1.492478728,0.7532764673,1
863,961,-1.763509631,2.065153122,1
863,1025,-1.235161543,1.734673738,1
863,1089,0.1135393381,-0.6501617432,1
863,1153,-1.179115415,-1.048317552,1
863,1217,-6.746725082,2.132602453,1
863,1281,-6.20435524,4.372128487,1
863,1345,-2.857724667,-2.276303768,1
863,1409,-1.730013847,-2.507461548,1
863,1473,-0.2262297273,-3.56878233,1
863,1537,3.011386395,-2.995625257,1
863,1601,2.737268686,-2.721185207,1
863,1665,1.992774963,-3.066337824,1
863,1729,1.227820158,-2.682446003,1
863,1793,-0.05389249325,-2.27539897,1
863,1857,0.410063684,-2.135207891,1
863,1921,1.233791828,-2.403986931,1
863,1985,2.729508162,-3.77842474,1
927,65,0.2439668179,-2.208716393,1
927,129,-1.763777018,-2.095923185,1
927,193,-3.47282815,-1.181758046,1
927,257,-3.686537981,-0.6333385706,1
927,321,-3.416784048,0.3183592558,1
927,385,-3.160177946,0.7822189331,1
927,449,-2.801640272,1.950410366,1
927,513,-2.709227562,2.601840973,1
927,577,-2.087665796,1.813908339,1
927,641,-1.338380098,0.1629683971,1
927,705,-1.132748127,-0.1540091038,1
927,769,-0.9516638517,0.8673853874,1
927,833,-1.156618714,0.6095203161,1
927,897,-0.2231981754,0.4549627304,1
927,961,0.8262932301,1.23352778,1
927,1025,-1.357823253,-0.3368630409,1
927,1089,-1.162330151,-1.096589565,1
927,1153,-0.7695139647,-3.244746685,1
927,1217,-1.017729521,-2.723012447,1
927,1281,-3.161817551,-3.074148178,1
927,1345,-2.687000513,-3.257096529,1
927,1409,-1.105621099,-3.03516531,1
927,1473,-0.4648505747,-3.148951054,1
927,1537,-1.370619774,-3.387241602,1
927,1601,-0.3520995378,-2.808570147,1
927,1665,0.7674755454,-3.204666615,1
927,1729,0.7864325047,-2.894497156,1
927,1793,-5.33068943,3.019274473,1
927,1857,-0.5005518198,-0.2650196552,1
927,1921,0.953376174,-1.961248636,1
927,1985,1.870704174,-3.799653769,1
991,65,-0.9939923286,-1.329229832,1
991,129,-2.396155596,-1.86736846,1
991,193,-3.979990959,-1.431265712,1
991,257,-4.451458931,-0.4571004808,1
991,321,-3.083994389,0.6250361204,1
991,385,-2.806297302,1.223356366,1
991,449,-2.693331003,1.783872962,1
991,513,-2.614955902,3.356361389,1
991,577,-3.77270031,1.422278881,1
991,641,-1.627693176,0.4752601385,1
991,705,-1.776284337,-0.3359495699,1
991,769,-1.626165986,-0.0956491977,1
991,833,-1.257729769,0.1326484531,1
991,897,-1.04940486,0.06919580698,1
991,961,-1.261398673,-0.4758948088,1
991,1025,-1.369957089,-1.214042664,1
991,1089,-1.342151642,-2.236904621,1
991,1153,-0.3638615608,-4.292906761,1
991,1217,-0.4038977623,-4.708621502,1
991,1281,-0.6102944613,-4.478365898,1
991,1345,-0.883074522,-2.591546059,1
991,1409,0.04619944096,6.052563667,1
991,1473,NaN,NaN,2
991,1537,-0.5973682404,-1.585419893,1
991,1601,0.1075786352,-3.004492283,1
991,1665,0.2184629142,-3.394102335,1
991,1729,0.460691154,-3.430455446,1
991,1793,0.09931510687,-2.324427128,1
991,1857,-7.35600853,4.095884323,1
991,1921,0.5728064179,-2.675773382,1
991,1985,0.8647007942,-4.329344749,1
1055,65,-2.156575203,-0.5242314339,1
1055,129,-2.985944271,-1.861236334,1
1055,193,-3.034941673,-2.345006704,1
1055,257,-2.843904018,-0.4809111655,1
1055,321,-2.571447372,0.3856391907,1
1055,385,-2.597241163,0.8902749419,1
1055,449,-2.701270342,1.233783484,1
1055,513,-2.719568014,1.266580224,1
1055,577,-2.487352371,0.4895875454,1
1055,641,-2.164725542,0.4853803217,1
1055,705,-2.698611259,0.5614039898,1
1055,769,-2.547771692,0.4022687078,1
1055,833,-1.918713689,0.30687356,1
1055,897,-0.8367983103,-0.07940478623,1
1055,961,-1.161751747,-1.032356977,1
1055,1025,-1.27249229,-2.362361431,1
1055,1089,-1.159721494,-3.517739773,1
1055,1153,-0.5996099114,-5.845221043,1
1055,1217,-0.08140605688,-5.905953407,1
1055,1281,0.8533084989,-5.490647316,1
1055,1345,1.765241861,-5.124014378,1
1055,1409,0.1128816605,-4.310148239,1
1055,1473,0.3306806087,-2.987888336,1
1055,1537,0.1191769242,-3.006710291,1
1055,1601,-0.02554279566,-3.156449795,1
1055,1665,0.5626830459,-3.495310783,1
1055,1729,1.074786663,-3.564395905,1
1055,1793,0.292845726,-3.104438066,1
1055,1857,-0.0559758544,-2.467782021,1
1055,1921,-0.1013101339,-2.800031662,1
1055,1985,0.00259077549,-3.364817381,1
1119,65,-2.75070715,0.04973506927,1
1119,129,-2.450325251,-1.950497985,1
1119,193,-1.971806526,-1.353892803,1
1119,257,-2.045760393,-0.9725220799,1
1119,321,-1.879853964,-0.4875842929,1
1119,385,-1.960120678,-0.1314325333,1
1119,449,-2.239012718,0.5585591197,1
1119,513,-2.242733002,0.8401547074,1
1119,577,-2.138446569,0.2984145284,1
1119,641,-2.321274281,0.7026275396,1
1119,705,-2.943796873,0.3488211036,1
1119,769,-3.534656525,0.4388492703,1
1119,833,-3.165203571,0.2252534181,1
1119,897,-2.025748253,-0.239931494,1
1119,961,-1.816897869,-1.389134407,1
1119,1025,-2.009304047,-3.304875135,1
1119,1089,-1.868004918,-4.260326385,1
1119,1153,-1.167107344,-5.068424225,1
1119,1217,-0.1787701249,-6.028719425,1
1119,1281,1.202345133,-5.955251694,1
1119,1345,2.182964087,-5.258708477,1
1119,1409,0.2951900959,-5.546434402,1
1119,1473,0.5442560315,-4.30341959,1
1119,1537,0.4075852633,-3.890405893,1
1119,1601,-1.184023023,-2.962011337,1
1119,1665,0.4705330729,-3.006729603,1
1119,1729,0.9059207439,-3.071368456,1
1119,1793,0.5305936337,-3.107777119,1
1119,1857,0.3088106513,-3.298056602,1
1119,1921,0.3189511299,-3.945538282,1
1119,1985,0.3494087458,-3.137931347,1
1183,65,-2.189496517,0.1454412937,1
1183,129,-1.201034307,-0.6884236932,1
1183,193,-1.210354447,-0.5728468299,1
1183,257,-1.363302946,-0.5857141018,1
1183,321,-1.271530151,-1.284541965,1
1183,385,-0.97848773,-1.68559742,1
1183,449,-2.0533638,-0.2085412741,1
1183,513,-1.981142521,0.1525934637,1
1183,577,-1.771143913,0.1496160328,1
1183,641,-2.126531601,0.3812653124,1
1183,705,-2.467216015,0.0486086309,1
1183,769,-3.199715614,0.1076595187,1
1183,833,-3.338015079,-0.002631515265,1
1183,897,-3.512892485,-0.3656480312,1
1183,961,-5.343358994,-1.558174491,1
1183,1025,-4.13254261,-3.054888487,1
1183,1089,-4.418162346,-3.84471035,1
1183,1153,-2.295606136,-4.421495438,1
1183,1217,-0.9361649752,-4.958124161,1
1183,1281,-0.1887491047,-5.666069508,1
1183,1345,0.7331998348,-5.409578323,1
1183,1409,0.3569922447,-3.716014385,1
1183,1473,0.3329563141,-3.660943031,1
1183,1537,0.7505967617,-2.084645271,1
1183,1601,0.02837763727,-1.746049643,1
1183,1665,0.02652934194,-2.300700665,1
1183,1729,-0.8292936683,-2.566772223,1
1183,1793,0.2966042757,-2.463805199,1
1183,1857,1.26518333,-3.611046791,1
1183,1921,1.897937179,-6.024205208,1
1183,1985,2.151407003,-3.479174852,1
1247,65,-3.241309643,-1.783167839,1
1247,129,-1.618059397,-0.7915486097,1
1247,193,-0.2951288223,-0.8352800608,1
1247,257,-0.7819634676,-1.000475645,1
1247,321,-1.584499359,-1.192672849,1
1247,385,-1.620431185,-1.477831841,1
1247,449,-1.770902276,-0.3699939251,1
1247,513,-1.650031805,-0.1972204447,1
1247,577,-1.427418232,-0.3763354719,1
1247,641,-1.639544129,-0.7805691957,1
1247,705,-1.831329703,-0.968097806,1
1247,769,-2.099944353,-0.7495393157,1
1247,833,-2.718323946,-0.697296083,1
1247,897,-3.541572094,-0.6573182344,1
1247,961,-5.914776802,-1.55077076,1
1247,1025,-3.874695301,-2.541644573,1
1247,1089,-3.319513321,-3.780778646,1
1247,1153,-2.698946476,-4.085531235,1
1247,1217,-1.855515361,-4.515930653,1
1247,1281,-0.1306990981,-5.044656754,1
1247,1345,1.270673752,-5.258722305,1
1247,1409,1.018525839,-5.639229774,1
1247,1473,-0.1240479946,-3.578397036,1
1247,1537,-0.1078855097,-3.346926451,1
1247,1601,0.1138933152,-3.013854504,1
1247,1665,0.1771357656,-2.501322746,1
1247,1729,-0.07265001535,-2.094961643,1
1247,1793,1.189403296,-2.918253183,1
1247,1857,2.627019644,-3.897716045,1
1247,1921,2.85606432,-4.779387951,1
1247,1985,2.368661165,-3.55634594,1
1311,65,-2.665254831,0.1483004689,1
1311,129,-1.531728268,-1.40977335,1
1311,193,-0.8945996761,-2.148097515,1
1311,257,-1.26972127,-3.984032154,1
1311,321,-2.492144108,-6.504405022,1
1311,385,-3.576518536,-5.781589508,1
1311,449,-2.083030224,-0.7412698865,1
1311,513,-1.468015671,-0.7209002376,1
1311,577,-1.236551762,-1.056015372,1
1311,641,-1.032531977,-1.619621634,1
1311,705,-0.734141469,-0.6154676676,1
1311,769,-0.9605162144,-0.01029773802,1
1311,833,-1.490870714,0.4766389728,1
1311,897,-1.290937901,-0.2957818806,1
1311,961,-2.418521881,-0.9198628664,1
1311,1025,-2.683316946,-1.705376863,1
1311,1089,-3.709062576,-3.25925684,1
1311,1153,-4.388694286,-4.115689278,1
1311,1217,-2.824784756,-3.899461746,1
1311,1281,-0.3849912882,-3.604270697,1
1311,1345,0.4112485647,-3.635885477,1
1311,1409,-0.5738950968,-3.593331575,1
1311,1473,-1.105483413,-3.670137405,1
1311,1537,-1.593679667,-3.590513229,1
1311,1601,-0.08800619841,-3.366440773,1
1311,1665,0.377794981,-2.497082472,1
1311,1729,1.329007626,-2.122160912,1
1311,1793,2.299790144,-3.269014597,1
1311,1857,4.232337952,-3.96727562,1
1311,1921,4.586387157,-3.852670908,1
1311,1985,3.572283506,-3.206533909,1
1375,65,-2.323937178,-0.8642435074,1
1375,129,-1.674639702,-2.427226305,1
1375,193,-1.670203447,-6.631251335,1
1375,257,-1.847937703,-5.717142105,1
1375,321,-2.526538849,-2.245502472,1
1375,385,-2.559462547,-1.776895523,1
1375,449,-2.131442547,-1.29647696,1
1375,513,-1.030562878,-1.142168522,1
1375,577,-1.005625367,-1.133933306,1
1375,641,-0.9828503728,-1.277793884,1
1375,705,-0.5431392193,-0.6005242467,1
1375,769,-0.3940937519,1.327261686,1
1375,833,-0.7931814194,2.159774542,1
1375,897,-1.329305887,0.6869122982,1
1375,961,-1.765290737,-0.03925466537,1
1375,1025,-2.20343709,-0.7254797816,1
1375,1089,-2.892716646,-2.574434757,1
1375,1153,-3.186480999,-3.986418962,1
1375,1217,-3.021648407,-3.205553055,1
1375,1281,-1.169277072,-3.244795561,1
1375,1345,-0.5950316787,-3.406980515,1
1375,1409,-0.930793643,-3.316137552,1
1375,1473,-2.005019903,-3.820020914,1
1375,1537,-1.285241485,-3.612853765,1
1375,1601,0.07080245018,-5.446271896,1
1375,1665,0.6808024645,-2.118206263,1
1375,1729,2.423708439,0.731306076,1
1375,1793,2.518687248,-2.467368364,1
1375,1857,2.957544088,-3.979744434,1
1375,1921,2.86848259,-3.458574295,1
1375,1985,2.243697405,-2.207618952,1
1439,65,-2.648406506,-2.997647285,1
1439,129,-2.151492834,-2.414858341,1
1439,193,-1.903358221,-2.595810175,1
1439,257,-2.092297554,-4.414925098,1
1439,321,-1.82550621,-1.521009684,1
1439,385,-1.650669217,-1.406284332,1
1439,449,-1.699263811,-1.404291391,1
1439,513,-0.9777048826,-1.337059855,1
1439,577,-0.8710108399,-0.9625560045,1
1439,641,-0.7418333292,-0.7036904097,1
1439,705,-0.4481363893,-0.5117028952,1
1439,769,-0.6250681281,2.582791805,1
1439,833,-0.7736631632,2.621944189,1
1439,897,-0.8716167212,2.747960329,1
1439,961,-0.9376029968,0.6249396205,1
1439,1025,-1.221970081,0.03022015095,1
1439,1089,-1.661315441,-1.204433203,1
1439,1153,-1.73882556,-2.352490187,1
1439,1217,-1.413318515,-2.161461353,1
1439,1281,-1.539514303,-2.768736601,1
1439,1345,-1.090387106,-3.3188591,1
1439,1409,-0.9621574879,-3.103747368,1
1439,1473,-0.9565178156,-3.433179855,1
1439,1537,-0.1002094746,-3.508223772,1
1439,1601,0.8825392127,-3.350200176,1
1439,1665,0.9936472178,-2.582089186,1
1439,1729,2.298882961,-3.253057718,1
1439,1793,2.031203985,-3.795531988,1
1439,1857,1.896827102,-4.743456841,1
1439,1921,1.194025636,-3.575286865,1
1439,1985,-0.08245158195,-0.7144782543,1
1503,65,-3.283773422,-3.042076111,1
1503,129,-2.768215179,-2.068462133,1
1503,193,-2.623765469,-1.721187472,1
1503,257,-1.767495394,-2.786120176,1
1503,321,-1.520466685,-1.445040703,1
1503,385,-1.614347577,-1.628005028,1
1503,449,-1.509359717,-1.653623581,1
1503,513,-0.5303070545,-1.36387527,1
1503,577,0.07283234596,-0.8671336174,1
1503,641,0.7280588746,-0.5565269589,1
1503,705,0.07075577974,-0.5232233405,1
1503,769,-0.2477149665,1.823785782,1
1503,833,-0.341285646,2.468103409,1
1503,897,-0.5608116388,2.979848862,1
1503,961,-0.5276714563,1.472887993,1
1503,1025,-0.7811369896,0.8328967094,1
1503,1089,-1.152744412,-0.195078373,1
1503,1153,-1.372249484,-1.389251471,1
1503,1217,-1.294092655,-1.848860741,1
1503,1281,-1.316767931,-2.349374771,1
1503,1345,-1.374828339,-2.941640139,1
1503,1409,-0.9852292538,-2.51833725,1
1503,1473,-0.8607894182,-2.84302783,1
1503,1537,0.09462143481,-3.438651323,1
1503,1601,-0.3100243807,-3.527568817,1
1503,1665,-1.184437156,-3.694087029,1
1503,1729,-0.8503572941,-4.41119957,1
1503,1793,1.529837608,-3.869375944,1
1503,1857,2.367443562,-4.002175331,1
1503,1921,1.447906494,-3.793441296,1
1503,1985,1.203926563,-1.991896152,1
1567,65,-3.375375271,-0.6006010771,1
1567,129,-2.799471378,-1.816140175,1
1567,193,-2.762021542,-2.815023184,1
1567,257,-1.707590818,-1.704925537,1
1567,321,-1.727229238,-1.171594501,1
1567,385,-1.308546782,-1.839490414,1
1567,449,-0.9848184586,-4.115129471,1
1567,513,-0.5226274133,-1.430723429,1
1567,577,-0.1978901625,-1.246949196,1
1567,641,NaN,NaN,2
1567,705,0.2065580785,-0.3120375574,1
1567,769,0.1421055496,1.925772429,1
1567,833,0.08863610029,2.486067772,1
1567,897,0.1219365001,3.694431782,1
1567,961,-0.03704059124,2.65680933,1
1567,1025,-0.7533521056,1.033593893,1
1567,1089,-0.8559136987,-0.04320806265,1
1567,1153,-0.9268831611,-1.093175411,1
1567,1217,-1.022847414,-1.740967035,1
1567,1281,-0.2757535577,-1.94649601,1
1567,1345,0.1561460495,-2.450073957,1
1567,1409,-1.347096682,-3.571003914,1
1567,1473,-0.4595859647,-2.89748168,1
1567,1537,0.4287905097,-2.479373217,1
1567,1601,-0.1281462312,-2.608955622,1
1567,1665,-1.357917786,-3.234269142,1
1567,1729,-1.347554684,-4.680327415,1
1567,1793,1.0080446,-3.720607758,1
1567,1857,3.133560181,-3.87914753,1
1567,1921,3.689370632,-4.356599331,1
1567,1985,1.447065115,-2.609744787,1
1631,65,-2.781879902,1.115632415,1
1631,129,-1.497944117,-1.568917513,1
1631,193,-2.050528526,-2.663147449,1
1631,257,-1.313786387,-2.045832634,1
1631,321,-0.8517138362,-1.352935195,1
1631,385,-0.7475628257,-1.41649282,1
1631,449,0.1598272324,-1.585584164,1
1631,513,-0.305092454,-1.853647232,1
1631,577,-0.2923695147,-1.983298898,1
1631,641,0.68974334,-1.474225044,1
1631,705,1.074504495,-1.112272501,1
1631,769,0.471424073,0.4891140461,1
1631,833,0.3668319285,1.700212002,1
1631,897,0.7216023803,2.807905197,1
1631,961,0.4762689769,2.338336706,1
1631,1025,0.07235696912,0.4428129792,1
1631,1089,-0.01663582027,0.07153243572,1
1631,1153,-0.2757855058,-0.496494472,1
1631,1217,-0.565243125,-1.366307735,1
1631,1281,-0.0262260437,-2.277096272,1
1631,1345,-0.8003020883,-1.985174656,1
1631,1409,-1.779661894,-2.327297688,1
1631,1473,-0.2910643518,-2.656335354,1
1631,1537,-0.1824171543,-2.509089231,1
1631,1601,0.161637336,-2.498988152,1
1631,1665,-0.2108911872,-2.801392555,1
1631,1729,-0.3265408576,-4.41825676,1
1631,1793,0.8999576569,-3.159361362,1
1631,1857,3.21219635,-3.876897097,1
1631,1921,2.612915516,-4.534453392,1
1631,1985,1.062969685,-2.86152935,1
1695,65,-3.586865425,-0.1300621033,1
1695,129,-1.553950667,-3.561644077,1
1695,193,-1.421173573,-2.489700079,1
1695,257,-1.093370438,-2.619852304,1
1695,321,-0.5067903996,-1.66742754,1
1695,385,-0.831058979,-1.983292341,1
1695,449,-0.6630911231,-1.746863604,1
1695,513,-0.2396871448,-1.709875107,1
1695,577,-0.1673112214,-1.687130213,1
1695,641,-0.02882519364,0.3965905905,1
1695,705,0.5455770493,-0.6051040888,1
1695,769,0.8235198259,-0.01655781269,1
1695,833,0.7471170425,0.5172455311,1
1695,897,0.4163043797,1.025789976,1
1695,961,0.4860638678,0.9089819193,1
1695,1025,1.689220667,-0.3401407003,1
1695,1089,0.9700372815,-0.1309802234,1
1695,1153,0.1358522177,0.3642231524,1
1695,1217,-0.5410472155,-0.6711776853,1
1695,1281,-0.1554443836,-2.496996641,1
1695,1345,-1.188830376,-1.546214581,1
1695,1409,-1.890856028,-0.8830916882,1
1695,1473,-0.1981717944,-0.05912566185,1
1695,1537,0.1278599799,-1.971243858,1
1695,1601,0.08437845111,-2.859834909,1
1695,1665,0.1462264657,-2.758528709,1
1695,1729,-0.03958797455,-3.082160711,1
1695,1793,0.4687701464,-2.842648983,1
1695,1857,0.9363577366,-2.920687437,1
1695,1921,0.806530714,-3.116936922,1
1695,1985,-0.7429413795,-2.813441753,1
1759,65,-1.739090681,-2.469049454,1
1759,129,-1.112242103,-3.230565548,1
1759,193,-0.5893535018,-2.542264223,1
1759,257,-0.1480482221,-2.296528816,1
1759,321,0.2235220671,-1.710912824,1
1759,385,-0.3885986805,-1.565827131,1
1759,449,-0.8774838448,-1.505646467,1
1759,513,-0.3870349526,-1.405659437,1
1759,577,-0.1042701304,-1.98205018,1
1759,641,0.1197139174,-3.168883801,1
1759,705,0.2140416205,-0.4671546221,1
1759,769,0.5756464005,-0.2098386288,1
1759,833,0.4818449914,-1.001677036,1
1759,897,0.6163094044,0.09749782085,1
1759,961,0.8011444807,0.2032575607,1
1759,1025,1.75868547,-0.3739631176,1
1759,1089,1.154240847,-0.43586272,1
1759,1153,0.1799932122,0.05288904905,1
1759,1217,-0.3240940571,-0.3829855323,1
1759,1281,-0.2863811553,-0.9454612732,1
1759,1345,-0.6438858509,-0.9907138348,1
1759,1409,-1.015912771,-0.555775404,1
1759,1473,0.1416718662,0.6130138636,1
1759,1537,0.7368044853,-0.9988423586,1
1759,1601,0.5852054954,-2.186417818,1
1759,1665,0.1979843378,-2.250944138,1
1759,1729,0.3619121611,-2.0570755,1
1759,1793,0.6827080846,-2.200703621,1
1759,1857,0.4138404131,-2.351043224,1
1759,1921,0.07229676843,-1.912965775,1
1759,1985,-1.270575762,-2.225180864,1
1823,65,-0.7496927977,-2.249094009,1
1823,129,-0.7654105425,-3.053650856,1
1823,193,-0.6714286208,-2.322696924,1
1823,257,-0.3419455588,-2.17444849,1
1823,321,0.01706790924,-1.504683971,1
1823,385,-0.329266727,-0.9039667845,1
1823,449,-0.2759590447,-0.7754845619,1
1823,513,-0.1315916777,-1.086258173,1
1823,577,-0.001280710101,-1.399833322,1
1823,641,-0.139633432,-1.40343082,1
1823,705,0.06147880852,-1.287225723,1
1823,769,0.4581871629,-1.305288911,1
1823,833,0.2419231385,-1.73710537,1
1823,897,0.767469883,-0.8749073148,1
1823,961,1.156535387,-0.6720868349,1
1823,1025,0.981313169,-0.5754179358,1
1823,1089,0.5346888304,-0.4946267009,1
1823,1153,0.4026506841,-0.5413203835,1
1823,1217,0.1125183254,-0.5784518719,1
1823,1281,-0.3286452889,-0.8210573196,1
1823,1345,-1.240229964,-0.6437468529,1
1823,1409,0.1856720746,-0.5333525538,1
1823,1473,0.1762970537,-0.9175924063,1
1823,1537,0.06027859449,-1.995792389,1
1823,1601,0.2781970501,-2.043256521,1
1823,1665,0.9355270863,-1.457739115,1
1823,1729,1.252586961,-0.874130249,1
1823,1793,0.3801472187,-0.3333678246,1
1823,1857,-0.3346078098,-1.667426109,1
1823,1921,-0.5539927483,-1.047995329,1
1823,1985,-0.6760168076,-1.08714819,1
1887,65,0.5145009756,-2.839956284,1
1887,129,-0.04813349247,-1.238123417,1
1887,193,-0.7040780783,-1.342399359,1
1887,257,-0.6959798336,-1.518419266,1
1887,321,-0.6546531916,-2.30411911,1
1887,385,-1.15775156,-0.7450578213,1
1887,449,-0.477342397,-0.8916367888,1
1887,513,-0.01001954079,-0.4213582277,1
1887,577,0.1133277714,-0.3240836859,1
1887,641,0.0363561213,-0.7445600033,1
1887,705,0.2831304669,-1.434720397,1
1887,769,0.5443142056,-2.052697659,1
1887,833,0.2801145911,-2.277703524,1
1887,897,0.4635415077,-1.83708334,1
1887,961,0.7854533195,-1.861515164,1
1887,1025,0.804079473,-1.185006738,1
1887,1089,0.1388193965,-1.354871154,1
1887,1153,0.3081431985,-1.454041123,1
1887,1217,0.4921337068,-1.030532479,1
1887,1281,0.3195987344,-1.293886542,1
1887,1345,0.2937274277,-1.726544142,1
1887,1409,0.7530267835,-1.500836134,1
1887,1473,0.5651429892,-1.458626866,1
1887,1537,-0.170357123,-2.200947523,1
1887,1601,-0.1708257198,-1.521619201,1
1887,1665,-0.04324281216,-1.052208185,1
1887,1729,-0.139115274,-1.752605677,1
1887,1793,-0.2366220951,-1.100233674,1
1887,1857,-0.2267465293,-1.468999147,1
1887,1921,-0.2181313336,-0.4417543411,1
1887,1985,-0.197974354,1.548838615,1
1951,65,-0.4455502033,-4.458229065,1
1951,129,-0.4691938162,1.146102309,1
1951,193,-1.659985662,1.789902687,1
1951,257,-1.598705769,0.9262292385,1
1951,321,-0.1240049601,-0.2358539104,1
1951,385,-0.8107030392,-0.9764461517,1
1951,449,-0.3901247978,-0.6110079288,1
1951,513,0.04210874438,-0.3185619116,1
1951,577,0.3602433503,-0.5005114079,1
1951,641,0.6903153658,-0.2430929542,1
1951,705,0.9325985312,-0.4788136482,1
1951,769,0.7217748165,-0.0930826664,1
1951,833,0.04204589128,-0.5126457214,1
1951,897,-0.3560928106,-1.276512623,1
1951,961,0.6713284254,-1.699020624,1
1951,1025,0.8037285209,-1.39753902,1
1951,1089,-0.6034328938,-2.037050247,1
1951,1153,-0.9877302647,-2.89575243,1
1951,1217,-0.6923805475,-2.797332287,1
1951,1281,0.2974099517,-2.326733589,1
1951,1345,0.5577622652,-1.855432034,1
1951,1409,0.3661637306,-1.190793276,1
1951,1473,-0.2699075341,-1.57234931,1
1951,1537,-0.5743813515,-1.633922935,1
1951,1601,-1.530863523,-1.073492408,1
1951,1665,-2.303874731,-1.02400589,1
1951,1729,-1.761473656,-1.5715729,1
1951,1793,-0.7294086218,-1.949624538,1
1951,1857,0.3791206181,-1.689687729,1
1951,1921,2.033307314,0.1956613064,1
1951,1985,-0.07805085182,0.600227356,1
