PIVlab, ASCII chart output - 24-Oct-2024
FRAME: 7, filenames: A:[7]AVI_Pos025_TimeSrs002425_TgLifeactGFP_Control.avi & B:[8]AVI_Pos025_TimeSrs002425_TgLifeactGFP_Control.avi, conversion factor xy (px -> m): 1, conversion factor uv (px/frame -> m/s): 1
x [px],y [px],u [px/frame],v [px/frame],Vector type [-]
95,65,-1.256739616,7.389975548,1
95,129,3.610783577,4.281249046,1
95,193,5.447995186,3.468277454,1
95,257,3.491776228,3.831371784,1
95,321,0.4788248539,6.362063408,1
95,385,-0.5641186237,6.589702129,1
95,449,3.17874527,6.908622742,1
95,513,7.022022247,6.589208603,1
95,577,8.789038658,5.996356964,1
95,641,9.306891441,4.734873772,1
95,705,13.86339378,4.685880184,1
95,769,15.37582397,4.436035156,1
95,833,15.67190933,3.939813614,1
95,897,17.97878265,1.750943422,1
95,961,20.18699646,-1.919531107,1
95,1025,20.91975212,-4.637979507,1
95,1089,22.45475578,-5.463574409,1
95,1153,26.95639038,-7.100333214,1
95,1217,24.3108387,-6.984048367,1
95,1281,23.45668793,-7.295389175,1
95,1345,24.36290359,-8.092868805,1
95,1409,21.72236443,-7.925871849,1
95,1473,19.92102432,-7.942500114,1
95,1537,18.46583366,-9.753410339,1
95,1601,16.08178711,-10.58009338,1
95,1665,15.76574802,-11.36512184,1
95,1729,13.34085846,-11.31918049,1
95,1793,10.65490627,-11.19147778,1
95,1857,9.631165504,-10.9357214,1
95,1921,11.30669975,-10.83136845,1
95,1985,19.54408646,-16.74869347,1
159,65,-0.0316054225,3.866664171,1
159,129,2.855047226,4.144417286,1
159,193,3.373878479,4.061987877,1
159,257,3.038065434,3.599987984,1
159,321,1.205228567,4.164946079,1
159,385,0.9002661705,3.142758369,1
159,449,2.557784557,4.784150124,1
159,513,5.430305481,4.664994717,1
159,577,8.000780106,3.642084599,1
159,641,10.9973793,2.112086296,1
159,705,17.74072647,-3.256174564,1
159,769,15.86474609,1.623350859,1
159,833,16.93338013,2.529363871,1
159,897,18.39333725,0.7644940615,1
159,961,20.39058113,-2.356755733,1
159,1025,21.09631538,-5.676891804,1
159,1089,22.08004379,-7.403243065,1
159,1153,25.19808769,-8.355194092,1
159,1217,23.98631859,-9.122550011,1
159,1281,22.71061325,-9.357626915,1
159,1345,23.14365196,-10.36300278,1
159,1409,22.04310989,-9.713500977,1
159,1473,20.73309135,-10.39031029,1
159,1537,18.57038116,-10.70537281,1
159,1601,16.62281227,-10.88232136,1
159,1665,14.49486542,-11.73513889,1
159,1729,13.10276985,-11.5361557,1
159,1793,11.79569054,-11.63683414,1
159,1857,11.38126373,-11.49141121,1
159,1921,11.24887848,-9.883750916,1
159,1985,12.42724037,-12.64493942,1
223,65,-0.1090636253,3.52110672,1
223,129,1.81523788,4.374162197,1
223,193,2.261829853,4.663006306,1
223,257,2.984714985,4.335678101,1
223,321,5.632744312,5.604084969,1
223,385,4.874573708,3.656255007,1
223,449,4.297712803,3.569123268,1
223,513,5.654400349,3.627194405,1
223,577,7.15560627,2.628582239,1
223,641,9.587733269,1.525513887,1
223,705,14.82674789,1.423565865,1
223,769,15.37233067,1.189005136,1
223,833,17.21768379,0.6657343507,1
223,897,19.16630936,-0.7466987371,1
223,961,21.26372719,-3.43255043,1
223,1025,23.60535049,-5.848928928,1
223,1089,26.10234451,-7.781322479,1
223,1153,25.5099678,-9.623413086,1
223,1217,23.12031746,-9.964367867,1
223,1281,27.28185272,-10.94458771,1
223,1345,25.35611916,-11.78907871,1
223,1409,21.02375984,-11.47432518,1
223,1473,18.94163704,-11.67059517,1
223,1537,16.48270988,-12.10086632,1
223,1601,14.53961182,-10.77584934,1
223,1665,13.32027245,-11.62459469,1
223,1729,12.95479774,-11.51254272,1
223,1793,12.3625555,-12.10607529,1
223,1857,11.8329401,-12.30314159,1
223,1921,10.96414852,-10.18266773,1
223,1985,9.296618462,-10.91786289,1
287,65,1.443409204,6.251207829,1
287,129,1.338015437,4.650527477,1
287,193,1.414784312,4.313241005,1
287,257,1.336837769,4.725090027,1
287,321,3.328394651,6.145237446,1
287,385,3.797938347,3.396475315,1
287,449,4.038038731,3.216411591,1
287,513,5.936927795,2.391066313,1
287,577,7.113556862,2.314930916,1
287,641,8.177213669,1.101431012,1
287,705,13.03770638,1.25460279,1
287,769,17.13059235,1.060098171,1
287,833,18.85199547,-0.6364068985,1
287,897,19.96694756,-2.247971535,1
287,961,21.84232903,-5.816353798,1
287,1025,23.94342422,-6.538954735,1
287,1089,25.73331451,-8.054973602,1
287,1153,26.93118858,-9.436011314,1
287,1217,28.69348907,-10.92076206,1
287,1281,27.40389633,-12.94113541,1
287,1345,11.40323257,-8.299585342,1
287,1409,10.64514732,-8.265561104,1
287,1473,17.24015999,-11.14901638,1
287,1537,15.69996548,-12.34378815,1
287,1601,10.70432663,-6.799946785,1
287,1665,11.94696522,-11.4141283,1
287,1729,11.79949951,-12.00004768,1
287,1793,10.52357578,-15.72855663,1
287,1857,10.09821224,-16.99671364,1
287,1921,10.069417,-12.10620022,1
287,1985,8.015901566,-11.14071274,1
351,65,2.503587723,5.600952148,1
351,129,1.663220525,5.243798256,1
351,193,1.241778255,5.119137287,1
351,257,1.467894077,5.332968712,1
351,321,0.5282433033,3.935725212,1
351,385,1.783272028,2.451745033,1
351,449,4.903214931,3.497778177,1
351,513,7.60028553,2.909729481,1
351,577,9.881448746,2.691787958,1
351,641,10.35851288,1.740641117,1
351,705,14.86555481,0.939915061,1
351,769,19.2519474,-0.02869078517,1
351,833,21.69797516,-1.478450418,1
351,897,20.40000534,-3.416330814,1
351,961,17.90010262,-9.720442772,1
351,1025,16.27667427,-8.262379646,1
351,1089,29.5389595,-9.675358772,1
351,1153,29.6252861,-11.28133202,1
351,1217,28.40904236,-13.26016521,1
351,1281,27.93073463,-14.21545601,1
351,1345,12.37785149,-10.02006912,1
351,1409,8.383350372,-8.981935501,1
351,1473,16.51571655,-7.921733856,1
351,1537,14.83272457,-12.85329437,1
351,1601,11.89657021,-12.41615486,1
351,1665,10.88613415,-12.47154522,1
351,1729,11.63171387,-14.42966938,1
351,1793,9.567907333,-16.98816299,1
351,1857,8.617085457,-17.46460342,1
351,1921,8.83486557,-12.70289516,1
351,1985,6.351733685,-12.52430439,1
415,65,0.01692330837,5.279050827,1
415,129,0.2731940746,5.29361248,1
415,193,1.016884327,6.404531479,1
415,257,1.520188808,5.049383163,1
415,321,2.036064386,4.483916283,1
415,385,NaN,NaN,2
415,449,6.229738712,3.998363495,1
415,513,7.016726017,3.838772058,1
415,577,8.461621284,3.183481455,1
415,641,10.72711372,3.068754673,1
415,705,15.87043858,1.250852108,1
415,769,18.67528152,-0.7304311991,1
415,833,20.86697006,-2.456918716,1
415,897,15.93824768,-6.372123241,1
415,961,14.36824417,-11.01721954,1
415,1025,17.61069679,-15.39218044,1
415,1089,30.28591156,-12.13089275,1
415,1153,29.64354706,-13.81567764,1
415,1217,25.17750549,-14.33538151,1
415,1281,25.62566948,-15.78136158,1
415,1345,24.49968147,-16.04167175,1
415,1409,17.47365189,-12.52211189,1
415,1473,16.25021744,-12.8561182,1
415,1537,16.19551086,-16.07839012,1
415,1601,14.02616501,-15.21769333,1
415,1665,13.62571907,-12.98048687,1
415,1729,11.11827946,-12.85078621,1
415,1793,10.09089661,-12.45937729,1
415,1857,8.935343742,-12.46107578,1
415,1921,8.279290199,-12.5067625,1
415,1985,6.558468819,-12.43607616,1
479,65,-0.0991897583,5.391162395,1
479,129,-1.132227063,4.826658726,1
479,193,0.3517751992,6.078710556,1
479,257,0.9903995991,4.363906384,1
479,321,1.622942448,5.30616045,1
479,385,3.136479139,5.496564388,1
479,449,5.232958317,4.494379044,1
479,513,6.844311237,4.164580822,1
479,577,9.812129974,3.242544413,1
479,641,13.02245522,2.237787724,1
479,705,15.93167877,1.064563513,1
479,769,18.54711914,-1.509609342,1
479,833,22.64797592,-11.00180435,1
479,897,14.37542248,-16.6135025,1
479,961,15.31703377,-13.44859505,1
479,1025,17.45522308,-10.2611742,1
479,1089,29.19025993,-13.73551846,1
479,1153,27.47278023,-16.10909843,1
479,1217,20.66358566,-14.14862442,1
479,1281,24.54198265,-16.82129669,1
479,1345,23.52025795,-17.81878662,1
479,1409,20.11951065,-16.15088654,1
479,1473,16.84183884,-14.19237518,1
479,1537,16.48047638,-15.90810871,1
479,1601,14.71299839,-15.47339821,1
479,1665,12.63993454,-13.09955025,1
479,1729,11.71221924,-12.81381607,1
479,1793,10.21510792,-12.38005733,1
479,1857,8.697241783,-12.15504456,1
479,1921,7.83868885,-12.00302029,1
479,1985,5.931354523,-11.88224316,1
543,65,0.976995945,4.894016266,1
543,129,-0.4550932646,5.309195042,1
543,193,-0.5423843861,4.845774174,1
543,257,0.4780993462,3.412959576,1
543,321,1.27164793,4.745128155,1
543,385,2.500080109,5.689246178,1
543,449,3.788663864,4.077248573,1
543,513,10.06294823,2.542882919,1
543,577,14.34209442,2.616838217,1
543,641,16.00151825,1.421041012,1
543,705,16.16929436,0.03306543827,1
543,769,15.76511574,-1.924035788,1
543,833,NaN,NaN,2
543,897,5.908252716,-4.889638901,1
543,961,9.6726017,-7.66722393,1
543,1025,14.34762001,-8.798833847,1
543,1089,29.14603615,-15.91636181,1
543,1153,22.41945267,-20.46619415,1
543,1217,21.01484108,-16.71302414,1
543,1281,19.36141205,-16.66711426,1
543,1345,18.56460953,-18.87582779,1
543,1409,17.03936577,-17.18656158,1
543,1473,15.65814209,-10.09678268,1
543,1537,14.52699089,-15.8428936,1
543,1601,13.4247427,-16.06448936,1
543,1665,12.10971069,-13.55736256,1
543,1729,11.24826241,-13.19860649,1
543,1793,10.17085934,-13.4462204,1
543,1857,8.771057129,-14.18158245,1
543,1921,7.635039806,-11.26612854,1
543,1985,5.241193771,-11.13092709,1
607,65,-1.335505724,3.520062447,1
607,129,-3.51286602,4.031173706,1
607,193,-0.8448882103,3.951233625,1
607,257,0.1262564063,4.34871006,1
607,321,0.7365555167,3.990826607,1
607,385,1.623941422,4.29569912,1
607,449,2.459898949,3.564679861,1
607,513,4.631620407,0.7277357578,1
607,577,7.990244865,0.6539342403,1
607,641,12.1290884,0.9760130048,1
607,705,15.76459312,-0.6088593006,1
607,769,12.84541321,-5.01570797,1
607,833,NaN,NaN,2
607,897,13.37042713,-5.375491142,1
607,961,14.17165375,-8.681973457,1
607,1025,15.64788532,-9.244182587,1
607,1089,17.57575035,-11.79522419,1
607,1153,29.62590981,-19.72017479,1
607,1217,26.99534416,-20.94233322,1
607,1281,15.54594803,-16.88440895,1
607,1345,11.98648834,-16.1858902,1
607,1409,10.6428175,-12.39308453,1
607,1473,NaN,NaN,2
607,1537,12.07369614,-16.54501152,1
607,1601,11.62654495,-16.56092072,1
607,1665,5.763175964,-5.749930382,1
607,1729,2.862686157,-1.961549759,1
607,1793,8.149368286,-10.68256187,1
607,1857,6.846513748,-10.15537357,1
607,1921,6.605250359,-9.478475571,1
607,1985,6.056385517,-9.095973015,1
671,65,-0.3532538414,1.833240747,1
671,129,-2.442474365,3.146977425,1
671,193,-1.232969642,3.40267992,1
671,257,-1.904023051,2.42814827,1
671,321,-1.261249304,2.818875313,1
671,385,1.24712491,2.940678596,1
671,449,2.945194721,3.518191814,1
671,513,4.489983559,2.819044352,1
671,577,4.44599247,1.538323402,1
671,641,7.556766033,1.34534359,1
671,705,12.40659237,-0.9102948904,1
671,769,11.87143326,-2.561863422,1
671,833,14.42956352,-12.91136551,1
671,897,20.06566238,-14.90482426,1
671,961,23.5451088,-11.97726917,1
671,1025,22.92948151,-8.937544823,1
671,1089,18.7764225,-12.28386211,1
671,1153,22.77223587,-14.9623003,1
671,1217,26.5713253,-21.48484421,1
671,1281,13.67676735,-17.5142231,1
671,1345,12.77920628,-16.74407578,1
671,1409,8.876752853,-11.15286064,1
671,1473,11.72035789,-16.0226326,1
671,1537,10.65457916,-17.50115776,1
671,1601,9.385253906,-16.14204025,1
671,1665,3.122742653,-4.69329834,1
671,1729,0.9640264511,-1.322842598,1
671,1793,3.905175209,-8.302989006,1
671,1857,1.797112942,0.2766551971,1
671,1921,2.529424191,-7.967216492,1
671,1985,7.783524513,-8.625766754,1
735,65,2.018438339,1.684672117,1
735,129,-0.1958716214,3.017689228,1
735,193,-1.235127926,3.411704302,1
735,257,-2.199198246,1.6340909,1
735,321,-1.811404228,1.932500601,1
735,385,0.9752864838,2.262615204,1
735,449,2.765300751,2.397420883,1
735,513,3.291643381,2.177464008,1
735,577,2.657059908,1.790860891,1
735,641,4.710953712,1.052882195,1
735,705,7.012706757,-0.3962703347,1
735,769,12.89401436,-1.797354102,1
735,833,18.39710236,-5.750787258,1
735,897,17.84851456,-14.94500923,1
735,961,23.74993896,-17.00913048,1
735,1025,27.24246597,-11.51139069,1
735,1089,23.23997116,-13.81302929,1
735,1153,NaN,NaN,2
735,1217,21.25690842,-14.11197281,1
735,1281,14.56261539,-15.72321415,1
735,1345,12.87857342,-16.23742867,1
735,1409,11.99716568,-7.477233887,1
735,1473,12.19914246,-16.01758766,1
735,1537,10.85046864,-18.47112083,1
735,1601,8.066961288,-15.42408276,1
735,1665,6.737877846,-13.92086411,1
735,1729,4.250207424,-12.39301395,1
735,1793,2.970061779,-9.240394592,1
735,1857,3.744103909,-5.997229576,1
735,1921,4.844383717,-7.84905529,1
735,1985,7.368462086,-9.2762146,1
799,65,3.829006195,2.645832777,1
799,129,0.4143030643,3.343662024,1
799,193,-0.9969407916,4.346984386,1
799,257,-1.532987952,3.068618774,1
799,321,-0.9010050893,3.199056864,1
799,385,0.3854062259,2.33835125,1
799,449,1.184324145,0.6010092497,1
799,513,0.8347682953,0.4166775942,1
799,577,0.9550611973,1.773450375,1
799,641,3.287979126,1.724321604,1
799,705,4.468775272,1.189517856,1
799,769,5.556098938,-1.721977711,1
799,833,NaN,NaN,2
799,897,37.74053192,-4.486886501,1
799,961,36.71044159,-16.39562607,1
799,1025,30.20877647,-17.49943924,1
799,1089,19.56084251,-14.97815418,1
799,1153,18.97567177,-26.84697723,1
799,1217,15.89594364,-14.0505085,1
799,1281,13.19166756,-16.11706543,1
799,1345,12.19965076,-17.68851852,1
799,1409,10.92295361,-17.11669159,1
799,1473,10.62565613,-15.34843636,1
799,1537,9.633170128,-16.67357635,1
799,1601,7.114442825,-13.49942207,1
799,1665,4.72711277,-11.81241608,1
799,1729,3.601419449,-11.1635437,1
799,1793,3.159183502,-8.909582138,1
799,1857,3.32245779,-7.829220772,1
799,1921,4.306759834,-7.421699047,1
799,1985,5.399865627,-7.481266022,1
863,65,3.384025097,4.196320534,1
863,129,1.66062367,4.651810646,1
863,193,0.4062045515,4.954790115,1
863,257,-2.415132523,4.689405441,1
863,321,-2.203957319,4.532942772,1
863,385,-1.34028697,3.619963884,1
863,449,0.1408194304,1.794519663,1
863,513,0.3385338783,1.25249505,1
863,577,-2.699268103,2.278383493,1
863,641,2.480894566,8.164522171,1
863,705,2.432257175,2.710172415,1
863,769,8.686824799,-1.745727658,1
863,833,18.06462097,-5.445940971,1
863,897,30.41193962,-5.658181667,1
863,961,34.87840271,-26.22682953,1
863,1025,32.12099457,-26.90784073,1
863,1089,16.5703373,-18.51763916,1
863,1153,14.95355225,-19.41289902,1
863,1217,10.24007607,-17.54904556,1
863,1281,11.21376896,-17.90996933,1
863,1345,11.23614979,-17.58818436,1
863,1409,9.173226357,-16.45467567,1
863,1473,7.334947109,-12.58546352,1
863,1537,6.435078144,-8.323307037,1
863,1601,5.629972458,-9.500337601,1
863,1665,3.783373833,-9.626311302,1
863,1729,2.808876514,-9.391074181,1
863,1793,3.418136597,-8.155766487,1
863,1857,5.07957077,-7.108649254,1
863,1921,4.878420353,-6.124213696,1
863,1985,4.388226509,-5.068114758,1
927,65,4.315970421,5.119227409,1
927,129,3.467775345,6.168767929,1
927,193,1.62152648,7.197110176,1
927,257,-3.261435747,7.09808445,1
927,321,-1.732733369,7.161547661,1
927,385,-2.267702103,5.833446503,1
927,449,-1.904710054,4.071928024,1
927,513,-0.4178458452,3.409369469,1
927,577,-0.4379037619,3.213300228,1
927,641,-4.016746521,1.45573616,1
927,705,-3.774757862,0.3311498165,1
927,769,5.132054329,-0.6448380351,1
927,833,9.665802002,1.931619644,1
927,897,NaN,NaN,2
927,961,NaN,NaN,2
927,1025,NaN,NaN,2
927,1089,NaN,NaN,2
927,1153,14.02648926,-11.91676903,1
927,1217,9.998947144,-13.11180687,1
927,1281,7.685408592,-12.88763142,1
927,1345,6.9575634,-11.99589443,1
927,1409,8.459686279,-10.18603802,1
927,1473,9.382009506,-9.333885193,1
927,1537,4.682896614,-7.782546997,1
927,1601,4.580293655,-1.237994671,1
927,1665,4.242678642,-7.560631752,1
927,1729,3.829657555,-7.013250351,1
927,1793,4.550532341,-6.831335545,1
927,1857,2.020783901,-6.640636444,1
927,1921,2.824115276,-5.667572021,1
927,1985,5.0001688,-5.332569599,1
991,65,3.318943262,5.97926712,1
991,129,2.867663622,7.325369835,1
991,193,1.322939515,8.996997833,1
991,257,-1.281594753,9.461654663,1
991,321,-1.844906449,10.04177952,1
991,385,-1.910082102,8.466550827,1
991,449,-1.854972839,6.939582825,1
991,513,-1.822023988,5.772484303,1
991,577,-3.034240246,-3.743176937,1
991,641,-5.927298546,1.501295567,1
991,705,-5.880954266,2.950852633,1
991,769,-0.265155375,3.163151264,1
991,833,-0.1438026428,5.852133274,1
991,897,-7.151008129,-4.723383427,1
991,961,-5.490361214,-8.788955688,1
991,1025,-1.761430502,-4.020635605,1
991,1089,12.47999668,-3.802513838,1
991,1153,5.005008698,-6.205008507,1
991,1217,3.955899239,-5.819277763,1
991,1281,4.023100376,-7.823848248,1
991,1345,2.288965225,-8.72586441,1
991,1409,2.520976543,-7.841416836,1
991,1473,3.772561312,-8.551270485,1
991,1537,2.817883968,-6.733932495,1
991,1601,2.755908251,-5.940424919,1
991,1665,3.780616283,-6.486096382,1
991,1729,4.459228039,-6.460970402,1
991,1793,5.109946728,-6.015202522,1
991,1857,5.827877045,-5.390742302,1
991,1921,5.782112598,-2.562068462,1
991,1985,5.33287096,-3.220961094,1
1055,65,1.168052554,5.762502193,1
1055,129,1.349315763,9.052633286,1
1055,193,-0.1208338737,9.70472908,1
1055,257,-2.275037289,10.87730217,1
1055,321,-2.516242981,11.53463459,1
1055,385,-2.669899702,10.53049469,1
1055,449,-1.972645283,9.954628944,1
1055,513,-2.371303797,9.545619011,1
1055,577,-3.195812225,7.107141495,1
1055,641,-5.662746429,6.202010632,1
1055,705,-7.518233299,10.86279774,1
1055,769,-2.668241024,3.744293928,1
1055,833,-4.563067436,8.521879196,1
1055,897,-6.720555305,2.170195103,1
1055,961,-6.357283592,0.6836271286,1
1055,1025,-2.368538618,-3.385257244,1
1055,1089,0.296038866,-1.564847469,1
1055,1153,0.63250947,-1.976459742,1
1055,1217,1.130326986,-2.995537281,1
1055,1281,1.551096201,-5.84930706,1
1055,1345,0.1866116524,-6.382685184,1
1055,1409,0.2953698635,-6.629520893,1
1055,1473,2.209269047,-5.923137188,1
1055,1537,2.268643856,-6.230436325,1
1055,1601,2.960180283,-5.029626846,1
1055,1665,3.503251076,-6.119107246,1
1055,1729,4.074069977,-5.306201935,1
1055,1793,5.301364422,-4.572878838,1
1055,1857,6.921378613,-4.03945303,1
1055,1921,6.58991909,-4.176872253,1
1055,1985,5.055256844,-3.730476379,1
1119,65,-2.367171288,4.655968666,1
1119,129,-5.333716393,7.159486771,1
1119,193,-6.590882301,10.61926842,1
1119,257,-4.094724178,13.65519428,1
1119,321,-3.68544817,14.36800861,1
1119,385,-5.485859871,12.1964016,1
1119,449,-5.42764473,12.32203484,1
1119,513,-6.581772327,11.18578434,1
1119,577,-6.621386528,9.770283699,1
1119,641,-6.180535793,9.960288048,1
1119,705,-6.152774811,15.98307037,1
1119,769,-5.477279663,5.335114479,1
1119,833,-9.159754753,8.772139549,1
1119,897,-8.615089417,5.232698441,1
1119,961,-7.411009312,5.180303574,1
1119,1025,-2.727667809,-0.8217222691,1
1119,1089,-2.551673412,-0.111964345,1
1119,1153,-0.4735535383,-0.5548381805,1
1119,1217,0.2662818432,-1.983997583,1
1119,1281,0.3056848049,-3.892332792,1
1119,1345,1.056443572,-4.628109932,1
1119,1409,3.21478343,-4.405756474,1
1119,1473,4.383764267,-1.454336166,1
1119,1537,2.646465778,-1.759467602,1
1119,1601,2.561288834,-2.868214607,1
1119,1665,3.208052397,-3.681593418,1
1119,1729,3.800403357,-3.814508438,1
1119,1793,4.615371227,-3.385006905,1
1119,1857,6.115157604,-3.179522753,1
1119,1921,6.20700264,-3.272813082,1
1119,1985,5.153515339,-3.661433697,1
1183,65,-2.501378775,-5.228754997,1
1183,129,-6.189488411,9.141266823,1
1183,193,-5.048732758,12.31312656,1
1183,257,-5.248482227,14.98208046,1
1183,321,-5.519271851,15.32347775,1
1183,385,-6.418953419,13.35928345,1
1183,449,-6.394309998,16.32115173,1
1183,513,-9.707830429,13.51926231,1
1183,577,-10.19607925,12.39411068,1
1183,641,-17.01920319,13.57473183,1
1183,705,-16.89016151,16.06679344,1
1183,769,-13.4024601,7.360113144,1
1183,833,-11.57705593,9.794095993,1
1183,897,-9.440665245,7.391829014,1
1183,961,-1.598930359,3.697622061,1
1183,1025,-3.022043228,4.240865707,1
1183,1089,-4.133370399,0.5850007534,1
1183,1153,-1.872124672,-0.2109003067,1
1183,1217,-0.6787822247,-0.9265772104,1
1183,1281,-0.3031362295,-1.854779482,1
1183,1345,0.6122808456,-1.444812775,1
1183,1409,2.851440907,-1.372758865,1
1183,1473,2.966181517,-2.513424873,1
1183,1537,2.077029228,-2.332353354,1
1183,1601,2.375883818,-2.150588512,1
1183,1665,2.991282225,-2.426561356,1
1183,1729,2.465002537,-1.424278736,1
1183,1793,3.482485294,-1.826675653,1
1183,1857,4.519770622,-2.698583603,1
1183,1921,4.569981098,-0.3510718346,1
1183,1985,4.961818695,-2.006320715,1
1247,65,NaN,NaN,2
1247,129,-5.581940174,12.20999813,1
1247,193,-6.323339939,12.73223972,1
1247,257,-6.761052608,14.07335377,1
1247,321,-6.925706387,15.7893362,1
1247,385,-7.559317589,15.79094887,1
1247,449,-10.93017578,18.28858566,1
1247,513,-13.48354435,17.21146774,1
1247,577,-17.60237122,18.95152473,1
1247,641,-16.8098774,14.91841698,1
1247,705,-18.55762863,12.7798748,1
1247,769,-19.03162766,11.66137123,1
1247,833,-17.80669785,10.25256157,1
1247,897,-10.01676464,9.640768051,1
1247,961,-4.579030037,5.187775612,1
1247,1025,-0.6188085079,8.865678787,1
1247,1089,-4.144251823,2.03065896,1
1247,1153,-3.193347692,1.088961363,1
1247,1217,-1.236082792,-0.2209270597,1
1247,1281,-0.2066810876,-1.02251327,1
1247,1345,0.5057659149,0.4002305269,1
1247,1409,2.475619078,-0.1133487821,1
1247,1473,2.970594883,-0.6046799421,1
1247,1537,2.604777098,-0.9185949564,1
1247,1601,2.487827778,-1.055270433,1
1247,1665,3.304865122,-1.349393606,1
1247,1729,2.387024879,-0.29626894,1
1247,1793,2.938874722,-0.6394220591,1
1247,1857,4.944509029,-2.324410439,1
1247,1921,3.638952971,-2.345062733,1
1247,1985,2.326697111,-1.490121722,1
1311,65,-6.35296154,8.593087196,1
1311,129,-7.526092052,12.08088493,1
1311,193,-7.321131706,13.31531811,1
1311,257,NaN,NaN,2
1311,321,-9.077367783,16.34082794,1
1311,385,-10.90651989,18.12171173,1
1311,449,-13.50190926,18.60757065,1
1311,513,-15.33181381,16.30310059,1
1311,577,-20.12779427,15.5850563,1
1311,641,-17.87267685,16.39196777,1
1311,705,-17.45269394,11.37957668,1
1311,769,-18.65268898,9.639907837,1
1311,833,-15.18096161,5.756524086,1
1311,897,-11.85992813,8.91474247,1
1311,961,-5.441397667,9.521468163,1
1311,1025,-1.97739315,4.667854309,1
1311,1089,-3.180677176,3.637192726,1
1311,1153,-3.182048082,2.848489523,1
1311,1217,-1.638656139,1.873660803,1
1311,1281,0.01657885313,0.7507139444,1
1311,1345,1.407359123,0.2280386686,1
1311,1409,1.882129908,0.9429309368,1
1311,1473,2.396696568,0.5805950165,1
1311,1537,2.856404066,-0.1187931299,1
1311,1601,2.753915548,-0.3018817902,1
1311,1665,3.770682096,-0.6743432283,1
1311,1729,3.95237112,-0.7286156416,1
1311,1793,3.491379261,-1.031167388,1
1311,1857,3.842715979,-2.07314229,1
1311,1921,3.13375473,-2.052112818,1
1311,1985,1.731027126,-1.069802999,1
1375,65,-7.341096401,9.382301331,1
1375,129,-9.980545044,10.66222286,1
1375,193,-7.317914009,16.46980476,1
1375,257,-10.02321053,14.21614265,1
1375,321,-12.64583778,17.33575821,1
1375,385,-14.01399994,19.30292892,1
1375,449,-15.70641232,19.08800316,1
1375,513,-16.61650276,14.60732174,1
1375,577,-15.65194321,12.83090115,1
1375,641,-20.26775742,14.37350559,1
1375,705,-21.71813774,10.75274181,1
1375,769,-20.85229683,6.827573299,1
1375,833,-16.35155106,5.314529419,1
1375,897,-14.01392365,6.063388348,1
1375,961,-7.401641369,4.575779438,1
1375,1025,-4.516618729,6.623301029,1
1375,1089,-3.288181782,4.349133492,1
1375,1153,-2.347428083,2.924884796,1
1375,1217,-1.298264027,2.938942194,1
1375,1281,-0.04992261529,1.692231297,1
1375,1345,0.7389721274,1.080343008,1
1375,1409,0.7200618982,1.70555079,1
1375,1473,2.13002634,0.5489047766,1
1375,1537,3.127566338,0.06639039516,1
1375,1601,2.650767803,0.6637438536,1
1375,1665,2.110571623,0.4696782231,1
1375,1729,3.138859034,0.7487679124,1
1375,1793,3.281998634,0.3104827404,1
1375,1857,3.247873306,-0.975132823,1
1375,1921,3.074275255,-1.161076427,1
1375,1985,2.678010702,-0.7966763973,1
1439,65,-7.544017792,10.90174866,1
1439,129,NaN,NaN,2
1439,193,-9.138959885,12.45704079,1
1439,257,-10.89725685,14.92895317,1
1439,321,-13.28131771,14.52516937,1
1439,385,-17.04612732,18.03282547,1
1439,449,-16.94990921,14.59366322,1
1439,513,-17.71011162,15.10602665,1
1439,577,-19.74489975,15.34614468,1
1439,641,-18.04626656,11.66483498,1
1439,705,-16.41003227,7.75798893,1
1439,769,-15.22774506,6.141668797,1
1439,833,-10.6899538,4.650760174,1
1439,897,-11.34069538,4.532863617,1
1439,961,-8.322061539,3.889831781,1
1439,1025,-5.707411766,5.978673935,1
1439,1089,-3.542413473,4.256176949,1
1439,1153,-2.085425615,2.829141617,1
1439,1217,-1.300419092,2.706821918,1
1439,1281,-0.3433558345,2.499294281,1
1439,1345,0.2685926557,1.92954576,1
1439,1409,0.9592266083,1.446939826,1
1439,1473,1.72167182,0.7351218462,1
1439,1537,2.765946865,0.8921602964,1
1439,1601,2.641866922,1.300448418,1
1439,1665,2.518601894,1.426641107,1
1439,1729,2.47118783,2.326793432,1
1439,1793,2.821909904,1.393751383,1
1439,1857,2.817443848,0.9069390297,1
1439,1921,3.55500555,0.0317350626,1
1439,1985,3.784437656,-2.45559144,1
1503,65,-6.873597145,12.76078224,1
1503,129,-7.453565598,11.27199745,1
1503,193,-10.6782074,11.98852348,1
1503,257,-14.98775387,13.9858284,1
1503,321,-15.41027355,14.39394951,1
1503,385,-16.78055954,16.13583755,1
1503,449,-18.49523926,15.75422096,1
1503,513,-19.01565742,15.54776478,1
1503,577,-18.20121384,13.6005888,1
1503,641,-14.95615482,8.652486801,1
1503,705,-17.94394302,6.652776241,1
1503,769,-15.81765652,5.546447754,1
1503,833,-13.81569099,4.332531929,1
1503,897,-8.839931488,4.151715279,1
1503,961,-0.4085540771,9.389656067,1
1503,1025,-4.389452934,3.689903259,1
1503,1089,-3.064349651,4.386818886,1
1503,1153,-1.906708956,3.563894272,1
1503,1217,-1.392089009,2.99898243,1
1503,1281,-0.8387887478,2.494956493,1
1503,1345,-0.01032471657,2.28226757,1
1503,1409,1.580727577,1.576481462,1
1503,1473,1.475337029,0.7549339533,1
1503,1537,2.03927803,1.790638685,1
1503,1601,2.426415682,2.482913971,1
1503,1665,2.762073517,1.821210504,1
1503,1729,3.177060604,1.823704958,1
1503,1793,2.23864913,1.812622905,1
1503,1857,2.490281343,1.285709381,1
1503,1921,2.782582283,0.4920753241,1
1503,1985,2.837103128,-0.1985630244,1
1567,65,-8.960294724,13.65885925,1
1567,129,-8.807292938,11.64749908,1
1567,193,-11.11890411,11.93534565,1
1567,257,-13.89952087,14.6344099,1
1567,321,-15.34058094,15.95957088,1
1567,385,-17.09722137,15.4994421,1
1567,449,-18.14255524,14.71567822,1
1567,513,-18.14678574,14.07357979,1
1567,577,-16.7858181,10.95903778,1
1567,641,NaN,NaN,2
1567,705,-16.86807632,5.481524467,1
1567,769,-15.53355789,5.009537697,1
1567,833,-12.06517887,4.132923603,1
1567,897,-9.314108849,3.567198515,1
1567,961,-6.402680397,2.603111982,1
1567,1025,-4.08001709,2.860251427,1
1567,1089,-2.746985674,4.005059242,1
1567,1153,-1.618546724,3.60602951,1
1567,1217,-2.023334026,2.99141264,1
1567,1281,-1.382623196,2.246055603,1
1567,1345,0.1718782037,2.234847307,1
1567,1409,1.63111186,1.767937779,1
1567,1473,1.599325895,1.43151319,1
1567,1537,1.56535244,2.073565245,1
1567,1601,1.884394288,2.940402269,1
1567,1665,2.566071272,1.949568987,1
1567,1729,3.226017952,1.701168656,1
1567,1793,2.587796926,1.729956865,1
1567,1857,2.468903065,1.540672541,1
1567,1921,3.008181334,1.171417952,1
1567,1985,3.298807144,0.5892586708,1
1631,65,-13.18185234,12.09944725,1
1631,129,-12.25411797,11.27490711,1
1631,193,-12.59007549,11.87150288,1
1631,257,-13.8027277,13.44055939,1
1631,321,-15.10259438,14.70030308,1
1631,385,-16.35373497,13.01977539,1
1631,449,-18.49707222,12.93382168,1
1631,513,-18.48176003,12.05442047,1
1631,577,-15.58049011,8.249994278,1
1631,641,-15.21546745,5.463904858,1
1631,705,-14.9949131,5.073079586,1
1631,769,-14.67865372,4.296942234,1
1631,833,-11.49373913,3.704657793,1
1631,897,-9.407775879,3.298943996,1
1631,961,-6.806714058,2.627458334,1
1631,1025,-4.439549446,2.973086596,1
1631,1089,-2.880239964,3.31409812,1
1631,1153,-1.742179871,2.927715302,1
1631,1217,-2.733349323,2.588218689,1
1631,1281,-1.502820015,1.772654057,1
1631,1345,0.8020715714,1.367830157,1
1631,1409,1.091578245,0.3833643198,1
1631,1473,1.287965775,1.277979016,1
1631,1537,1.603279591,1.894846559,1
1631,1601,1.724933982,2.150924683,1
1631,1665,2.044455051,1.74916923,1
1631,1729,3.871704817,0.8285410404,1
1631,1793,4.23065424,0.5285902023,1
1631,1857,2.453216553,1.62981379,1
1631,1921,2.353070021,1.361432314,1
1631,1985,2.133388758,-0.006730273366,1
1695,65,-13.18616009,7.089906693,1
1695,129,-13.40831089,10.63477993,1
1695,193,-13.82869244,11.90802288,1
1695,257,-14.11180401,11.90429115,1
1695,321,-13.4825201,10.92250443,1
1695,385,-16.5413456,11.0896225,1
1695,449,-17.25989723,10.58862877,1
1695,513,-16.85424805,9.208356857,1
1695,577,-7.364438057,4.239502907,1
1695,641,-14.81615543,5.832783699,1
1695,705,-17.82194901,5.201957703,1
1695,769,-15.9868803,4.397554874,1
1695,833,-10.86501789,3.135407925,1
1695,897,-8.951806068,2.47533226,1
1695,961,-6.949103832,2.254242659,1
1695,1025,-4.519224167,2.510644674,1
1695,1089,-2.748200655,2.271082878,1
1695,1153,-1.710215569,1.893368721,1
1695,1217,-1.195339441,1.741265655,1
1695,1281,-0.3243280351,1.610395312,1
1695,1345,0.8041052818,0.4701510668,1
1695,1409,1.470933437,-0.2283256054,1
1695,1473,1.628203154,1.250207186,1
1695,1537,1.773897648,1.532776594,1
1695,1601,1.722518325,1.492997885,1
1695,1665,1.281057835,0.893144846,1
1695,1729,2.022967577,0.9015102386,1
1695,1793,2.936942577,0.5978710651,1
1695,1857,3.122188568,0.3961318135,1
1695,1921,2.179085732,0.9026409388,1
1695,1985,2.161574602,0.005675926805,1
1759,65,-10.81238365,7.924975395,1
1759,129,-12.55007458,10.6263895,1
1759,193,-13.0870676,11.98755646,1
1759,257,-13.84367085,11.4654274,1
1759,321,-14.98965549,10.46982193,1
1759,385,-16.65496063,9.520084381,1
1759,449,-17.19356346,8.417198181,1
1759,513,-16.66098976,8.394581795,1
1759,577,-7.069868088,3.31719017,1
1759,641,-14.18664742,5.740859509,1
1759,705,-14.87779522,4.759847641,1
1759,769,-13.20918465,3.924906969,1
1759,833,-10.19885349,2.489142179,1
1759,897,-8.664536476,1.745012522,1
1759,961,-7.011475563,1.787953854,1
1759,1025,-3.722958088,1.912301064,1
1759,1089,-1.909306049,1.455121279,1
1759,1153,-1.569971681,0.9862806797,1
1759,1217,-0.8100240231,0.9089189172,1
1759,1281,0.5893720388,0.9404805303,1
1759,1345,0.304024756,0.3455190659,1
1759,1409,1.139476895,0.0702381134,1
1759,1473,1.608674765,0.9554651976,1
1759,1537,2.081173182,0.7038702965,1
1759,1601,2.313076973,0.9786469936,1
1759,1665,2.072776556,1.378342748,1
1759,1729,1.897315145,0.9899917841,1
1759,1793,2.707702875,0.5106482506,1
1759,1857,3.13403511,-0.1103820205,1
1759,1921,2.313043118,-0.3931766152,1
1759,1985,2.249464035,-0.09621672332,1
1823,65,-7.336258888,8.258710861,1
1823,129,-11.38404655,10.72039413,1
1823,193,-12.28631878,11.2767477,1
1823,257,-14.41542625,10.51910877,1
1823,321,-16.06674194,10.43484402,1
1823,385,-16.2969017,9.467173576,1
1823,449,-16.30289841,8.018228531,1
1823,513,-15.99262238,7.372878075,1
1823,577,-13.02152443,6.057569981,1
1823,641,-13.29792976,5.094666481,1
1823,705,-12.75236511,4.8959589,1
1823,769,-12.50230217,3.260124683,1
1823,833,-10.49452114,1.948743105,1
1823,897,-8.518662453,1.404943109,1
1823,961,-7.174780369,1.213258624,1
1823,1025,-5.499601364,1.696352005,1
1823,1089,-2.846417665,1.255163908,1
1823,1153,-1.421038866,0.419533968,1
1823,1217,-0.4989776015,-0.01509296894,1
1823,1281,0.1198180616,-0.1037615538,1
1823,1345,-0.03398108482,0.002755403519,1
1823,1409,0.5838715434,0.7503743768,1
1823,1473,1.84020865,-0.2390271425,1
1823,1537,1.854330301,-0.1293455362,1
1823,1601,1.373722792,1.178164721,1
1823,1665,1.093546748,1.540215731,1
1823,1729,1.21479547,0.4500121474,1
1823,1793,1.823738217,-0.1914362311,1
1823,1857,1.957662821,-0.1905919313,1
1823,1921,2.061610699,-0.475698173,1
1823,1985,2.10806632,0.5424423814,1
1887,65,-12.46984673,10.99331856,1
1887,129,-10.70206642,11.3284874,1
1887,193,-11.06144524,10.68514729,1
1887,257,-13.04732704,10.37906742,1
1887,321,-14.87134743,10.53245449,1
1887,385,-14.40731812,10.99653244,1
1887,449,-14.50136852,8.923700333,1
1887,513,-14.15751553,6.921535969,1
1887,577,-13.40344238,7.190946579,1
1887,641,-12.83194828,3.164475441,1
1887,705,-14.18224812,4.376678944,1
1887,769,-13.69864464,2.225871086,1
1887,833,-10.70022106,1.440089583,1
1887,897,-8.690418243,0.8906085491,1
1887,961,-6.819776058,0.7896116972,1
1887,1025,-5.102766991,1.221899509,1
1887,1089,-2.595971107,0.6526758671,1
1887,1153,-1.353662133,-0.2943122387,1
1887,1217,-0.685788691,-0.7159138918,1
1887,1281,0.1798130274,-1.110040903,1
1887,1345,0.5309752226,-1.28018415,1
1887,1409,-0.1867896318,-1.236106157,1
1887,1473,1.149475336,-0.5848929882,1
1887,1537,0.1440817118,0.1622056961,1
1887,1601,-0.007143855095,0.9470990896,1
1887,1665,0.6636437178,0.5433939695,1
1887,1729,1.056182742,-0.02573257685,1
1887,1793,1.378160238,-0.2194257975,1
1887,1857,1.77319169,0.5688866377,1
1887,1921,1.454868555,0.8016281128,1
1887,1985,1.871882439,1.61218977,1
1951,65,-11.66286469,17.39240265,1
1951,129,-11.32295227,13.02938175,1
1951,193,-10.10146332,9.824763298,1
1951,257,-10.45762444,10.43091488,1
1951,321,-11.85620117,9.704423904,1
1951,385,-12.29533958,11.36452866,1
1951,449,-13.11007977,8.727988243,1
1951,513,-11.83879662,6.206809998,1
1951,577,-11.94451904,3.10310173,1
1951,641,-14.01129723,1.30603838,1
1951,705,-16.39676094,2.009511471,1
1951,769,-14.21077538,1.902446032,1
1951,833,-10.92341232,1.531996489,1
1951,897,-5.942600727,1.195980906,1
1951,961,-3.03947258,1.107209682,1
1951,1025,-1.859991074,0.864357233,1
1951,1089,-1.037250996,-0.4956492186,1
1951,1153,-1.135118604,-0.9968700409,1
1951,1217,-0.5583055019,-1.4026438,1
1951,1281,0.01409935951,-1.804517508,1
1951,1345,0.05999326706,-3.082300186,1
1951,1409,0.03659915924,-2.338946581,1
1951,1473,-1.479383707,-2.598739862,1
1951,1537,-0.2109338045,-1.171267509,1
1951,1601,-0.1737623215,0.3468241692,1
1951,1665,0.3190944195,-0.1018879414,1
1951,1729,0.4623414278,0.2617861629,1
1951,1793,0.7179874182,1.368292332,1
1951,1857,0.8359436989,2.638780594,1
1951,1921,0.7134181261,1.879733801,1
1951,1985,0.9341037273,-0.01971483231,1
