PIVlab, ASCII chart output - 24-Oct-2024
FRAME: 24, filenames: A:[24]AVI_Pos025_TimeSrs002425_TgLifeactGFP_Control.avi & B:[25]AVI_Pos025_TimeSrs002425_TgLifeactGFP_Control.avi, conversion factor xy (px -> m): 1, conversion factor uv (px/frame -> m/s): 1
x [px],y [px],u [px/frame],v [px/frame],Vector type [-]
95,65,-4.909079552,1.428372383,1
95,129,-5.304831505,-2.117079258,1
95,193,-3.045915604,-1.788533926,1
95,257,-2.672437668,0.3346635103,1
95,321,-1.344157219,1.977443695,1
95,385,-1.683251739,0.5107376575,1
95,449,-0.6098390818,0.6080007553,1
95,513,-0.1613832712,1.112765551,1
95,577,-0.1407917738,1.671703577,1
95,641,1.563423157,1.379433751,1
95,705,4.238729,-0.1418224573,1
95,769,2.464036942,0.499636054,1
95,833,0.6928352118,0.9685575962,1
95,897,-2.064143658,2.172427654,1
95,961,-0.476099968,2.059535265,1
95,1025,-1.030817747,-1.089579105,1
95,1089,-1.631442666,-0.7911764979,1
95,1153,-0.7053647041,0.9488682747,1
95,1217,-2.670598507,2.004976273,1
95,1281,-2.971802711,3.14072752,1
95,1345,-1.017565727,2.740015984,1
95,1409,-1.183467746,1.68250525,1
95,1473,-1.243185759,0.2439243793,1
95,1537,-0.9798159599,1.267724037,1
95,1601,-5.691590309,1.454821706,1
95,1665,-2.629364729,0.7471381426,1
95,1729,-1.334899426,0.8175569773,1
95,1793,0.349391818,-0.8848794103,1
95,1857,1.217444658,0.6005111933,1
95,1921,-0.3947669864,0.7713273168,1
95,1985,-3.90347147,-0.5233599544,1
159,65,-2.704308271,-0.7958506346,1
159,129,-3.921111584,-0.2333827019,1
159,193,-3.36602664,-0.01466427743,1
159,257,-1.312282562,0.9541966319,1
159,321,-0.9555650949,3.472948313,1
159,385,-5.765964985,-3.447540522,1
159,449,-2.858681917,-1.767814159,1
159,513,-1.594977379,0.652670145,1
159,577,-1.448560715,1.152409554,1
159,641,-0.2427552342,1.078248262,1
159,705,1.084026217,0.211918354,1
159,769,-0.7493025064,0.1412447095,1
159,833,0.4193461835,0.003865897655,1
159,897,1.017303228,0.546628356,1
159,961,-1.489551067,0.6094440222,1
159,1025,-1.931432247,-0.1443883181,1
159,1089,-4.345465183,-0.3653054833,1
159,1153,-2.64470005,1.203746438,1
159,1217,-2.427577019,2.429283142,1
159,1281,-2.340846777,2.615592957,1
159,1345,-1.667348146,1.364247441,1
159,1409,-1.757868528,0.5853538513,1
159,1473,-1.458330035,-0.8063201904,1
159,1537,-0.919187665,-0.2257867157,1
159,1601,-0.2623063326,-0.005241438746,1
159,1665,-0.4196708798,-0.1815308332,1
159,1729,-0.1453735828,-0.1632843316,1
159,1793,-0.7897216082,-0.6286414862,1
159,1857,-0.3789123893,-0.2290179282,1
159,1921,-0.7390315533,-0.0116199851,1
159,1985,-1.58172369,-0.4085260332,1
223,65,-2.378264904,-0.2551566362,1
223,129,-2.849340439,0.1333595812,1
223,193,-2.647143841,0.770270884,1
223,257,-4.008750916,0.5703190565,1
223,321,NaN,NaN,2
223,385,-9.808720589,-5.151017666,1
223,449,-8.320340157,-3.577835321,1
223,513,-2.097812176,-0.5693143606,1
223,577,-1.639813662,0.1947309375,1
223,641,-1.463572979,1.385886192,1
223,705,-1.021034956,2.256389141,1
223,769,-0.6195557714,0.7440828681,1
223,833,-0.6346353292,-0.5108524561,1
223,897,-0.628883481,-0.9126518369,1
223,961,-1.134922981,-0.2566540241,1
223,1025,-2.39271307,0.06326639652,1
223,1089,-4.044540405,0.968769908,1
223,1153,-2.583757877,2.303616524,1
223,1217,-1.742054701,2.146682501,1
223,1281,-2.040721178,1.309244871,1
223,1345,-2.163610458,0.6018044353,1
223,1409,-2.000558138,0.3030640185,1
223,1473,-1.964355469,-0.2129656374,1
223,1537,-1.59392333,-1.080532074,1
223,1601,-1.267246366,-0.3273234963,1
223,1665,-0.5806482434,-0.7509490848,1
223,1729,-0.1642739773,-0.8979791403,1
223,1793,-1.391387224,-0.6434687376,1
223,1857,-1.477832675,-0.2871709466,1
223,1921,-0.8022660017,-0.02804708481,1
223,1985,-0.3222313821,-0.1367442608,1
287,65,-4.555361271,-0.1418249607,1
287,129,-3.240161896,-0.2632821798,1
287,193,-1.949783564,0.1592179984,1
287,257,-2.108039618,0.2029688954,1
287,321,-12.33409691,-0.425845325,1
287,385,-3.236534595,0.229845047,1
287,449,-3.181772947,-0.5799307823,1
287,513,-3.455934763,-0.5036357641,1
287,577,-3.600921154,-0.07980638742,1
287,641,-4.520513535,-0.1982651353,1
287,705,-3.05367136,0.4509450793,1
287,769,-0.43217206,0.5999791026,1
287,833,-1.23426044,-0.0254881531,1
287,897,-0.8947677016,-0.1838078499,1
287,961,-1.284472823,0.09484003484,1
287,1025,-1.710494041,0.7601553202,1
287,1089,-1.167496681,2.35541296,1
287,1153,-1.029978037,3.378724098,1
287,1217,-1.102318168,2.591995716,1
287,1281,-9.50790596,0.6142638922,1
287,1345,-2.958910465,0.5669421554,1
287,1409,-2.356058836,0.2396790087,1
287,1473,-2.359109879,-0.1857592314,1
287,1537,-2.256551027,-0.01524245739,1
287,1601,-1.948979735,-0.01285332441,1
287,1665,-0.9377164841,-0.4985330105,1
287,1729,-0.04676663876,-0.6713482141,1
287,1793,-0.4542530775,-0.4740094244,1
287,1857,-0.4408730865,-0.04140010476,1
287,1921,-0.4770049453,0.6574519277,1
287,1985,-0.4658130407,-0.3644407988,1
351,65,-4.411141872,-0.5494947433,1
351,129,-3.682452202,-0.5360095501,1
351,193,-3.111264467,-0.3160947859,1
351,257,-2.230139494,-0.5872740746,1
351,321,-1.980421305,-3.204904318,1
351,385,NaN,NaN,2
351,449,-1.906391978,-0.8470921516,1
351,513,-1.062029004,-1.140086889,1
351,577,-1.514682889,-0.9440706968,1
351,641,-3.177952528,-2.598185062,1
351,705,-3.046164513,-3.105444431,1
351,769,-1.164750099,0.4796666503,1
351,833,-1.886074185,0.09624963999,1
351,897,-2.04919076,0.879696548,1
351,961,-1.712304831,1.124284506,1
351,1025,-1.499211907,0.8051441312,1
351,1089,-1.157130361,1.35906148,1
351,1153,-0.9917231798,1.251842737,1
351,1217,-1.312198281,0.01500070095,1
351,1281,-2.194885969,-0.1706260145,1
351,1345,-1.516616702,0.1887654662,1
351,1409,-1.856760263,0.5327928066,1
351,1473,-3.967492342,0.3167838454,1
351,1537,-8.068552971,4.023447037,1
351,1601,-3.564030409,0.2281828523,1
351,1665,-1.369781494,-0.464979738,1
351,1729,-0.4209826291,-0.1152883768,1
351,1793,0.1047477722,-0.2166506946,1
351,1857,0.5688044429,0.3096334934,1
351,1921,0.2220934778,0.1328098029,1
351,1985,-0.8416293859,-0.5345257521,1
415,65,-4.626460552,-0.3059130907,1
415,129,-4.314273834,-0.791672349,1
415,193,-4.783910751,-0.9177930951,1
415,257,-1.981211185,-1.181793332,1
415,321,-1.300319433,-3.526126146,1
415,385,-1.438220739,-1.850367308,1
415,449,-1.82115221,-1.481139898,1
415,513,-1.046121359,-1.705109239,1
415,577,-0.7500321865,-1.510453224,1
415,641,-1.242776871,-0.4625380635,1
415,705,-0.7153668404,0.6837329268,1
415,769,-0.9075450301,0.5482727885,1
415,833,-2.129641533,0.8616769314,1
415,897,-3.137269974,10.67927265,1
415,961,NaN,NaN,2
415,1025,-1.232861876,1.015922785,1
415,1089,-1.191416979,1.238210797,1
415,1153,-1.295654774,0.882121861,1
415,1217,-2.601787806,-0.3432448506,1
415,1281,-1.338664412,-0.676853776,1
415,1345,-1.157222152,-0.8939114809,1
415,1409,-1.310519099,0.6677168608,1
415,1473,-1.527235389,3.046818972,1
415,1537,-11.38217831,10.96543503,1
415,1601,-1.419924855,0.0002825856209,1
415,1665,-1.011356592,-0.4066999257,1
415,1729,-2.315958738,-1.47384882,1
415,1793,-1.275211573,-0.2772811651,1
415,1857,0.5489948392,0.267670095,1
415,1921,0.1103040576,-0.2291667014,1
415,1985,-1.290590644,-1.113651514,1
479,65,-5.484278679,-0.6071300507,1
479,129,-4.476015091,-1.397089958,1
479,193,-5.750067711,-1.150990725,1
479,257,-2.729387283,-1.02894187,1
479,321,-1.946490526,-1.404088616,1
479,385,-2.369067192,-1.789224386,1
479,449,-2.41895771,-2.822273731,1
479,513,-1.081502795,-1.926260948,1
479,577,-0.6679247618,-1.348149776,1
479,641,-0.6944386959,-1.081692696,1
479,705,-0.5152602196,-0.1472577751,1
479,769,-1.177008867,1.194709301,1
479,833,-3.87215519,2.289829493,1
479,897,-8.706395149,-2.045489073,1
479,961,-7.937175274,-2.815912724,1
479,1025,-1.232134342,1.04171741,1
479,1089,-0.3219020367,1.813852191,1
479,1153,-0.3729510903,1.21737051,1
479,1217,-2.841334343,0.3853119016,1
479,1281,-1.566128016,0.1134695858,1
479,1345,-1.310348034,-0.07368226349,1
479,1409,-2.007014275,1.513983011,1
479,1473,-0.9493316412,2.591546774,1
479,1537,-0.6479623914,1.117537618,1
479,1601,-0.2684206963,0.5021260977,1
479,1665,0.5285087824,0.3637381494,1
479,1729,1.260444045,-0.08426192403,1
479,1793,0.3573820591,0.455165565,1
479,1857,0.8887969851,0.4813566208,1
479,1921,0.7608864307,-0.5471088886,1
479,1985,-0.8406108618,-1.207265377,1
543,65,-5.336605072,-5.767054558,1
543,129,-6.761166573,-2.109129429,1
543,193,-5.755859375,-0.6586398482,1
543,257,-4.774190426,-0.2661198378,1
543,321,-2.356442451,-0.4067023993,1
543,385,-2.348486423,-0.4989792109,1
543,449,-2.464354992,-1.135305405,1
543,513,-2.021205187,-1.245576143,1
543,577,-1.414902687,-0.7486066818,1
543,641,-0.5897835493,-0.9542835951,1
543,705,-0.4303152561,0.02979511023,1
543,769,-1.22805047,1.087511063,1
543,833,-2.137847185,0.3174383938,1
543,897,-2.431191444,-4.076814651,1
543,961,-6.440093994,-1.804541826,1
543,1025,-4.6705513,1.470930576,1
543,1089,-0.7472717166,2.162531376,1
543,1153,-0.4926202297,1.198052168,1
543,1217,-0.4590036273,0.2787505388,1
543,1281,-0.2161314487,0.2808892131,1
543,1345,-0.1935864687,0.2062735409,1
543,1409,-0.7749515772,0.07618919015,1
543,1473,-1.281516552,0.6593639851,1
543,1537,-0.811271131,0.694265306,1
543,1601,-0.01786589622,0.3818834424,1
543,1665,1.554504156,-0.2028329968,1
543,1729,2.76939702,-0.1465304494,1
543,1793,0.7135107517,0.2573210001,1
543,1857,0.8034428954,0.5787502527,1
543,1921,0.6132085323,-0.7482916117,1
543,1985,-0.1460082531,-1.033155203,1
607,65,-4.563773155,-1.494305611,1
607,129,-3.224778652,-1.812786341,1
607,193,-2.625694036,-0.7057856321,1
607,257,-1.988875151,0.1007708609,1
607,321,-0.9935028553,0.2952716649,1
607,385,-1.970918894,0.6215636134,1
607,449,-4.821191788,-0.3337528408,1
607,513,-4.526411533,-0.7991576791,1
607,577,-3.57328701,-0.1486466825,1
607,641,-1.037235856,-0.3839075267,1
607,705,-0.9793689251,-0.04507820308,1
607,769,-1.243883252,0.3112847209,1
607,833,-10.38655281,0.07489588857,1
607,897,-7.21571064,-0.3470531404,1
607,961,-2.945233345,0.5610533953,1
607,1025,-3.514627218,3.440173149,1
607,1089,-1.14363575,1.450532436,1
607,1153,-0.6185602546,0.449377656,1
607,1217,0.04413324594,0.4452673793,1
607,1281,0.7581724524,0.384362936,1
607,1345,1.45972538,0.2074627131,1
607,1409,-0.6108700037,-0.4453885555,1
607,1473,-3.171513081,-1.151565194,1
607,1537,-1.760460377,-0.1791456044,1
607,1601,-0.3351952732,0.04002195597,1
607,1665,0.4229878783,-0.3324774504,1
607,1729,0.7655330896,-0.3220218718,1
607,1793,0.9433802366,-0.6035857201,1
607,1857,1.073549747,-0.7753226757,1
607,1921,0.5010595322,-1.331649899,1
607,1985,-0.3699146211,-0.8559427261,1
671,65,-3.137001753,0.7177140713,1
671,129,-1.514078379,-0.159145534,1
671,193,-0.7082993984,0.07482564449,1
671,257,-0.7608104944,0.5087509155,1
671,321,-0.07923531532,0.7233986855,1
671,385,-0.6709287167,0.6791083217,1
671,449,-1.461527467,0.637406826,1
671,513,-7.74077034,-2.729212761,1
671,577,-9.051207542,-1.844738007,1
671,641,-1.227777958,-0.03230011463,1
671,705,-1.238550067,-0.749656558,1
671,769,-1.415305257,-0.7974787951,1
671,833,-7.507939339,0.2388765514,1
671,897,-10.37558556,0.3307906091,1
671,961,-10.52841759,0.8378852606,1
671,1025,-1.451219559,0.6533908844,1
671,1089,-0.8890907764,0.3814027309,1
671,1153,-0.5008925796,0.1908558011,1
671,1217,-0.1197580099,1.037045956,1
671,1281,-0.08920812607,1.492820024,1
671,1345,-0.09585615993,1.059093356,1
671,1409,-1.055514574,-0.5897659063,1
671,1473,-2.262672424,-2.034158707,1
671,1537,-1.355356097,-1.068184018,1
671,1601,-0.8546060324,-0.1872937083,1
671,1665,-0.6067646742,4.144042492,1
671,1729,-0.9679431915,-0.1332786083,1
671,1793,-1.310121536,-0.7282521725,1
671,1857,0.811714232,-1.219306111,1
671,1921,0.7831763625,-1.710266709,1
671,1985,-0.5680302978,-1.072156429,1
735,65,-1.258738041,1.93266201,1
735,129,0.2118067741,0.9120338559,1
735,193,0.3426618576,0.6590662003,1
735,257,-0.08755005896,0.98198843,1
735,321,-0.2635621727,1.26885581,1
735,385,1.444658279,1.473390222,1
735,449,0.1429222822,0.9694844484,1
735,513,-1.020586133,0.3887429237,1
735,577,-1.476425529,0.6711256504,1
735,641,-0.09011876583,1.409054518,1
735,705,-1.074550152,1.586314201,1
735,769,-1.241967678,1.261378407,1
735,833,-5.53918457,-1.506489038,1
735,897,-1.90375638,0.4961956143,1
735,961,-1.679611087,3.718719959,1
735,1025,-1.371075869,0.5223853588,1
735,1089,-0.7454627752,0.2591807842,1
735,1153,-0.5914128423,-0.1037866771,1
735,1217,-3.000008106,0.1356156766,1
735,1281,-1.056124449,1.700467348,1
735,1345,-0.001420855522,2.393489838,1
735,1409,-0.8538051248,-0.476570785,1
735,1473,-0.487092495,-1.829886794,1
735,1537,-0.1308397055,-1.428404093,1
735,1601,-1.29044342,0.5878512859,1
735,1665,-3.284540892,5.739064217,1
735,1729,0.1944220662,0.6618121862,1
735,1793,-0.5618599057,-0.486615777,1
735,1857,0.5087119937,-1.151637435,1
735,1921,1.032094359,-1.934729934,1
735,1985,1.050251961,-1.994628787,1
799,65,-1.004347205,1.267443538,1
799,129,-0.8236027956,0.9151283503,1
799,193,-0.503015101,1.410072923,1
799,257,-0.3580138683,1.414061069,1
799,321,0.1318166852,2.08527565,1
799,385,-0.2223966122,2.256131887,1
799,449,0.5189686418,0.9095695019,1
799,513,1.184352756,1.553835869,1
799,577,0.2983050346,1.663330793,1
799,641,-0.2075937986,1.150167465,1
799,705,-0.7503285408,3.137169361,1
799,769,-1.041227221,3.844958544,1
799,833,-1.770033121,0.8526915312,1
799,897,-3.568549156,-1.056553364,1
799,961,-1.513893247,-0.4726600647,1
799,1025,-1.029497385,0.3833225369,1
799,1089,-0.6405803561,0.04986134171,1
799,1153,-0.7368006706,-0.5105220675,1
799,1217,-3.668772697,-1.673820734,1
799,1281,-1.541086435,0.1919423342,1
799,1345,-0.8275407553,0.7106826305,1
799,1409,-1.64484179,-0.4385116994,1
799,1473,-1.302961469,-1.392106295,1
799,1537,0.9231997132,-1.847194672,1
799,1601,0.7829858661,-2.070948839,1
799,1665,0.8421471119,-1.396120667,1
799,1729,1.218810201,-0.638985157,1
799,1793,1.173328876,-0.5151055455,1
799,1857,0.688124001,-0.9593759179,1
799,1921,0.8911699057,-1.426236868,1
799,1985,1.990854979,-2.303547382,1
863,65,-1.471905112,-0.1071305275,1
863,129,-1.786826372,0.5071564913,1
863,193,-2.005858183,1.115864754,1
863,257,-1.765161872,1.032685041,1
863,321,-1.117265701,1.026134729,1
863,385,-1.346532226,2.819419861,1
863,449,-1.211618185,1.031020045,1
863,513,-0.8143554926,6.329687595,1
863,577,-0.33533144,1.830246329,1
863,641,0.6526119709,-0.4234864712,1
863,705,-0.1259080768,2.268890858,1
863,769,-0.8330389261,4.17731905,1
863,833,-1.092498541,0.7957777977,1
863,897,-1.201282859,0.3006291389,1
863,961,NaN,NaN,2
863,1025,-1.109116077,-0.1059686691,1
863,1089,-0.1370239854,-0.5668543577,1
863,1153,-0.4294070601,-1.069962978,1
863,1217,0.05960670114,-1.564397454,1
863,1281,0.4218845367,-1.231835723,1
863,1345,-0.6715093851,-0.8587130308,1
863,1409,-1.568726063,-0.7726838589,1
863,1473,-0.8934428096,-1.430188537,1
863,1537,1.964507818,-3.053072929,1
863,1601,1.909208775,-3.059531212,1
863,1665,1.214104176,-1.853499174,1
863,1729,1.446196079,-0.7644996643,1
863,1793,1.49506557,-0.4964446425,1
863,1857,0.6218945384,-0.6138718724,1
863,1921,0.5987294912,-0.8996266723,1
863,1985,2.010917664,-1.707126379,1
927,65,-0.9052579999,-0.3753714263,1
927,129,-1.888843417,-0.2863837481,1
927,193,-2.702698708,-0.2422538996,1
927,257,-3.815662861,0.4075974226,1
927,321,-2.761271954,0.8778206706,1
927,385,-2.413249016,0.9706597924,1
927,449,-1.987057209,4.100640774,1
927,513,-1.240119696,5.756090641,1
927,577,-0.8336796761,3.86389184,1
927,641,-0.3588321209,-3.398063183,1
927,705,-0.3652168512,1.500636578,1
927,769,-0.6052922606,3.248035908,1
927,833,-0.8442891836,0.2231544256,1
927,897,-0.8602145314,-0.02129034698,1
927,961,-1.972363114,1.594588995,1
927,1025,-0.6937520504,-0.6647360325,1
927,1089,-0.2126855254,-1.168014646,1
927,1153,0.2123733759,-2.173719645,1
927,1217,1.03932786,-2.346598625,1
927,1281,1.303207874,-2.28672266,1
927,1345,0.225135088,-1.574138641,1
927,1409,0.2113130093,-1.590043783,1
927,1473,0.721386373,-1.872302651,1
927,1537,3.534027815,-5.136361599,1
927,1601,3.342493534,-3.819721222,1
927,1665,1.00843513,-1.897223353,1
927,1729,0.6873770952,-0.3924601078,1
927,1793,-1.601425171,0.2334235311,1
927,1857,-1.793961048,1.020547867,1
927,1921,0.9302421808,-0.2514038086,1
927,1985,1.680429935,-1.078726172,1
991,65,-1.220095754,-0.7133162618,1
991,129,-2.046288729,-1.095955372,1
991,193,-3.564059496,-0.842317462,1
991,257,-4.366479874,0.1369977891,1
991,321,-3.262586117,0.3479332924,1
991,385,-2.54737711,0.02622145414,1
991,449,-2.348773479,-0.009747311473,1
991,513,-2.413974762,3.110859394,1
991,577,-3.648335934,1.471280694,1
991,641,-0.9837727547,0.8311364055,1
991,705,-1.174313068,2.363961458,1
991,769,-1.057962775,0.2714125812,1
991,833,-0.6466628313,-0.6290035844,1
991,897,-0.5057305098,-0.6908419132,1
991,961,-0.8425469398,-0.4698896408,1
991,1025,-0.8063677549,-1.054957986,1
991,1089,-0.06492397189,-1.602297425,1
991,1153,0.3434183598,-2.205003262,1
991,1217,0.6358921528,-2.824159622,1
991,1281,0.8845832348,-3.404300928,1
991,1345,1.059794188,-1.666463852,1
991,1409,1.10897696,-1.911404133,1
991,1473,0.9980170727,-1.955416799,1
991,1537,1.57565546,-2.104629517,1
991,1601,1.595305204,-2.210294247,1
991,1665,0.09496927261,-1.510944724,1
991,1729,-0.7414498329,-0.9303250313,1
991,1793,-1.089495301,-0.7066848278,1
991,1857,-1.189686298,1.3080374,1
991,1921,2.40487051,-0.2701479793,1
991,1985,2.305345058,-0.9315387011,1
1055,65,-2.873137951,0.259624958,1
1055,129,-2.244645596,-0.9236293435,1
1055,193,-2.609130144,0.2147499323,1
1055,257,-2.835143089,0.06098738313,1
1055,321,-2.754850864,0.005762994289,1
1055,385,-2.45998764,-0.4833312333,1
1055,449,-2.522195578,-0.4004154205,1
1055,513,-3.471755743,0.2859867215,1
1055,577,-2.48214817,0.1970303655,1
1055,641,-2.168118,0.3985489607,1
1055,705,-2.321470261,0.2547575831,1
1055,769,-2.172549009,-0.1841822565,1
1055,833,-1.590620279,-0.8241683245,1
1055,897,-0.6808166504,-0.8366726041,1
1055,961,-0.8665043116,-0.9418160915,1
1055,1025,-0.622543931,-1.184910774,1
1055,1089,-0.1812891662,-1.865698338,1
1055,1153,-0.1249923706,-2.240401506,1
1055,1217,0.4703549743,-3.653416634,1
1055,1281,1.483714819,-2.664968491,1
1055,1345,1.946258664,-1.970616817,1
1055,1409,2.946212053,-2.142475605,1
1055,1473,1.607971787,-2.069881201,1
1055,1537,1.114300251,-2.259969711,1
1055,1601,1.74452424,-1.833563089,1
1055,1665,2.270841837,-1.102445006,1
1055,1729,3.078424454,-1.39654696,1
1055,1793,2.52233696,-1.118097782,1
1055,1857,2.669159651,-0.9863649011,1
1055,1921,2.561988831,-1.021488905,1
1055,1985,2.629618168,-1.439632297,1
1119,65,-2.923702478,0.2770406008,1
1119,129,-2.42965126,-0.6175576448,1
1119,193,-2.571677685,0.01388987899,1
1119,257,-2.323191643,-1.051381111,1
1119,321,-2.047571182,-0.4409810901,1
1119,385,-2.005075932,-0.06640262902,1
1119,449,-2.045331955,-0.1940154433,1
1119,513,-2.053439856,-0.03281486034,1
1119,577,-2.369582415,-0.1795119047,1
1119,641,-3.461330652,-0.1678356677,1
1119,705,-3.148515701,-0.1707018316,1
1119,769,-3.837013006,-0.4409897923,1
1119,833,-3.783615589,-0.6612462997,1
1119,897,-1.507996321,-0.8261018991,1
1119,961,-0.8161502481,-1.181884646,1
1119,1025,-0.9984880686,-1.425664067,1
1119,1089,-1.228907228,-2.043362379,1
1119,1153,-1.004622936,-2.334021807,1
1119,1217,0.5995085239,-2.589173794,1
1119,1281,1.848334312,-1.679962158,1
1119,1345,2.672340393,-1.971832752,1
1119,1409,3.591443777,-2.065304041,1
1119,1473,2.081316471,-2.433717728,1
1119,1537,1.109127164,-2.572894812,1
1119,1601,1.897912383,-1.96764493,1
1119,1665,2.847361326,-1.217340231,1
1119,1729,3.314333439,-1.300854921,1
1119,1793,3.847825527,-1.164842844,1
1119,1857,4.452975273,-1.214784861,1
1119,1921,3.349505663,-1.208891392,1
1119,1985,2.100560904,-1.743843794,1
1183,65,-1.386118054,-0.0001927614212,1
1183,129,-2.544893265,-0.6161509752,1
1183,193,-3.072686195,-0.6897826195,1
1183,257,-2.936453819,-1.467455864,1
1183,321,-2.079807281,-1.352963924,1
1183,385,-1.041732788,0.08980467916,1
1183,449,-1.243710637,0.3184495568,1
1183,513,-1.671342254,0.05015844107,1
1183,577,-2.22358346,-0.3324359357,1
1183,641,-2.271294832,-0.7309566736,1
1183,705,-2.38310051,-0.3762346208,1
1183,769,-3.146673203,-0.3524695039,1
1183,833,-2.702056646,-0.5100185871,1
1183,897,-3.361872435,-0.4283314347,1
1183,961,-10.00603199,-0.9729219675,1
1183,1025,-1.534779668,6.075400352,1
1183,1089,-1.939252615,-1.322649598,1
1183,1153,-1.927578568,-2.189572334,1
1183,1217,-0.8233006001,-2.056919813,1
1183,1281,0.2303602099,-2.461345673,1
1183,1345,1.714990377,-2.202965498,1
1183,1409,2.88657546,-1.102534533,1
1183,1473,4.055475235,-1.510352135,1
1183,1537,2.723934174,-2.513998508,1
1183,1601,1.379169106,-3.008367538,1
1183,1665,1.791433334,-2.586386442,1
1183,1729,2.877035141,-1.206460118,1
1183,1793,4.11319685,-0.932716012,1
1183,1857,4.587917328,-1.356899023,1
1183,1921,3.834722042,-1.153860569,1
1183,1985,1.293057919,-1.399980068,1
1247,65,-0.7302491665,-2.22675395,1
1247,129,-2.012556791,-0.8434690237,1
1247,193,-3.634621382,-1.265155792,1
1247,257,-3.535020113,-1.469283819,1
1247,321,-2.28473115,-0.8475300074,1
1247,385,-1.389905453,0.07253342867,1
1247,449,-1.770488024,-0.4835893512,1
1247,513,-1.624963284,-0.6250761747,1
1247,577,-1.199857235,-0.5067107677,1
1247,641,-0.8064041138,-1.544554234,1
1247,705,-0.4082673788,-1.869246244,1
1247,769,-2.573459387,0.7851680517,1
1247,833,-2.464373112,1.376136541,1
1247,897,-1.952888012,0.6814441681,1
1247,961,-10.02134514,-0.9460656643,1
1247,1025,NaN,NaN,2
1247,1089,-2.844121218,-1.837261319,1
1247,1153,-4.241596222,-2.521127701,1
1247,1217,-1.511392593,-2.840774775,1
1247,1281,-0.2355233133,-3.466228485,1
1247,1345,0.9746488333,-3.40019536,1
1247,1409,3.080857754,-2.538970232,1
1247,1473,1.594236374,-3.366804361,1
1247,1537,1.30684936,-3.337260723,1
1247,1601,1.296352625,-2.669991255,1
1247,1665,1.527136087,-2.05637598,1
1247,1729,2.63021183,-0.9395275116,1
1247,1793,4.350772858,-1.434754372,1
1247,1857,4.482498169,-1.9771173,1
1247,1921,3.446943521,-1.159742475,1
1247,1985,1.092536807,1.19086051,1
1311,65,-1.318137884,-0.970333457,1
1311,129,-1.675999403,-1.462633729,1
1311,193,-2.095958948,-3.535444736,1
1311,257,-2.054960728,-6.088354111,1
1311,321,NaN,NaN,2
1311,385,0.5759590864,0.8519419432,1
1311,449,-2.020471096,-0.131349504,1
1311,513,-1.087117314,-0.7565928102,1
1311,577,-0.7840080261,-0.9344289303,1
1311,641,-0.8752297163,-1.25211215,1
1311,705,-0.6591222286,-0.9436269999,1
1311,769,-0.7224520445,0.9010474682,1
1311,833,-0.9897625446,1.395256758,1
1311,897,-1.149901509,0.3943782747,1
1311,961,-3.38406086,-0.2556437552,1
1311,1025,-4.060388565,-1.35938859,1
1311,1089,-4.663539886,-3.221542358,1
1311,1153,-5.190499306,-2.977918148,1
1311,1217,-2.57584095,-3.137780666,1
1311,1281,-1.149470091,-4.647185326,1
1311,1345,-0.01213896275,-4.805981636,1
1311,1409,0.9944168329,-3.914458036,1
1311,1473,1.13217485,-3.849022865,1
1311,1537,0.8590098619,-3.580470085,1
1311,1601,1.316731453,-2.819170475,1
1311,1665,1.445311069,-2.234023094,1
1311,1729,1.560376644,-1.937679052,1
1311,1793,3.377288818,-2.462178469,1
1311,1857,3.952203274,-1.860424519,1
1311,1921,2.782170057,-0.9175438881,1
1311,1985,0.5995075703,0.8203346729,1
1375,65,-2.257784843,0.7327575684,1
1375,129,-1.737620354,-1.150510788,1
1375,193,-4.179776192,-10.39185619,1
1375,257,-1.710847378,-2.572620869,1
1375,321,-1.197716236,-1.551995158,1
1375,385,-0.9660741091,-1.334791422,1
1375,449,-0.2941343784,-0.852614522,1
1375,513,0.2534299493,-0.7878912687,1
1375,577,-0.2674307823,-1.210742712,1
1375,641,-0.7594608068,-1.430556536,1
1375,705,-0.5611305833,-0.7926459908,1
1375,769,-0.4586660862,0.5496208668,1
1375,833,-0.3523122072,0.9581615925,1
1375,897,-0.6021953225,0.1081894636,1
1375,961,-0.5516458154,-0.06179592758,1
1375,1025,-1.020942211,-2.859740019,1
1375,1089,-1.928581238,-3.6006217,1
1375,1153,-3.223376036,-4.049201965,1
1375,1217,-2.688338041,-4.016475677,1
1375,1281,-1.37991786,-5.271739483,1
1375,1345,-0.5333061218,-6.228848934,1
1375,1409,0.5013188124,-4.364126682,1
1375,1473,0.9035699368,-4.191452026,1
1375,1537,1.068129778,-3.742843866,1
1375,1601,1.067341685,-4.130216599,1
1375,1665,-0.9853122234,-3.047758579,1
1375,1729,-3.452467918,-4.301057339,1
1375,1793,2.284454823,-2.528604746,1
1375,1857,3.574092388,-1.818796992,1
1375,1921,3.161634684,-0.5288361311,1
1375,1985,1.814110518,0.8884977102,1
1439,65,-2.465204716,1.538515568,1
1439,129,-1.742389917,-1.008113861,1
1439,193,-1.422136664,-2.543667555,1
1439,257,-1.324383497,-2.426936388,1
1439,321,-1.474909782,-2.579906225,1
1439,385,-1.285298467,-2.311265707,1
1439,449,-0.2041281462,-1.652835488,1
1439,513,1.17952323,-1.125278115,1
1439,577,0.2883746624,-1.543045282,1
1439,641,-0.4968698025,-1.503261566,1
1439,705,-0.4306995571,-0.7888873816,1
1439,769,-0.3133942485,0.4485554397,1
1439,833,0.137574017,0.8386196494,1
1439,897,0.8603843451,0.8863006234,1
1439,961,4.652044296,-0.233646661,1
1439,1025,3.008758783,-0.9653100371,1
1439,1089,-0.6482833028,-2.492729664,1
1439,1153,-1.288731933,-3.235687017,1
1439,1217,-1.622520328,-3.809004545,1
1439,1281,-1.631632209,-4.343527317,1
1439,1345,-0.5317263603,-4.829166889,1
1439,1409,0.3689517677,-4.466422081,1
1439,1473,0.9357847571,-3.903886795,1
1439,1537,1.278139949,-3.498608112,1
1439,1601,1.243151903,-3.443317175,1
1439,1665,1.262603998,-4.085096359,1
1439,1729,3.494301796,-4.592351913,1
1439,1793,4.889021873,-2.754801989,1
1439,1857,4.310967922,-2.21753335,1
1439,1921,3.923400164,-1.330641747,1
1439,1985,5.356200218,1.079454422,1
1503,65,-2.560812235,-0.2693285346,1
1503,129,-1.656223059,-2.193142414,1
1503,193,-1.084819078,-2.56378293,1
1503,257,-1.084143877,-2.612846375,1
1503,321,-1.088937521,-2.990192175,1
1503,385,-0.9299135208,-2.802942276,1
1503,449,-0.3577037752,-1.974968553,1
1503,513,1.907667875,-2.411319017,1
1503,577,0.1787180454,-1.64008379,1
1503,641,-0.5442777872,-1.167039037,1
1503,705,-0.301171869,-0.5496586561,1
1503,769,-0.2059158534,-0.2722826004,1
1503,833,0.1496872008,0.5376332402,1
1503,897,0.1483251005,1.344430089,1
1503,961,-0.5569716692,0.8361358643,1
1503,1025,-0.189537704,0.1598344743,1
1503,1089,-0.5785343051,-1.213527322,1
1503,1153,-1.359356642,-2.324902773,1
1503,1217,-1.775772929,-3.255436897,1
1503,1281,-1.235156298,-3.456623554,1
1503,1345,-0.5727597475,-2.406924963,1
1503,1409,-0.7756301165,-3.414164782,1
1503,1473,-0.2045289278,-3.250468016,1
1503,1537,0.7123510838,-2.589589596,1
1503,1601,1.634758592,-3.095827818,1
1503,1665,3.103507042,-3.509039402,1
1503,1729,4.595619202,-3.338579893,1
1503,1793,4.359375,-2.832476377,1
1503,1857,4.234783173,-2.505479097,1
1503,1921,4.318007469,-2.115036011,1
1503,1985,4.559033394,-2.168374538,1
1567,65,-3.285128355,-0.5213472843,1
1567,129,-1.772159696,-3.19942832,1
1567,193,-1.255853176,-4.018247604,1
1567,257,-0.9073097706,-2.875307798,1
1567,321,-0.4794024229,-2.966659069,1
1567,385,-0.09322154522,-2.538295746,1
1567,449,-0.2120805383,-1.956735253,1
1567,513,0.06917972863,-1.623012304,1
1567,577,0.1158591956,-1.382339001,1
1567,641,0.1098225415,-1.01742816,1
1567,705,-0.03124634922,-0.5292517543,1
1567,769,-0.1993837804,-0.1905443668,1
1567,833,-0.1062603891,0.09968471527,1
1567,897,-0.2009426504,1.501384974,1
1567,961,-0.5246376395,1.263292313,1
1567,1025,-0.7656800747,0.2596869767,1
1567,1089,-0.5460703969,-0.7181499004,1
1567,1153,-0.8204689026,-1.81665802,1
1567,1217,-0.586971581,-2.767176151,1
1567,1281,1.390904784,-3.175558567,1
1567,1345,1.713894129,-3.405811071,1
1567,1409,-2.018461466,-2.749266386,1
1567,1473,-0.9732598066,-2.666122437,1
1567,1537,0.2937334776,-2.434873343,1
1567,1601,1.304359674,-2.508299828,1
1567,1665,2.897310019,-2.627358913,1
1567,1729,4.449616432,-3.292918205,1
1567,1793,4.114281654,-3.191694498,1
1567,1857,3.983435154,-2.803740025,1
1567,1921,3.917069197,-2.413604259,1
1567,1985,3.775974989,-1.240139961,1
1631,65,-3.235643148,-0.7698853016,1
1631,129,-1.993284345,-2.778744459,1
1631,193,-1.129280329,-2.465426922,1
1631,257,-0.8313837647,-2.4553864,1
1631,321,-0.5336971283,-2.409018755,1
1631,385,-0.758808434,-2.029428959,1
1631,449,-0.2447347641,-1.990449071,1
1631,513,0.1439582705,-1.559943557,1
1631,577,0.3560347259,-1.533905268,1
1631,641,2.079492331,-1.498595238,1
1631,705,0.4614620507,-1.006645322,1
1631,769,0.140157938,0.748986423,1
1631,833,0.151504457,0.7583310008,1
1631,897,0.6081752181,0.4331344366,1
1631,961,0.567147851,0.2931607068,1
1631,1025,0.1050044,-0.6607034206,1
1631,1089,-0.2018741518,-0.9272789955,1
1631,1153,-0.2066875249,-1.294424295,1
1631,1217,1.18324101,-2.148846865,1
1631,1281,1.772745013,-3.546493769,1
1631,1345,0.1353645921,-2.700507641,1
1631,1409,-1.166841865,-1.616879225,1
1631,1473,-0.8481134176,-1.810920238,1
1631,1537,-0.3938497901,-2.104727983,1
1631,1601,0.5381479859,-2.036309958,1
1631,1665,1.96012485,-1.748997211,1
1631,1729,3.730555773,-3.290316343,1
1631,1793,3.593063354,-5.124511719,1
1631,1857,3.294723988,-3.534459591,1
1631,1921,3.108951092,-2.581561804,1
1631,1985,1.96389699,-1.672794342,1
1695,65,-3.029258251,-4.32715416,1
1695,129,-1.496547222,-3.485726595,1
1695,193,-0.8468982577,-2.175076962,1
1695,257,-0.7627803087,-1.61687088,1
1695,321,-0.5340614319,-1.601945877,1
1695,385,-0.4584222734,-1.761520863,1
1695,449,-0.02305272222,-2.050990105,1
1695,513,0.5781125426,-2.162280321,1
1695,577,0.7110919952,-2.247438431,1
1695,641,0.564468801,-1.226260662,1
1695,705,0.3193570375,-1.443250895,1
1695,769,0.1097887307,-0.4738485813,1
1695,833,0.374014467,-0.2786115408,1
1695,897,0.6413836479,-1.038255692,1
1695,961,0.7024028897,-0.9945257902,1
1695,1025,0.7462238073,-1.796331763,1
1695,1089,-0.1618503481,-1.696942329,1
1695,1153,0.02421733737,-1.221004963,1
1695,1217,0.5339717865,-1.587596774,1
1695,1281,0.2228307426,-2.449775696,1
1695,1345,-0.8031861782,-1.962618113,1
1695,1409,-2.046099663,-1.068952322,1
1695,1473,-2.698021889,-2.183597088,1
1695,1537,-1.458849072,-2.447402716,1
1695,1601,-0.2953821421,-2.02977705,1
1695,1665,0.700946331,-1.874320269,1
1695,1729,2.206044674,-1.811441422,1
1695,1793,2.768072128,-2.148621559,1
1695,1857,2.200097561,-4.082402229,1
1695,1921,2.210978508,-2.955739975,1
1695,1985,1.821715236,-1.60972333,1
1759,65,-1.899168491,-3.779384613,1
1759,129,-1.172130942,-3.624628305,1
1759,193,-0.4298632741,-1.747479677,1
1759,257,-0.5830922127,-1.763440371,1
1759,321,-0.6188992262,-1.469931841,1
1759,385,-0.3045632243,-1.586612463,1
1759,449,0.3006623089,-2.150731802,1
1759,513,2.379087448,-3.009490967,1
1759,577,1.83016777,-4.658567905,1
1759,641,0.7209609747,-2.175269842,1
1759,705,0.3895679712,-1.89520216,1
1759,769,0.06909278035,-1.538187027,1
1759,833,0.1262388825,-1.505418539,1
1759,897,0.9099839926,-1.2613765,1
1759,961,0.9357180595,-1.076138258,1
1759,1025,0.3327715993,-1.880316019,1
1759,1089,-0.206284374,-1.93755579,1
1759,1153,0.1147195101,-1.407640219,1
1759,1217,0.5965642333,-1.537684798,1
1759,1281,0.06172060966,-1.329595447,1
1759,1345,-0.9845049381,-0.2789943218,1
1759,1409,-2.172634602,-0.3234937191,1
1759,1473,-3.178928375,-2.709814548,1
1759,1537,-2.00667882,-2.935391903,1
1759,1601,-0.7880253792,-1.719420433,1
1759,1665,0.5235729218,-1.469822645,1
1759,1729,2.206213236,-1.445302963,1
1759,1793,1.684194446,-1.840247869,1
1759,1857,0.8478739262,-3.090672493,1
1759,1921,0.3081063032,-2.178819418,1
1759,1985,1.39844811,-0.8014236689,1
1823,65,-1.482126832,-0.4241741896,1
1823,129,-0.9898538589,-2.301787853,1
1823,193,-0.228292644,-1.390632868,1
1823,257,-0.353720665,-1.565632463,1
1823,321,-0.7403791547,-1.507290244,1
1823,385,-0.3912404478,-1.689321995,1
1823,449,0.2801847756,-2.174030781,1
1823,513,1.810395241,-2.401975393,1
1823,577,1.482555151,-3.699937105,1
1823,641,0.4518564939,-2.145876884,1
1823,705,0.05179423094,-1.978832245,1
1823,769,-0.231634587,-1.930673003,1
1823,833,0.142465502,-2.988409758,1
1823,897,0.4305563569,-1.465050459,1
1823,961,0.1630253792,-1.103797674,1
1823,1025,-0.3085099459,-0.8733826876,1
1823,1089,-0.3350484073,-1.349704742,1
1823,1153,-0.03137855232,-1.636303782,1
1823,1217,0.3934233785,-1.519977689,1
1823,1281,0.3526368141,-1.698452711,1
1823,1345,-0.8710389137,-0.5472714901,1
1823,1409,-0.5025651455,-0.4859087467,1
1823,1473,-1.240226626,-2.858324289,1
1823,1537,-1.473719835,-1.636052608,1
1823,1601,-1.000965118,-0.8790313005,1
1823,1665,0.1780931652,-1.172643661,1
1823,1729,1.753857017,-1.045141339,1
1823,1793,0.7623554468,-1.245347977,1
1823,1857,0.9816247225,-1.486354589,1
1823,1921,1.02923882,-0.6293926239,1
1823,1985,-0.1640108824,1.088483095,1
1887,65,-0.6701693535,-5.48748064,1
1887,129,-0.4619307518,-1.395127177,1
1887,193,0.003628313541,-1.083554268,1
1887,257,-0.2379269302,-1.383415699,1
1887,321,-0.7008820176,-1.90410471,1
1887,385,-0.5242017508,-2.158427477,1
1887,449,-0.3221842647,-2.361598015,1
1887,513,0.8518036604,-0.7906929255,1
1887,577,1.232705832,-1.232641339,1
1887,641,0.3762444854,-1.075397372,1
1887,705,0.2477392107,-1.542766333,1
1887,769,0.3097009063,-1.964480877,1
1887,833,0.1146846861,-2.492086172,1
1887,897,0.2810363472,-2.257891178,1
1887,961,0.1658694744,-1.719294548,1
1887,1025,-0.3909015656,-0.7274158001,1
1887,1089,-0.2464170754,-1.614565492,1
1887,1153,-0.04935212433,-1.929905534,1
1887,1217,0.6615538001,-2.263541222,1
1887,1281,1.067394018,-2.277217388,1
1887,1345,1.83939743,-1.204666495,1
1887,1409,1.21100235,-0.3402059078,1
1887,1473,-0.494502306,-1.933456421,1
1887,1537,-0.6849179268,-1.032314777,1
1887,1601,-0.8845226765,-0.9318765402,1
1887,1665,-0.2644736767,-0.8703655005,1
1887,1729,0.2332752943,-0.8225189447,1
1887,1793,0.02032971382,-1.306086063,1
1887,1857,0.7182122469,-1.539993286,1
1887,1921,1.335082412,-0.1498969793,1
1887,1985,1.107416511,3.550214291,1
1951,65,0.108779192,-4.786536217,1
1951,129,-0.1980954409,-2.00474,1
1951,193,-0.1244323254,-0.9585504532,1
1951,257,-0.03308165073,-2.155531883,1
1951,321,-0.08527463675,-3.403186321,1
1951,385,-0.1889052838,-3.751041651,1
1951,449,-0.169375658,-1.584049106,1
1951,513,-0.2192969918,0.7322015762,1
1951,577,-0.5131171942,0.94186759,1
1951,641,-0.1675013304,0.9801547527,1
1951,705,0.3627482355,-0.3761429787,1
1951,769,0.6664018631,-1.335449219,1
1951,833,-0.01161894202,-0.8885916471,1
1951,897,0.1545097828,-1.530815363,1
1951,961,0.3179807663,-1.391606688,1
1951,1025,-0.284086585,-0.1093031168,1
1951,1089,-0.1940085739,-1.138487935,1
1951,1153,0.4620301127,-2.204147339,1
1951,1217,0.9529090524,-3.280902624,1
1951,1281,0.8666726351,-3.293602943,1
1951,1345,0.9429477453,-1.443560958,1
1951,1409,1.42848444,-0.448294878,1
1951,1473,1.699636221,-2.614770174,1
1951,1537,0.7425675392,-1.417411089,1
1951,1601,0.4159402847,-0.8826971054,1
1951,1665,0.8366925716,-0.4414070845,1
1951,1729,1.503014326,-0.9207913876,1
1951,1793,1.519557953,-2.013385057,1
1951,1857,2.691925049,-2.635318756,1
1951,1921,1.689731359,-0.9191305637,1
1951,1985,-0.455518961,0.1946806908,1
